Wavelength	Mean	Std +	Std -
350	0.065634759	0.084336164	0.046933354
351	0.065806517	0.08444385	0.047169184
352	0.066003379	0.084629587	0.047377171
353	0.066116552	0.084774702	0.047458402
354	0.066178345	0.084902588	0.047454102
355	0.066210448	0.085030021	0.047390876
356	0.066347724	0.085214905	0.047480543
357	0.066599207	0.085491402	0.047707012
358	0.066879517	0.085796633	0.047962401
359	0.067023586	0.086014639	0.048032534
360	0.06728131	0.086417272	0.048145349
361	0.067548966	0.086777761	0.04832017
362	0.067749828	0.086923866	0.048575789
363	0.067978276	0.08722451	0.048732042
364	0.068232931	0.087537463	0.048928399
365	0.068524724	0.087856581	0.049192868
366	0.068783828	0.088026779	0.049540876
367	0.068923138	0.088253519	0.049592757
368	0.068995793	0.088501671	0.049489915
369	0.069057793	0.088632076	0.049483511
370	0.069373966	0.088889555	0.049858376
371	0.069715828	0.089169363	0.050262292
372	0.069933034	0.08940939	0.050456679
373	0.070171966	0.089736698	0.050607233
374	0.070538103	0.090161318	0.050914889
375	0.071035517	0.090674378	0.051396657
376	0.070931655	0.090837378	0.051025932
377	0.071094552	0.091144439	0.051044664
378	0.071426103	0.091529422	0.051322784
379	0.07168831	0.091826086	0.051550535
380	0.072002621	0.09219954	0.051805701
381	0.072307793	0.092534972	0.052080615
382	0.072576793	0.092755406	0.05239818
383	0.072690207	0.092989165	0.052391249
384	0.072812552	0.093254489	0.052370614
385	0.072967966	0.093547014	0.052388917
386	0.073425379	0.094119447	0.052731312
387	0.073761724	0.094592877	0.052930572
388	0.074010724	0.094978574	0.053042875
389	0.074272759	0.095289416	0.053256102
390	0.074522483	0.09556896	0.053476005
391	0.074731793	0.09578857	0.053675016
392	0.074886207	0.09593265	0.053839764
393	0.075114207	0.096289541	0.053938873
394	0.075401414	0.096710652	0.054092175
395	0.075720207	0.097131998	0.054308416
396	0.076126862	0.097715454	0.05453827
397	0.076398241	0.098138285	0.054658198
398	0.076587862	0.098455136	0.054720588
399	0.076786241	0.098730693	0.05484179
400	0.077008966	0.099002199	0.055015732
401	0.077206828	0.099214616	0.055199039
402	0.077337379	0.09930394	0.055370819
403	0.077562552	0.099550559	0.055574545
404	0.077799966	0.099804449	0.055795483
405	0.078017138	0.100010416	0.05602386
406	0.078183138	0.100225354	0.056140922
407	0.078376897	0.100479656	0.056274138
408	0.078590655	0.100763831	0.056417479
409	0.078785828	0.101048641	0.056523014
410	0.079004138	0.101332388	0.056675888
411	0.079223138	0.101607799	0.056838477
412	0.079423034	0.101869875	0.056976194
413	0.079641276	0.102098002	0.05718455
414	0.079863793	0.102347253	0.057380333
415	0.080091793	0.10264434	0.057539246
416	0.080200724	0.102794634	0.057606815
417	0.08040769	0.103044984	0.057770395
418	0.080697034	0.103379793	0.058014276
419	0.080907517	0.103625502	0.058189533
420	0.081092379	0.103865978	0.058318781
421	0.081277483	0.104103186	0.058451779
422	0.081515345	0.104352548	0.058678142
423	0.081702621	0.104601432	0.05880381
424	0.081886586	0.10484882	0.058924353
425	0.082084897	0.105092785	0.059077008
426	0.082343345	0.105346972	0.059339718
427	0.082577862	0.105586576	0.059569148
428	0.08279869	0.105835491	0.059761889
429	0.082971862	0.106108727	0.059834998
430	0.083172897	0.106404875	0.059940919
431	0.083401621	0.106726248	0.060076993
432	0.083681345	0.10710198	0.060260709
433	0.083945138	0.107457631	0.060432645
434	0.084191483	0.107777267	0.060605699
435	0.084390966	0.108012426	0.060769505
436	0.084537172	0.108158204	0.06091614
437	0.084707586	0.108339168	0.061076005
438	0.084915069	0.108576577	0.06125356
439	0.085111621	0.108837057	0.061386184
440	0.085351586	0.109123227	0.061579945
441	0.085593414	0.109400713	0.061786115
442	0.085808897	0.109672604	0.061945189
443	0.086000828	0.1099136	0.062088055
444	0.086193655	0.110148927	0.062238383
445	0.086371931	0.110352433	0.062391429
446	0.086621138	0.110645813	0.062596463
447	0.086847759	0.110922279	0.062773239
448	0.087062207	0.111196057	0.062928357
449	0.087267586	0.111450466	0.063084706
450	0.087443897	0.111657453	0.06323034
451	0.087606448	0.11183703	0.063375866
452	0.087864448	0.112121628	0.063607268
453	0.088040793	0.112335288	0.063746298
454	0.088215034	0.112562966	0.063867103
455	0.088412966	0.112832357	0.063993574
456	0.088659	0.113127847	0.064190153
457	0.088872483	0.113386128	0.064358837
458	0.089057483	0.113619203	0.064495763
459	0.089233966	0.113836803	0.064631128
460	0.089405069	0.114057933	0.064752205
461	0.089567586	0.114268186	0.064866986
462	0.089791862	0.114518543	0.065065181
463	0.089964483	0.114722101	0.065206865
464	0.090128621	0.114914158	0.065343084
465	0.090317966	0.115120444	0.065515487
466	0.090450103	0.115302219	0.065597988
467	0.090608517	0.115515501	0.065701533
468	0.090799759	0.115758074	0.065841443
469	0.090988759	0.116004618	0.065972899
470	0.091167172	0.116228027	0.066106318
471	0.091325172	0.116416315	0.06623403
472	0.091520379	0.116641798	0.06639896
473	0.091679931	0.116835683	0.066524179
474	0.09184031	0.117036584	0.066644036
475	0.091996966	0.117233244	0.066760687
476	0.092163621	0.117428647	0.066898594
477	0.092333345	0.117641462	0.067025227
478	0.092483	0.117850146	0.067115854
479	0.092672276	0.118057867	0.067286685
480	0.092838276	0.118247359	0.067429193
481	0.092970586	0.11840108	0.067540092
482	0.093132724	0.118572384	0.067693064
483	0.093290655	0.118726232	0.067855078
484	0.093451724	0.118892633	0.068010816
485	0.093574103	0.119051799	0.068096408
486	0.093758862	0.119304227	0.068213497
487	0.093961138	0.119582536	0.06833974
488	0.094186621	0.119891716	0.068481526
489	0.094380103	0.120138092	0.068622115
490	0.094576414	0.120376404	0.068776424
491	0.094758586	0.120584498	0.068932675
492	0.094961379	0.120792454	0.069130304
493	0.095125138	0.120988442	0.069261834
494	0.095296828	0.121203008	0.069390647
495	0.095507448	0.121438363	0.069576534
496	0.095741793	0.121686473	0.069797113
497	0.095973069	0.121932599	0.070013539
498	0.096167483	0.1221404	0.070194566
499	0.09635931	0.122363274	0.070355347
500	0.096573621	0.122610641	0.070536601
501	0.096805034	0.122878882	0.070731187
502	0.097001724	0.123139269	0.070864179
503	0.097237414	0.123426919	0.071047909
504	0.097486966	0.12371907	0.071254861
505	0.097722276	0.123985367	0.071459185
506	0.097918172	0.124223197	0.071613148
507	0.098134069	0.124474156	0.071793982
508	0.098403621	0.124763244	0.072043998
509	0.098659931	0.125054638	0.072265224
510	0.098911621	0.125336621	0.072486621
511	0.099162103	0.125612332	0.072711875
512	0.099425345	0.125910544	0.072940146
513	0.099682034	0.126175555	0.073188514
514	0.099929828	0.126424346	0.073435309
515	0.100152621	0.126676746	0.073628495
516	0.10041031	0.126979686	0.073840935
517	0.100699586	0.127333769	0.074065403
518	0.101027517	0.127755009	0.074300026
519	0.101351931	0.128150956	0.074552906
520	0.101642069	0.128516034	0.074768104
521	0.101885138	0.128832216	0.07493806
522	0.102152414	0.129114103	0.075190725
523	0.102428828	0.12940313	0.075454525
524	0.102707138	0.129696591	0.075717685
525	0.102965931	0.129986968	0.075944894
526	0.103270828	0.130336098	0.076205557
527	0.103585414	0.130712771	0.076458057
528	0.103894	0.131111505	0.076676495
529	0.10415569	0.131453306	0.076858073
530	0.104410897	0.131748908	0.077072885
531	0.10468669	0.132027713	0.077345666
532	0.104956828	0.132328615	0.07758504
533	0.105244724	0.132674344	0.077815104
534	0.105549655	0.133053056	0.078046254
535	0.105876517	0.133444194	0.078308841
536	0.106162069	0.133772938	0.0785512
537	0.106430862	0.134074955	0.07878677
538	0.106706724	0.134381529	0.079031919
539	0.106989103	0.134718737	0.079259469
540	0.107286069	0.135077878	0.07949426
541	0.107595897	0.135454287	0.079737506
542	0.107883103	0.135816327	0.079949879
543	0.108178552	0.136177945	0.080179159
544	0.108485828	0.136545231	0.080426424
545	0.108761345	0.136862237	0.080660452
546	0.109034517	0.137177815	0.080891219
547	0.109308345	0.137501612	0.081115077
548	0.109598069	0.137861587	0.081334551
549	0.10991169	0.138226396	0.081596984
550	0.110211379	0.13857371	0.081849049
551	0.110484793	0.138893023	0.082076563
552	0.110773414	0.139231385	0.082315443
553	0.111041138	0.139551937	0.082530339
554	0.111293414	0.139856639	0.082730188
555	0.111545759	0.140142895	0.082948622
556	0.111829069	0.140454636	0.083203502
557	0.112089897	0.140742111	0.083437682
558	0.112337828	0.141041115	0.08363454
559	0.112606345	0.141375586	0.083837104
560	0.112855724	0.141687127	0.084024321
561	0.11309831	0.14198865	0.084207971
562	0.113358483	0.142281408	0.084435557
563	0.113592	0.142549435	0.084634565
564	0.113827172	0.142826249	0.084828096
565	0.114065345	0.143102046	0.085028644
566	0.114302172	0.143382564	0.08522178
567	0.114528138	0.143646562	0.085409714
568	0.114725793	0.143859305	0.085592281
569	0.114943897	0.144119531	0.085768262
570	0.115175448	0.144406656	0.085944241
571	0.115412586	0.144708861	0.086116311
572	0.11563669	0.144970339	0.086303041
573	0.115841172	0.145210524	0.086471821
574	0.116018	0.145419015	0.086616985
575	0.116218414	0.145650115	0.086786713
576	0.116420552	0.145893214	0.086947889
577	0.116615931	0.146132648	0.087099214
578	0.116833862	0.146400337	0.087267387
579	0.117072724	0.146691526	0.087453922
580	0.117299069	0.146970827	0.087627311
581	0.117496207	0.147220827	0.087771587
582	0.117697966	0.147438242	0.087957689
583	0.117885517	0.147638362	0.088132672
584	0.118060172	0.147825324	0.08829502
585	0.118233759	0.148017095	0.088450422
586	0.118413724	0.148210766	0.088616682
587	0.118594379	0.148401722	0.088787037
588	0.118756966	0.148569777	0.088944154
589	0.118925586	0.148799688	0.089051484
590	0.119111241	0.149062285	0.089160198
591	0.119321448	0.149348259	0.089294638
592	0.119524724	0.149578701	0.089470747
593	0.119720172	0.149803716	0.089636629
594	0.11991231	0.15003309	0.08979153
595	0.120139517	0.150320261	0.089958773
596	0.120363552	0.150595901	0.090131202
597	0.120595966	0.150878804	0.090313127
598	0.120806207	0.151137832	0.090474582
599	0.121001345	0.151394679	0.09060801
600	0.121221759	0.151690894	0.090752623
601	0.12146769	0.152024097	0.090911282
602	0.121708483	0.15234753	0.091069435
603	0.121919621	0.15263976	0.091199482
604	0.122099724	0.152897229	0.091302219
605	0.122307345	0.153151555	0.091463135
606	0.122526414	0.153421794	0.091631034
607	0.122748103	0.153697023	0.091799184
608	0.12294169	0.153941163	0.091942217
609	0.123123414	0.154187995	0.092058832
610	0.123298621	0.154419623	0.092177619
611	0.123465034	0.154610506	0.092319563
612	0.123683586	0.154847649	0.092519523
613	0.123881448	0.155066127	0.092696769
614	0.124058724	0.155270972	0.092846476
615	0.12421831	0.155460055	0.092976565
616	0.124403345	0.155678549	0.09312814
617	0.124587345	0.155892357	0.093282333
618	0.124756034	0.156080108	0.093431961
619	0.124909552	0.156215419	0.093603685
620	0.12507369	0.156350872	0.093796507
621	0.125286172	0.156543048	0.094029297
622	0.125442724	0.156699599	0.094185849
623	0.125589517	0.156851919	0.094327115
624	0.125731103	0.157001098	0.094461109
625	0.125932759	0.15720671	0.094658808
626	0.126116862	0.157388118	0.094845606
627	0.126283172	0.157545985	0.09502036
628	0.126425138	0.157673018	0.095177257
629	0.126644793	0.15790443	0.095385156
630	0.126853207	0.158129857	0.095576557
631	0.127052	0.158354871	0.095749129
632	0.127267241	0.158567378	0.095967105
633	0.127467931	0.158772967	0.096162895
634	0.127647069	0.158972794	0.096321344
635	0.127855103	0.159193722	0.096516485
636	0.128040793	0.159398223	0.096683363
637	0.128212414	0.159592171	0.096832657
638	0.128404448	0.159801549	0.097007347
639	0.128584793	0.159998467	0.09717112
640	0.128775621	0.160212475	0.097338767
641	0.128945897	0.160409499	0.097482294
642	0.129064345	0.160580176	0.097548514
643	0.129205862	0.160765101	0.097646623
644	0.129397621	0.160982563	0.097812678
645	0.129552931	0.16119971	0.097906152
646	0.12971031	0.161435761	0.097984859
647	0.129867793	0.1616857	0.098049886
648	0.130006483	0.161923297	0.098089668
649	0.130226586	0.162253931	0.098199241
650	0.130466379	0.162603056	0.098329703
651	0.130656793	0.162885117	0.098428469
652	0.130860483	0.163160696	0.09856027
653	0.131048931	0.163397452	0.09870041
654	0.131186759	0.163547828	0.09882569
655	0.131374897	0.163821091	0.098928702
656	0.131628586	0.164214675	0.099042498
657	0.131895586	0.164641042	0.09915013
658	0.132084034	0.164855232	0.099312837
659	0.13229231	0.165082744	0.099501877
660	0.132494034	0.165302199	0.09968587
661	0.132645655	0.165475701	0.099815609
662	0.132786379	0.165641805	0.099930954
663	0.132934241	0.165823984	0.100044499
664	0.133069483	0.166000572	0.100138393
665	0.133233379	0.166197609	0.100269149
666	0.133385483	0.166384402	0.100386563
667	0.133515759	0.166546471	0.100485046
668	0.133708069	0.166756204	0.100659934
669	0.133872586	0.166940156	0.100805016
670	0.134029069	0.167122153	0.100935985
671	0.134209862	0.167345869	0.101073855
672	0.134398793	0.167555063	0.101242524
673	0.13458	0.167755638	0.101404362
674	0.134743828	0.167948593	0.101539063
675	0.134934034	0.168173296	0.101694773
676	0.135122552	0.168376163	0.101868941
677	0.135335034	0.168590159	0.10207991
678	0.135544828	0.168822389	0.102267266
679	0.135760586	0.16905886	0.102462313
680	0.135990069	0.169308138	0.102672
681	0.136245759	0.169582367	0.10290915
682	0.13649631	0.169838566	0.103154054
683	0.136750552	0.170082703	0.103418401
684	0.137041483	0.170344577	0.103738389
685	0.137266552	0.170462198	0.104070905
686	0.137566207	0.170746237	0.104386177
687	0.137961793	0.171251435	0.104672151
688	0.138411793	0.17175561	0.105067976
689	0.138869724	0.17222354	0.105515909
690	0.139314069	0.172645698	0.10598244
691	0.139717862	0.173002226	0.106433498
692	0.140123897	0.173356051	0.106891742
693	0.14055	0.173739375	0.107360625
694	0.141014379	0.174183668	0.107845091
695	0.141499379	0.174665866	0.108332893
696	0.141942966	0.175083808	0.108802123
697	0.142341897	0.175428008	0.109255785
698	0.142743276	0.175783118	0.109703433
699	0.143123069	0.176130518	0.11011562
700	0.143507379	0.176498674	0.110516085
701	0.143895172	0.176884101	0.110906244
702	0.144283793	0.177275004	0.111292583
703	0.14465369	0.17764096	0.111666419
704	0.14497231	0.177934302	0.112010319
705	0.145326241	0.178269104	0.112383378
706	0.14565969	0.178585606	0.112733773
707	0.145963621	0.178874921	0.113052321
708	0.146285448	0.179189682	0.113381215
709	0.146574414	0.179482833	0.113665995
710	0.146842966	0.179759284	0.113926647
711	0.147129897	0.180030975	0.114228818
712	0.147397069	0.180272014	0.114522124
713	0.147648966	0.180488312	0.114809619
714	0.147883862	0.18067294	0.115094785
715	0.148011655	0.180718077	0.115305233
716	0.148138207	0.180777177	0.115499237
717	0.148292517	0.180898278	0.115686757
718	0.148547379	0.181246424	0.115848335
719	0.148887931	0.181685947	0.116089915
720	0.149250345	0.182121139	0.116379551
721	0.149498034	0.182297048	0.116699021
722	0.14968369	0.182413872	0.116953507
723	0.149889759	0.182585831	0.117193687
724	0.150139241	0.182888693	0.11738979
725	0.150339069	0.183102409	0.117575729
726	0.150563241	0.183331263	0.117795219
727	0.150814241	0.183578305	0.118050178
728	0.151047172	0.183827121	0.118267224
729	0.15128831	0.184095241	0.118481379
730	0.15152631	0.184364875	0.118687745
731	0.151846	0.184719832	0.118972168
732	0.152136	0.185017401	0.119254599
733	0.152390655	0.18526925	0.119512061
734	0.152590379	0.185471304	0.119709455
735	0.152789517	0.185680178	0.119898857
736	0.153016586	0.185916224	0.120116948
737	0.153256655	0.186155179	0.120358132
738	0.153497621	0.186396209	0.120599032
739	0.153728138	0.186638068	0.120818207
740	0.153921103	0.186846012	0.120996195
741	0.154166828	0.18710945	0.121224205
742	0.154402103	0.187344715	0.121459492
743	0.154626931	0.187568022	0.12168584
744	0.15483831	0.187803834	0.121872787
745	0.155016793	0.187979499	0.122054088
746	0.15521431	0.188170715	0.122257906
747	0.15542569	0.188374031	0.122477349
748	0.155654897	0.188610592	0.122699201
749	0.155879	0.18883826	0.12291974
750	0.156095897	0.189054387	0.123137406
751	0.156309345	0.189271946	0.123346744
752	0.156509621	0.189492097	0.123527144
753	0.156701897	0.189704383	0.12369941
754	0.15689331	0.189881597	0.123905024
755	0.15710331	0.190104198	0.124102422
756	0.15728731	0.19027188	0.12430274
757	0.157420103	0.19031304	0.124527167
758	0.157221483	0.18979533	0.124647635
759	0.157103	0.189540871	0.124665129
760	0.157317621	0.190149964	0.124485277
761	0.157663655	0.190548245	0.124779066
762	0.157942586	0.190863366	0.125021806
763	0.158245483	0.191208767	0.125282199
764	0.158653759	0.191693108	0.125614409
765	0.158945379	0.19202462	0.125866139
766	0.159200241	0.192293939	0.126106544
767	0.159472448	0.192554155	0.126390741
768	0.159744862	0.192830451	0.126659274
769	0.159992069	0.19307622	0.126907918
770	0.160215414	0.193291437	0.12713939
771	0.160435207	0.193531722	0.127338692
772	0.16066069	0.193761026	0.127560354
773	0.160865103	0.193959982	0.127770225
774	0.161073897	0.194195129	0.127952664
775	0.161271655	0.194403361	0.12813995
776	0.161474793	0.194615015	0.128334572
777	0.161699552	0.194856143	0.128542961
778	0.161897414	0.195054893	0.128739934
779	0.162103966	0.195266454	0.128941477
780	0.162324966	0.195500497	0.129149434
781	0.162529724	0.195724722	0.129334727
782	0.162731034	0.195937366	0.129524703
783	0.162952241	0.196167777	0.129736706
784	0.16317831	0.196400757	0.129955864
785	0.163387345	0.196608805	0.130165885
786	0.163589	0.196809418	0.130368582
787	0.163785793	0.197011221	0.130560366
788	0.163994966	0.197219662	0.130770269
789	0.164198966	0.19742935	0.130968581
790	0.164392552	0.19763819	0.131146913
791	0.164612897	0.197883007	0.131342786
792	0.16485331	0.198134264	0.131572357
793	0.165099	0.198381198	0.131816802
794	0.165288517	0.198578101	0.131998933
795	0.165493069	0.198788662	0.132197476
796	0.165709552	0.199010469	0.132408635
797	0.165939552	0.19924382	0.132635284
798	0.16612469	0.199450721	0.132798658
799	0.166324862	0.199666403	0.132983321
800	0.166554448	0.199897572	0.133211324
801	0.166739897	0.200116965	0.133362828
802	0.166949207	0.200342548	0.133555866
803	0.167180138	0.200577233	0.133783042
804	0.167436414	0.200854628	0.134018199
805	0.167673828	0.201104404	0.134243251
806	0.167883034	0.20131775	0.134448319
807	0.16808169	0.201516929	0.13464645
808	0.168281552	0.201719448	0.134843655
809	0.168472034	0.201910006	0.135034063
810	0.168645345	0.202078546	0.135212144
811	0.168790897	0.202225787	0.135356006
812	0.168935862	0.202349119	0.135522605
813	0.169081414	0.202453082	0.135709745
814	0.169182552	0.202534511	0.135830593
815	0.169371069	0.202713777	0.136028361
816	0.169589621	0.202937623	0.136241619
817	0.169784724	0.203173103	0.136396345
818	0.170056793	0.203466054	0.136647532
819	0.170340724	0.203783247	0.136898201
820	0.170588517	0.204085047	0.137091987
821	0.170705103	0.204141843	0.137268364
822	0.170916069	0.204326612	0.137505526
823	0.171212207	0.204643494	0.13778092
824	0.171539034	0.205046619	0.13803145
825	0.171776724	0.205307556	0.138245893
826	0.171965655	0.205491905	0.138439405
827	0.172105276	0.205616974	0.138593578
828	0.172317793	0.205826878	0.138808708
829	0.17254731	0.206068503	0.139026117
830	0.172756379	0.206306528	0.13920623
831	0.172998828	0.206540095	0.13945756
832	0.173206483	0.20675258	0.139660386
833	0.173413586	0.206988116	0.139839057
834	0.173661517	0.207264636	0.140058399
835	0.173908172	0.207535092	0.140281253
836	0.174135207	0.207771114	0.1404993
837	0.174374069	0.207989072	0.140759066
838	0.174643517	0.208279164	0.14100787
839	0.174887552	0.208545399	0.141229704
840	0.175067897	0.208729144	0.14140665
841	0.175241966	0.208936109	0.141547822
842	0.175429793	0.209139541	0.141720045
843	0.175636517	0.209339756	0.141933279
844	0.175909552	0.209593205	0.142225899
845	0.176166414	0.209856024	0.142476804
846	0.176398448	0.210111288	0.142685609
847	0.176564862	0.210308022	0.142821702
848	0.176755552	0.210499691	0.143011413
849	0.176946586	0.210678063	0.14321511
850	0.177113	0.210823473	0.143402527
851	0.177301138	0.211056342	0.143545934
852	0.177505103	0.211256382	0.143753824
853	0.177748345	0.211433568	0.144063122
854	0.177946724	0.211620108	0.14427334
855	0.178186655	0.211901058	0.144472253
856	0.178441034	0.21221705	0.144665019
857	0.178704379	0.212495163	0.144913596
858	0.178940103	0.212740941	0.145139266
859	0.179163483	0.212967223	0.145359743
860	0.179330241	0.213115835	0.145544648
861	0.179569276	0.213362703	0.145775849
862	0.179833586	0.213643237	0.146023936
863	0.180076724	0.213900826	0.146252622
864	0.180212483	0.21404488	0.146380086
865	0.180379069	0.214177433	0.146580705
866	0.180609172	0.214357118	0.146861227
867	0.180930069	0.214685593	0.147174545
868	0.181123207	0.214941394	0.14730502
869	0.181290724	0.215162034	0.147419414
870	0.181516483	0.215370563	0.147662403
871	0.18168169	0.215534079	0.1478293
872	0.181894414	0.215741708	0.14804712
873	0.182137345	0.21596222	0.14831247
874	0.182370966	0.216232326	0.148509605
875	0.182567103	0.216436417	0.14869779
876	0.182755759	0.216621061	0.148890456
877	0.182989	0.216896764	0.149081236
878	0.183153586	0.217083849	0.149223323
879	0.183340138	0.217277817	0.149402459
880	0.183518621	0.217421329	0.149615912
881	0.183747655	0.217654715	0.149840595
882	0.183999	0.217922029	0.150075971
883	0.184273621	0.218220262	0.15032698
884	0.184443	0.218388802	0.150497198
885	0.184654172	0.218595801	0.150712543
886	0.18488431	0.218816381	0.15095224
887	0.18509469	0.219016516	0.151172863
888	0.185306	0.219260095	0.151351905
889	0.185549586	0.219552917	0.151546256
890	0.185792586	0.219820502	0.15176467
891	0.185954448	0.219977082	0.151931814
892	0.186139345	0.220141443	0.152137247
893	0.186376	0.220340872	0.152411128
894	0.18647731	0.220471885	0.152482736
895	0.186566241	0.220571483	0.152561
896	0.186681034	0.220671744	0.152690325
897	0.186917138	0.220821392	0.153012884
898	0.18703669	0.220904388	0.153168991
899	0.187141828	0.220989488	0.153294167
900	0.18732569	0.221105697	0.153545682
901	0.187609069	0.221375984	0.153842154
902	0.187948034	0.221757639	0.15413843
903	0.188282966	0.222193171	0.15437276
904	0.18864669	0.222672044	0.154621335
905	0.188852897	0.222954815	0.154750978
906	0.188964069	0.223099669	0.154828468
907	0.189172241	0.223183225	0.155161258
908	0.18930831	0.223227901	0.15538872
909	0.189389345	0.223270941	0.155507749
910	0.189530793	0.223523992	0.155537594
911	0.189914103	0.223904003	0.155924204
912	0.190260655	0.224221497	0.156299813
913	0.190418655	0.224360441	0.156476869
914	0.190608207	0.224507555	0.156708859
915	0.190837862	0.224715062	0.156960662
916	0.191103345	0.224984816	0.157221874
917	0.191355207	0.225292399	0.157418014
918	0.191708966	0.225644637	0.157773294
919	0.192074931	0.226009149	0.158140713
920	0.19228069	0.226330455	0.158230925
921	0.192571966	0.226679754	0.158464177
922	0.192767483	0.226895782	0.158639184
923	0.192774207	0.226892204	0.15865621
924	0.192992379	0.227101923	0.158882835
925	0.193281552	0.227376596	0.159186508
926	0.193654414	0.227741896	0.159566931
927	0.193591517	0.22780292	0.159380115
928	0.193516931	0.227762838	0.159271024
929	0.19343331	0.22764003	0.159226591
930	0.193457931	0.227586424	0.159329438
931	0.193381793	0.227352369	0.159411217
932	0.193126103	0.226885175	0.159367032
933	0.192618793	0.22614969	0.159087896
934	0.192399448	0.225773854	0.159025043
935	0.192522897	0.225680698	0.159365095
936	0.193067379	0.225952051	0.160182708
937	0.193424862	0.226472575	0.160377149
938	0.193648379	0.226912579	0.16038418
939	0.193878517	0.227336478	0.160420556
940	0.194582345	0.228006161	0.161158528
941	0.194878034	0.228505533	0.161250536
942	0.194914793	0.228723652	0.161105935
943	0.194743759	0.228518888	0.16096863
944	0.195073621	0.228703459	0.161443782
945	0.195460034	0.229000729	0.16191934
946	0.195795276	0.229334732	0.162255819
947	0.195742276	0.229248935	0.162235617
948	0.195899586	0.229440486	0.162358686
949	0.196216069	0.229801856	0.162630282
950	0.196555103	0.229967339	0.163142868
951	0.196959793	0.23042343	0.163496157
952	0.197313793	0.230871927	0.163755659
953	0.197410655	0.230944962	0.163876348
954	0.197540759	0.231152896	0.163928622
955	0.197720793	0.231318845	0.164122741
956	0.19800669	0.231453867	0.164559512
957	0.198373759	0.231773921	0.164973596
958	0.198538172	0.232018441	0.165057904
959	0.198693034	0.232325943	0.165060126
960	0.199692621	0.233304237	0.166081004
961	0.200206172	0.233761432	0.166650913
962	0.200362276	0.233907742	0.16681681
963	0.200139724	0.2338457	0.166433749
964	0.200399	0.234117703	0.166680297
965	0.200732414	0.234424261	0.167040566
966	0.201017621	0.23466194	0.167373302
967	0.201725	0.235451744	0.167998256
968	0.202181483	0.235951646	0.168411319
969	0.20239869	0.236203033	0.168594346
970	0.202508552	0.236531555	0.168485548
971	0.202725621	0.23681175	0.168639492
972	0.203010586	0.237107706	0.168913466
973	0.203264759	0.237410198	0.169119319
974	0.203332966	0.237487289	0.169178642
975	0.203466448	0.237552499	0.169380397
976	0.20377269	0.237681178	0.169864202
977	0.204062621	0.238003582	0.170121659
978	0.204430517	0.238340188	0.170520846
979	0.204894034	0.238741428	0.171046641
980	0.204818	0.238802338	0.170833662
981	0.205028345	0.239011334	0.171045356
982	0.20542531	0.239347553	0.171503067
983	0.205940414	0.239828276	0.172052552
984	0.205913966	0.239853354	0.171974577
985	0.206014172	0.240010736	0.172017609
986	0.206499207	0.240522547	0.172475867
987	0.206831276	0.240856908	0.172805643
988	0.207170483	0.241192021	0.173148945
989	0.207518379	0.241543529	0.17349323
990	0.207516414	0.241646188	0.17338664
991	0.207618103	0.241742749	0.173493458
992	0.207767034	0.241837786	0.173696283
993	0.207941	0.242002857	0.173879143
994	0.208093483	0.242268904	0.173918061
995	0.208257414	0.24253088	0.173983948
996	0.208330103	0.242586239	0.174073968
997	0.208939138	0.243095596	0.17478268
998	0.209348828	0.243473425	0.175224231
999	0.209525448	0.243692918	0.175357979
1000	0.209588759	0.243698807	0.17547871
1001	0.213960586	0.250477201	0.177443972
1002	0.214340517	0.250907702	0.177773332
1003	0.214573241	0.251168007	0.177978476
1004	0.214778103	0.251365594	0.178190613
1005	0.215020414	0.251603564	0.178437264
1006	0.215246069	0.251815531	0.178676607
1007	0.215468103	0.252019875	0.178916332
1008	0.215699724	0.252253079	0.179146369
1009	0.215952138	0.252512919	0.179391357
1010	0.216219655	0.252763354	0.179675957
1011	0.216458862	0.252957218	0.179960506
1012	0.216689759	0.253159315	0.180220202
1013	0.216932069	0.2534149	0.180449238
1014	0.217184931	0.253689952	0.18067991
1015	0.217403138	0.253876123	0.180930153
1016	0.217576	0.254004565	0.181147435
1017	0.217831103	0.25427402	0.181388187
1018	0.218134069	0.254578025	0.181690113
1019	0.218423207	0.254841831	0.182004583
1020	0.218633552	0.255046751	0.182220353
1021	0.218835034	0.255244588	0.182425481
1022	0.219062517	0.255450237	0.182674797
1023	0.21929231	0.255664168	0.182920452
1024	0.219547379	0.255919253	0.183175505
1025	0.219781345	0.256159753	0.183402936
1026	0.220008931	0.256402182	0.18361568
1027	0.220278207	0.25666351	0.183892904
1028	0.220545586	0.256882373	0.1842088
1029	0.220783655	0.257089887	0.184477423
1030	0.221076483	0.2573864	0.184766566
1031	0.221369172	0.257716406	0.185021938
1032	0.22152731	0.257903931	0.18515069
1033	0.221682103	0.258063277	0.185300929
1034	0.221918759	0.258311808	0.185525709
1035	0.222170448	0.258549531	0.185791365
1036	0.222457034	0.258786741	0.186127328
1037	0.222744034	0.259041511	0.186446558
1038	0.222999724	0.259306157	0.186693291
1039	0.22320269	0.259519065	0.186886314
1040	0.223477897	0.25979491	0.187160883
1041	0.22378669	0.260104614	0.187468765
1042	0.224028828	0.260359461	0.187698194
1043	0.224246931	0.2605896	0.187904262
1044	0.224438069	0.260765729	0.188110409
1045	0.224624931	0.260944404	0.188305458
1046	0.224852379	0.261167671	0.188537087
1047	0.225095793	0.261392357	0.188799229
1048	0.225317414	0.261622362	0.189012466
1049	0.225506621	0.261837352	0.18917589
1050	0.225684621	0.261997882	0.189371359
1051	0.225912345	0.262183259	0.189641431
1052	0.226142931	0.262382609	0.189903253
1053	0.226402862	0.262646305	0.19015942
1054	0.226694897	0.262964076	0.190425717
1055	0.226958207	0.263248357	0.190668057
1056	0.227174862	0.263469658	0.190880066
1057	0.227416345	0.263736043	0.191096647
1058	0.227676586	0.264035557	0.191317616
1059	0.227913034	0.264279842	0.191546227
1060	0.228105966	0.264458738	0.191753193
1061	0.228354172	0.264686743	0.192021602
1062	0.228548828	0.264880078	0.192217577
1063	0.228742621	0.265099499	0.192385743
1064	0.229012828	0.265366353	0.192659302
1065	0.229283	0.265642648	0.192923352
1066	0.229508724	0.265929114	0.193088334
1067	0.229717172	0.266169145	0.193265199
1068	0.229957	0.266401512	0.193512488
1069	0.23018931	0.266622638	0.193755983
1070	0.230383862	0.266771778	0.193995946
1071	0.230602172	0.266941569	0.194262776
1072	0.230806621	0.267122965	0.194490276
1073	0.231017655	0.267322919	0.194712391
1074	0.231193345	0.267478628	0.194908062
1075	0.231345931	0.267607662	0.1950842
1076	0.231543759	0.267805668	0.195281849
1077	0.231708517	0.267958099	0.195458935
1078	0.231867448	0.268082148	0.195652748
1079	0.23207431	0.268239334	0.195909287
1080	0.232318517	0.268447793	0.196189242
1081	0.232520103	0.268665405	0.196374802
1082	0.232751724	0.268928808	0.19657464
1083	0.232937448	0.269099731	0.196775166
1084	0.233168621	0.269308891	0.19702835
1085	0.233443552	0.269550221	0.197336883
1086	0.233708276	0.269785437	0.197631115
1087	0.233880345	0.269943086	0.197817604
1088	0.234072103	0.270127782	0.198016425
1089	0.234253448	0.270286041	0.198220855
1090	0.234410586	0.2704147	0.198406472
1091	0.234638517	0.27059041	0.198686625
1092	0.234863966	0.270749035	0.198978896
1093	0.235096517	0.270957851	0.199235183
1094	0.235279517	0.271132854	0.199426181
1095	0.235450379	0.271256901	0.199643858
1096	0.235650828	0.271378683	0.199922972
1097	0.235859103	0.271540007	0.2001782
1098	0.236112621	0.271817833	0.200407408
1099	0.236337828	0.272058591	0.200617064
1100	0.236556069	0.272225646	0.200886492
1101	0.236749241	0.272364691	0.201133792
1102	0.236908793	0.272509881	0.201307705
1103	0.237071	0.272668761	0.201473239
1104	0.237270034	0.272890578	0.201649491
1105	0.237450138	0.27308809	0.201812186
1106	0.237641552	0.273230116	0.202052988
1107	0.237849897	0.273378499	0.202321294
1108	0.237977897	0.27349428	0.202461513
1109	0.238099552	0.273629321	0.202569782
1110	0.238249138	0.273791994	0.202706282
1111	0.238425517	0.273984139	0.202866896
1112	0.238555793	0.274118589	0.202992997
1113	0.238637172	0.274198922	0.203075423
1114	0.238716172	0.274289426	0.203142919
1115	0.23877331	0.274358031	0.20318859
1116	0.238830655	0.274396067	0.203265244
1117	0.238911	0.274378015	0.203443985
1118	0.239005655	0.274369576	0.203641734
1119	0.239090172	0.274331756	0.203848589
1120	0.239189862	0.274295064	0.20408466
1121	0.239447172	0.27432428	0.204570065
1122	0.239748448	0.274369669	0.205127228
1123	0.240075759	0.274698775	0.205452742
1124	0.240406241	0.275090633	0.20572185
1125	0.240605138	0.275268254	0.205942022
1126	0.240723448	0.275352827	0.206094069
1127	0.24102269	0.275650855	0.206394525
1128	0.241409103	0.276018885	0.206799322
1129	0.24181031	0.276372632	0.207247989
1130	0.242190207	0.276694091	0.207686323
1131	0.242540724	0.277037263	0.208044185
1132	0.242842345	0.277425191	0.208259499
1133	0.243084	0.2777104	0.2084576
1134	0.243259621	0.277810093	0.208709149
1135	0.243443793	0.277944307	0.208943279
1136	0.243730103	0.278321062	0.209139145
1137	0.244001793	0.278683278	0.209320309
1138	0.244281207	0.279034016	0.209528398
1139	0.244572207	0.279391917	0.209752497
1140	0.244782655	0.279675254	0.209890056
1141	0.24497669	0.279950664	0.210002715
1142	0.245206241	0.280214801	0.210197682
1143	0.245450552	0.280484228	0.210416875
1144	0.245688897	0.28068232	0.210695473
1145	0.245916931	0.280837044	0.210996818
1146	0.246139345	0.281005784	0.211272905
1147	0.246367552	0.281195234	0.211539869
1148	0.246641759	0.281449986	0.211833531
1149	0.247032034	0.281855524	0.212208545
1150	0.247408931	0.282252143	0.212565719
1151	0.247766207	0.282636187	0.212896227
1152	0.248097828	0.282976132	0.213219523
1153	0.248406655	0.283224814	0.213588496
1154	0.248695724	0.283468564	0.213922884
1155	0.24908169	0.283925466	0.214237913
1156	0.249432034	0.284340722	0.214523347
1157	0.249819241	0.284750643	0.214887839
1158	0.250125655	0.285069451	0.21518186
1159	0.250464172	0.285459306	0.215469038
1160	0.250756	0.285802067	0.215709933
1161	0.251063241	0.286154313	0.215972169
1162	0.251362414	0.286495479	0.216229349
1163	0.251676517	0.286853353	0.216499681
1164	0.251953862	0.28716957	0.216738154
1165	0.252187379	0.287430045	0.216944714
1166	0.252409862	0.287671402	0.217148322
1167	0.252625103	0.287907982	0.217342225
1168	0.252900034	0.288217468	0.217582601
1169	0.253183621	0.288530228	0.217837013
1170	0.253505483	0.288870128	0.218140837
1171	0.253787897	0.289167193	0.2184086
1172	0.254033	0.289428513	0.218637487
1173	0.254300517	0.289716075	0.218884959
1174	0.254561103	0.289999231	0.219122976
1175	0.254820241	0.29028106	0.219359423
1176	0.255084414	0.290573587	0.21959524
1177	0.255375414	0.290897529	0.219853299
1178	0.255656103	0.291175757	0.22013645
1179	0.255934414	0.291444636	0.220424192
1180	0.256223655	0.291727156	0.220720154
1181	0.256517862	0.292014996	0.221020728
1182	0.256791448	0.292305181	0.221277715
1183	0.257092552	0.292643441	0.221541663
1184	0.257397448	0.292955887	0.22183901
1185	0.257705034	0.293242498	0.222167571
1186	0.258023103	0.293558438	0.222487769
1187	0.258293103	0.293844885	0.222741322
1188	0.258563207	0.294131631	0.222994783
1189	0.258834207	0.294418776	0.223249638
1190	0.259101931	0.29470584	0.223498022
1191	0.259375103	0.295015071	0.223735136
1192	0.259672379	0.295348655	0.223996104
1193	0.259967138	0.295643894	0.224290382
1194	0.26023331	0.295907121	0.2245595
1195	0.260484862	0.296152598	0.224817126
1196	0.260707448	0.296365226	0.225049671
1197	0.260977724	0.296646355	0.225309093
1198	0.261255276	0.296937971	0.225572581
1199	0.261492966	0.297171613	0.225814318
1200	0.261717828	0.297385219	0.226050437
1201	0.261960276	0.297628418	0.226292134
1202	0.262214759	0.297892188	0.226537329
1203	0.262509	0.298185367	0.226832633
1204	0.262784931	0.298444053	0.227125809
1205	0.26301331	0.29866083	0.227365791
1206	0.263148621	0.298789734	0.227507507
1207	0.263333621	0.298973908	0.227693333
1208	0.263509552	0.299143955	0.227875149
1209	0.263694793	0.299322277	0.228067309
1210	0.263842379	0.299446881	0.228237878
1211	0.264025345	0.299607718	0.228442971
1212	0.264267828	0.299821099	0.228714556
1213	0.264502793	0.300029904	0.228975683
1214	0.264675103	0.300196233	0.229153974
1215	0.264845	0.300360134	0.229329866
1216	0.265053724	0.300552116	0.229555332
1217	0.265262103	0.300743043	0.229781164
1218	0.265431724	0.300892687	0.229970762
1219	0.265593103	0.301034708	0.230151499
1220	0.265762793	0.301205967	0.230319619
1221	0.265930379	0.301381089	0.230479669
1222	0.266055241	0.301486963	0.23062352
1223	0.266207379	0.301610971	0.230803788
1224	0.266379345	0.301746096	0.231012594
1225	0.266529828	0.301850998	0.231208658
1226	0.266701034	0.302000252	0.231401817
1227	0.266841966	0.302142201	0.23154173
1228	0.266996379	0.302290518	0.231702241
1229	0.26713669	0.302401693	0.231871687
1230	0.267324207	0.302568014	0.2320804
1231	0.267527966	0.302757392	0.232298539
1232	0.267746414	0.302961952	0.232530875
1233	0.267919483	0.303109543	0.232729422
1234	0.268067172	0.303231202	0.232903142
1235	0.26823569	0.303384469	0.23308691
1236	0.26837669	0.303507116	0.233246263
1237	0.268537241	0.303653217	0.233421266
1238	0.268668034	0.303765096	0.233570973
1239	0.268834345	0.303938313	0.233730377
1240	0.269005103	0.304125301	0.233884906
1241	0.269197483	0.304308679	0.234086287
1242	0.269366103	0.304449631	0.234282576
1243	0.269538034	0.30459663	0.234479439
1244	0.269696276	0.304736857	0.234655695
1245	0.269886276	0.304923585	0.234848966
1246	0.270057241	0.305092784	0.235021699
1247	0.270279483	0.305321209	0.235237757
1248	0.270521828	0.305572249	0.235471407
1249	0.270750586	0.305789856	0.235711317
1250	0.27093531	0.305932666	0.235937955
1251	0.271147207	0.306122524	0.23617189
1252	0.271298655	0.306281338	0.236315972
1253	0.271444793	0.306429106	0.23646048
1254	0.271623931	0.30660736	0.236640502
1255	0.271756448	0.306734358	0.236778538
1256	0.271956931	0.306920127	0.236993735
1257	0.272130241	0.307076485	0.237183998
1258	0.272315759	0.30726086	0.237370657
1259	0.272504759	0.307448116	0.237561401
1260	0.272724828	0.307670984	0.237778671
1261	0.272947966	0.307900588	0.237995343
1262	0.273201793	0.308131052	0.238272534
1263	0.273464966	0.308364321	0.23856561
1264	0.273705448	0.308586144	0.238824752
1265	0.273949276	0.308812253	0.239086299
1266	0.274175655	0.309029625	0.239321685
1267	0.274371138	0.309219605	0.239522671
1268	0.274602621	0.309428358	0.239776884
1269	0.274794828	0.309571605	0.24001805
1270	0.275013448	0.309762746	0.240264151
1271	0.275218103	0.309966926	0.240469281
1272	0.275404379	0.310146346	0.240662412
1273	0.275610207	0.310335128	0.240885286
1274	0.275792172	0.310505086	0.241079258
1275	0.275990897	0.310711022	0.241270771
1276	0.276161069	0.310879116	0.241443022
1277	0.276370379	0.311076946	0.241663813
1278	0.276551931	0.311251026	0.241852836
1279	0.276768379	0.311495527	0.242041232
1280	0.276951966	0.311698621	0.24220531
1281	0.277141207	0.311875091	0.242407323
1282	0.277299897	0.312017238	0.242582555
1283	0.277491655	0.312226959	0.242756351
1284	0.277654414	0.31240928	0.242899548
1285	0.277818897	0.312581321	0.243056472
1286	0.277986828	0.312751512	0.243222143
1287	0.278193655	0.312969401	0.243417909
1288	0.278430241	0.313218121	0.243642361
1289	0.27864431	0.31345052	0.2438381
1290	0.278829448	0.313664022	0.243994875
1291	0.279011862	0.313862794	0.24416093
1292	0.279186655	0.314040292	0.244333019
1293	0.279387276	0.314246912	0.244527639
1294	0.27958769	0.314452861	0.244722519
1295	0.279784069	0.314652004	0.244916134
1296	0.279988345	0.31486826	0.24510843
1297	0.280156724	0.31505214	0.245261308
1298	0.280330069	0.315242864	0.245417274
1299	0.280511517	0.315443271	0.245579764
1300	0.280697552	0.315641585	0.245753519
1301	0.280897828	0.315848388	0.245947267
1302	0.281066414	0.316016232	0.246116596
1303	0.281286966	0.316244392	0.246329539
1304	0.281496069	0.316455505	0.246536633
1305	0.281695552	0.31665351	0.246737594
1306	0.281835828	0.316779417	0.246892238
1307	0.28204769	0.31698545	0.247109929
1308	0.282249379	0.317176078	0.247322681
1309	0.282450103	0.31736268	0.247537527
1310	0.282592517	0.31748014	0.247704894
1311	0.282731448	0.317593418	0.247869478
1312	0.282882138	0.317708024	0.248056252
1313	0.283076345	0.317866415	0.248286275
1314	0.283283276	0.318023513	0.248543039
1315	0.283487276	0.318179663	0.248794889
1316	0.283718759	0.318407764	0.249029753
1317	0.283930897	0.318618704	0.249243089
1318	0.284092276	0.318747696	0.249436856
1319	0.28424869	0.318860663	0.249636716
1320	0.284448	0.319009475	0.249886525
1321	0.284662759	0.319161821	0.250163696
1322	0.284824379	0.319283515	0.250365244
1323	0.28495231	0.319422828	0.250481792
1324	0.285097793	0.319564153	0.250631433
1325	0.285199931	0.319612806	0.250787056
1326	0.285295552	0.31966551	0.250925594
1327	0.285404793	0.319727692	0.251081894
1328	0.285574897	0.319846382	0.251303411
1329	0.285722517	0.319939089	0.251505946
1330	0.285879	0.320038347	0.251719653
1331	0.285980414	0.320078822	0.251882005
1332	0.286105759	0.32014161	0.252069907
1333	0.286277966	0.320251477	0.252304454
1334	0.286485552	0.320397845	0.252573258
1335	0.286646586	0.320496346	0.252796827
1336	0.286766552	0.32056023	0.252972873
1337	0.286943621	0.320756941	0.2531303
1338	0.287147897	0.320983573	0.25331222
1339	0.287337241	0.321138696	0.253535787
1340	0.287528207	0.321294774	0.25376164
1341	0.287628379	0.321367447	0.253889311
1342	0.287676448	0.321376767	0.253976129
1343	0.287618414	0.321383355	0.253853472
1344	0.287566103	0.321432009	0.253700197
1345	0.287511138	0.321401919	0.253620356
1346	0.287482517	0.321390698	0.253574337
1347	0.287394379	0.321292267	0.253496491
1348	0.287272241	0.321124361	0.253420122
1349	0.287078448	0.320911399	0.253245498
1350	0.286842621	0.320721311	0.252963931
1351	0.286607483	0.320457049	0.252757917
1352	0.286284379	0.319972543	0.252596215
1353	0.285867034	0.319434211	0.252299858
1354	0.285277862	0.318673917	0.251881807
1355	0.284350448	0.31762526	0.251075637
1356	0.284076897	0.317826252	0.250327541
1357	0.283870034	0.318492021	0.249248048
1358	0.283375862	0.318402725	0.248348999
1359	0.282150345	0.318393485	0.245907204
1360	0.282167655	0.320552334	0.243782977
1361	0.283373276	0.32966512	0.237081432
1362	0.282323241	0.330923733	0.233722749
1363	0.277971276	0.337656773	0.218285779
1364	0.277314724	0.340245596	0.214383853
1365	0.279663172	0.357969568	0.201356777
1366	0.268102103	0.326981871	0.209222336
1367	0.251414966	0.319240621	0.18358931
1368	0.248902448	0.312207773	0.185597123
1369	0.251560793	0.324086035	0.179035551
1370	0.26032169	0.323729928	0.196913451
1371	0.267708862	0.330716867	0.204700857
1372	0.277204759	0.327051774	0.227357743
1373	0.285998586	0.337572677	0.234424495
1374	0.297796379	0.350405871	0.245186887
1375	0.308012586	0.367003453	0.249021719
1376	0.308572103	0.363826306	0.253317901
1377	0.306260379	0.360039819	0.25248094
1378	0.300235414	0.348189071	0.252281757
1379	0.29384369	0.338532659	0.24915472
1380	0.294462793	0.334943475	0.253982111
1381	0.297568897	0.335017566	0.260120227
1382	0.293615483	0.329814219	0.257416747
1383	0.285998276	0.324693175	0.247303377
1384	0.282623931	0.322105322	0.24314254
1385	0.283463931	0.322263849	0.244664013
1386	0.284109724	0.31927802	0.248941428
1387	0.283055345	0.315794297	0.250316393
1388	0.284143793	0.318854269	0.249433318
1389	0.287467138	0.323220503	0.251713773
1390	0.287980897	0.324203017	0.251758776
1391	0.287011931	0.321779257	0.252244605
1392	0.287683966	0.323319914	0.252048017
1393	0.290092414	0.327651334	0.252533494
1394	0.290980586	0.330873643	0.25108753
1395	0.289636034	0.328601319	0.25067075
1396	0.289650034	0.328126478	0.251173591
1397	0.292112241	0.328996752	0.255227731
1398	0.294149	0.330341755	0.257956245
1399	0.294736966	0.329871481	0.25960245
1400	0.294615414	0.329074557	0.260156271
1401	0.292132069	0.325847295	0.258416843
1402	0.290151241	0.32406764	0.256234843
1403	0.290529483	0.324243634	0.256815332
1404	0.290987621	0.324481974	0.257493267
1405	0.291242448	0.323764245	0.258720651
1406	0.29157031	0.323760713	0.259379908
1407	0.291387759	0.324235396	0.258540121
1408	0.291054483	0.324357831	0.257751135
1409	0.291664241	0.324615168	0.258713315
1410	0.29225231	0.325201041	0.25930358
1411	0.293283552	0.326415434	0.260151669
1412	0.294241103	0.327527768	0.260954439
1413	0.295015862	0.32823216	0.261799564
1414	0.295731345	0.3289164	0.26254629
1415	0.295964414	0.329321454	0.262607374
1416	0.295970897	0.329550789	0.262391004
1417	0.296038483	0.329690508	0.262386457
1418	0.296181586	0.329735255	0.262627917
1419	0.296511345	0.330034689	0.262988001
1420	0.296781793	0.330464736	0.26309885
1421	0.297028621	0.33073757	0.263319671
1422	0.297287276	0.330855206	0.263719346
1423	0.297636103	0.331142544	0.264129663
1424	0.297923759	0.331458546	0.264388971
1425	0.298286793	0.331905392	0.264668194
1426	0.298644483	0.332402158	0.264886807
1427	0.298908345	0.332751301	0.265065388
1428	0.299158241	0.332942828	0.265373654
1429	0.29938869	0.333104745	0.265672634
1430	0.299613655	0.333370614	0.265856697
1431	0.299811517	0.333671622	0.265951412
1432	0.299822828	0.333739814	0.265905841
1433	0.299842966	0.333779904	0.265906028
1434	0.300059931	0.333974636	0.266145226
1435	0.300338931	0.334272179	0.266405683
1436	0.300492793	0.334551512	0.266434075
1437	0.300636828	0.334760705	0.26651295
1438	0.300885414	0.334940397	0.26683043
1439	0.301153655	0.335140093	0.267167217
1440	0.301355414	0.335197491	0.267513336
1441	0.301554241	0.335293086	0.267815396
1442	0.301800483	0.335675306	0.26792566
1443	0.301990241	0.336002841	0.267977642
1444	0.302176379	0.336217608	0.268135151
1445	0.302397517	0.336454023	0.268341011
1446	0.302868897	0.336928449	0.268809344
1447	0.303291793	0.337356528	0.269227058
1448	0.303557069	0.337609219	0.269504919
1449	0.30379169	0.337825561	0.269757818
1450	0.304146241	0.33818623	0.270106253
1451	0.304499759	0.338564322	0.270435195
1452	0.304826724	0.338961218	0.270692231
1453	0.305113448	0.339315748	0.270911149
1454	0.305366483	0.339531956	0.27120101
1455	0.305576207	0.339688011	0.271464403
1456	0.305750448	0.339847862	0.271653035
1457	0.305923621	0.340018271	0.27182897
1458	0.306145966	0.340276432	0.272015499
1459	0.30637231	0.340525242	0.272219379
1460	0.306522276	0.340706124	0.272338428
1461	0.306651207	0.340895297	0.272407117
1462	0.306736759	0.341020258	0.272453259
1463	0.30678731	0.341102247	0.272472374
1464	0.306927724	0.341267696	0.272587753
1465	0.30713269	0.341482431	0.272782949
1466	0.307302379	0.341663781	0.272940977
1467	0.307453621	0.341837641	0.2730696
1468	0.307598241	0.341971086	0.273225397
1469	0.307811724	0.342166236	0.273457212
1470	0.308054207	0.342369904	0.27373851
1471	0.308341379	0.342608993	0.274073766
1472	0.308623034	0.342883725	0.274362344
1473	0.308929759	0.343204133	0.274655384
1474	0.30916431	0.343464936	0.274863684
1475	0.309412241	0.343760391	0.275064092
1476	0.309709897	0.344073571	0.275346222
1477	0.310031931	0.344381505	0.275682357
1478	0.310303207	0.344629955	0.275976459
1479	0.310528207	0.344815375	0.276241039
1480	0.310828207	0.3451219	0.276534514
1481	0.311085552	0.345435753	0.27673535
1482	0.311319931	0.345709481	0.276930381
1483	0.311573966	0.345984137	0.277163794
1484	0.311881345	0.346305241	0.277457449
1485	0.312219276	0.346633627	0.277804924
1486	0.312494931	0.346895463	0.278094399
1487	0.31279669	0.347186065	0.278407314
1488	0.313099207	0.347490722	0.278707692
1489	0.313464793	0.347890818	0.279038769
1490	0.313761655	0.348212372	0.279310939
1491	0.314033931	0.348508126	0.279559736
1492	0.31425569	0.348747344	0.279764036
1493	0.31459431	0.349119067	0.280069554
1494	0.314890034	0.349448824	0.280331245
1495	0.315094483	0.349666343	0.280522622
1496	0.315296621	0.349881502	0.280711739
1497	0.315527241	0.350133356	0.280921127
1498	0.315755414	0.350378117	0.281132711
1499	0.316023379	0.350650912	0.281395847
1500	0.316324483	0.350964629	0.281684337
1501	0.316647897	0.351315327	0.281980466
1502	0.316951552	0.351642972	0.282260131
1503	0.317186276	0.351893572	0.28247898
1504	0.317395931	0.352116716	0.282675146
1505	0.317683828	0.352429989	0.282937667
1506	0.318001621	0.352778662	0.283224579
1507	0.318274034	0.353087066	0.283461003
1508	0.318536724	0.353378923	0.283694525
1509	0.318820621	0.353650655	0.283990586
1510	0.319067103	0.353881961	0.284252246
1511	0.319325483	0.354141678	0.284509287
1512	0.319547034	0.354363858	0.284730211
1513	0.319733897	0.354562297	0.284905496
1514	0.319946345	0.354787269	0.285105421
1515	0.320144379	0.354981409	0.28530735
1516	0.320374517	0.355214404	0.285534631
1517	0.320588586	0.355461226	0.285715947
1518	0.320804621	0.355709726	0.285899515
1519	0.321028552	0.355928488	0.286128616
1520	0.321287517	0.35618433	0.286390705
1521	0.321483276	0.356370853	0.286595699
1522	0.321665138	0.356543426	0.28678685
1523	0.321874448	0.356768478	0.286980419
1524	0.322085241	0.356996357	0.287174126
1525	0.322346138	0.357283119	0.287409156
1526	0.322580379	0.357538501	0.287622257
1527	0.322788517	0.357760856	0.287816178
1528	0.322982862	0.357972478	0.287993246
1529	0.323220483	0.358227986	0.28821298
1530	0.323434793	0.358453513	0.288416073
1531	0.323664862	0.358688735	0.288640989
1532	0.323896586	0.358923375	0.288869798
1533	0.324115414	0.359119634	0.289111194
1534	0.324364655	0.359348648	0.289380663
1535	0.324571552	0.359587854	0.28955525
1536	0.324735586	0.359791582	0.28967959
1537	0.324985517	0.36005365	0.289917385
1538	0.325238207	0.360312649	0.290163765
1539	0.325410345	0.360493433	0.290327257
1540	0.325603	0.360695394	0.290510606
1541	0.325849793	0.360941551	0.290758036
1542	0.326102793	0.36118702	0.291018566
1543	0.326293517	0.361378448	0.291208586
1544	0.326433379	0.361525323	0.291341435
1545	0.326582897	0.361673533	0.29149226
1546	0.326730483	0.361810907	0.291650059
1547	0.326853655	0.36193163	0.291775681
1548	0.326967207	0.362049828	0.291884586
1549	0.327056966	0.362137516	0.291976415
1550	0.32715331	0.362229485	0.292077135
1551	0.327267241	0.36232495	0.292209533
1552	0.327388276	0.362421983	0.292354569
1553	0.327505759	0.362534364	0.292477153
1554	0.327621207	0.362653865	0.292588549
1555	0.327766724	0.362806965	0.292726483
1556	0.327929207	0.362976577	0.292881837
1557	0.328100793	0.363143586	0.293058
1558	0.328279966	0.363315043	0.293244888
1559	0.328439552	0.363471037	0.293408067
1560	0.328638138	0.363673022	0.293603254
1561	0.328838517	0.363883058	0.293793977
1562	0.329009414	0.364059243	0.293959584
1563	0.329203517	0.364266106	0.294140929
1564	0.329363483	0.364444677	0.294282289
1565	0.32960131	0.364696023	0.294506598
1566	0.329829034	0.364923761	0.294734308
1567	0.330068379	0.365166303	0.294970455
1568	0.330262276	0.36536207	0.295162481
1569	0.330484621	0.365583504	0.295385737
1570	0.330670379	0.365760252	0.295580507
1571	0.330845586	0.365935118	0.295756054
1572	0.331049862	0.366151453	0.295948271
1573	0.33123269	0.366349178	0.296116201
1574	0.331398724	0.366525749	0.296271699
1575	0.331564897	0.366675739	0.296454054
1576	0.331736103	0.36681789	0.296654317
1577	0.331927828	0.367009915	0.29684574
1578	0.332093517	0.367189106	0.296997928
1579	0.332292276	0.367403471	0.297181081
1580	0.332437207	0.36755874	0.297315674
1581	0.332596517	0.367719322	0.297473712
1582	0.33270469	0.367816933	0.297592446
1583	0.332845552	0.367950927	0.297740177
1584	0.333015172	0.368114187	0.297916158
1585	0.333221448	0.36833551	0.298107386
1586	0.33339	0.368530053	0.298249947
1587	0.33355731	0.368705034	0.298409587
1588	0.333727724	0.368868859	0.298586589
1589	0.333902276	0.369038318	0.298766234
1590	0.334076759	0.369211033	0.298942484
1591	0.334247414	0.369386776	0.299108052
1592	0.334380897	0.369522648	0.299239145
1593	0.33456969	0.36971918	0.299420199
1594	0.334740483	0.369896554	0.299584411
1595	0.334952897	0.370115171	0.299790622
1596	0.335170069	0.370336043	0.300004095
1597	0.335425966	0.370590658	0.300261273
1598	0.335650828	0.370805786	0.300495869
1599	0.335829448	0.370977364	0.300681533
1600	0.33594531	0.371084005	0.300806615
1601	0.336125586	0.371266757	0.300984415
1602	0.336289931	0.371434592	0.30114527
1603	0.336493103	0.371638042	0.301348165
1604	0.336701793	0.371843407	0.301560179
1605	0.33688069	0.37202332	0.301738059
1606	0.337006793	0.37214951	0.301864076
1607	0.337179172	0.372317447	0.302040898
1608	0.33732231	0.372448988	0.302195632
1609	0.337508276	0.372636061	0.302380491
1610	0.33766431	0.372793747	0.302534874
1611	0.337821	0.372942243	0.302699757
1612	0.337924034	0.373027113	0.302820956
1613	0.338104931	0.373232354	0.302977508
1614	0.338274655	0.373443371	0.303105939
1615	0.338427138	0.373597111	0.303257165
1616	0.338550828	0.373698739	0.303402916
1617	0.338646759	0.373809183	0.303484334
1618	0.33878131	0.373981968	0.303580653
1619	0.338899241	0.374121278	0.303677204
1620	0.339009207	0.374244343	0.303774071
1621	0.339119448	0.37433597	0.303902926
1622	0.33928	0.37446961	0.30409039
1623	0.339404793	0.374576949	0.304232637
1624	0.339514345	0.374672703	0.304355987
1625	0.339623241	0.374778406	0.304468076
1626	0.33978069	0.374941977	0.304619402
1627	0.339886276	0.375043236	0.304729315
1628	0.340020828	0.375175	0.304866655
1629	0.340120759	0.375260344	0.304981174
1630	0.340256586	0.375382362	0.30513081
1631	0.340355069	0.375478657	0.305231481
1632	0.340406828	0.375528902	0.305284753
1633	0.340556621	0.3756849	0.305428341
1634	0.340727586	0.375863294	0.305591878
1635	0.340877172	0.376022213	0.305732132
1636	0.340986897	0.376138025	0.305835769
1637	0.341173586	0.376327731	0.306019441
1638	0.341337552	0.376490395	0.306184708
1639	0.341523034	0.376681179	0.30636489
1640	0.341670276	0.376830111	0.306510441
1641	0.341779103	0.376938458	0.306619748
1642	0.341883586	0.377042378	0.306724794
1643	0.342045517	0.377222637	0.306868398
1644	0.342174172	0.377368972	0.306979373
1645	0.342396862	0.377584702	0.307209022
1646	0.342594172	0.377766476	0.307421869
1647	0.342686	0.377859873	0.307512127
1648	0.342766448	0.377945226	0.307587671
1649	0.342949621	0.378148508	0.307750734
1650	0.343103	0.378319414	0.307886586
1651	0.343215586	0.37841123	0.308019942
1652	0.343324448	0.378498052	0.308150845
1653	0.343439172	0.378624039	0.308254306
1654	0.343593483	0.378793895	0.308393071
1655	0.343756862	0.378980087	0.308533637
1656	0.343884862	0.379129153	0.308640571
1657	0.344051103	0.379286396	0.308815811
1658	0.344211931	0.379436837	0.308987025
1659	0.344371621	0.379636277	0.309106964
1660	0.344502793	0.379805873	0.309199713
1661	0.344643828	0.379954189	0.309333466
1662	0.344817897	0.380139342	0.309496451
1663	0.344938414	0.380284131	0.309592697
1664	0.345089828	0.380462045	0.30971761
1665	0.34514269	0.380524188	0.309761191
1666	0.345249793	0.380645783	0.309853803
1667	0.345500552	0.380915976	0.310085128
1668	0.345744517	0.381176504	0.310312531
1669	0.345937828	0.381376631	0.310499024
1670	0.346127517	0.381572453	0.310682581
1671	0.346322897	0.381766357	0.310879436
1672	0.346522379	0.381969006	0.311075752
1673	0.346748621	0.382221958	0.311275283
1674	0.346947103	0.382443442	0.311450765
1675	0.347161897	0.382674974	0.31164882
1676	0.347394517	0.382924221	0.311864813
1677	0.347638552	0.38317771	0.312099394
1678	0.347865897	0.383425716	0.312306077
1679	0.348090345	0.383703569	0.31247712
1680	0.348277379	0.38392486	0.312629898
1681	0.34845431	0.38410869	0.312799931
1682	0.348633931	0.384298925	0.312968937
1683	0.348869931	0.384550281	0.313189581
1684	0.349089034	0.384773766	0.313404303
1685	0.349322655	0.384998023	0.313647287
1686	0.349540483	0.385226659	0.313854306
1687	0.349739172	0.385467771	0.314010573
1688	0.349958517	0.385716775	0.314200259
1689	0.350244448	0.386019611	0.314469286
1690	0.350470966	0.386256937	0.314684994
1691	0.350704966	0.386504097	0.314905834
1692	0.350926517	0.386756973	0.315096061
1693	0.351165483	0.387043736	0.31528723
1694	0.351392034	0.3873024	0.315481669
1695	0.351650172	0.387584482	0.315715862
1696	0.351909	0.38785942	0.31595858
1697	0.352129069	0.388086452	0.316171686
1698	0.352355966	0.388323571	0.31638836
1699	0.352631103	0.388620297	0.31664191
1700	0.352849069	0.388865885	0.316832253
1701	0.353094552	0.389138978	0.317050125
1702	0.353290621	0.389364709	0.317216533
1703	0.353515483	0.389632012	0.317398954
1704	0.353795069	0.389936388	0.31765375
1705	0.354045172	0.390198559	0.317891786
1706	0.354318276	0.390501091	0.31813546
1707	0.354560897	0.390777116	0.318344677
1708	0.354748655	0.390985758	0.318511552
1709	0.354835	0.391081361	0.318588639
1710	0.355054655	0.391330069	0.318779242
1711	0.355298172	0.391603923	0.318992421
1712	0.355430069	0.391736017	0.319124121
1713	0.355555862	0.391860763	0.319250961
1714	0.355767034	0.392072668	0.319461401
1715	0.355931931	0.392230726	0.319633136
1716	0.356064759	0.39239181	0.319737707
1717	0.356153793	0.392506715	0.319800871
1718	0.356214655	0.392579511	0.319849799
1719	0.356328276	0.392709855	0.319946697
1720	0.356521276	0.392895401	0.320147151
1721	0.356651586	0.393016361	0.320286812
1722	0.356585621	0.392935499	0.320235742
1723	0.356538931	0.392873998	0.320203864
1724	0.356513448	0.392847742	0.320179154
1725	0.356529517	0.392864454	0.320194581
1726	0.356603414	0.392915921	0.320290906
1727	0.356681069	0.392976895	0.320385243
1728	0.356744276	0.393052133	0.320436418
1729	0.356789586	0.393106032	0.320473141
1730	0.356812103	0.393110251	0.320513956
1731	0.356848414	0.393124188	0.320572639
1732	0.356929586	0.393188412	0.32067076
1733	0.357029379	0.393285614	0.320773144
1734	0.357060655	0.393316569	0.320804741
1735	0.357173483	0.393416411	0.320930555
1736	0.357295241	0.393507838	0.321082645
1737	0.357435	0.393658323	0.321211677
1738	0.357605207	0.393878631	0.321331783
1739	0.357761724	0.394039776	0.321483673
1740	0.357872345	0.394111219	0.321633471
1741	0.357987103	0.394191377	0.32178283
1742	0.358130897	0.394315731	0.321946062
1743	0.358241276	0.394446373	0.322036179
1744	0.358336724	0.39457229	0.322101158
1745	0.358422276	0.39465377	0.322190782
1746	0.358547138	0.394770526	0.322323749
1747	0.35869031	0.394891013	0.322489607
1748	0.358838759	0.395014405	0.322663113
1749	0.358963034	0.395109206	0.322816863
1750	0.359093586	0.395200406	0.322986767
1751	0.359279793	0.395404361	0.323155225
1752	0.359458897	0.395623803	0.32329399
1753	0.359495517	0.395665081	0.323325953
1754	0.359559103	0.395728158	0.323390049
1755	0.359643586	0.395830583	0.32345659
1756	0.359765414	0.395974675	0.323556152
1757	0.3598	0.396012504	0.323587496
1758	0.359872621	0.396098041	0.323647201
1759	0.359845069	0.395981602	0.323708536
1760	0.359813724	0.395849234	0.323778214
1761	0.359881	0.395935932	0.323826068
1762	0.359947207	0.396018787	0.323875627
1763	0.359945345	0.395995119	0.323895571
1764	0.359956517	0.396003472	0.323909563
1765	0.360030897	0.396108993	0.3239528
1766	0.360163897	0.396238364	0.324089429
1767	0.360252448	0.396267275	0.324237622
1768	0.360319793	0.396323706	0.324315881
1769	0.360414621	0.396457526	0.324371716
1770	0.360498	0.396551022	0.324444978
1771	0.360574621	0.396617014	0.324532227
1772	0.360665552	0.396705475	0.324625629
1773	0.36074269	0.396782287	0.324703092
1774	0.360783103	0.396811213	0.324754993
1775	0.360751483	0.396760792	0.324742174
1776	0.360753172	0.396754527	0.324751818
1777	0.360807517	0.396806927	0.324808108
1778	0.360889621	0.396867024	0.324912217
1779	0.360967379	0.396904988	0.325029771
1780	0.360913759	0.396834548	0.324992969
1781	0.360786552	0.396710667	0.324862436
1782	0.360956966	0.396816548	0.325097383
1783	0.361189241	0.396954952	0.32542353
1784	0.361368586	0.397118637	0.325618536
1785	0.361500931	0.397240238	0.325761625
1786	0.361554448	0.397360034	0.325748862
1787	0.361598207	0.397477925	0.325718489
1788	0.361702897	0.397548655	0.325857138
1789	0.36177669	0.397580395	0.325972984
1790	0.361839828	0.397663023	0.326016632
1791	0.361927207	0.397813806	0.326040608
1792	0.362105724	0.398049485	0.326161963
1793	0.362231379	0.398196149	0.326266609
1794	0.362100862	0.397977847	0.326223877
1795	0.361977241	0.397790122	0.326164361
1796	0.362039241	0.39789018	0.326188302
1797	0.362123138	0.398000419	0.326245856
1798	0.362286862	0.398151696	0.326422028
1799	0.362352828	0.398163498	0.326542158
1800	0.36193831	0.397599583	0.326277038
1801	0.358349207	0.398294823	0.318403591
1802	0.360417724	0.398898534	0.321936914
1803	0.356786931	0.392800818	0.320773044
1804	0.352929621	0.388285398	0.317573843
1805	0.35447769	0.393029691	0.315925688
1806	0.359884793	0.404038784	0.315730803
1807	0.364607862	0.409688121	0.319527603
1808	0.365432586	0.410948764	0.319916408
1809	0.359431655	0.406614467	0.312248844
1810	0.350117276	0.395468563	0.304765989
1811	0.347401897	0.39299808	0.301805714
1812	0.353965966	0.404561503	0.303370428
1813	0.361161034	0.417735358	0.304586711
1814	0.362465414	0.4157494	0.309181427
1815	0.363204655	0.413375552	0.313033758
1816	0.365999276	0.413838793	0.318159759
1817	0.365342621	0.411957934	0.318727307
1818	0.360199276	0.41365274	0.306745812
1819	0.360616483	0.418030187	0.303202779
1820	0.36808969	0.43481195	0.30136743
1821	0.375591345	0.455452859	0.295729831
1822	0.372956655	0.463335981	0.282577329
1823	0.359226034	0.450065902	0.268386167
1824	0.350256931	0.445608265	0.254905597
1825	0.346338034	0.44695965	0.245716419
1826	0.349066517	0.453930723	0.244202311
1827	0.361554724	0.48819246	0.234916988
1828	0.368771069	0.541454292	0.196087846
1829	0.408323103	0.626134982	0.190511225
1830	0.497362414	0.753482383	0.241242444
1831	0.544240966	0.805975917	0.282506014
1832	0.471152897	0.697215746	0.245090047
1833	0.462859759	0.778037915	0.147681602
1834	0.680277138	1.255900688	0.104653588
1835	1.093155138	2.065069469	0.121240807
1836	1.108561724	2.030432363	0.186691085
1837	1.303922069	2.448897196	0.158946942
1838	1.225571655	2.212204393	0.238938917
1839	0.876836621	1.494112653	0.259560589
1840	0.684163552	1.195269697	0.173057406
1841	0.721604966	1.369829736	0.073380195
1842	1.134719172	2.186049751	0.083388594
1843	2.924344448	5.904466641	-0.055777745
1844	31.57279793	73.30667337	-10.1610775
1845	4.959706034	11.93048223	-2.011070158
1846	2.416146	5.885967977	-1.053675977
1847	2.68209031	6.239853534	-0.875672913
1848	4.212488276	9.562525838	-1.137549286
1849	3.005928966	6.499298818	-0.487440887
1850	1.989849138	4.085978546	-0.10628027
1851	2.311573241	4.617936935	0.005209548
1852	2.482298517	4.855419551	0.109177483
1853	2.570354759	5.196253807	-0.05554429
1854	2.862139276	5.317100265	0.407178287
1855	3.038481448	5.479119877	0.59784302
1856	2.653734655	4.965023434	0.342445877
1857	2.415766414	4.759054663	0.072478165
1858	2.269263069	4.495544993	0.042981145
1859	1.904889966	3.850679719	-0.040899788
1860	1.235264483	2.418582924	0.051946041
1861	0.817301966	1.462041764	0.172562167
1862	0.807319345	1.405234964	0.209403725
1863	1.451860586	2.875899746	0.027821426
1864	19.08456659	55.45041251	-17.28127934
1865	4.470277724	12.05309234	-3.112536893
1866	2.094896828	5.16539764	-0.975603985
1867	1.76016131	4.066058601	-0.54573598
1868	2.463982138	5.962356985	-1.034392709
1869	1.654736	3.332922387	-0.023450387
1870	0.871301966	1.421789694	0.320814237
1871	0.917134759	1.543249167	0.29102035
1872	1.461324276	2.553361513	0.369287039
1873	3.307184069	6.387669801	0.226698336
1874	7.339854483	14.28689798	0.392810985
1875	11.11136979	22.7599947	-0.537255112
1876	2.771325448	5.416361034	0.126289863
1877	1.755480655	3.307554104	0.203407206
1878	1.484282828	2.623458652	0.345107003
1879	1.027081517	1.816056963	0.238106072
1880	0.607014483	1.036700564	0.177328402
1881	0.465036517	0.717507254	0.21256578
1882	0.42547369	0.646890973	0.204056406
1883	0.441401034	0.649651929	0.23315014
1884	0.457952414	0.71406161	0.201843218
1885	0.426424759	0.678882354	0.173967164
1886	0.400191621	0.656611511	0.14377173
1887	0.41326	0.69003011	0.13648989
1888	0.443881	0.766850798	0.120911202
1889	0.455664483	0.76525686	0.146072106
1890	0.455421552	0.680693848	0.230149255
1891	0.491218172	0.727555486	0.254880858
1892	0.513581138	0.754904166	0.27225811
1893	0.553789517	0.892547437	0.215031598
1894	0.557215241	0.903894486	0.210535997
1895	0.533485586	0.902709059	0.164262113
1896	0.519206483	0.837136694	0.201276272
1897	0.551736034	0.869615934	0.233856135
1898	0.619537379	0.935553473	0.303521286
1899	0.757529724	1.109052144	0.406007304
1900	0.946147069	1.443399228	0.44889491
1901	0.964727103	1.47049026	0.458963946
1902	0.999204103	1.690152433	0.308255774
1903	1.194213207	2.07529019	0.313136224
1904	1.725453966	3.248507053	0.202400878
1905	1.305867931	2.396687599	0.215048263
1906	1.017686034	1.895146988	0.140225081
1907	0.838241966	1.428351128	0.248132804
1908	0.747144517	1.213941858	0.280347177
1909	0.813869	1.352835529	0.274902471
1910	1.134472517	1.896014213	0.372930822
1911	1.390738379	2.357825532	0.423651227
1912	0.90391369	1.452207622	0.355619757
1913	0.684204379	1.098024724	0.270384035
1914	0.501889552	0.739348398	0.264430706
1915	0.411564621	0.575035797	0.248093445
1916	0.370559655	0.490860293	0.250259017
1917	0.350163586	0.459743324	0.240583848
1918	0.34949169	0.45749942	0.241483959
1919	0.361331931	0.468825328	0.253838534
1920	0.370149586	0.47461399	0.265685182
1921	0.359827	0.432863743	0.286790257
1922	0.350410103	0.418650719	0.282169488
1923	0.339789931	0.404750906	0.274828956
1924	0.331722276	0.400865421	0.262579131
1925	0.333553586	0.394110848	0.272996324
1926	0.336785828	0.394016029	0.279555626
1927	0.341007586	0.398096958	0.283918215
1928	0.346256276	0.402992999	0.289519553
1929	0.352117517	0.409243471	0.294991564
1930	0.359782172	0.414453846	0.305110499
1931	0.36531031	0.421411263	0.309209358
1932	0.362983241	0.412299827	0.313666656
1933	0.361126828	0.408410988	0.313842667
1934	0.35883669	0.401677424	0.315995955
1935	0.356802172	0.399684505	0.31391984
1936	0.355429034	0.397664334	0.313193735
1937	0.353889655	0.39544688	0.31233243
1938	0.353181655	0.39553528	0.31082803
1939	0.353727586	0.398299362	0.30915581
1940	0.354485448	0.400845764	0.308125132
1941	0.356016414	0.401736282	0.310296545
1942	0.357254966	0.40319541	0.311314521
1943	0.357747966	0.402953037	0.312542894
1944	0.358250862	0.403277972	0.313223753
1945	0.357835034	0.40218988	0.313480189
1946	0.356986793	0.401378098	0.312595488
1947	0.354695828	0.398302336	0.31108932
1948	0.351802483	0.394167717	0.309437249
1949	0.350694724	0.392517175	0.308872273
1950	0.351996586	0.394021261	0.309971911
1951	0.353203103	0.395425971	0.310980236
1952	0.354291172	0.395222546	0.313359798
1953	0.355299966	0.395482929	0.315117002
1954	0.358413138	0.397883222	0.318943054
1955	0.361454897	0.40051222	0.322397573
1956	0.36220331	0.401709739	0.322696882
1957	0.362226172	0.40249809	0.321954255
1958	0.361184897	0.401503237	0.320866556
1959	0.359539655	0.39975095	0.31932836
1960	0.358828103	0.399126733	0.318529474
1961	0.359395448	0.399579566	0.319211331
1962	0.359820586	0.399968345	0.319672828
1963	0.359808448	0.399931271	0.319685625
1964	0.359831034	0.400040248	0.319621821
1965	0.360911448	0.401268146	0.32055475
1966	0.361924448	0.402470079	0.321378818
1967	0.361747103	0.402129832	0.321364375
1968	0.361174069	0.401308142	0.321039996
1969	0.360791379	0.400736412	0.320846347
1970	0.360511207	0.400369729	0.320652685
1971	0.360481793	0.400364838	0.320598748
1972	0.360988966	0.40102444	0.320953492
1973	0.361417414	0.401642372	0.321192455
1974	0.361963034	0.402477717	0.321448352
1975	0.362424172	0.403224251	0.321624094
1976	0.362621586	0.403189633	0.322053539
1977	0.362781414	0.403147019	0.322415809
1978	0.362716724	0.4030075	0.322425948
1979	0.362562276	0.402805215	0.322319337
1980	0.362928966	0.403229632	0.322628299
1981	0.363733207	0.404200283	0.323266131
1982	0.364231241	0.404743641	0.323718841
1983	0.364326966	0.404663561	0.32399037
1984	0.364450897	0.404665221	0.324236572
1985	0.364324241	0.404505685	0.324142798
1986	0.364160897	0.404329219	0.323992574
1987	0.364516724	0.404828831	0.324204617
1988	0.365025241	0.405519366	0.324531116
1989	0.365367034	0.405737857	0.324996212
1990	0.365703517	0.405873803	0.325533231
1991	0.366085621	0.406085963	0.326085279
1992	0.366585931	0.406453619	0.326718243
1993	0.366995759	0.406883204	0.327108313
1994	0.367117034	0.407325669	0.3269084
1995	0.367184241	0.407713751	0.326654731
1996	0.366800862	0.407100601	0.326501124
1997	0.366332414	0.406389876	0.326274951
1998	0.366305034	0.406337593	0.326272476
1999	0.366354	0.406484299	0.326223701
2000	0.366840586	0.407741286	0.325939886
2001	0.367551034	0.409565861	0.325536208
2002	0.368304069	0.410492278	0.32611586
2003	0.369043379	0.410475165	0.327611594
2004	0.369731897	0.410433013	0.32903078
2005	0.370015655	0.410172035	0.329859276
2006	0.370401931	0.410111561	0.330692301
2007	0.372004586	0.411916606	0.332092566
2008	0.373683483	0.413983406	0.33338356
2009	0.374944759	0.415595533	0.334293984
2010	0.376042	0.417086627	0.334997373
2011	0.375664	0.417014819	0.334313181
2012	0.375303172	0.416889645	0.3337167
2013	0.374701483	0.416270992	0.333131974
2014	0.373946655	0.415489546	0.332403764
2015	0.373626724	0.415215089	0.33203836
2016	0.373724655	0.415362358	0.332086952
2017	0.373876621	0.415379554	0.332373687
2018	0.374138379	0.415295482	0.332981277
2019	0.374454	0.415406412	0.333501588
2020	0.374727724	0.415368515	0.334086933
2021	0.374939586	0.415326268	0.334552905
2022	0.37536769	0.415955047	0.334780332
2023	0.375760552	0.416621791	0.334899312
2024	0.375729241	0.416779652	0.334678831
2025	0.375727931	0.4169952	0.334460662
2026	0.375587414	0.416811537	0.33436329
2027	0.375488793	0.41636932	0.334608266
2028	0.375391897	0.416152021	0.334631772
2029	0.375220241	0.416094385	0.334346098
2030	0.375170483	0.416030299	0.334310666
2031	0.375613414	0.416450963	0.334775865
2032	0.376	0.416868124	0.335131876
2033	0.376256241	0.417268487	0.335243995
2034	0.376514483	0.417651977	0.335376989
2035	0.376544034	0.417458406	0.335629663
2036	0.376456379	0.417085192	0.335827567
2037	0.376338172	0.416802981	0.335873364
2038	0.376290483	0.416735432	0.335845534
2039	0.376168207	0.416705299	0.335631115
2040	0.376008759	0.416670989	0.335346528
2041	0.376090069	0.416908507	0.335271631
2042	0.376401862	0.417311094	0.33549263
2043	0.376581552	0.417520855	0.335642248
2044	0.376566517	0.417560063	0.335572971
2045	0.376546172	0.417628322	0.335464023
2046	0.376677345	0.417936438	0.335418251
2047	0.376872138	0.418354033	0.335390243
2048	0.376974897	0.418245776	0.335704018
2049	0.377118931	0.418015962	0.3362219
2050	0.377429345	0.418181501	0.336677189
2051	0.377755034	0.418587034	0.336923035
2052	0.377900931	0.418852994	0.336948868
2053	0.377987241	0.419014306	0.336960177
2054	0.378088414	0.419226344	0.336950484
2055	0.3784	0.419545566	0.337254434
2056	0.378595345	0.419740396	0.337450293
2057	0.378236517	0.419418263	0.337054771
2058	0.37782269	0.419052965	0.336592414
2059	0.377314034	0.41839905	0.336229019
2060	0.376764724	0.417679819	0.335849629
2061	0.376923448	0.418005001	0.335841895
2062	0.37729969	0.418754094	0.335845286
2063	0.376971828	0.418493512	0.335450143
2064	0.376221655	0.417511534	0.334931776
2065	0.37598231	0.41705025	0.33491437
2066	0.376447034	0.417332702	0.335561367
2067	0.376934483	0.417698315	0.336170651
2068	0.376894034	0.417719753	0.336068316
2069	0.376761759	0.417720719	0.335802798
2070	0.376783034	0.417976585	0.335589484
2071	0.376848724	0.418229588	0.33546786
2072	0.37678531	0.418058423	0.335512198
2073	0.376580931	0.417727848	0.335434014
2074	0.376344759	0.41728789	0.335401628
2075	0.376108862	0.416854829	0.335362895
2076	0.37586031	0.416620986	0.335099635
2077	0.375723207	0.416496512	0.334949902
2078	0.375621069	0.41626946	0.334972678
2079	0.375661793	0.416298471	0.335025115
2080	0.375572241	0.416274625	0.334869857
2081	0.37550369	0.416321395	0.334685984
2082	0.375621552	0.416562796	0.334680307
2083	0.375866724	0.416941786	0.334791663
2084	0.376128448	0.417329128	0.334927769
2085	0.376247069	0.417417293	0.335076845
2086	0.376275552	0.417383544	0.335167559
2087	0.376397	0.417456185	0.335337815
2088	0.376526241	0.417525115	0.335527367
2089	0.376622241	0.417707162	0.33553732
2090	0.376815793	0.418080731	0.335550855
2091	0.377288414	0.418641252	0.335935576
2092	0.377752483	0.419189023	0.336315942
2093	0.378065966	0.419555534	0.336576397
2094	0.377948172	0.419206476	0.336689869
2095	0.377802379	0.418815946	0.336788812
2096	0.377953862	0.418822835	0.337084889
2097	0.378097034	0.418866798	0.337327271
2098	0.378021138	0.418820436	0.33722184
2099	0.377878586	0.418729304	0.337027868
2100	0.37783469	0.418789619	0.336879761
2101	0.377813793	0.418906495	0.336721091
2102	0.377943172	0.419122947	0.336763398
2103	0.378165034	0.419396676	0.336933393
2104	0.378511379	0.419871734	0.337151024
2105	0.378749172	0.420247418	0.337250927
2106	0.378877103	0.420393909	0.337360298
2107	0.379120655	0.420512531	0.337728779
2108	0.379211552	0.420536856	0.337886247
2109	0.379110724	0.420439402	0.337782046
2110	0.378959897	0.420264535	0.337655258
2111	0.378781207	0.420147313	0.337415101
2112	0.378638172	0.420108993	0.337167352
2113	0.378842724	0.42038709	0.337298358
2114	0.379197621	0.420770894	0.337624348
2115	0.379584276	0.420982061	0.338186491
2116	0.380001	0.421199865	0.338802135
2117	0.380340793	0.421464258	0.339217329
2118	0.380441759	0.421638623	0.339244894
2119	0.380563966	0.421942742	0.339185189
2120	0.380849276	0.422345701	0.339352851
2121	0.381223931	0.422772387	0.339675475
2122	0.381557483	0.423124006	0.339990959
2123	0.381642379	0.423190263	0.340094496
2124	0.381620862	0.423124623	0.340117101
2125	0.381709966	0.42324975	0.340170181
2126	0.38196231	0.423553372	0.340371249
2127	0.382166034	0.423751341	0.340580728
2128	0.382496828	0.424029533	0.340964122
2129	0.382828172	0.424329103	0.341327241
2130	0.382717103	0.424176314	0.341257893
2131	0.382479552	0.423924347	0.341034757
2132	0.382239724	0.423720213	0.340759235
2133	0.38178969	0.423260995	0.340318384
2134	0.381536069	0.422920838	0.3401513
2135	0.381561552	0.422837412	0.340285691
2136	0.381726586	0.423019611	0.340433562
2137	0.381945276	0.423301156	0.340589396
2138	0.38204431	0.423431455	0.340657166
2139	0.382266724	0.42370355	0.340829898
2140	0.382403586	0.423837628	0.340969544
2141	0.382297207	0.423668007	0.340926406
2142	0.38211931	0.423472145	0.340766476
2143	0.38198969	0.423444229	0.34053515
2144	0.381950517	0.423492818	0.340408216
2145	0.382211	0.423744933	0.340677067
2146	0.382467862	0.424021271	0.340914453
2147	0.382397828	0.423955665	0.34083999
2148	0.382324276	0.423807045	0.340841506
2149	0.382363517	0.423717282	0.341009752
2150	0.382275172	0.423420849	0.341129495
2151	0.382056414	0.423046391	0.341066437
2152	0.382283034	0.423347361	0.341218708
2153	0.382605517	0.423809186	0.341401849
2154	0.382715379	0.424061598	0.34136916
2155	0.382756828	0.424209857	0.341303798
2156	0.38266	0.424186144	0.341133856
2157	0.382581517	0.424164591	0.340998443
2158	0.38246431	0.424038354	0.340890267
2159	0.382456034	0.424013242	0.340898827
2160	0.382546586	0.423981852	0.34111132
2161	0.382529517	0.423798823	0.341260212
2162	0.382449241	0.423553602	0.341344881
2163	0.382252828	0.423198995	0.341306661
2164	0.382228448	0.423039198	0.341417698
2165	0.382234862	0.422918869	0.341550855
2166	0.382205793	0.422940475	0.341471111
2167	0.382082034	0.422886946	0.341277123
2168	0.381893448	0.422721331	0.341065565
2169	0.381898241	0.422765107	0.341031376
2170	0.382115621	0.423046831	0.341184411
2171	0.382214241	0.423245468	0.341183014
2172	0.382277828	0.423352351	0.341203304
2173	0.382235828	0.423276214	0.341195441
2174	0.382123276	0.423161569	0.341084983
2175	0.382111414	0.423160984	0.341061844
2176	0.382197621	0.423253823	0.341141418
2177	0.382079069	0.423125837	0.341032301
2178	0.381917931	0.422973593	0.340862269
2179	0.381883241	0.423022011	0.340744472
2180	0.381762793	0.422996504	0.340529083
2181	0.381809414	0.423094121	0.340524706
2182	0.38166631	0.422973196	0.340359424
2183	0.381381586	0.422539803	0.34022337
2184	0.381102276	0.422010461	0.34019409
2185	0.380774379	0.421541445	0.340007314
2186	0.380247655	0.420876648	0.339618663
2187	0.379730966	0.420225473	0.339236458
2188	0.379758103	0.420062302	0.339453904
2189	0.380009862	0.420128948	0.339890777
2190	0.380276862	0.420375077	0.340178647
2191	0.380412138	0.420467939	0.340356337
2192	0.380231759	0.420274384	0.340189133
2193	0.379936931	0.419980947	0.339892915
2194	0.379420931	0.419446844	0.339395018
2195	0.378968966	0.419005858	0.338932073
2196	0.378537483	0.418583884	0.338491081
2197	0.378105586	0.41814199	0.338069183
2198	0.378349379	0.418393395	0.338305364
2199	0.378840103	0.418822926	0.338857281
2200	0.378948276	0.418839219	0.339057333
2201	0.378860103	0.418645587	0.33907462
2202	0.378760517	0.418289244	0.33923179
2203	0.378449276	0.417780835	0.339117717
2204	0.378483517	0.417835681	0.339131354
2205	0.378751069	0.418342233	0.339159905
2206	0.378903759	0.418771224	0.339036293
2207	0.379226897	0.419359917	0.339093876
2208	0.379459517	0.419816961	0.339102074
2209	0.379374586	0.419655261	0.339093911
2210	0.379276793	0.419428582	0.339125004
2211	0.379238379	0.419296767	0.339179991
2212	0.379208103	0.419210464	0.339205743
2213	0.379420414	0.419370839	0.339469989
2214	0.379653379	0.419511053	0.339795706
2215	0.379908621	0.419554505	0.340262737
2216	0.380174069	0.419643878	0.34070426
2217	0.380107172	0.419646957	0.340567388
2218	0.380036103	0.419666884	0.340405323
2219	0.380145345	0.419826461	0.340464229
2220	0.380279586	0.420078323	0.340480849
2221	0.380362655	0.42017503	0.340550281
2222	0.380398517	0.420070159	0.340726876
2223	0.380356138	0.419924585	0.340787691
2224	0.380263655	0.419738288	0.340789023
2225	0.380467034	0.419860758	0.341073311
2226	0.380796034	0.420262349	0.34132972
2227	0.381009586	0.420493425	0.341525748
2228	0.381441414	0.420957477	0.341925351
2229	0.381782483	0.421356313	0.342208652
2230	0.382012103	0.421669983	0.342354223
2231	0.382156103	0.421921162	0.342391044
2232	0.381835379	0.421504979	0.34216578
2233	0.381524517	0.421022554	0.342026481
2234	0.381265793	0.420716728	0.341814858
2235	0.381055966	0.420567413	0.341544518
2236	0.381369207	0.421078863	0.341659551
2237	0.381858517	0.421807798	0.341909237
2238	0.38202069	0.421990184	0.342051195
2239	0.382013	0.421919989	0.342106011
2240	0.38199469	0.421934376	0.342055003
2241	0.381838586	0.421977571	0.341699601
2242	0.381837069	0.422235142	0.341438996
2243	0.382119793	0.422682273	0.341557313
2244	0.382310241	0.422955337	0.341665146
2245	0.382187172	0.422625974	0.341748371
2246	0.382036172	0.422162274	0.341910071
2247	0.381898379	0.421833457	0.341963302
2248	0.381792586	0.421578019	0.342007154
2249	0.381944414	0.421677855	0.342210972
2250	0.382089759	0.421808842	0.342370675
2251	0.381845897	0.421578802	0.342112991
2252	0.38145969	0.421214818	0.341704561
2253	0.381141345	0.4208674	0.341415289
2254	0.381052379	0.42078084	0.341323919
2255	0.380984414	0.420808284	0.341160544
2256	0.380860345	0.420791935	0.340928755
2257	0.380958448	0.421050183	0.340866714
2258	0.381080448	0.421357428	0.340803468
2259	0.381091379	0.421317583	0.340865176
2260	0.381158448	0.421330491	0.340986405
2261	0.381464345	0.421770669	0.341158021
2262	0.381908552	0.422340978	0.341476125
2263	0.382064828	0.422611493	0.341518162
2264	0.382055207	0.422771588	0.341338826
2265	0.38182931	0.422620123	0.341038498
2266	0.381473552	0.422186133	0.34076097
2267	0.381393724	0.422019741	0.340767708
2268	0.381495655	0.422189542	0.340801768
2269	0.381597172	0.422420699	0.340773646
2270	0.381595586	0.422458998	0.340732174
2271	0.381534483	0.422417481	0.340651484
2272	0.381303448	0.422134858	0.340472039
2273	0.381259586	0.421998408	0.340520765
2274	0.38178569	0.422473264	0.341098116
2275	0.382247724	0.422951376	0.341544073
2276	0.382423138	0.423216041	0.341630235
2277	0.382520103	0.423395321	0.341644886
2278	0.382615276	0.42352788	0.341702671
2279	0.382729379	0.423691932	0.341766827
2280	0.382806828	0.423744356	0.341869299
2281	0.382835655	0.423687928	0.341983382
2282	0.383009759	0.424054088	0.341965429
2283	0.38312131	0.424510461	0.341732159
2284	0.382907793	0.424356769	0.341458818
2285	0.382527103	0.423953899	0.341100308
2286	0.382017207	0.423279151	0.340755262
2287	0.381831345	0.422834335	0.340828354
2288	0.381900517	0.422880597	0.340920437
2289	0.381835345	0.422882474	0.340788216
2290	0.381937103	0.42292954	0.340944667
2291	0.382024897	0.423031151	0.341018642
2292	0.382086586	0.423104994	0.341068179
2293	0.382462966	0.423576218	0.341349713
2294	0.382680621	0.423921069	0.341440172
2295	0.382835138	0.424265213	0.341405063
2296	0.383059552	0.42465527	0.341463833
2297	0.382810724	0.424225321	0.341396127
2298	0.382499897	0.423747148	0.341252645
2299	0.382207586	0.423235396	0.341179776
2300	0.382058138	0.422926982	0.341189294
2301	0.382269862	0.423316196	0.341223529
2302	0.382381586	0.423693358	0.341069814
2303	0.381959828	0.42350887	0.340410785
2304	0.381560483	0.423266209	0.339854757
2305	0.381337586	0.422915325	0.339759848
2306	0.381143759	0.422586731	0.339700786
2307	0.380991207	0.422334553	0.33964786
2308	0.38070831	0.4219702	0.339446421
2309	0.380248414	0.42157617	0.338920658
2310	0.379956586	0.421305188	0.338607985
2311	0.380219793	0.421441978	0.338997608
2312	0.380498034	0.421677837	0.339318232
2313	0.381073034	0.422212531	0.339933538
2314	0.381701	0.422761928	0.340640072
2315	0.381684966	0.42268558	0.340684352
2316	0.381190069	0.42209171	0.340288428
2317	0.380782483	0.42154301	0.340021955
2318	0.380555379	0.421199004	0.339911755
2319	0.380442103	0.42113423	0.339749976
2320	0.380721828	0.421691146	0.339752509
2321	0.381088379	0.422250992	0.339925767
2322	0.380927138	0.421749431	0.340104845
2323	0.380492379	0.420827327	0.340157432
2324	0.380072	0.420165894	0.339978106
2325	0.379615897	0.419547054	0.33968474
2326	0.379401207	0.419421539	0.339380875
2327	0.379439759	0.419576105	0.339303413
2328	0.379459034	0.419514036	0.339404033
2329	0.379409828	0.419454806	0.33936485
2330	0.379595276	0.419892271	0.33929828
2331	0.379920897	0.420509046	0.339332747
2332	0.379868483	0.420409628	0.339327337
2333	0.379735966	0.420103309	0.339368622
2334	0.379917345	0.42020415	0.33963054
2335	0.380132172	0.420430166	0.339834178
2336	0.380080207	0.420288148	0.339872266
2337	0.380055862	0.420180144	0.33993158
2338	0.379924793	0.420012617	0.339836969
2339	0.379665103	0.419809535	0.339520672
2340	0.379822655	0.419880688	0.339764622
2341	0.380046448	0.419897108	0.340195789
2342	0.379009069	0.418677954	0.339340184
2343	0.377576586	0.417097637	0.338055536
2344	0.37731469	0.416978168	0.337651212
2345	0.377623828	0.417496603	0.337751052
2346	0.37800831	0.4181046	0.33791202
2347	0.378424517	0.418719692	0.338129342
2348	0.378702724	0.418709346	0.338696102
2349	0.379147345	0.418933271	0.339361419
2350	0.37934931	0.419112449	0.339586171
2351	0.379155724	0.418603063	0.339708385
2352	0.379151345	0.41842905	0.339873639
2353	0.379181103	0.418555234	0.339806973
2354	0.379281931	0.4185761	0.339987762
2355	0.379117966	0.418145493	0.340090438
2356	0.378398172	0.41717491	0.339621435
2357	0.378319966	0.417053203	0.339586728
2358	0.378298966	0.416966603	0.339631328
2359	0.378406276	0.417086568	0.339725984
2360	0.37883169	0.417804311	0.339859068
2361	0.379254828	0.418689191	0.339820465
2362	0.379554276	0.41940355	0.339705002
2363	0.379745931	0.419615725	0.339876137
2364	0.379900724	0.419665197	0.340136251
2365	0.37999069	0.419534479	0.340446901
2366	0.380104379	0.419479836	0.340728923
2367	0.379850586	0.419317586	0.340383586
2368	0.379392069	0.41909367	0.339690468
2369	0.379023	0.418829099	0.339216901
2370	0.378784483	0.418636143	0.338932822
2371	0.378445621	0.418299222	0.338592019
2372	0.377985724	0.417816287	0.338155161
2373	0.378191034	0.41761089	0.338771179
2374	0.378607931	0.417615303	0.339600559
2375	0.378831483	0.417820077	0.339842889
2376	0.379045724	0.41822068	0.339870768
2377	0.379385379	0.419106815	0.339663944
2378	0.379693655	0.419812397	0.339574914
2379	0.379380138	0.41910465	0.339655626
2380	0.378864379	0.418233774	0.339494985
2381	0.378925828	0.418219701	0.339631954
2382	0.378909448	0.418015202	0.339803694
2383	0.378554241	0.417476251	0.339632232
2384	0.378397655	0.417582394	0.339212917
2385	0.378280276	0.417725962	0.33883459
2386	0.377959793	0.417628054	0.338291532
2387	0.377532138	0.417055046	0.33800923
2388	0.377288414	0.416164355	0.338412472
2389	0.377086345	0.415414746	0.338757944
2390	0.376880793	0.414607264	0.339154322
2391	0.376989379	0.414344153	0.339634606
2392	0.376844	0.414415391	0.339272609
2393	0.376573138	0.414793083	0.338353193
2394	0.376973586	0.416075936	0.337871236
2395	0.377343552	0.41706548	0.337621623
2396	0.377251483	0.417105134	0.337397832
2397	0.376924241	0.416658372	0.337190111
2398	0.376213069	0.41529047	0.337135668
2399	0.37593869	0.414324308	0.337553071
2400	0.376306931	0.414040852	0.33857301
2401	0.376458724	0.413808626	0.339108823
2402	0.376783448	0.414702686	0.338864211
2403	0.376980103	0.415626576	0.338333631
2404	0.376644345	0.415884133	0.337404557
2405	0.376030448	0.415858751	0.336202146
2406	0.376080207	0.415468251	0.336692162
2407	0.376257138	0.415100237	0.337414039
2408	0.375080828	0.41393528	0.336226376
2409	0.373569828	0.412636803	0.334502852
2410	0.373053379	0.412214779	0.33389198
2411	0.373240586	0.412655535	0.333825637
2412	0.373801241	0.413146441	0.334456042
2413	0.373752172	0.412866596	0.334637749
2414	0.372897759	0.411518296	0.334277221
2415	0.372397138	0.410852296	0.333941979
2416	0.371437069	0.41066607	0.332208068
2417	0.370065345	0.410081175	0.330049515
2418	0.371602172	0.411123147	0.332081197
2419	0.374112931	0.41317877	0.335047092
2420	0.375335655	0.414439257	0.336232053
2421	0.375775793	0.415076671	0.336474915
2422	0.374557793	0.413483396	0.33563219
2423	0.373755793	0.412335829	0.335175758
2424	0.373140483	0.411785014	0.334495952
2425	0.372348724	0.411282914	0.333414534
2426	0.372103828	0.411103535	0.333104121
2427	0.371523241	0.410580445	0.332466038
2428	0.370710414	0.4099323	0.331488528
2429	0.370234241	0.409805144	0.330663339
2430	0.369730552	0.409577047	0.329884057
2431	0.368949345	0.409097051	0.328801639
2432	0.369737034	0.409609143	0.329864926
2433	0.370810517	0.410497378	0.331123656
2434	0.370289931	0.409044893	0.331534969
2435	0.369628069	0.407433129	0.331823009
2436	0.369402	0.406954153	0.331849847
2437	0.370053828	0.4073124	0.332795255
2438	0.370293724	0.407331957	0.333255492
2439	0.369994621	0.406960395	0.333028846
2440	0.371144448	0.408795104	0.333493792
2441	0.371426552	0.409972765	0.332880339
2442	0.370666724	0.409269791	0.332063657
2443	0.371152034	0.409544222	0.332759847
2444	0.371038828	0.408974855	0.3331028
2445	0.369889862	0.406912308	0.332867416
2446	0.369791552	0.407082412	0.332500691
2447	0.369377241	0.406571962	0.332182521
2448	0.367907345	0.405181674	0.330633015
2449	0.36616031	0.405533767	0.326786854
2450	0.363596241	0.404787207	0.322405276
2451	0.361369276	0.40257571	0.320162841
2452	0.36076431	0.40205594	0.319472681
2453	0.361855897	0.402430227	0.321281566
2454	0.363741931	0.403068443	0.324415419
2455	0.365951931	0.404230229	0.327673633
2456	0.367281483	0.405584156	0.32897881
2457	0.366929828	0.405929434	0.327930221
2458	0.366195517	0.405738755	0.32665228
2459	0.364439379	0.403019841	0.325858918
2460	0.362583724	0.400851348	0.324316101
2461	0.362308793	0.401315942	0.323301644
2462	0.361844759	0.401280003	0.322409515
2463	0.35996831	0.398951871	0.32098475
2464	0.358173069	0.397205978	0.31914016
2465	0.357151138	0.397466244	0.316836032
2466	0.356888276	0.398671155	0.315105396
2467	0.356887379	0.397349305	0.316425454
2468	0.355906034	0.395720652	0.316091416
2469	0.356550172	0.396204192	0.316896153
2470	0.357937483	0.3973901	0.318484865
2471	0.35614731	0.394413088	0.317881532
2472	0.354697276	0.391935156	0.317459396
2473	0.358134069	0.3946854	0.321582738
2474	0.362063241	0.399577733	0.324548749
2475	0.366624483	0.405811372	0.327437594
2476	0.373153621	0.415346496	0.330960745
2477	0.377858931	0.418904095	0.336813767
2478	0.377779552	0.417916072	0.337643032
2479	0.371111759	0.409708431	0.332515086
2480	0.365571966	0.405951032	0.325192899
2481	0.362481655	0.404345516	0.320617795
2482	0.361851138	0.408286364	0.315415912
2483	0.362438759	0.412249678	0.31262784
2484	0.360503724	0.414338582	0.306668866
2485	0.368054793	0.426790257	0.309319329
2486	0.380277759	0.447443956	0.313111561
2487	0.383593414	0.447780117	0.31940671
2488	0.387623655	0.46252867	0.31271864
2489	0.384970414	0.464483569	0.305457259
2490	0.375071966	0.460392281	0.28975165
2491	0.370007034	0.456099718	0.283914351
2492	0.368517138	0.460970537	0.276063738
2493	0.372997172	0.46055051	0.285443835
2494	0.377145759	0.471273968	0.283017549
2495	0.372226207	0.462211705	0.282240709
2496	0.371819862	0.460424383	0.283215341
2497	0.372353966	0.452065231	0.2926427
2498	0.363362793	0.434301644	0.292423942
2499	0.357504241	0.412584004	0.302424479
2500	0.361151069	0.415826043	0.306476095
