Wavelength	Mean	Std+	Std-
350	0.0211827	0.023504905	0.018860495
351	0.0212913	0.023620306	0.018962294
352	0.02134715	0.023671844	0.019022456
353	0.0210959	0.02342996	0.01876184
354	0.02094095	0.023262723	0.018619177
355	0.02093735	0.023220876	0.018653824
356	0.0213782	0.023637085	0.019119315
357	0.021346	0.02359501	0.01909699
358	0.0210809	0.023336076	0.018825724
359	0.0209561	0.023248854	0.018663346
360	0.02101195	0.023299478	0.018724422
361	0.0210679	0.023351426	0.018784374
362	0.0210134	0.023316041	0.018710759
363	0.0214136	0.0237019	0.0191253
364	0.02161045	0.023898996	0.019321904
365	0.0215264	0.023834441	0.019218359
366	0.0211759	0.023486223	0.018865577
367	0.0210594	0.023385825	0.018732975
368	0.02107945	0.023422912	0.018735988
369	0.0210553	0.023375347	0.018735253
370	0.020958	0.023274333	0.018641667
371	0.0209714	0.023274807	0.018667993
372	0.0212764	0.023531858	0.019020942
373	0.02118875	0.023467694	0.018909806
374	0.02104445	0.023362326	0.018726574
375	0.02089705	0.023258349	0.018535751
376	0.02115005	0.023492201	0.018807899
377	0.02120205	0.023551932	0.018852168
378	0.0211414	0.023512891	0.018769909
379	0.021241	0.023606052	0.018875948
380	0.0213598	0.023704922	0.019014678
381	0.02134705	0.023672028	0.019022072
382	0.02102375	0.023338911	0.018708589
383	0.02118275	0.023537252	0.018828248
384	0.02128925	0.023677279	0.018901221
385	0.02123735	0.023642981	0.018831719
386	0.0211059	0.023524052	0.018687748
387	0.0212376	0.023662494	0.018812706
388	0.02150065	0.023928896	0.019072404
389	0.02143335	0.023868668	0.018998032
390	0.0214784	0.023903837	0.019052963
391	0.02148455	0.023910794	0.019058306
392	0.02129665	0.023763375	0.018829925
393	0.0212278	0.0236836	0.018772
394	0.0212217	0.023675268	0.018768132
395	0.02126235	0.023734846	0.018789854
396	0.02112985	0.023613698	0.018646002
397	0.0212013	0.023699844	0.018702756
398	0.02137595	0.02389364	0.01885826
399	0.0213594	0.023903887	0.018814913
400	0.02141845	0.023957093	0.018879807
401	0.0214678	0.023996307	0.018939293
402	0.02142385	0.023961614	0.018886086
403	0.02137455	0.023903343	0.018845757
404	0.02138065	0.023894811	0.018866489
405	0.0214568	0.023952126	0.018961474
406	0.02148325	0.023978929	0.018987571
407	0.02149365	0.023994967	0.018992333
408	0.02150105	0.024010776	0.018991324
409	0.02157545	0.02408779	0.01906311
410	0.0215723	0.024083898	0.019060702
411	0.0215281	0.024041267	0.019014933
412	0.0214634	0.023989045	0.018937755
413	0.0214908	0.024022474	0.018959126
414	0.02148735	0.024025066	0.018949634
415	0.0214069	0.023953004	0.018860796
416	0.0214295	0.02396641	0.01889259
417	0.021504	0.024033724	0.018974276
418	0.02160305	0.02412952	0.01907658
419	0.0215486	0.024080926	0.019016274
420	0.0215982	0.024148084	0.019048316
421	0.0216691	0.024234727	0.019103473
422	0.0216434	0.024199768	0.019087032
423	0.0216187	0.024171201	0.019066199
424	0.0215996	0.024153165	0.019046035
425	0.0215881	0.024148096	0.019028104
426	0.0216677	0.024224196	0.019111204
427	0.0217347	0.024288791	0.019180609
428	0.0217841	0.02433952	0.01922868
429	0.0217857	0.024359747	0.019211653
430	0.02176935	0.024347931	0.019190769
431	0.02174545	0.024325026	0.019165874
432	0.0217285	0.024324057	0.019132943
433	0.02175055	0.024356913	0.019144187
434	0.0217695	0.024384613	0.019154387
435	0.0217575	0.024379528	0.019135472
436	0.02180545	0.024422223	0.019188677
437	0.02184325	0.024449682	0.019236818
438	0.02186695	0.02446066	0.01927324
439	0.0218702	0.024474905	0.019265495
440	0.02185765	0.024467302	0.019247998
441	0.02183825	0.024450367	0.019226133
442	0.02184485	0.0244654	0.0192243
443	0.02189205	0.024521406	0.019262694
444	0.02192015	0.024552648	0.019287652
445	0.0218784	0.024501914	0.019254886
446	0.0219505	0.024578565	0.019322435
447	0.02198075	0.024612287	0.019349213
448	0.02195725	0.024590436	0.019324064
449	0.02194755	0.02458912	0.01930598
450	0.02194565	0.024593	0.0192983
451	0.021958	0.024607558	0.019308442
452	0.02203305	0.024678944	0.019387156
453	0.02206445	0.024713611	0.019415289
454	0.0220508	0.024703549	0.019398051
455	0.0219619	0.024612883	0.019310917
456	0.02198835	0.024644393	0.019332307
457	0.0220348	0.024700959	0.019368641
458	0.0220907	0.024771936	0.019409464
459	0.02210885	0.024777353	0.019440347
460	0.02212965	0.024793382	0.019465918
461	0.0221549	0.02482187	0.01948793
462	0.0222169	0.024901229	0.019532571
463	0.02216685	0.024851682	0.019482018
464	0.0221156	0.024797277	0.019433923
465	0.02216025	0.024845825	0.019474675
466	0.0221969	0.024893929	0.019499871
467	0.0222363	0.024942191	0.019530409
468	0.022278	0.024987162	0.019568838
469	0.0222193	0.024932277	0.019506323
470	0.02222075	0.024934592	0.019506908
471	0.02225465	0.024968096	0.019541204
472	0.0222393	0.024961332	0.019517268
473	0.02224565	0.02496927	0.01952203
474	0.02226695	0.024992444	0.019541456
475	0.02229295	0.02502759	0.01955831
476	0.0222691	0.025013481	0.019524719
477	0.0222622	0.025010018	0.019514382
478	0.022285	0.025027271	0.019542729
479	0.02231435	0.025063375	0.019565325
480	0.0223436	0.025097762	0.019589438
481	0.0223683	0.025124346	0.019612254
482	0.0223927	0.025144157	0.019641243
483	0.02242215	0.025168822	0.019675478
484	0.02244135	0.025187185	0.019695515
485	0.0224115	0.025167773	0.019655227
486	0.0224594	0.025218935	0.019699865
487	0.0224842	0.025254355	0.019714045
488	0.02245455	0.025249	0.0196601
489	0.0224774	0.025281265	0.019673535
490	0.022474	0.025278159	0.019669841
491	0.02245215	0.025250161	0.019654139
492	0.0225064	0.025307308	0.019705492
493	0.0225664	0.025367336	0.019765464
494	0.02261545	0.02541798	0.01981292
495	0.02261125	0.025423634	0.019798866
496	0.02264805	0.025464331	0.019831769
497	0.02265735	0.025476796	0.019837904
498	0.0226009	0.025423585	0.019778215
499	0.022623	0.025447797	0.019798203
500	0.02265205	0.025480378	0.019823722
501	0.0226806	0.02551419	0.01984701
502	0.0226819	0.025523986	0.019839814
503	0.02273935	0.02558889	0.01988981
504	0.0227959	0.025650856	0.019940944
505	0.02275145	0.025606554	0.019896346
506	0.02274695	0.025605442	0.019888458
507	0.0227686	0.025629951	0.019907249
508	0.0228171	0.025678385	0.019955815
509	0.02282285	0.025687764	0.019957936
510	0.02285415	0.025723244	0.019985056
511	0.0229117	0.025784811	0.020038589
512	0.0229401	0.025815425	0.020064775
513	0.0229326	0.025812005	0.020053195
514	0.02290995	0.025791775	0.020028125
515	0.0229063	0.025778875	0.020033725
516	0.02295415	0.025830649	0.020077651
517	0.0230024	0.025889377	0.020115423
518	0.02302355	0.02592591	0.02012119
519	0.0230289	0.025941157	0.020116643
520	0.0230614	0.025984736	0.020138064
521	0.0231169	0.026052151	0.020181649
522	0.0231022	0.026036223	0.020168177
523	0.02311585	0.026048266	0.020183434
524	0.02315215	0.026082811	0.020221489
525	0.02321395	0.026141211	0.020286689
526	0.0232271	0.026160269	0.020293931
527	0.0232277	0.02616972	0.02028568
528	0.02323315	0.026184379	0.020281921
529	0.0232482	0.026207661	0.020288739
530	0.02326605	0.026227223	0.020304877
531	0.0232918	0.026247999	0.020335601
532	0.02333325	0.02629176	0.02037474
533	0.02336375	0.026328902	0.020398598
534	0.0233859	0.026360219	0.020411581
535	0.0234028	0.026385486	0.020420114
536	0.02342535	0.026409466	0.020441234
537	0.02344785	0.026431459	0.020464241
538	0.0234674	0.026451141	0.020483659
539	0.0234841	0.02647213	0.02049607
540	0.0235216	0.026517471	0.020525729
541	0.0235827	0.026590247	0.020575153
542	0.0235741	0.026586753	0.020561447
543	0.0236012	0.026615889	0.020586511
544	0.0236512	0.026666184	0.020636216
545	0.0236734	0.026692427	0.020654373
546	0.0236882	0.026714187	0.020662213
547	0.0236983	0.026730951	0.020665649
548	0.02370555	0.026741569	0.020669531
549	0.02373755	0.026778069	0.020697031
550	0.02376935	0.026815968	0.020722732
551	0.02379465	0.026849253	0.020740047
552	0.0238199	0.026875852	0.020763948
553	0.0238567	0.026913671	0.020799729
554	0.0238943	0.026952844	0.020835756
555	0.02388075	0.02694635	0.02081515
556	0.0239022	0.02697053	0.02083387
557	0.0239276	0.02699751	0.02085769
558	0.0239429	0.027016835	0.020868965
559	0.0239673	0.027049931	0.020884669
560	0.02399235	0.027081863	0.020902837
561	0.02402165	0.027114731	0.020928569
562	0.02408035	0.027177588	0.020983112
563	0.02409855	0.027200925	0.020996175
564	0.02409365	0.027202247	0.020985053
565	0.02412785	0.027238632	0.021017068
566	0.02414895	0.027261613	0.021036287
567	0.02416235	0.027276832	0.021047868
568	0.0241706	0.027287928	0.021053272
569	0.02420795	0.027327564	0.021088336
570	0.0242448	0.027372151	0.021117449
571	0.0242696	0.027412756	0.021126444
572	0.0242685	0.027414334	0.021122666
573	0.02430215	0.027449929	0.021154371
574	0.0243595	0.027508781	0.021210219
575	0.02436515	0.027516621	0.021213679
576	0.0243578	0.027517646	0.021197954
577	0.0243479	0.027515879	0.021179921
578	0.02436105	0.027527731	0.021194369
579	0.024413	0.02758575	0.02124025
580	0.0244409	0.027620857	0.021260943
581	0.02441455	0.027600649	0.021228451
582	0.02449995	0.027690609	0.021309291
583	0.02454755	0.027740619	0.021354481
584	0.0245537	0.027747659	0.021359741
585	0.0245698	0.027769636	0.021369964
586	0.0245922	0.027792235	0.021392165
587	0.0246147	0.027812033	0.021417367
588	0.02462265	0.027818471	0.021426829
589	0.0246421	0.027849452	0.021434748
590	0.02466025	0.02788207	0.02143843
591	0.02467	0.027905332	0.021434668
592	0.02469305	0.027932728	0.021453372
593	0.02470045	0.027942397	0.021458503
594	0.02469685	0.027940082	0.021453618
595	0.0247691	0.028017469	0.021520731
596	0.02482515	0.028081173	0.021569127
597	0.0248672	0.028133957	0.021600443
598	0.02487935	0.028161102	0.021597598
599	0.02487925	0.028168133	0.021590367
600	0.02489195	0.028188026	0.021595874
601	0.02493065	0.028237883	0.021623417
602	0.0249593	0.028283485	0.021635115
603	0.0249898	0.028326068	0.021653532
604	0.0250241	0.028366033	0.021682167
605	0.02506545	0.028408812	0.021722088
606	0.0250847	0.028437296	0.021732104
607	0.0250973	0.028463126	0.021731474
608	0.0251424	0.028517107	0.021767693
609	0.02517915	0.028554788	0.021803512
610	0.02521785	0.028595132	0.021840568
611	0.02526715	0.028653317	0.021880983
612	0.02530535	0.028700849	0.021909851
613	0.02532715	0.02872769	0.02192661
614	0.02533305	0.028734308	0.021931792
615	0.025341	0.02875311	0.02192889
616	0.02540685	0.028820666	0.021993034
617	0.0254941	0.028906553	0.022081647
618	0.0255055	0.028933031	0.022077969
619	0.02555825	0.028984546	0.022131954
620	0.0256008	0.0290248	0.0221768
621	0.0255889	0.029022125	0.022155675
622	0.0256555	0.029089684	0.022221316
623	0.0256994	0.029133648	0.022265152
624	0.02569845	0.029133959	0.022262941
625	0.02575235	0.029189125	0.022315575
626	0.0258065	0.029251469	0.022361531
627	0.0258486	0.029304804	0.022392396
628	0.02582195	0.029279066	0.022364834
629	0.0258448	0.029307901	0.022381699
630	0.02589135	0.029362116	0.022420584
631	0.0259664	0.029447169	0.022485631
632	0.02601985	0.029508449	0.022531251
633	0.02606185	0.029554021	0.022569679
634	0.02609415	0.029585003	0.022603297
635	0.0261254	0.029625169	0.022625631
636	0.02614215	0.029654256	0.022630044
637	0.02615375	0.029678589	0.022628911
638	0.02620445	0.029727826	0.022681074
639	0.02629145	0.029816845	0.022766055
640	0.0263584	0.029892327	0.022824473
641	0.02631885	0.029873222	0.022764478
642	0.0263655	0.029924714	0.022806286
643	0.0264184	0.02998102	0.02285578
644	0.0264589	0.030026921	0.022890879
645	0.0264986	0.030079597	0.022917603
646	0.0265596	0.03014954	0.02296966
647	0.0266354	0.030232473	0.023038327
648	0.02668865	0.030306935	0.023070365
649	0.0267098	0.030343183	0.023076417
650	0.02671525	0.030363286	0.023067214
651	0.0267191	0.030388882	0.023049318
652	0.02678885	0.030474503	0.023103197
653	0.02686475	0.03055691	0.02317259
654	0.0269247	0.030609904	0.023239496
655	0.0269804	0.03068206	0.02327874
656	0.026999	0.030720514	0.023277486
657	0.02698875	0.030730106	0.023247394
658	0.0270673	0.030821148	0.023313452
659	0.0271183	0.030877918	0.023358682
660	0.027161	0.030925326	0.023396674
661	0.02721915	0.030995559	0.023442741
662	0.0272596	0.031045637	0.023473563
663	0.02731185	0.031105201	0.023518499
664	0.027386	0.031182296	0.023589704
665	0.02743905	0.031240597	0.023637503
666	0.02746975	0.031280634	0.023658866
667	0.02748335	0.031306906	0.023659794
668	0.02756355	0.031400064	0.023727036
669	0.02760255	0.03144681	0.02375829
670	0.02763665	0.031486542	0.023786758
671	0.02773265	0.031589918	0.023875382
672	0.02774665	0.031617189	0.023876111
673	0.02776115	0.031644314	0.023877986
674	0.02781635	0.031708421	0.023924279
675	0.02789215	0.031795556	0.023988744
676	0.02794755	0.031860104	0.024034996
677	0.0279878	0.031908069	0.024067531
678	0.02806085	0.03199129	0.02413041
679	0.0281019	0.032043715	0.024160085
680	0.02812885	0.032082519	0.024175181
681	0.02817135	0.032134454	0.024208246
682	0.0282288	0.032202375	0.024255225
683	0.02828495	0.032264963	0.024304937
684	0.0283354	0.03231392	0.02435688
685	0.0283884	0.032363435	0.024413365
686	0.028427	0.03241259	0.02444141
687	0.0284477	0.032461134	0.024434266
688	0.02852145	0.032550636	0.024492264
689	0.0285762	0.032617378	0.024535022
690	0.0286204	0.032671373	0.024569427
691	0.028673	0.032734779	0.024611221
692	0.0287028	0.032765495	0.024640105
693	0.0287374	0.032804046	0.024670754
694	0.02879685	0.032881293	0.024712407
695	0.0288822	0.0329805	0.0247839
696	0.02895525	0.033063256	0.024847244
697	0.02901045	0.03312448	0.02489642
698	0.02904445	0.033167439	0.024921461
699	0.02907495	0.033209226	0.024940674
700	0.02911175	0.033258857	0.024964643
701	0.0291749	0.033333377	0.025016423
702	0.0292322	0.033401551	0.025062849
703	0.02929285	0.033472846	0.025112854
704	0.02936365	0.033553246	0.025174054
705	0.0293648	0.033568325	0.025161275
706	0.0294161	0.033629716	0.025202484
707	0.02954375	0.033762205	0.025325295
708	0.0295652	0.033794492	0.025335908
709	0.0296013	0.033839626	0.025362974
710	0.0296474	0.033894026	0.025400774
711	0.02968885	0.033944983	0.025432717
712	0.0297526	0.034019588	0.025485612
713	0.02982535	0.034102159	0.025548541
714	0.02989965	0.034183426	0.025615874
715	0.0299462	0.034230698	0.025661702
716	0.02998095	0.034268052	0.025693848
717	0.0300052	0.034299903	0.025710497
718	0.030053	0.034371036	0.025734964
719	0.0301005	0.034437175	0.025763825
720	0.0301506	0.034499795	0.025801405
721	0.03024165	0.03459356	0.02588974
722	0.0302742	0.034628869	0.025919531
723	0.03030785	0.034670107	0.025945593
724	0.030397	0.034777936	0.026016064
725	0.03046715	0.034858464	0.026075836
726	0.0305336	0.034935694	0.026131506
727	0.0305956	0.035010546	0.026180654
728	0.03061095	0.035038176	0.026183724
729	0.03063315	0.035072787	0.026193513
730	0.03066895	0.035121173	0.026216727
731	0.0307828	0.035250014	0.026315586
732	0.0308445	0.035321752	0.026367248
733	0.0308842	0.035370144	0.026398256
734	0.0309301	0.035428228	0.026431972
735	0.0309867	0.03549437	0.02647903
736	0.03105035	0.035568983	0.026531717
737	0.0311147	0.035646852	0.026582548
738	0.0311826	0.035722672	0.026642528
739	0.03124975	0.035800331	0.026699169
740	0.03130825	0.035870833	0.026745667
741	0.031356	0.035930652	0.026781348
742	0.0314209	0.036005752	0.026836048
743	0.0314891	0.036082982	0.026895218
744	0.03154	0.036143148	0.026936852
745	0.0316017	0.036216386	0.026987014
746	0.0316441	0.036271697	0.027016503
747	0.0316417	0.036282847	0.027000553
748	0.0316973	0.036353713	0.027040887
749	0.0317843	0.03645498	0.02711362
750	0.03189105	0.036574502	0.027207598
751	0.0319178	0.036607452	0.027228148
752	0.03197575	0.036674377	0.027277123
753	0.032047	0.036756961	0.027337039
754	0.0321044	0.036828873	0.027379927
755	0.0321327	0.036870265	0.027395135
756	0.03217985	0.036925392	0.027434308
757	0.0322863	0.037030537	0.027542063
758	0.0323247	0.037036527	0.027612873
759	0.03235375	0.037060758	0.027646742
760	0.03236105	0.037136397	0.027585703
761	0.03235545	0.037161506	0.027549394
762	0.0324443	0.0372605	0.0276281
763	0.0325512	0.037375265	0.027727135
764	0.0325608	0.037413524	0.027708076
765	0.0327071	0.037574695	0.027839505
766	0.0328177	0.03769567	0.02793973
767	0.0328292	0.037716636	0.027941764
768	0.03292275	0.037820794	0.028024706
769	0.03299275	0.037901416	0.028084084
770	0.0330306	0.037950645	0.028110555
771	0.0331125	0.038056619	0.028168381
772	0.03318685	0.038143263	0.028230437
773	0.03325085	0.03821268	0.02828902
774	0.0333139	0.038287769	0.028340031
775	0.03337535	0.038363155	0.028387545
776	0.0334492	0.03844986	0.02844854
777	0.0335504	0.038560824	0.028539976
778	0.0335868	0.038613411	0.028560189
779	0.0336462	0.038689204	0.028603196
780	0.0337446	0.038802968	0.028686232
781	0.033809	0.03888619	0.02873181
782	0.03385935	0.038949895	0.028768805
783	0.03390455	0.039005213	0.028803887
784	0.03395325	0.039065324	0.028841176
785	0.03403385	0.039159491	0.028908209
786	0.03411445	0.039253152	0.028975748
787	0.03416495	0.039312904	0.029016996
788	0.0342657	0.039425257	0.029106143
789	0.03433825	0.039512807	0.029163693
790	0.03436345	0.039557346	0.029169554
791	0.03442165	0.039626092	0.029217208
792	0.03448365	0.039702619	0.029264681
793	0.03455905	0.039794713	0.029323387
794	0.0347032	0.039952509	0.029453891
795	0.0347673	0.040029356	0.029505244
796	0.03480235	0.040077476	0.029527224
797	0.0348475	0.040137479	0.029557521
798	0.0349328	0.04023186	0.02963374
799	0.0350122	0.040321414	0.029702986
800	0.03507185	0.040393902	0.029749798
801	0.0351514	0.040491917	0.029810883
802	0.0352118	0.040563853	0.029859747
803	0.035261	0.040621325	0.029900675
804	0.0353433	0.040729576	0.029957024
805	0.03543385	0.040841439	0.030026261
806	0.0355306	0.040952527	0.030108673
807	0.0356445	0.041067341	0.030221659
808	0.0356885	0.04112668	0.03025032
809	0.0357271	0.04118705	0.03026715
810	0.0357798	0.041266341	0.030293259
811	0.0359503	0.041439815	0.030460785
812	0.0359928	0.041492326	0.030493274
813	0.03592885	0.041445155	0.030412545
814	0.03601365	0.041539006	0.030488294
815	0.0360828	0.041618957	0.030546643
816	0.036151	0.041698096	0.030603904
817	0.0362467	0.041803495	0.030689905
818	0.03638235	0.041965987	0.030798713
819	0.03646785	0.042077549	0.030858151
820	0.0364554	0.042083267	0.030827533
821	0.03659125	0.042218877	0.030963623
822	0.03670005	0.042336302	0.031063798
823	0.0367605	0.042413364	0.031107636
824	0.03677805	0.042440442	0.031115658
825	0.03687905	0.042559077	0.031199023
826	0.0370045	0.042704123	0.031304877
827	0.03706035	0.042771083	0.031349617
828	0.03710935	0.042846818	0.031371882
829	0.0371761	0.042936013	0.031416187
830	0.03727325	0.043039727	0.031506773
831	0.0373491	0.043121825	0.031576375
832	0.03743965	0.043226177	0.031653123
833	0.03755185	0.043360603	0.031743097
834	0.03764225	0.043470529	0.031813971
835	0.03770185	0.043544465	0.031859235
836	0.03774615	0.043601866	0.031890434
837	0.03781475	0.043691539	0.031937961
838	0.0379049	0.043799477	0.032010323
839	0.0379854	0.043895995	0.032074805
840	0.0380364	0.043961285	0.032111515
841	0.038097	0.044034058	0.032159942
842	0.038204	0.044153963	0.032254037
843	0.0383558	0.044319998	0.032391602
844	0.0384354	0.044418103	0.032452697
845	0.03854745	0.04454446	0.03255044
846	0.03865605	0.044667407	0.032644693
847	0.03865955	0.044697016	0.032622084
848	0.03867655	0.044728327	0.032624773
849	0.03871295	0.044777795	0.032648105
850	0.03878005	0.04486284	0.03269726
851	0.0388414	0.044944674	0.032738126
852	0.03894085	0.045053168	0.032828532
853	0.0390923	0.045200734	0.032983866
854	0.0392124	0.045334485	0.033090315
855	0.0392918	0.0454477	0.0331359
856	0.03934685	0.045542799	0.033150901
857	0.03942575	0.045638269	0.033213231
858	0.03953975	0.045754771	0.033324729
859	0.03966995	0.045890196	0.033449704
860	0.0397957	0.046035845	0.033555555
861	0.03982985	0.046096304	0.033563396
862	0.03987995	0.04616829	0.03359161
863	0.0399578	0.046260465	0.033655135
864	0.04004015	0.046365527	0.033714773
865	0.04012405	0.046458706	0.033789394
866	0.04021885	0.046556564	0.033881136
867	0.04033595	0.046692367	0.033979533
868	0.04038325	0.046754209	0.034012291
869	0.0404359	0.046825688	0.034046112
870	0.04056645	0.0469898	0.0341431
871	0.04067365	0.047119288	0.034228012
872	0.0407638	0.047224039	0.034303561
873	0.04082585	0.047290823	0.034360877
874	0.0409945	0.047492756	0.034496244
875	0.041046	0.047558696	0.034533304
876	0.04103345	0.047549278	0.034517622
877	0.0411693	0.047706026	0.034632574
878	0.04129905	0.047841219	0.034756881
879	0.04141205	0.047961668	0.034862432
880	0.04145395	0.048028398	0.034879502
881	0.0415217	0.04812177	0.03492163
882	0.0415986	0.048221224	0.034975976
883	0.04168285	0.048324029	0.035041671
884	0.0418393	0.048496631	0.035181969
885	0.04196215	0.048637089	0.035287211
886	0.0420383	0.048729141	0.035347459
887	0.042013	0.048701511	0.035324489
888	0.04216745	0.048873009	0.035461891
889	0.04236455	0.049102516	0.035626584
890	0.04242345	0.049210047	0.035636853
891	0.04251535	0.049311389	0.035719311
892	0.04260535	0.049404669	0.035806031
893	0.0426787	0.04948414	0.03587326
894	0.04277115	0.049599941	0.035942359
895	0.0428435	0.049692351	0.035994649
896	0.0429019	0.04976744	0.03603636
897	0.04298	0.049851438	0.036108562
898	0.0430964	0.049976994	0.036215806
899	0.0432175	0.050103624	0.036331376
900	0.0432626	0.050132873	0.036392327
901	0.0433321	0.050240149	0.036424051
902	0.0434765	0.050432976	0.036520024
903	0.0437169	0.050717422	0.036716378
904	0.04373855	0.050776561	0.036700539
905	0.04377445	0.050832362	0.036716538
906	0.0438422	0.050904241	0.036780159
907	0.0438857	0.050942388	0.036829012
908	0.04396325	0.051038233	0.036888267
909	0.044069	0.051171358	0.036966642
910	0.0442272	0.051342061	0.037112339
911	0.0442764	0.05140189	0.03715091
912	0.04432355	0.051472963	0.037174137
913	0.0444214	0.051619044	0.037223756
914	0.0444906	0.051682097	0.037299103
915	0.0447101	0.051901779	0.037518421
916	0.04506685	0.052269515	0.037864185
917	0.04517875	0.052399799	0.037957701
918	0.0451878	0.052439752	0.037935848
919	0.045181	0.052466301	0.037895699
920	0.045329	0.052629622	0.038028378
921	0.04528505	0.052609591	0.037960509
922	0.0453181	0.052659197	0.037977003
923	0.045629	0.05296847	0.03828953
924	0.04572155	0.053084162	0.038358938
925	0.04577965	0.053161935	0.038397365
926	0.04583515	0.053234487	0.038435813
927	0.0459173	0.053391273	0.038443327
928	0.04588875	0.053398991	0.038378509
929	0.04582445	0.053340037	0.038308863
930	0.0460025	0.053500399	0.038504601
931	0.0459651	0.053441277	0.038488923
932	0.0458607	0.053311162	0.038410238
933	0.04583325	0.053261023	0.038405477
934	0.045876	0.053306578	0.038445422
935	0.0460009	0.053424117	0.038577683
936	0.04620265	0.053603939	0.038801361
937	0.0459011	0.053345822	0.038456378
938	0.0466117	0.054078022	0.039145378
939	0.04755675	0.055053692	0.040059808
940	0.04676495	0.0543895	0.0391404
941	0.0467914	0.054497822	0.039084978
942	0.0471103	0.054844639	0.039375961
943	0.0474874	0.055164766	0.039810034
944	0.04714535	0.054809431	0.039481269
945	0.0471456	0.054816772	0.039474428
946	0.04771685	0.05541591	0.04001779
947	0.0477446	0.055427584	0.040061616
948	0.0477625	0.05549197	0.04003303
949	0.0477917	0.055585677	0.039997723
950	0.04792685	0.055609379	0.040244321
951	0.0477014	0.055443567	0.039959233
952	0.04779785	0.05562475	0.03997095
953	0.0490073	0.056815743	0.041198857
954	0.0487882	0.056637109	0.040939291
955	0.0484244	0.05630948	0.04053932
956	0.0481895	0.056094201	0.040284799
957	0.04818145	0.056013039	0.040349861
958	0.04822775	0.056072189	0.040383311
959	0.0484326	0.056340693	0.040524507
960	0.04939565	0.0572739	0.0415174
961	0.04958185	0.057532432	0.041631268
962	0.0494851	0.057537032	0.041433168
963	0.04951095	0.057623673	0.041398227
964	0.0494371	0.057528614	0.041345586
965	0.04947365	0.057559562	0.041387738
966	0.04968065	0.057804429	0.041556871
967	0.04977175	0.057899449	0.041644051
968	0.05008355	0.058247666	0.041919434
969	0.0504872	0.058705985	0.042268415
970	0.0503281	0.058532958	0.042123242
971	0.05036775	0.058580793	0.042154707
972	0.05048075	0.058718369	0.042243131
973	0.0505254	0.058802979	0.042247821
974	0.0507788	0.059072831	0.042484769
975	0.05109395	0.059402404	0.042785496
976	0.05143425	0.059759219	0.043109281
977	0.05098215	0.059343357	0.042620943
978	0.05112385	0.059484028	0.042763672
979	0.0517541	0.060094499	0.043413701
980	0.05137965	0.059799617	0.042959683
981	0.0515274	0.059931675	0.043123125
982	0.05188595	0.060254075	0.043517825
983	0.05208085	0.060498198	0.043663502
984	0.0521917	0.060708308	0.043675092
985	0.05200715	0.0605777	0.0434366
986	0.0513573	0.059883226	0.042831374
987	0.0517205	0.060328333	0.043112667
988	0.05212505	0.060770525	0.043479575
989	0.0524944	0.061124374	0.043864426
990	0.05265045	0.061224778	0.044076122
991	0.0528293	0.061436976	0.044221624
992	0.0529891	0.061650272	0.044327928
993	0.0530449	0.061644197	0.044445603
994	0.05311815	0.061781949	0.044454351
995	0.0532418	0.061998698	0.044484902
996	0.0534174	0.062253497	0.044581303
997	0.05282435	0.061623635	0.044025065
998	0.0529619	0.061738285	0.044185515
999	0.0538764	0.062657793	0.045095007
1000	0.05379325	0.06262878	0.04495772
1001	0.05535815	0.065255911	0.045460389
1002	0.05546355	0.065382238	0.045544862
1003	0.0556147	0.065527832	0.045701568
1004	0.0557963	0.065731194	0.045861406
1005	0.0559396	0.065893154	0.045986046
1006	0.0560553	0.066010454	0.046100146
1007	0.05615305	0.06610195	0.04620415
1008	0.05627355	0.066247016	0.046300084
1009	0.0564353	0.066460251	0.046410349
1010	0.0566089	0.066679445	0.046538355
1011	0.05675675	0.066858897	0.046654603
1012	0.05687905	0.067006238	0.046751862
1013	0.05700735	0.067142125	0.046872575
1014	0.05716365	0.067307777	0.047019523
1015	0.0572873	0.067450464	0.047124136
1016	0.0574076	0.067598994	0.047216206
1017	0.05755005	0.067761822	0.047338278
1018	0.05769975	0.067886341	0.047513159
1019	0.05784505	0.067996513	0.047693587
1020	0.0579632	0.068127535	0.047798865
1021	0.05809795	0.068304949	0.047890951
1022	0.0582396	0.068479333	0.047999867
1023	0.05837025	0.068659375	0.048081125
1024	0.05852365	0.068865489	0.048181811
1025	0.0586795	0.069034865	0.048324135
1026	0.0587962	0.06916294	0.04842946
1027	0.0589042	0.069328385	0.048480015
1028	0.0590581	0.069521683	0.048594517
1029	0.0592244	0.069663767	0.048785033
1030	0.0593771	0.069819765	0.048934435
1031	0.0595373	0.07004372	0.04903088
1032	0.0596702	0.070210582	0.049129818
1033	0.05976945	0.070341285	0.049197615
1034	0.05988185	0.070467462	0.049296238
1035	0.0600184	0.070603473	0.049433327
1036	0.0601762	0.070776584	0.049575816
1037	0.0603096	0.070918726	0.049700474
1038	0.06041905	0.071023982	0.049814118
1039	0.06053765	0.071161961	0.049913339
1040	0.06069375	0.071382182	0.050005318
1041	0.06084575	0.071588981	0.050102519
1042	0.06098255	0.071738743	0.050226357
1043	0.06112445	0.071894625	0.050354275
1044	0.0612685	0.072074679	0.050462321
1045	0.06140375	0.072256471	0.050551029
1046	0.0615271	0.072418856	0.050635344
1047	0.06167355	0.072582328	0.050764772
1048	0.0618134	0.072715125	0.050911675
1049	0.06194785	0.072829103	0.051066597
1050	0.06206355	0.072935442	0.051191658
1051	0.0621756	0.073096296	0.051254904
1052	0.06231915	0.073314019	0.051324281
1053	0.0625045	0.073539686	0.051469314
1054	0.0626866	0.073731343	0.051641857
1055	0.06285615	0.07389815	0.05181415
1056	0.06302065	0.074074202	0.051967098
1057	0.0631531	0.074244304	0.052061896
1058	0.06326325	0.074393629	0.052132871
1059	0.06339425	0.07457948	0.05220902
1060	0.0635052	0.074769302	0.052241098
1061	0.06361635	0.074922315	0.052310385
1062	0.0637635	0.075067119	0.052459881
1063	0.06392605	0.075239966	0.052612134
1064	0.0640854	0.075431125	0.052739675
1065	0.064219	0.075598088	0.052839912
1066	0.06434425	0.075766555	0.052921945
1067	0.0644849	0.07594846	0.05302134
1068	0.0646673	0.076149525	0.053185075
1069	0.06485195	0.076337922	0.053365978
1070	0.0650058	0.076470836	0.053540764
1071	0.06515305	0.076606761	0.053699339
1072	0.0652655	0.076754904	0.053776096
1073	0.06536785	0.076905512	0.053830188
1074	0.065468	0.077023195	0.053912805
1075	0.06558165	0.077146128	0.054017172
1076	0.0657449	0.077375053	0.054114747
1077	0.0659148	0.077616808	0.054212792
1078	0.06607855	0.077787684	0.054369416
1079	0.0662395	0.077949494	0.054529506
1080	0.06638365	0.078120725	0.054646575
1081	0.06648295	0.078222637	0.054743263
1082	0.06660505	0.078356827	0.054853273
1083	0.0668028	0.07858264	0.05502296
1084	0.0670166	0.078811272	0.055221928
1085	0.06717	0.078958268	0.055381732
1086	0.06730955	0.079104471	0.055514629
1087	0.0674264	0.079249457	0.055603343
1088	0.06754795	0.079396209	0.055699691
1089	0.0676708	0.079565439	0.055776161
1090	0.067796	0.079756398	0.055835602
1091	0.0679117	0.079895142	0.055928258
1092	0.06802425	0.080017517	0.056030983
1093	0.06819705	0.080183434	0.056210666
1094	0.0683962	0.080360547	0.056431853
1095	0.0685762	0.080558324	0.056594076
1096	0.0687248	0.080738052	0.056711548
1097	0.06887235	0.080905871	0.056838829
1098	0.0690156	0.081056838	0.056974362
1099	0.0691452	0.081191474	0.057098926
1100	0.0693166	0.081405757	0.057227443
1101	0.0694987	0.081629325	0.057368075
1102	0.0696708	0.081862598	0.057479002
1103	0.06982795	0.082090511	0.057565389
1104	0.06997785	0.082276185	0.057679515
1105	0.0701365	0.082450923	0.057822077
1106	0.07028105	0.082559517	0.058002583
1107	0.07041385	0.08265595	0.05817175
1108	0.07052755	0.082786642	0.058268458
1109	0.07065805	0.082971596	0.058344504
1110	0.0708052	0.08318733	0.05842307
1111	0.07096385	0.083420736	0.058506964
1112	0.07113165	0.083657202	0.058606098
1113	0.07129005	0.083867331	0.058712769
1114	0.07140745	0.084013442	0.058801458
1115	0.0714814	0.084088275	0.058874525
1116	0.07156365	0.084186259	0.058941041
1117	0.07168225	0.084317068	0.059047432
1118	0.07184615	0.084493369	0.059198931
1119	0.07206015	0.084729785	0.059390515
1120	0.0722756	0.084975158	0.059576042
1121	0.07245145	0.085122884	0.059780016
1122	0.07266205	0.085295824	0.060028276
1123	0.07288405	0.085426298	0.060341802
1124	0.0730606	0.085513771	0.060607429
1125	0.0731695	0.085639565	0.060699435
1126	0.07326065	0.085770393	0.060750907
1127	0.073376	0.085959846	0.060792154
1128	0.0735053	0.086189094	0.060821506
1129	0.07366845	0.086438547	0.060898353
1130	0.0738606	0.086709497	0.061011703
1131	0.07406485	0.086972882	0.061156818
1132	0.0742539	0.087163609	0.061344191
1133	0.074412	0.087312741	0.061511259
1134	0.07456305	0.08746107	0.06166503
1135	0.07470935	0.087615722	0.061802978
1136	0.074864	0.087770949	0.061957051
1137	0.0750153	0.08792767	0.06210293
1138	0.07524825	0.088230604	0.062265896
1139	0.07548065	0.088539462	0.062421838
1140	0.0756865	0.088798633	0.062574367
1141	0.07588395	0.089042639	0.062725261
1142	0.0759749	0.089142558	0.062807242
1143	0.07603275	0.089212493	0.062853007
1144	0.07616555	0.089370584	0.062960516
1145	0.0763531	0.089565472	0.063140728
1146	0.0765543	0.089793543	0.063315057
1147	0.0767531	0.090056798	0.063449402
1148	0.0769258	0.090268478	0.063583122
1149	0.07707305	0.090415831	0.063730269
1150	0.07721505	0.090551039	0.063879061
1151	0.07736905	0.090696882	0.064041218
1152	0.0775291	0.090864263	0.064193937
1153	0.0777521	0.091141603	0.064362597
1154	0.07795885	0.091400965	0.064516735
1155	0.07814965	0.091614291	0.064685009
1156	0.0783227	0.091808619	0.064836781
1157	0.07851225	0.092021504	0.065002996
1158	0.0786725	0.092205835	0.065139165
1159	0.07884455	0.092419636	0.065269464
1160	0.0789974	0.092611638	0.065383162
1161	0.07918845	0.092853447	0.065523453
1162	0.0793849	0.093103299	0.065666501
1163	0.0795591	0.093314285	0.065803915
1164	0.0797052	0.093484489	0.065925911
1165	0.0798735	0.093682726	0.066064274
1166	0.08007325	0.093920027	0.066226473
1167	0.0802463	0.094125235	0.066367365
1168	0.08040325	0.094311987	0.066494513
1169	0.0805565	0.094497139	0.066615861
1170	0.08070655	0.09468247	0.06673063
1171	0.08085525	0.094863744	0.066846756
1172	0.08105685	0.09509503	0.06701867
1173	0.0812614	0.095330215	0.067192585
1174	0.08140735	0.095486259	0.067328441
1175	0.0815523	0.095641765	0.067462835
1176	0.0817277	0.095861629	0.067593771
1177	0.08191335	0.096095364	0.067731336
1178	0.08209395	0.096307792	0.067880108
1179	0.0822737	0.096516598	0.068030802
1180	0.0824892	0.096755889	0.068222511
1181	0.08271775	0.097005449	0.068430051
1182	0.0829073	0.097239462	0.068575138
1183	0.08308585	0.097481282	0.068690418
1184	0.08326125	0.097692389	0.068830111
1185	0.08343195	0.097871688	0.068992212
1186	0.08362105	0.098079058	0.069163042
1187	0.08381985	0.098307529	0.069332171
1188	0.08401815	0.098537836	0.069498464
1189	0.08421735	0.098769657	0.069665043
1190	0.0844102	0.098994256	0.069826144
1191	0.08458215	0.099196717	0.069967583
1192	0.08476195	0.099405784	0.070118116
1193	0.0849641	0.099625151	0.070303049
1194	0.0851565	0.099833546	0.070479454
1195	0.0853512	0.100068583	0.070633817
1196	0.0855357	0.100291887	0.070779513
1197	0.0857145	0.10049226	0.07093674
1198	0.08589275	0.100688268	0.071097232
1199	0.08605335	0.100877514	0.071229186
1200	0.0862121	0.101069786	0.071354414
1201	0.0863838	0.101258197	0.071509403
1202	0.0865562	0.101438954	0.071673446
1203	0.0867285	0.101638772	0.071818228
1204	0.08688685	0.101837121	0.071936579
1205	0.0870637	0.102049973	0.072077427
1206	0.08725075	0.102268658	0.072232842
1207	0.08743785	0.102482666	0.072393034
1208	0.087598	0.102655923	0.072540077
1209	0.0877634	0.10284203	0.07268477
1210	0.087917	0.10302797	0.07280603
1211	0.0880813	0.103225792	0.072936808
1212	0.08825265	0.103421366	0.073083934
1213	0.0884213	0.103613826	0.073228774
1214	0.0885979	0.103806288	0.073389512
1215	0.08877245	0.103996641	0.073548259
1216	0.0889165	0.104155546	0.073677454
1217	0.08905815	0.104314424	0.073801876
1218	0.0892294	0.104496815	0.073961985
1219	0.0894047	0.104682448	0.074126952
1220	0.08953905	0.104855458	0.074222642
1221	0.0896593	0.105020585	0.074298015
1222	0.08982145	0.105205726	0.074437174
1223	0.09001925	0.105421251	0.074617249
1224	0.0901948	0.105626214	0.074763386
1225	0.0903405	0.105807573	0.074873427
1226	0.09048235	0.105975382	0.074989318
1227	0.09060295	0.106099369	0.075106531
1228	0.09075215	0.106257662	0.075246638
1229	0.09093475	0.106463953	0.075405547
1230	0.0911222	0.106674449	0.075569951
1231	0.09128095	0.106859155	0.075702745
1232	0.09144615	0.107055823	0.075836477
1233	0.0916015	0.107244587	0.075958413
1234	0.0917456	0.107419797	0.076071403
1235	0.09192105	0.107605419	0.076236681
1236	0.09208835	0.107780692	0.076396008
1237	0.0922361	0.1079602	0.076512
1238	0.09236915	0.108127931	0.076610369
1239	0.0925378	0.108312899	0.076762701
1240	0.0927116	0.108498205	0.076924995
1241	0.0928748	0.108685169	0.077064431
1242	0.0930206	0.108854566	0.077186634
1243	0.09319	0.109052352	0.077327648
1244	0.0933699	0.109261462	0.077478338
1245	0.0935398	0.109449981	0.077629619
1246	0.0936882	0.109612459	0.077763941
1247	0.0938739	0.109825558	0.077922242
1248	0.0940793	0.110063191	0.078095409
1249	0.0942664	0.110273254	0.078259546
1250	0.09442595	0.110442854	0.078409046
1251	0.09460165	0.110640344	0.078562956
1252	0.09477365	0.110860461	0.078686839
1253	0.09494355	0.111071316	0.078815784
1254	0.095121	0.111259577	0.078982423
1255	0.0952816	0.111431837	0.079131363
1256	0.09543015	0.111611047	0.079249253
1257	0.09557095	0.111780107	0.079361793
1258	0.09573615	0.111963159	0.079509141
1259	0.0959068	0.112151758	0.079661842
1260	0.09608865	0.112350452	0.079826848
1261	0.09627395	0.112551394	0.079996506
1262	0.09645745	0.112769757	0.080145143
1263	0.0966422	0.112997842	0.080286558
1264	0.09684285	0.113209353	0.080476347
1265	0.0970571	0.113421902	0.080692298
1266	0.0972423	0.113624037	0.080860563
1267	0.09740175	0.113810635	0.080992865
1268	0.09758065	0.114023819	0.081137481
1269	0.09775515	0.114231	0.0812793
1270	0.0979324	0.114431554	0.081433246
1271	0.0980935	0.114604413	0.081582587
1272	0.09826475	0.114793565	0.081735935
1273	0.0984639	0.115024509	0.081903291
1274	0.09865245	0.11524006	0.08206484
1275	0.0988479	0.115457953	0.082237847
1276	0.0990181	0.115649652	0.082386548
1277	0.0991669	0.11583128	0.08250252
1278	0.0993105	0.116008182	0.082612818
1279	0.099493	0.116212263	0.082773737
1280	0.09966205	0.116402547	0.082921553
1281	0.099829	0.116611629	0.083046371
1282	0.0999885	0.11681066	0.08316634
1283	0.1001938	0.117040156	0.083347444
1284	0.1003881	0.117257115	0.083519085
1285	0.10054955	0.11744367	0.08365543
1286	0.1007111	0.117628684	0.083793516
1287	0.10088815	0.117827876	0.083948424
1288	0.10107275	0.118034274	0.084111226
1289	0.1012588	0.118264767	0.084252833
1290	0.10144395	0.118504468	0.084383432
1291	0.1016402	0.118736392	0.084544008
1292	0.10182915	0.118950733	0.084707567
1293	0.102014	0.119170925	0.084857075
1294	0.1022024	0.119406522	0.084998278
1295	0.10239025	0.119628869	0.085151631
1296	0.10256595	0.119809364	0.085322536
1297	0.1027127	0.119963877	0.085461523
1298	0.1028673	0.120147873	0.085586727
1299	0.1030474	0.120357612	0.085737188
1300	0.10324525	0.120591232	0.085899268
1301	0.1034409	0.120827374	0.086054426
1302	0.1036154	0.121037192	0.086193608
1303	0.10380455	0.121265977	0.086343123
1304	0.10396525	0.1214607	0.0864698
1305	0.1041341	0.12165752	0.08661068
1306	0.1042977	0.121816074	0.086779326
1307	0.10449325	0.122014361	0.086972139
1308	0.10469705	0.122271031	0.087123069
1309	0.1048982	0.122534148	0.087262252
1310	0.10503625	0.122705858	0.087366642
1311	0.1051803	0.122872304	0.087488296
1312	0.1053601	0.123055337	0.087664863
1313	0.1055609	0.123266448	0.087855352
1314	0.10575745	0.12349044	0.08802446
1315	0.10595425	0.123715288	0.088193212
1316	0.1061617	0.123921487	0.088401913
1317	0.1063615	0.124125512	0.088597488
1318	0.1065687	0.124319012	0.088818388
1319	0.10678965	0.124502813	0.089076487
1320	0.10697665	0.124700278	0.089253022
1321	0.1071342	0.124891641	0.089376759
1322	0.10727505	0.125045164	0.089504936
1323	0.1074015	0.125173021	0.089629979
1324	0.10754705	0.125332604	0.089761496
1325	0.1076838	0.125496267	0.089871333
1326	0.1078173	0.125637773	0.089996827
1327	0.1079804	0.12580215	0.09015865
1328	0.108194	0.126032738	0.090355262
1329	0.10841065	0.126254756	0.090566544
1330	0.10861555	0.126476707	0.090754393
1331	0.1087441	0.126627343	0.090860857
1332	0.10889395	0.126782858	0.091005042
1333	0.10911905	0.127019704	0.091218396
1334	0.1093579	0.127291949	0.091423851
1335	0.1095424	0.127499799	0.091585001
1336	0.10971495	0.127673718	0.091756182
1337	0.1098914	0.127822467	0.091960333
1338	0.1100658	0.127978718	0.092152882
1339	0.110181	0.128133814	0.092228186
1340	0.1103004	0.128308847	0.092291953
1341	0.110363	0.128418047	0.092307953
1342	0.11040485	0.12850198	0.09230772
1343	0.1105259	0.128636213	0.092415587
1344	0.11070585	0.128799436	0.092612264
1345	0.11080445	0.128882428	0.092726472
1346	0.11088165	0.128975913	0.092787387
1347	0.1109348	0.129029405	0.092840195
1348	0.11099915	0.129085806	0.092912494
1349	0.1110474	0.129156174	0.092938626
1350	0.11104075	0.129214111	0.092867389
1351	0.1109348	0.129183283	0.092686317
1352	0.1107251	0.129023137	0.092427063
1353	0.1105508	0.128786034	0.092315566
1354	0.110279	0.128141672	0.092416328
1355	0.10992345	0.127416376	0.092430524
1356	0.10953425	0.127103037	0.091965463
1357	0.1083275	0.126272558	0.090382442
1358	0.10784145	0.126536183	0.089146717
1359	0.10827305	0.130146301	0.086399799
1360	0.10885925	0.133008339	0.084710161
1361	0.1087652	0.142830241	0.074700159
1362	0.10590515	0.143740064	0.068070236
1363	0.1016734	0.150067253	0.053279547
1364	0.09816375	0.142226898	0.054100602
1365	0.09187625	0.143189613	0.040562887
1366	0.082941	0.123040616	0.042841384
1367	0.075822	0.121707674	0.029936326
1368	0.08431905	0.116686202	0.051951898
1369	0.09377485	0.141142963	0.046406737
1370	0.0963781	0.132671521	0.060084679
1371	0.09928875	0.142770725	0.055806775
1372	0.10550235	0.141547738	0.069456962
1373	0.10800675	0.143653569	0.072359931
1374	0.1072335	0.132430989	0.082036011
1375	0.10706465	0.134168467	0.079960833
1376	0.10769745	0.135650612	0.079744288
1377	0.10770775	0.143218935	0.072196565
1378	0.10334945	0.137601804	0.069097096
1379	0.10083895	0.140097237	0.061580663
1380	0.10227635	0.136664744	0.067887956
1381	0.1018124	0.128500026	0.075124774
1382	0.1019089	0.129192475	0.074625325
1383	0.1042424	0.13424783	0.07423697
1384	0.1074358	0.135199152	0.079672448
1385	0.1102791	0.14140088	0.07915732
1386	0.10932055	0.140856104	0.077784996
1387	0.10554475	0.126664061	0.084425439
1388	0.10596295	0.122965488	0.088960412
1389	0.11377055	0.131599016	0.095942084
1390	0.11871635	0.138928799	0.098503901
1391	0.1146514	0.131085719	0.098217081
1392	0.11169095	0.129696338	0.093685562
1393	0.1131723	0.135525407	0.090819193
1394	0.1144184	0.1403707	0.0884661
1395	0.11534875	0.137571076	0.093126424
1396	0.1161823	0.136593762	0.095770838
1397	0.11902105	0.139018962	0.099023138
1398	0.12117995	0.142211415	0.100148485
1399	0.1199525	0.14157134	0.09833366
1400	0.1187682	0.141027614	0.096508786
1401	0.1182085	0.138407542	0.098009458
1402	0.11791425	0.13772646	0.09810204
1403	0.11889295	0.137935813	0.099850087
1404	0.12002935	0.138833665	0.101225035
1405	0.1217072	0.140082814	0.103331586
1406	0.12287275	0.140988475	0.104757025
1407	0.12241775	0.141035467	0.103800033
1408	0.12202785	0.141553305	0.102502395
1409	0.1220837	0.140950178	0.103217222
1410	0.1222504	0.140562373	0.103938427
1411	0.1220882	0.141550628	0.102625772
1412	0.1218079	0.142180427	0.101435373
1413	0.1220943	0.142221671	0.101966929
1414	0.1224787	0.142505389	0.102452011
1415	0.12268155	0.142609132	0.102753968
1416	0.1228391	0.14262547	0.10305273
1417	0.12279445	0.142742579	0.102846321
1418	0.1226913	0.14287945	0.10250315
1419	0.1229197	0.143077138	0.102762262
1420	0.123246	0.143248452	0.103243548
1421	0.1235029	0.14341269	0.10359311
1422	0.12354875	0.143452196	0.103645304
1423	0.1235651	0.143526122	0.103604078
1424	0.12371975	0.143793679	0.103645821
1425	0.12391195	0.143953282	0.103870618
1426	0.12408105	0.143936684	0.104225416
1427	0.12421985	0.144040862	0.104398838
1428	0.12432165	0.144266106	0.104377194
1429	0.1244984	0.144521157	0.104475643
1430	0.124774	0.144778123	0.104769877
1431	0.1249827	0.144965702	0.104999698
1432	0.12515435	0.145117548	0.105191152
1433	0.12532355	0.14524011	0.10540699
1434	0.12537265	0.145248401	0.105496899
1435	0.12539785	0.145291293	0.105504407
1436	0.1254272	0.145385691	0.105468709
1437	0.12551525	0.14554618	0.10548432
1438	0.1255266	0.145583879	0.105469321
1439	0.12556815	0.145634943	0.105501357
1440	0.1259578	0.146056841	0.105858759
1441	0.12629125	0.146433613	0.106148887
1442	0.12633775	0.146447723	0.106227777
1443	0.12637385	0.146437614	0.106310086
1444	0.126529	0.146530843	0.106527157
1445	0.12667505	0.146636703	0.106713397
1446	0.126767	0.146779826	0.106754174
1447	0.1268614	0.146929459	0.106793341
1448	0.1270957	0.147228088	0.106963312
1449	0.12731575	0.147513735	0.107117765
1450	0.12750585	0.14771663	0.10729507
1451	0.12768715	0.147895715	0.107478585
1452	0.1279842	0.148164983	0.107803417
1453	0.12826545	0.148422035	0.108108865
1454	0.12842695	0.148592641	0.108261259
1455	0.12856215	0.148753639	0.108370661
1456	0.12871885	0.148990742	0.108446958
1457	0.12887415	0.149231044	0.108517256
1458	0.12905425	0.149434421	0.108674079
1459	0.1292354	0.149618465	0.108852335
1460	0.1294076	0.149807619	0.109007581
1461	0.1295802	0.150009989	0.109150411
1462	0.129731	0.150129648	0.109332352
1463	0.12986815	0.15021784	0.10951846
1464	0.1300191	0.15043449	0.10960371
1465	0.1301581	0.150664259	0.109651941
1466	0.1302644	0.150779418	0.109749382
1467	0.1303919	0.15089633	0.10988747
1468	0.1306229	0.151151139	0.110094661
1469	0.1309143	0.151494527	0.110334073
1470	0.1311345	0.151757313	0.110511687
1471	0.13134085	0.151993733	0.110687967
1472	0.13156105	0.152260863	0.110861237
1473	0.1318127	0.152578231	0.111047169
1474	0.13204635	0.152862463	0.111230237
1475	0.132255	0.153089963	0.111420037
1476	0.13243895	0.153294363	0.111583537
1477	0.1326177	0.153513064	0.111722336
1478	0.13283345	0.153751162	0.111915738
1479	0.13309925	0.15402253	0.11217597
1480	0.1333428	0.154283569	0.112402031
1481	0.13349655	0.154437069	0.112556031
1482	0.1336806	0.154645481	0.112715719
1483	0.13394305	0.155008784	0.112877316
1484	0.13418945	0.15532295	0.11305595
1485	0.13439715	0.155525674	0.113268626
1486	0.1346146	0.155742663	0.113486537
1487	0.1348901	0.15603923	0.11374097
1488	0.1351282	0.156298059	0.113958341
1489	0.13532045	0.156484744	0.114156156
1490	0.1355038	0.156660078	0.114347522
1491	0.1357518	0.156931761	0.114571839
1492	0.13597055	0.157176194	0.114764906
1493	0.1362289	0.157468187	0.114989613
1494	0.13645475	0.15772789	0.11518161
1495	0.13663335	0.157958729	0.115307971
1496	0.1368042	0.158175133	0.115433267
1497	0.13697505	0.158374753	0.115575347
1498	0.13714905	0.158581873	0.115716227
1499	0.13738785	0.158847108	0.115928592
1500	0.1376343	0.159116302	0.116152298
1501	0.13785915	0.159361042	0.116357258
1502	0.1380783	0.15960204	0.11655456
1503	0.13827675	0.159819389	0.116734111
1504	0.1384643	0.160023166	0.116905434
1505	0.1386758	0.160274848	0.117076752
1506	0.13889605	0.160540388	0.117251712
1507	0.13913465	0.160829279	0.117440021
1508	0.13936945	0.161111544	0.117627356
1509	0.1395967	0.161351832	0.117841568
1510	0.1398058	0.161570773	0.118040827
1511	0.1400111	0.161819367	0.118202833
1512	0.14019635	0.162047879	0.118344821
1513	0.1404008	0.162279794	0.118521806
1514	0.1406176	0.162522055	0.118713145
1515	0.14079825	0.162690546	0.118905954
1516	0.14099135	0.162873729	0.119108971
1517	0.1411992	0.163114659	0.119283741
1518	0.141406	0.163357306	0.119454694
1519	0.14159735	0.163584362	0.119610338
1520	0.14180285	0.16383023	0.11977547
1521	0.14199275	0.164062293	0.119923207
1522	0.1421735	0.164280802	0.120066198
1523	0.1423684	0.164483113	0.120253687
1524	0.14257115	0.164695289	0.120447011
1525	0.14278915	0.16495148	0.12062682
1526	0.14298775	0.165187335	0.120788165
1527	0.1432217	0.165461035	0.120982365
1528	0.1434597	0.165734071	0.121185329
1529	0.143667	0.165942982	0.121391018
1530	0.14384895	0.166122451	0.121575449
1531	0.14404425	0.166338054	0.121750446
1532	0.1442373	0.166558387	0.121916213
1533	0.14441815	0.166764765	0.122071535
1534	0.1446233	0.166994505	0.122252095
1535	0.14483265	0.167230219	0.122435081
1536	0.1450246	0.167448109	0.122601091
1537	0.14525495	0.167691212	0.122818688
1538	0.145485	0.167929941	0.123040059
1539	0.1456675	0.168157887	0.123177113
1540	0.145858	0.168406784	0.123309216
1541	0.1460817	0.168652713	0.123510687
1542	0.14631105	0.168886823	0.123735277
1543	0.14647915	0.169073542	0.123884758
1544	0.1466085	0.169230119	0.123986881
1545	0.1467825	0.169426349	0.124138651
1546	0.1469709	0.169636376	0.124305424
1547	0.1471249	0.169818096	0.124431704
1548	0.14726515	0.16998569	0.12454461
1549	0.1473975	0.170154653	0.124640347
1550	0.14753725	0.170336341	0.124738159
1551	0.14771395	0.170536073	0.124891827
1552	0.1479048	0.170740492	0.125069108
1553	0.1480712	0.170905725	0.125236675
1554	0.1482289	0.171056717	0.125401083
1555	0.1483905	0.171241434	0.125539566
1556	0.1485536	0.171444424	0.125662776
1557	0.1487164	0.171626465	0.125806335
1558	0.14888375	0.171801867	0.125965633
1559	0.14904115	0.17197958	0.12610272
1560	0.14921605	0.172185064	0.126247036
1561	0.1494267	0.17242658	0.12642682
1562	0.14964035	0.172667474	0.126613226
1563	0.149836	0.172880905	0.126791095
1564	0.15000025	0.17305388	0.12694662
1565	0.1501684	0.173241691	0.127095109
1566	0.1503104	0.173404482	0.127216318
1567	0.15050935	0.17363758	0.12738112
1568	0.1507282	0.173899191	0.127557209
1569	0.15096255	0.174172975	0.127752125
1570	0.15117535	0.174418178	0.127932522
1571	0.15134595	0.174599049	0.128092851
1572	0.15150705	0.174757862	0.128256238
1573	0.15168685	0.17496034	0.12841336
1574	0.15188565	0.175198517	0.128572783
1575	0.15206315	0.175403985	0.128722315
1576	0.15222125	0.175582145	0.128860355
1577	0.152409	0.175800838	0.129017162
1578	0.1526023	0.17602917	0.12917543
1579	0.1528174	0.176262156	0.129372644
1580	0.15301055	0.176461147	0.129559953
1581	0.1531894	0.176666819	0.129711981
1582	0.15332805	0.176839571	0.129816529
1583	0.15348535	0.177025797	0.129944903
1584	0.15366005	0.177227464	0.130092636
1585	0.1538462	0.177430378	0.130262022
1586	0.15401075	0.17759894	0.13042256
1587	0.15417325	0.177785838	0.130560662
1588	0.15433665	0.177990691	0.130682609
1589	0.1545343	0.17819797	0.13087063
1590	0.1547546	0.178404382	0.131104818
1591	0.1549683	0.178634874	0.131301726
1592	0.1551618	0.178863962	0.131459638
1593	0.1553604	0.179110248	0.131610552
1594	0.1555381	0.179341073	0.131735127
1595	0.15568575	0.179509254	0.131862246
1596	0.15580315	0.17962093	0.13198537
1597	0.1559857	0.179807031	0.132164369
1598	0.15618315	0.180012664	0.132353636
1599	0.1563664	0.180201452	0.132531348
1600	0.15652715	0.180362375	0.132691925
1601	0.1567237	0.180591075	0.132856325
1602	0.1569174	0.180833713	0.133001087
1603	0.1571046	0.181061589	0.133147611
1604	0.15727665	0.181268268	0.133285032
1605	0.15745925	0.181484159	0.133434341
1606	0.1576332	0.181688168	0.133578232
1607	0.15780695	0.181876091	0.133737809
1608	0.1579562	0.182026483	0.133885917
1609	0.1580926	0.182174178	0.134011022
1610	0.15819475	0.182291362	0.134098138
1611	0.15832775	0.18245379	0.13420171
1612	0.1584522	0.182611084	0.134293316
1613	0.1586288	0.18277112	0.13448648
1614	0.1588075	0.182904205	0.134710795
1615	0.1589825	0.183083642	0.134881358
1616	0.1591482	0.183277585	0.135018815
1617	0.15927475	0.183441985	0.135107515
1618	0.1594044	0.183617481	0.135191319
1619	0.15954475	0.183785671	0.135303829
1620	0.15969095	0.183951904	0.135429996
1621	0.1598411	0.184120365	0.135561835
1622	0.16001595	0.184316305	0.135715595
1623	0.1601713	0.184480839	0.135861761
1624	0.160319	0.184632776	0.136005224
1625	0.16044335	0.18476661	0.13612009
1626	0.16058125	0.184920046	0.136242454
1627	0.16068945	0.185019492	0.136359408
1628	0.1608093	0.185125437	0.136493163
1629	0.1609371	0.185278723	0.136595477
1630	0.1610909	0.185475446	0.136706354
1631	0.16124895	0.18565673	0.13684117
1632	0.161393	0.185815089	0.136970911
1633	0.1615267	0.185947265	0.137106135
1634	0.16165345	0.186067767	0.137239133
1635	0.1618098	0.186258279	0.137361321
1636	0.1619595	0.186450959	0.137468041
1637	0.1621144	0.186642388	0.137586412
1638	0.1622514	0.186812547	0.137690253
1639	0.16242635	0.187001864	0.137850836
1640	0.16258955	0.187172516	0.138006584
1641	0.1627223	0.187319129	0.138125471
1642	0.1628506	0.187462547	0.138238653
1643	0.1630269	0.187647889	0.138405911
1644	0.163193	0.187820258	0.138565742
1645	0.16331125	0.187957403	0.138665097
1646	0.1634035	0.188067358	0.138739642
1647	0.1635536	0.18821898	0.13888822
1648	0.1637097	0.188374169	0.139045231
1649	0.16381845	0.188516775	0.139120125
1650	0.1639063	0.188638872	0.139173728
1651	0.164003	0.188744923	0.139261077
1652	0.16409915	0.188850132	0.139348168
1653	0.16413465	0.188856735	0.139412565
1654	0.1641838	0.188876251	0.139491349
1655	0.1643147	0.189012606	0.139616794
1656	0.1644307	0.189136316	0.139725084
1657	0.16450545	0.189213781	0.139797119
1658	0.1645821	0.189291459	0.139872741
1659	0.16469705	0.189425038	0.139969062
1660	0.1647982	0.189543288	0.140053112
1661	0.1649517	0.189693638	0.140209762
1662	0.16512265	0.189865746	0.140379554
1663	0.16528525	0.190059188	0.140511312
1664	0.1654588	0.190262251	0.140655349
1665	0.16554415	0.190341146	0.140747154
1666	0.16565885	0.190457795	0.140859905
1667	0.16584775	0.190682208	0.141013292
1668	0.1660283	0.190896762	0.141159838
1669	0.16615565	0.191048488	0.141262812
1670	0.16629185	0.191208301	0.141375399
1671	0.1664783	0.191411755	0.141544845
1672	0.16666515	0.191610025	0.141720275
1673	0.1668563	0.191789258	0.141923342
1674	0.16704245	0.191970882	0.142114018
1675	0.16727335	0.192234535	0.142312165
1676	0.1674833	0.192462141	0.142504459
1677	0.1676054	0.192545438	0.142665362
1678	0.16775645	0.192687498	0.142825402
1679	0.1680001	0.193008425	0.142991775
1680	0.16820745	0.19326896	0.14314594
1681	0.16836205	0.19343329	0.14329081
1682	0.1685269	0.193612467	0.143441333
1683	0.16873795	0.193840649	0.143635251
1684	0.16893145	0.194047041	0.143815859
1685	0.16912345	0.194249888	0.143997012
1686	0.16934385	0.194500502	0.144187198
1687	0.1696073	0.194819461	0.144395139
1688	0.16982055	0.195069526	0.144571574
1689	0.1699859	0.195250821	0.144720979
1690	0.17018015	0.195461696	0.144898604
1691	0.1704438	0.195754424	0.145133176
1692	0.1706879	0.196036884	0.145338916
1693	0.17092215	0.196316978	0.145527322
1694	0.1711139	0.196527632	0.145700168
1695	0.1712966	0.196711051	0.145882149
1696	0.17152225	0.196954252	0.146090248
1697	0.17176815	0.197227265	0.146309035
1698	0.17198685	0.197473938	0.146499762
1699	0.17219555	0.197713924	0.146677176
1700	0.17243375	0.197973398	0.146894102
1701	0.17271795	0.19827691	0.14715899
1702	0.17292535	0.198502957	0.147347743
1703	0.17312455	0.1987232	0.1475259
1704	0.17335385	0.199001045	0.147706655
1705	0.1735788	0.199285656	0.147871944
1706	0.17381525	0.19953609	0.14809441
1707	0.1740293	0.199742526	0.148316074
1708	0.1742281	0.199938646	0.148517554
1709	0.1743828	0.200091059	0.148674541
1710	0.1745357	0.200263452	0.148807948
1711	0.17469535	0.200443668	0.148947032
1712	0.1748955	0.200686781	0.149104219
1713	0.17508925	0.200927811	0.149250689
1714	0.1751878	0.200984319	0.149391281
1715	0.17526345	0.201009911	0.149516989
1716	0.1753273	0.201121026	0.149533574
1717	0.1753823	0.201229927	0.149534673
1718	0.1755275	0.201380628	0.149674372
1719	0.17568645	0.201543211	0.149829689
1720	0.1758179	0.201698805	0.149936995
1721	0.17593725	0.20183441	0.15004009
1722	0.1760168	0.2018296	0.150204
1723	0.1760872	0.201830751	0.150343649
1724	0.1761707	0.201980067	0.150361333
1725	0.1762862	0.202163683	0.150408717
1726	0.17639455	0.202290178	0.150498922
1727	0.17650055	0.202407548	0.150593552
1728	0.1765932	0.202509266	0.150677134
1729	0.17667325	0.202589103	0.150757397
1730	0.17675095	0.202645509	0.150856391
1731	0.1768684	0.202766014	0.150970786
1732	0.177054	0.202995625	0.151112375
1733	0.17724925	0.203251801	0.151246699
1734	0.1773981	0.203490511	0.151305689
1735	0.177571	0.203711695	0.151430305
1736	0.17775465	0.203870983	0.151638317
1737	0.1779	0.204022672	0.151777328
1738	0.17800625	0.204166857	0.151845643
1739	0.17817385	0.204339565	0.152008135
1740	0.1783661	0.204512021	0.152220179
1741	0.1785071	0.204662289	0.152351911
1742	0.1786232	0.20480658	0.15243982
1743	0.17879175	0.205025974	0.152557526
1744	0.17899795	0.205302559	0.152693341
1745	0.17921215	0.205554555	0.152869745
1746	0.179451	0.205813559	0.153088441
1747	0.1795776	0.205909436	0.153245764
1748	0.1796699	0.205962285	0.153377515
1749	0.1798226	0.206160476	0.153484724
1750	0.17999665	0.206402208	0.153591092
1751	0.1801044	0.206550868	0.153657932
1752	0.18018825	0.206669338	0.153707162
1753	0.18038015	0.206890331	0.153869969
1754	0.18060975	0.207140555	0.154078945
1755	0.18078035	0.207339446	0.154221254
1756	0.1809718	0.207565776	0.154377824
1757	0.18113315	0.207707838	0.154558462
1758	0.1813087	0.207874612	0.154742788
1759	0.18141535	0.208007182	0.154823518
1760	0.18151895	0.20813082	0.15490708
1761	0.1816808	0.208278215	0.155083385
1762	0.1818352	0.208434144	0.155236256
1763	0.181924	0.208614773	0.155233227
1764	0.18205285	0.208815448	0.155290252
1765	0.18232385	0.209093288	0.155554412
1766	0.1825807	0.209366837	0.155794563
1767	0.18273645	0.209515296	0.155957604
1768	0.1828615	0.209643223	0.156079777
1769	0.1829003	0.209727831	0.156072769
1770	0.1830107	0.209868789	0.156152611
1771	0.18323665	0.210098109	0.156375191
1772	0.1834465	0.210338993	0.156554007
1773	0.18363155	0.210585921	0.156677179
1774	0.1838832	0.210901005	0.156865395
1775	0.1841829	0.211260573	0.157105227
1776	0.1843644	0.211439162	0.157289638
1777	0.1844949	0.211536613	0.157453187
1778	0.18460275	0.211661818	0.157543682
1779	0.1846613	0.211769647	0.157552953
1780	0.18483765	0.212014291	0.157661009
1781	0.18503045	0.212241658	0.157819242
1782	0.18517575	0.212377196	0.157974304
1783	0.1853577	0.212575289	0.158140111
1784	0.1855803	0.212854481	0.158306119
1785	0.18575185	0.21308175	0.15842195
1786	0.1858419	0.213109762	0.158574038
1787	0.1859804	0.213157316	0.158803484
1788	0.1862565	0.213513944	0.158999056
1789	0.18650025	0.213860806	0.159139694
1790	0.1867323	0.214051346	0.159413254
1791	0.1869523	0.214231784	0.159672816
1792	0.1870415	0.214382014	0.159700986
1793	0.18721205	0.214614239	0.159809861
1794	0.1874304	0.214920254	0.159940546
1795	0.18755395	0.21511359	0.15999431
1796	0.18753335	0.215044537	0.160022163
1797	0.1876306	0.215155964	0.160105236
1798	0.1879804	0.215672435	0.160288365
1799	0.18830915	0.216110577	0.160507723
1800	0.18855755	0.216241389	0.160873711
1801	0.18010555	0.21302625	0.14718485
1802	0.178643	0.210254667	0.147031333
1803	0.1786181	0.209300316	0.147935884
1804	0.18006105	0.210881032	0.149241068
1805	0.1829004	0.215185836	0.150614964
1806	0.1850493	0.219828237	0.150270363
1807	0.1861884	0.22223011	0.15014669
1808	0.1898175	0.22761795	0.15201705
1809	0.1900331	0.230947415	0.149118785
1810	0.1887628	0.22925686	0.14826874
1811	0.1920239	0.231778445	0.152269355
1812	0.19669785	0.235258583	0.158137117
1813	0.1992366	0.239122748	0.159350452
1814	0.2004098	0.245947891	0.154871709
1815	0.2049586	0.259437288	0.150479912
1816	0.21121335	0.270858215	0.151568485
1817	0.21273565	0.273572084	0.151899216
1818	0.205586	0.263056361	0.148115639
1819	0.19958675	0.254436291	0.144737209
1820	0.2062706	0.268306942	0.144234258
1821	0.2197464	0.295803953	0.143688847
1822	0.2191597	0.3084923	0.1298271
1823	0.1929546	0.28017955	0.10572965
1824	0.1692187	0.255719626	0.082717774
1825	0.17027135	0.277335275	0.063207425
1826	0.1990909	0.328866754	0.069315046
1827	0.22979065	0.371211002	0.088370298
1828	0.2435226	0.391529336	0.095515864
1829	0.2311179	0.378567709	0.083668091
1830	0.2079174	0.34692712	0.06890768
1831	0.20926355	0.355832159	0.062694941
1832	0.2755095	0.491698242	0.059320758
1833	0.3244912	0.64218858	0.00679382
1834	0.27862275	0.630537142	-0.073291642
1835	0.46201665	1.053542438	-0.129509138
1836	1.14940425	2.467564976	-0.168756476
1837	1.171974	2.231653431	0.112294569
1838	0.6361974	1.061661789	0.210733011
1839	0.4484366	0.799042978	0.097830222
1840	0.44099705	0.896962274	-0.014968174
1841	0.54236895	1.208939498	-0.124201598
1842	0.83638395	1.742807741	-0.070039841
1843	1.38098815	2.610509538	0.151466762
1844	1.4816735	2.611190966	0.352156034
1845	1.29914745	2.127034513	0.471260387
1846	1.27262095	2.05255188	0.49269002
1847	1.18883515	1.919265948	0.458404352
1848	1.07582605	1.904610445	0.247041655
1849	1.07104355	2.013876932	0.128210168
1850	1.06414225	2.045125843	0.083158657
1851	1.255098	2.277106881	0.233089119
1852	2.36506825	4.086131906	0.644004594
1853	6.16138165	10.39983819	1.922925115
1854	10.68573595	17.36757926	4.003892642
1855	18.7040843	31.00847674	6.399691863
1856	17.73578575	29.24145705	6.230114449
1857	13.44538695	22.18060743	4.710166469
1858	12.2166541	20.32105825	4.112249953
1859	19.81825445	33.07516876	6.561340145
1860	4.66811755	7.488246422	1.847988678
1861	2.30072075	3.830399114	0.771042386
1862	1.434133	2.499922049	0.368343951
1863	0.92029625	1.604110596	0.236481904
1864	0.8617441	1.572650057	0.150838143
1865	0.83662315	1.448918144	0.224328156
1866	0.6904958	1.204844241	0.176147359
1867	0.58866835	0.965719332	0.211617368
1868	0.63252955	1.074900865	0.190158235
1869	0.7835527	1.378351939	0.188753461
1870	0.81916755	1.575652686	0.062682414
1871	0.9759887	1.889179192	0.062798208
1872	1.9445387	3.411002849	0.478074551
1873	3.0460693	5.194026031	0.898112569
1874	1.0721728	1.7863717	0.3579739
1875	0.65036805	1.09559663	0.20513947
1876	0.51521355	0.849140136	0.181286964
1877	0.4577726	0.846012924	0.069532276
1878	0.42946975	0.844397398	0.014542102
1879	0.37713475	0.711288963	0.042980537
1880	0.33209455	0.604102774	0.060086326
1881	0.329274	0.568970471	0.089577529
1882	0.35190845	0.61892078	0.08489612
1883	0.41465885	0.715428678	0.113889022
1884	0.4571399	0.812648011	0.101631789
1885	0.3487899	0.593054312	0.104525488
1886	0.2491839	0.414206621	0.084161179
1887	0.22512065	0.366781478	0.083459822
1888	0.22502835	0.379740575	0.070316125
1889	0.23438825	0.404285058	0.064491442
1890	0.2480049	0.428534355	0.067475445
1891	0.2650753	0.473980356	0.056170244
1892	0.28409405	0.4786194	0.0895687
1893	0.296166	0.499489131	0.092842869
1894	0.2528904	0.412841381	0.092939419
1895	0.20450845	0.337616839	0.071400061
1896	0.22101225	0.371702039	0.070322461
1897	0.29060125	0.515230425	0.065972075
1898	0.40458295	0.716303292	0.092862608
1899	0.5256804	0.927467538	0.123893262
1900	0.6628515	1.189031752	0.136671248
1901	0.6078864	1.062872408	0.152900392
1902	0.4818103	0.863390551	0.100230049
1903	0.3703827	0.648360996	0.092404404
1904	0.31162185	0.570566413	0.052677287
1905	0.37625275	0.666753434	0.085752066
1906	0.42574785	0.744346454	0.107149246
1907	0.4755525	0.836801771	0.114303229
1908	0.51000555	0.931724827	0.088286273
1909	0.5328583	0.966969453	0.098747147
1910	0.53269065	0.87743848	0.18794282
1911	0.5089873	0.798871209	0.219103391
1912	0.51927555	0.778562185	0.259988915
1913	0.5219595	0.79626095	0.24765805
1914	0.3378578	0.517799847	0.157915753
1915	0.23807345	0.379866126	0.096280774
1916	0.21143095	0.324642088	0.098219812
1917	0.20135375	0.297270615	0.105436885
1918	0.198188	0.284320756	0.112055244
1919	0.2037256	0.282260484	0.125190716
1920	0.2069546	0.284695065	0.129214135
1921	0.2096366	0.284823424	0.134449776
1922	0.21219515	0.289479698	0.134910602
1923	0.21334255	0.273729496	0.152955604
1924	0.2139561	0.271321933	0.156590267
1925	0.21187055	0.274047747	0.149693353
1926	0.20838305	0.276601553	0.140164547
1927	0.20431045	0.273438187	0.135182713
1928	0.2003561	0.269234494	0.131477706
1929	0.1982565	0.264861124	0.131651876
1930	0.1966503	0.255251072	0.138049528
1931	0.19441035	0.249015993	0.139804707
1932	0.1925105	0.238104173	0.146916827
1933	0.1910262	0.232554053	0.149498347
1934	0.188566	0.224825821	0.152306179
1935	0.18654725	0.22001742	0.15307708
1936	0.1885319	0.217671672	0.159392128
1937	0.19148555	0.218140177	0.164830923
1938	0.1925028	0.219793695	0.165211905
1939	0.1922933	0.221942542	0.162644058
1940	0.1919676	0.223712619	0.160222581
1941	0.1902772	0.222370731	0.158183669
1942	0.18876555	0.222408081	0.155123019
1943	0.1880274	0.220779379	0.155275421
1944	0.1874238	0.220472926	0.154374674
1945	0.1871059	0.219479151	0.154732649
1946	0.1867813	0.218973234	0.154589366
1947	0.1878929	0.220404872	0.155380928
1948	0.18978895	0.222989818	0.156588082
1949	0.19167345	0.22512533	0.15822157
1950	0.1938362	0.226488232	0.161184168
1951	0.195504	0.227751045	0.163256955
1952	0.19526415	0.228082636	0.162445664
1953	0.1950158	0.229001482	0.161030118
1954	0.19535685	0.228474516	0.162239184
1955	0.19570185	0.228421091	0.162982609
1956	0.1941565	0.226089627	0.162223373
1957	0.19225315	0.223578089	0.160928211
1958	0.1914194	0.22242771	0.16041109
1959	0.1913348	0.222358421	0.160311179
1960	0.1914397	0.222343112	0.160536288
1961	0.19180055	0.222167266	0.161433834
1962	0.1921608	0.222284234	0.162037366
1963	0.19284235	0.223008535	0.162676165
1964	0.1934423	0.223709791	0.163174809
1965	0.1937522	0.224075898	0.163428502
1966	0.1939974	0.224519685	0.163475115
1967	0.1943086	0.224548582	0.164068618
1968	0.1945634	0.224431026	0.164695774
1969	0.19454485	0.224463317	0.164626383
1970	0.1943215	0.224584647	0.164058353
1971	0.19431335	0.224816499	0.163810201
1972	0.1947572	0.225369263	0.164145137
1973	0.1951486	0.2259153	0.1643819
1974	0.19559745	0.226642787	0.164552113
1975	0.19599015	0.227324402	0.164655898
1976	0.19584985	0.227230633	0.164469067
1977	0.19567195	0.227099153	0.164244747
1978	0.19633055	0.227829714	0.164831386
1979	0.19731095	0.228895893	0.165726007
1980	0.19792215	0.229555438	0.166288862
1981	0.1981202	0.229786696	0.166453704
1982	0.1982941	0.229919964	0.166668236
1983	0.19854325	0.230046819	0.167039681
1984	0.19877545	0.230214875	0.167336025
1985	0.1989574	0.230314926	0.167599874
1986	0.19911575	0.230402156	0.167829344
1987	0.19896775	0.230513088	0.167422412
1988	0.19883245	0.230704302	0.166960598
1989	0.198928	0.230978167	0.166877833
1990	0.1991455	0.23134761	0.16694339
1991	0.19933085	0.231568437	0.167093263
1992	0.19952725	0.231713861	0.167340639
1993	0.1995921	0.231611982	0.167572218
1994	0.1994042	0.231013306	0.167795094
1995	0.19938235	0.230688934	0.168075766
1996	0.19991095	0.231362322	0.168459578
1997	0.20048285	0.232155495	0.168810205
1998	0.20064945	0.232796727	0.168502173
1999	0.2008558	0.233651862	0.168059738
2000	0.20092895	0.234288188	0.167569712
2001	0.20087695	0.234838428	0.166915472
2002	0.2010816	0.235019823	0.167143377
2003	0.20151195	0.23494415	0.16807975
2004	0.20183135	0.234655583	0.169007117
2005	0.2023943	0.234570561	0.170218039
2006	0.20304925	0.234704261	0.171394239
2007	0.20337135	0.235136682	0.171606018
2008	0.2036046	0.235560515	0.171648685
2009	0.2037388	0.235185704	0.172291896
2010	0.20393165	0.234969916	0.172893384
2011	0.20436705	0.235571315	0.173162785
2012	0.2044326	0.235996329	0.172868871
2013	0.2041845	0.235959134	0.172409866
2014	0.20402715	0.235890507	0.172163793
2015	0.20412085	0.235969074	0.172272626
2016	0.2048267	0.236624036	0.173029364
2017	0.2055976	0.237529962	0.173665238
2018	0.20581175	0.237995615	0.173627885
2019	0.2058457	0.238226467	0.173464933
2020	0.2049317	0.237311267	0.172552133
2021	0.20410935	0.23650255	0.17171615
2022	0.20398415	0.23620254	0.17176576
2023	0.2040067	0.236115923	0.171897477
2024	0.20398485	0.236133398	0.171836302
2025	0.2040788	0.236267495	0.171890105
2026	0.20422455	0.236371881	0.172077219
2027	0.20438095	0.236406797	0.172355103
2028	0.20440065	0.23629587	0.17250543
2029	0.20425815	0.236073917	0.172442383
2030	0.20412235	0.235829911	0.172414789
2031	0.2041777	0.235810639	0.172544761
2032	0.20429905	0.235902757	0.172695343
2033	0.20461835	0.236264082	0.172972618
2034	0.20489615	0.236577401	0.173214899
2035	0.20503055	0.236621826	0.173439274
2036	0.2052034	0.236686379	0.173720421
2037	0.20542795	0.236796422	0.174059478
2038	0.20569935	0.236940017	0.174458683
2039	0.20592855	0.237196325	0.174660775
2040	0.2061729	0.237662233	0.174683567
2041	0.20647355	0.238084284	0.174862816
2042	0.20682215	0.238532663	0.175111637
2043	0.20710265	0.238930865	0.175274435
2044	0.206655	0.238431074	0.174878926
2045	0.2061316	0.237856783	0.174406417
2046	0.2060184	0.237824118	0.174212682
2047	0.2060413	0.237948559	0.174134041
2048	0.2061578	0.23815975	0.17415585
2049	0.20632255	0.238383551	0.174261549
2050	0.2061906	0.238169675	0.174211525
2051	0.20601715	0.237884052	0.174150248
2052	0.20585425	0.23762035	0.17408815
2053	0.20559725	0.237294142	0.173900358
2054	0.2054917	0.237129239	0.173854161
2055	0.2055674	0.237257303	0.173877497
2056	0.2055962	0.237393987	0.173798413
2057	0.2059741	0.237967578	0.173980622
2058	0.206367	0.238531626	0.174202374
2059	0.2062201	0.238270316	0.174169884
2060	0.20598055	0.237903709	0.174057391
2061	0.20567285	0.237483247	0.173862453
2062	0.20528015	0.237058013	0.173502287
2063	0.20515665	0.236937229	0.173376071
2064	0.2052126	0.236982174	0.173443026
2065	0.2052505	0.236947785	0.173553215
2066	0.2050841	0.236438258	0.173729942
2067	0.2048785	0.235943874	0.173813126
2068	0.204533	0.235462882	0.173603118
2069	0.20424745	0.235078414	0.173416486
2070	0.2043293	0.235164765	0.173493835
2071	0.20441	0.235291584	0.173528416
2072	0.2043887	0.235461546	0.173315854
2073	0.204357	0.235675096	0.173038904
2074	0.20433335	0.23571978	0.17294692
2075	0.20419905	0.235576383	0.172821717
2076	0.2041472	0.23553518	0.17275922
2077	0.20421785	0.235708475	0.172727225
2078	0.2042298	0.235840475	0.172619125
2079	0.2043448	0.235979349	0.172710251
2080	0.2043401	0.235870234	0.172809966
2081	0.2040501	0.235354858	0.172745342
2082	0.2039562	0.235113877	0.172798523
2083	0.20414235	0.235200333	0.173084367
2084	0.20429045	0.235265491	0.173315409
2085	0.20418025	0.235064939	0.173295561
2086	0.2040251	0.2348088	0.1732414
2087	0.20380625	0.234693244	0.172919256
2088	0.2035911	0.234623365	0.172558835
2089	0.20334495	0.234336785	0.172353115
2090	0.2031872	0.23424745	0.17212695
2091	0.20323665	0.234269768	0.172203532
2092	0.20315875	0.233947912	0.172369588
2093	0.20322545	0.233860595	0.172590305
2094	0.2034295	0.234021824	0.172837176
2095	0.2035373	0.234109949	0.172964651
2096	0.2033401	0.233929406	0.172750794
2097	0.20304865	0.233648425	0.172448875
2098	0.2027558	0.233313409	0.172198191
2099	0.20252855	0.233064024	0.171993076
2100	0.20263815	0.233302502	0.171973798
2101	0.20285725	0.2336623	0.1720522
2102	0.2031378	0.233921602	0.172353998
2103	0.2033565	0.234198737	0.172514263
2104	0.2035481	0.234517001	0.172579199
2105	0.2037317	0.234835431	0.172627969
2106	0.2038155	0.235020387	0.172610613
2107	0.20373085	0.234858563	0.172603137
2108	0.20370655	0.234666221	0.172746879
2109	0.2037263	0.234493869	0.172958731
2110	0.2035902	0.234202944	0.172977456
2111	0.2034391	0.234035548	0.172842652
2112	0.2033784	0.23400534	0.17275146
2113	0.20346945	0.234174822	0.172764078
2114	0.2035739	0.234361083	0.172786717
2115	0.203541	0.234416221	0.172665779
2116	0.20344095	0.234416404	0.172465496
2117	0.20361385	0.234483102	0.172744598
2118	0.2039069	0.234686122	0.173127678
2119	0.20394515	0.234689342	0.173200958
2120	0.2038255	0.234499219	0.173151781
2121	0.2038095	0.234541476	0.173077524
2122	0.20392355	0.234815266	0.173031834
2123	0.2039711	0.234947379	0.172994821
2124	0.20383855	0.234717404	0.172959696
2125	0.2036115	0.234316347	0.172906653
2126	0.2034276	0.233920755	0.172934445
2127	0.2033867	0.23375252	0.17302088
2128	0.2036237	0.234068747	0.173178653
2129	0.20376515	0.23429602	0.17323428
2130	0.2036054	0.234186871	0.173023929
2131	0.20345355	0.234078547	0.172828553
2132	0.20337125	0.23398365	0.17275885
2133	0.20327415	0.233842716	0.172705584
2134	0.2032366	0.233591537	0.172881663
2135	0.2032061	0.233302624	0.173109576
2136	0.2032298	0.233327594	0.173132006
2137	0.20338235	0.233695053	0.173069647
2138	0.2034704	0.234018074	0.172922726
2139	0.20370885	0.234414873	0.173002827
2140	0.20395595	0.234724966	0.173186934
2141	0.204005	0.23465939	0.17335061
2142	0.20399315	0.234504641	0.173481659
2143	0.2040914	0.234411916	0.173770884
2144	0.20423125	0.234384845	0.174077655
2145	0.20413345	0.234229329	0.174037571
2146	0.20388885	0.233939811	0.173837889
2147	0.20371445	0.233864646	0.173564254
2148	0.2037757	0.234127866	0.173423534
2149	0.20403335	0.234410863	0.173655837
2150	0.20425675	0.234627944	0.173885556
2151	0.20428545	0.234716431	0.173854469
2152	0.2042969	0.234740476	0.173853324
2153	0.20445115	0.234957018	0.173945282
2154	0.2046226	0.235298067	0.173947133
2155	0.20485315	0.235697922	0.174008378
2156	0.20498965	0.235897775	0.174081525
2157	0.2050876	0.236035805	0.174139395
2158	0.2050247	0.235926747	0.174122653
2159	0.2049569	0.235812655	0.174101145
2160	0.2051298	0.236021071	0.174238529
2161	0.20542965	0.236380058	0.174479242
2162	0.20574535	0.236616611	0.174874089
2163	0.20594775	0.236676485	0.175219015
2164	0.2062548	0.236960763	0.175548837
2165	0.20655195	0.237292044	0.175811856
2166	0.2066804	0.237531065	0.175829735
2167	0.2068286	0.237851042	0.175806158
2168	0.2071699	0.238309947	0.176029853
2169	0.2076372	0.238813205	0.176461195
2170	0.2079332	0.239144207	0.176722193
2171	0.20789835	0.239010895	0.176785805
2172	0.20803815	0.23906877	0.17700753
2173	0.2082625	0.239454634	0.177070366
2174	0.2084965	0.239805398	0.177187602
2175	0.20861685	0.239815411	0.177418289
2176	0.20865645	0.239752986	0.177559914
2177	0.20859785	0.239644898	0.177550802
2178	0.20859455	0.239589943	0.177599157
2179	0.2085735	0.23955103	0.17759597
2180	0.20855685	0.239508631	0.177605069
2181	0.2085637	0.239531051	0.177596349
2182	0.2085644	0.239646587	0.177482213
2183	0.20869005	0.239859203	0.177520897
2184	0.2087294	0.239901847	0.177556953
2185	0.20877375	0.239993392	0.177554108
2186	0.20885015	0.240153732	0.177546568
2187	0.2089048	0.240226595	0.177583005
2188	0.2089302	0.240096993	0.177763407
2189	0.20905105	0.240155801	0.177946299
2190	0.20914485	0.24035919	0.17793051
2191	0.2092411	0.240570118	0.177912082
2192	0.20969645	0.241202728	0.178190172
2193	0.2102099	0.241841382	0.178578418
2194	0.2104184	0.241855544	0.178981256
2195	0.2105546	0.2417894	0.1793198
2196	0.2105194	0.24174539	0.17929341
2197	0.21037525	0.241612834	0.179137666
2198	0.21023895	0.2414186	0.1790593
2199	0.21021775	0.241317058	0.179118442
2200	0.2102118	0.241446849	0.178976751
2201	0.2102147	0.241762502	0.178666898
2202	0.2102548	0.241926059	0.178583541
2203	0.210268	0.24193773	0.17859827
2204	0.21034805	0.241956409	0.178739691
2205	0.21035405	0.241772137	0.178935963
2206	0.2104004	0.241829	0.1789718
2207	0.2105836	0.242183902	0.178983298
2208	0.21078725	0.242391107	0.179183393
2209	0.21085595	0.242469118	0.179242782
2210	0.2107878	0.242457192	0.179118408
2211	0.21061875	0.242215894	0.179021606
2212	0.2105488	0.242080182	0.179017418
2213	0.21089305	0.242475559	0.179310541
2214	0.2112527	0.24288486	0.17962054
2215	0.2113693	0.242881284	0.179857316
2216	0.21143085	0.242739639	0.180122061
2217	0.2114525	0.242686817	0.180218183
2218	0.2115105	0.242773436	0.180247564
2219	0.2114047	0.242511452	0.180297948
2220	0.21130435	0.242300989	0.180307711
2221	0.2112506	0.242330906	0.180170294
2222	0.21116105	0.242279501	0.180042599
2223	0.21121895	0.242312364	0.180125536
2224	0.2114025	0.242467946	0.180337054
2225	0.2117017	0.242629091	0.180774309
2226	0.211828	0.242664061	0.180991939
2227	0.21182525	0.242597281	0.181053219
2228	0.2117854	0.242472587	0.181098213
2229	0.2116313	0.242328931	0.180933669
2230	0.2115148	0.242466136	0.180563464
2231	0.2114342	0.242666002	0.180202398
2232	0.21113515	0.242484869	0.179785431
2233	0.21085365	0.242251509	0.179455791
2234	0.21079345	0.24199431	0.17959259
2235	0.210753	0.241669009	0.179836991
2236	0.2104858	0.241202931	0.179768669
2237	0.21016675	0.240832915	0.179500585
2238	0.21018145	0.240740763	0.179622137
2239	0.2103275	0.240753084	0.179901916
2240	0.21030355	0.240600782	0.180006318
2241	0.21011095	0.240206918	0.180014982
2242	0.2098311	0.239897528	0.179764672
2243	0.20958175	0.239669052	0.179494448
2244	0.20952075	0.239630052	0.179411448
2245	0.20950455	0.239878122	0.179130978
2246	0.20954195	0.240066244	0.179017656
2247	0.20940235	0.239802283	0.179002417
2248	0.2089889	0.239328433	0.178649367
2249	0.2085585	0.238930191	0.178186809
2250	0.2081591	0.238508168	0.177810032
2251	0.2079403	0.238067335	0.177813265
2252	0.20788665	0.237775308	0.177997992
2253	0.20819025	0.237935832	0.178444668
2254	0.20854305	0.238195424	0.178890676
2255	0.20867055	0.238143759	0.179197341
2256	0.2086809	0.237964068	0.179397732
2257	0.2082264	0.237478981	0.178973819
2258	0.2076727	0.236937276	0.178408124
2259	0.20733425	0.236774403	0.177894097
2260	0.20689325	0.236534079	0.177252421
2261	0.20657975	0.236306789	0.176852711
2262	0.2063803	0.236227897	0.176532703
2263	0.20593985	0.235669228	0.176210472
2264	0.2054837	0.235061267	0.175906133
2265	0.2053574	0.234724689	0.175990111
2266	0.2054548	0.23443652	0.17647308
2267	0.20551655	0.234314996	0.176718104
2268	0.20562745	0.234371849	0.176883051
2269	0.2056271	0.234370605	0.176883595
2270	0.2057936	0.234628845	0.176958355
2271	0.20611165	0.234989286	0.177234014
2272	0.20604475	0.234842261	0.177247239
2273	0.2059404	0.234579892	0.177300908
2274	0.20589425	0.234556503	0.177231997
2275	0.20577395	0.234525792	0.177022108
2276	0.20561035	0.234399947	0.176820753
2277	0.2055523	0.234409628	0.176694972
2278	0.2059598	0.234921386	0.176998214
2279	0.20643995	0.235463464	0.177416436
2280	0.20668855	0.235513743	0.177863357
2281	0.20678835	0.235306024	0.178270676
2282	0.2065227	0.235058274	0.177987126
2283	0.20614465	0.234921485	0.177367815
2284	0.2059217	0.234951575	0.176891825
2285	0.20572465	0.235098132	0.176351168
2286	0.2058635	0.235259436	0.176467564
2287	0.206103	0.23539683	0.17680917
2288	0.20619385	0.235396128	0.176991572
2289	0.2060859	0.235060909	0.177110891
2290	0.2058109	0.234673845	0.176947955
2291	0.20579725	0.234597467	0.176997033
2292	0.20577165	0.234547876	0.176995424
2293	0.2054075	0.234159172	0.176655828
2294	0.2050255	0.233728414	0.176322586
2295	0.2046693	0.233236654	0.176101946
2296	0.20436325	0.232750082	0.175976418
2297	0.20458945	0.233111507	0.176067393
2298	0.2048694	0.233584957	0.176153843
2299	0.20507025	0.233708005	0.176432495
2300	0.20524975	0.233754401	0.176745099
2301	0.20506115	0.233502968	0.176619332
2302	0.20478995	0.23326445	0.17631545
2303	0.20477405	0.233250696	0.176297404
2304	0.2049321	0.233382955	0.176481245
2305	0.20527315	0.233808759	0.176737541
2306	0.2055831	0.234225861	0.176940339
2307	0.20572345	0.234332945	0.177113955
2308	0.2058012	0.234380349	0.177222051
2309	0.20581845	0.234363939	0.177272961
2310	0.205893	0.234457832	0.177328168
2311	0.2057573	0.234182174	0.177332426
2312	0.2053766	0.23355485	0.17719835
2313	0.2052496	0.233163974	0.177335226
2314	0.20548175	0.233225129	0.177738371
2315	0.2057903	0.233618775	0.177961825
2316	0.20597225	0.233979245	0.177965255
2317	0.2060797	0.234287863	0.177871537
2318	0.20613235	0.234496222	0.177768478
2319	0.20642485	0.234992843	0.177856857
2320	0.20677345	0.235576432	0.177970468
2321	0.20687545	0.23584998	0.17790092
2322	0.2067285	0.235898088	0.177558912
2323	0.20668515	0.23595577	0.17741453
2324	0.20735335	0.236488445	0.178218255
2325	0.20807185	0.237103594	0.179040106
2326	0.20828805	0.237320634	0.179255466
2327	0.20844065	0.237545493	0.179335807
2328	0.2086119	0.237814686	0.179409114
2329	0.208663	0.237955255	0.179370745
2330	0.2084516	0.237845361	0.179057839
2331	0.20831265	0.237878448	0.178746852
2332	0.20788535	0.237500562	0.178270138
2333	0.2073985	0.236980943	0.177816057
2334	0.2073004	0.236768717	0.177832083
2335	0.2072172	0.236580762	0.177853638
2336	0.207074	0.236401739	0.177746261
2337	0.2070781	0.236426227	0.177729973
2338	0.20716825	0.236235189	0.178101311
2339	0.2071939	0.235906256	0.178481544
2340	0.20725415	0.235700958	0.178807342
2341	0.20728205	0.235586375	0.178977725
2342	0.2073387	0.235913273	0.178764127
2343	0.20739005	0.236245365	0.178534735
2344	0.20749395	0.236189634	0.178798266
2345	0.20772015	0.236302742	0.179137558
2346	0.20833315	0.237144127	0.179522173
2347	0.20893585	0.237863551	0.180008149
2348	0.20857665	0.237568152	0.179585148
2349	0.2077202	0.236782228	0.178658172
2350	0.207114	0.236030012	0.178197988
2351	0.2070657	0.23584873	0.17828267
2352	0.2070273	0.235655585	0.178399015
2353	0.20696655	0.235237639	0.178695461
2354	0.20717805	0.235395316	0.178960784
2355	0.20803345	0.236602953	0.179463947
2356	0.208637	0.237304266	0.179969734
2357	0.20829445	0.23680751	0.17978139
2358	0.20802945	0.236473959	0.179584941
2359	0.2073574	0.235779454	0.178935346
2360	0.20673925	0.235266431	0.178212069
2361	0.2068832	0.235596859	0.178169541
2362	0.20713585	0.235984284	0.178287416
2363	0.20791175	0.236644694	0.179178806
2364	0.20862155	0.237236632	0.180006468
2365	0.2085787	0.236979562	0.180177838
2366	0.20841245	0.236698674	0.180126226
2367	0.20808325	0.236652899	0.179513601
2368	0.2078439	0.236812147	0.178875653
2369	0.2081631	0.237420727	0.178905473
2370	0.2084974	0.238004634	0.178990166
2371	0.20872755	0.237962792	0.179492308
2372	0.20892655	0.237976164	0.179876936
2373	0.2094182	0.238457567	0.180378833
2374	0.20984665	0.238766077	0.180927223
2375	0.2100771	0.23877652	0.18137768
2376	0.21047975	0.239136047	0.181823453
2377	0.21013625	0.239001204	0.181271296
2378	0.2099116	0.239216247	0.180606953
2379	0.20998895	0.239413303	0.180564597
2380	0.2100478	0.239199586	0.180896014
2381	0.2101935	0.238796372	0.181590628
2382	0.21039415	0.238398938	0.182389362
2383	0.20983585	0.237717471	0.181954229
2384	0.2085681	0.23640876	0.18072744
2385	0.2081009	0.236279482	0.179922318
2386	0.20779445	0.236913033	0.178675867
2387	0.2078962	0.237568692	0.178223708
2388	0.2086887	0.238618965	0.178758435
2389	0.2094775	0.23952171	0.17943329
2390	0.21065145	0.240515122	0.180787778
2391	0.2111368	0.240670926	0.181602674
2392	0.21030085	0.239629003	0.180972697
2393	0.2093293	0.238507498	0.180151102
2394	0.20833005	0.237365651	0.179294449
2395	0.2079461	0.237116701	0.178775499
2396	0.20846525	0.237706188	0.179224312
2397	0.20880235	0.238438418	0.179166282
2398	0.20980695	0.240139109	0.179474791
2399	0.2107188	0.241358793	0.180078807
2400	0.2107742	0.241356627	0.180191773
2401	0.21062275	0.241186037	0.180059463
2402	0.20932995	0.23938395	0.17927595
2403	0.20833285	0.237890259	0.178775441
2404	0.2088362	0.238345578	0.179326822
2405	0.20923265	0.238742709	0.179722591
2406	0.2087567	0.237722087	0.179791313
2407	0.2082219	0.236843039	0.179600761
2408	0.2080374	0.236718432	0.179356368
2409	0.2079629	0.236811323	0.179114477
2410	0.20791615	0.237117373	0.178714927
2411	0.2076568	0.237432284	0.177881316
2412	0.2075244	0.237259108	0.177789692
2413	0.20763705	0.237443756	0.177830344
2414	0.20697475	0.237223917	0.176725583
2415	0.2061941	0.237032275	0.175355925
2416	0.20749455	0.239048774	0.175940326
2417	0.2094312	0.241773837	0.177088563
2418	0.21026885	0.242762168	0.177775532
2419	0.2103366	0.243279074	0.177394126
2420	0.2094464	0.242349895	0.176542905
2421	0.20886915	0.241596333	0.176141967
2422	0.2094207	0.241651016	0.177190384
2423	0.2095535	0.241384642	0.177722358
2424	0.2093325	0.240435921	0.178229079
2425	0.2096605	0.239889768	0.179431232
2426	0.20930545	0.238531278	0.180079622
2427	0.2088589	0.237198678	0.180519122
2428	0.20889895	0.23712299	0.18067491
2429	0.20826175	0.236640903	0.179882597
2430	0.207916	0.236338834	0.179493166
2431	0.20843845	0.237172507	0.179704393
2432	0.20885165	0.23729031	0.18041299
2433	0.2087877	0.236812212	0.180763188
2434	0.20831905	0.236875018	0.179763082
2435	0.2081691	0.23776998	0.17856822
2436	0.20884035	0.238606772	0.179073928
2437	0.21005325	0.239794098	0.180312402
2438	0.2104471	0.23983258	0.18106162
2439	0.20983875	0.238371086	0.181306414
2440	0.208929	0.237341185	0.180516815
2441	0.2072568	0.236782495	0.177731105
2442	0.20616275	0.235756221	0.176569279
2443	0.20632875	0.234940989	0.177716511
2444	0.2066632	0.235233192	0.178093208
2445	0.20729675	0.235775911	0.178817589
2446	0.20726955	0.236394388	0.178144712
2447	0.20636365	0.237329842	0.175397458
2448	0.2056251	0.236810241	0.174439959
2449	0.2055292	0.236586874	0.174471526
2450	0.2057381	0.237506847	0.173969353
2451	0.20428835	0.235206016	0.173370684
2452	0.20300275	0.234071493	0.171934007
2453	0.2027873	0.232849079	0.172725521
2454	0.20224355	0.230837554	0.173649546
2455	0.2028325	0.230307022	0.175357978
2456	0.2022931	0.229059761	0.175526439
2457	0.1994493	0.227494884	0.171403716
2458	0.19754065	0.227161722	0.167919578
2459	0.1956965	0.226312513	0.165080487
2460	0.1947083	0.225990112	0.163426488
2461	0.1957047	0.224893555	0.166515845
2462	0.19632295	0.224097162	0.168548738
2463	0.1960931	0.225000974	0.167185226
2464	0.1953737	0.225552867	0.165194533
2465	0.1960259	0.225443844	0.166607956
2466	0.1971688	0.226031272	0.168306328
2467	0.19729195	0.226636898	0.167947002
2468	0.197214	0.227163811	0.167264189
2469	0.1960613	0.226193403	0.165929197
2470	0.19611135	0.228468463	0.163754237
2471	0.19804585	0.23172364	0.16436806
2472	0.19864875	0.233566341	0.163731159
2473	0.1975248	0.232570947	0.162478653
2474	0.19513985	0.230897664	0.159382036
2475	0.194096	0.228900593	0.159291407
2476	0.1956613	0.231055875	0.160266725
2477	0.19822705	0.233022647	0.163431453
2478	0.19985405	0.233982068	0.165726032
2479	0.1990754	0.230985107	0.167165693
2480	0.1967024	0.229633104	0.163771696
2481	0.1939476	0.230994426	0.156900774
2482	0.19434385	0.236591002	0.152096698
2483	0.2035996	0.24834552	0.15885368
2484	0.21689955	0.267353234	0.166445866
2485	0.2225289	0.272789805	0.172267995
2486	0.2187538	0.270810556	0.166697044
2487	0.2107224	0.26583089	0.15561391
2488	0.20703595	0.275556749	0.138515151
2489	0.20263875	0.273956109	0.131321391
2490	0.1979518	0.278037768	0.117865832
2491	0.19851855	0.277067982	0.119969118
2492	0.1975013	0.277201328	0.117801272
2493	0.19413485	0.259412057	0.128857643
2494	0.19509405	0.260497482	0.129690618
2495	0.21354395	0.275252792	0.151835108
2496	0.2305408	0.296129967	0.164951633
2497	0.22316395	0.290549617	0.155778283
2498	0.2143481	0.285488989	0.143207211
2499	0.2157574	0.282027425	0.149487375
2500	0.21604835	0.286827081	0.145269619
