Wavelength	Mean	Std+	Std-
350	0.0438158	0.053411153	0.034220447
351	0.0437506	0.05335304	0.03414816
352	0.04404675	0.053713682	0.034379818
353	0.0439696	0.053583282	0.034355918
354	0.043984	0.053570752	0.034397248
355	0.04412155	0.053719405	0.034523695
356	0.04422145	0.053845608	0.034597292
357	0.0441279	0.053750673	0.034505127
358	0.0439166	0.053519872	0.034313328
359	0.04367155	0.053247974	0.034095126
360	0.04400335	0.053608808	0.034397892
361	0.0442299	0.053879875	0.034579925
362	0.04390555	0.053594691	0.034216409
363	0.0443475	0.054098078	0.034596922
364	0.0445086	0.054280959	0.034736241
365	0.04428905	0.054041525	0.034536575
366	0.04412775	0.05389172	0.03436378
367	0.04409625	0.053854189	0.034338311
368	0.04415855	0.053904673	0.034412427
369	0.04425885	0.054008744	0.034508956
370	0.04441555	0.054162174	0.034668926
371	0.04448285	0.054217354	0.034748346
372	0.04432115	0.054029791	0.034612509
373	0.0442571	0.053967367	0.034546833
374	0.04431975	0.05405877	0.03458073
375	0.044515	0.054310402	0.034719598
376	0.0446179	0.054475964	0.034759836
377	0.04464125	0.054511944	0.034770556
378	0.04460775	0.054463829	0.034751671
379	0.0445935	0.054482192	0.034704808
380	0.044786	0.054667989	0.034904011
381	0.04495145	0.054806134	0.035096766
382	0.0448927	0.054710338	0.035075062
383	0.0447161	0.054558454	0.034873746
384	0.04470095	0.054579025	0.034822875
385	0.04490015	0.054814929	0.034985371
386	0.044867	0.05483572	0.03489828
387	0.04481945	0.054852757	0.034786143
388	0.04480175	0.054895557	0.034707943
389	0.04501955	0.05510326	0.03493584
390	0.04497055	0.055037095	0.034904005
391	0.04487255	0.054925548	0.034819552
392	0.04492345	0.054980779	0.034866121
393	0.04500515	0.05503852	0.03497178
394	0.045108	0.055152781	0.035063219
395	0.04521585	0.05531909	0.03511261
396	0.04512715	0.055282898	0.034971402
397	0.0451485	0.055357349	0.034939651
398	0.045249	0.055508372	0.034989628
399	0.04535705	0.055644965	0.035069135
400	0.04539615	0.055679435	0.035112865
401	0.0453981	0.055664235	0.035131965
402	0.04537595	0.055623833	0.035128067
403	0.04539565	0.055609052	0.035182248
404	0.04542	0.055607388	0.035232612
405	0.04542905	0.055601775	0.035256325
406	0.04545545	0.055619397	0.035291503
407	0.0454627	0.055629354	0.035296046
408	0.04546345	0.055642915	0.035283985
409	0.04553745	0.05574167	0.03533323
410	0.0456213	0.055830407	0.035412193
411	0.0456611	0.055866332	0.035455868
412	0.0455658	0.055768109	0.035363491
413	0.04558475	0.055796352	0.035373148
414	0.04559495	0.055810247	0.035379653
415	0.04555525	0.055761641	0.035348859
416	0.0456273	0.055837231	0.035417369
417	0.04570215	0.055906044	0.035498256
418	0.0457597	0.055950753	0.035568647
419	0.0456773	0.055874124	0.035480476
420	0.0456426	0.055848547	0.035436653
421	0.0456588	0.055875025	0.035442575
422	0.0457709	0.055996896	0.035544904
423	0.04586435	0.05608392	0.03564478
424	0.0459189	0.056129502	0.035708298
425	0.0459148	0.056117743	0.035711857
426	0.0459021	0.056090029	0.035714171
427	0.0458491	0.056030692	0.035667508
428	0.0457801	0.055967512	0.035592688
429	0.0459091	0.056108445	0.035709755
430	0.0459545	0.056171649	0.035737351
431	0.0459661	0.056203375	0.035728825
432	0.0460243	0.056279491	0.035769109
433	0.04605535	0.05633794	0.03577276
434	0.04609315	0.056394656	0.035791644
435	0.0461408	0.056439143	0.035842457
436	0.046105	0.056386216	0.035823784
437	0.04611155	0.05638046	0.03584264
438	0.04616905	0.056432294	0.035905806
439	0.04617865	0.056432889	0.035924411
440	0.0461978	0.056458788	0.035936812
441	0.04622155	0.056494325	0.035948775
442	0.04627685	0.056551975	0.036001725
443	0.0462942	0.056574396	0.036014004
444	0.04630955	0.05659422	0.03602488
445	0.0463274	0.056609468	0.036045332
446	0.0463282	0.056602825	0.036053575
447	0.0463229	0.056594996	0.036050804
448	0.0463246	0.056602362	0.036046838
449	0.04635355	0.05663482	0.03607228
450	0.04642495	0.056710004	0.036139896
451	0.046487	0.056772024	0.036201976
452	0.0464238	0.056699771	0.036147829
453	0.0464617	0.056731988	0.036191412
454	0.04650445	0.056773816	0.036235084
455	0.04645865	0.056731912	0.036185388
456	0.046537	0.056815198	0.036258802
457	0.04660465	0.056889253	0.036320047
458	0.04664855	0.056943615	0.036353485
459	0.0466732	0.056975911	0.036370489
460	0.0466924	0.056997626	0.036387174
461	0.04669575	0.05699906	0.03639244
462	0.0466817	0.056989005	0.036374395
463	0.046705	0.057013545	0.036396455
464	0.0467468	0.0570523	0.0364413
465	0.04679945	0.057093998	0.036504902
466	0.04684265	0.057146532	0.036538768
467	0.04687175	0.057189357	0.036554143
468	0.04687745	0.057208895	0.036546005
469	0.0468922	0.057231651	0.036552749
470	0.04692165	0.057267472	0.036575828
471	0.04695665	0.057307629	0.036605671
472	0.0470155	0.057382623	0.036648377
473	0.04702635	0.05739668	0.03665602
474	0.04703895	0.057409953	0.036667947
475	0.04708385	0.057457854	0.036709846
476	0.04707095	0.057448427	0.036693473
477	0.0470794	0.057461596	0.036697204
478	0.0471193	0.057505243	0.036733357
479	0.0471742	0.057559913	0.036788487
480	0.0472002	0.057586674	0.036813726
481	0.0471965	0.05758233	0.03681067
482	0.04721525	0.057599553	0.036830947
483	0.04726285	0.057634159	0.036891541
484	0.0473027	0.057661424	0.036943976
485	0.04725575	0.057612319	0.036899181
486	0.0472952	0.057666255	0.036924145
487	0.0473314	0.057722693	0.036940107
488	0.04734455	0.057761714	0.036927386
489	0.04742005	0.05786432	0.03697578
490	0.04751	0.057966156	0.037053844
491	0.0475883	0.058041579	0.037135021
492	0.0475673	0.058015798	0.037118802
493	0.0475703	0.058016586	0.037124014
494	0.0475964	0.058043363	0.037149437
495	0.047637	0.058085196	0.037188804
496	0.047652	0.058102131	0.037201869
497	0.0476895	0.058139745	0.037239255
498	0.04776075	0.058205601	0.037315899
499	0.0477555	0.058198839	0.037312161
500	0.0477807	0.058223019	0.037338381
501	0.04783395	0.058277313	0.037390587
502	0.04785095	0.05831138	0.03739052
503	0.0478585	0.058333934	0.037383066
504	0.0478848	0.058372979	0.037396621
505	0.04799235	0.058489148	0.037495552
506	0.04801335	0.058508883	0.037517817
507	0.04803545	0.058526442	0.037544458
508	0.04809785	0.058583012	0.037612688
509	0.0481122	0.058601312	0.037623088
510	0.0481374	0.058628295	0.037646505
511	0.04817565	0.058665466	0.037685834
512	0.0481983	0.058689294	0.037707306
513	0.04824825	0.058732827	0.037763673
514	0.04830315	0.058776971	0.037829329
515	0.0483164	0.058779587	0.037853213
516	0.0483442	0.058814846	0.037873554
517	0.0483687	0.058857342	0.037880058
518	0.04837875	0.058896148	0.037861352
519	0.0484857	0.059025541	0.037945859
520	0.0485666	0.059120882	0.038012318
521	0.0486034	0.059162836	0.038043964
522	0.04860345	0.059159105	0.038047795
523	0.0486412	0.059189556	0.038092844
524	0.04870315	0.059242963	0.038163337
525	0.04877085	0.05930491	0.03823679
526	0.0487954	0.059332292	0.038258508
527	0.0488245	0.059371523	0.038277477
528	0.04888835	0.059454081	0.038322619
529	0.04893075	0.059500395	0.038361105
530	0.04897035	0.059538379	0.038402321
531	0.04901905	0.059583022	0.038455078
532	0.0490569	0.059612422	0.038501378
533	0.04908395	0.059642796	0.038525104
534	0.04911565	0.059684517	0.038546783
535	0.0492026	0.05977541	0.03862979
536	0.04922115	0.059793841	0.038648459
537	0.0492335	0.059801945	0.038665055
538	0.0492892	0.059848733	0.038729667
539	0.04934225	0.059906763	0.038777737
540	0.0493877	0.059958726	0.038816674
541	0.04942445	0.060001671	0.038847229
542	0.0495107	0.060105759	0.038915641
543	0.0495572	0.060160427	0.038953973
544	0.04958375	0.060188769	0.038978731
545	0.049621	0.060222144	0.039019856
546	0.04966395	0.06026467	0.03906323
547	0.04970725	0.060309718	0.039104782
548	0.0497508	0.060358237	0.039143363
549	0.0498095	0.060421161	0.039197839
550	0.04986075	0.060473118	0.039248382
551	0.04989835	0.060506733	0.039289967
552	0.0499294	0.060541396	0.039317404
553	0.0499834	0.060597376	0.039369424
554	0.050046	0.06066058	0.03943142
555	0.05005525	0.060668926	0.039441574
556	0.0501027	0.06071323	0.03949217
557	0.05014555	0.060751832	0.039539268
558	0.05017035	0.060779675	0.039561025
559	0.0501993	0.060818706	0.039579894
560	0.05024125	0.060865968	0.039616532
561	0.0503127	0.060936474	0.039688926
562	0.0503499	0.06097418	0.03972562
563	0.05037985	0.061003915	0.039755785
564	0.05041145	0.061036084	0.039786816
565	0.0504208	0.061041098	0.039800502
566	0.0504566	0.061081436	0.039831764
567	0.05050785	0.061136561	0.039879139
568	0.05057	0.061189705	0.039950295
569	0.0506013	0.061221435	0.039981165
570	0.05062815	0.061254055	0.040002245
571	0.05065515	0.061291745	0.040018555
572	0.050709	0.061349034	0.040068966
573	0.0507577	0.061397202	0.040118198
574	0.05079515	0.061429879	0.040160421
575	0.0508285	0.061457651	0.040199349
576	0.0508644	0.061496092	0.040232708
577	0.05089565	0.061531325	0.040259975
578	0.0509285	0.061565415	0.040291585
579	0.05099175	0.061636498	0.040347002
580	0.05104605	0.06169781	0.04039429
581	0.0510742	0.061728055	0.040420345
582	0.05108915	0.061742877	0.040435423
583	0.0511172	0.061767777	0.040466623
584	0.05115935	0.061803206	0.040515494
585	0.05120685	0.061836491	0.040577209
586	0.05121605	0.061836793	0.040595307
587	0.05121165	0.061826863	0.040596437
588	0.05123535	0.061847727	0.040622973
589	0.051279	0.061903427	0.040654573
590	0.05132795	0.061969374	0.040686526
591	0.0513753	0.062035136	0.040715464
592	0.05141515	0.062071501	0.040758799
593	0.0514681	0.062121949	0.040814251
594	0.05153355	0.062187976	0.040879124
595	0.0515762	0.062243754	0.040908646
596	0.0516213	0.062297018	0.040945582
597	0.05167515	0.062358135	0.040992165
598	0.0517318	0.062425462	0.041038138
599	0.0517824	0.062488414	0.041076386
600	0.05185565	0.06257719	0.04113411
601	0.0519626	0.062702792	0.041222408
602	0.05202335	0.062791082	0.041255618
603	0.05207205	0.06286306	0.04128104
604	0.05211545	0.062923241	0.041307659
605	0.0522179	0.063031189	0.041404611
606	0.0523014	0.063125016	0.041477784
607	0.05236385	0.063200446	0.041527254
608	0.052384	0.06322872	0.04153928
609	0.0524125	0.063262106	0.041562894
610	0.05243975	0.063292474	0.041587026
611	0.05245685	0.063311807	0.041601893
612	0.05252345	0.0633831	0.0416638
613	0.052593	0.063452694	0.041733306
614	0.0526626	0.063517509	0.041807691
615	0.05268225	0.063538759	0.041825741
616	0.05272705	0.063581517	0.041872583
617	0.0527889	0.063638006	0.041939794
618	0.05287975	0.063723162	0.042036338
619	0.05292005	0.06376102	0.04207908
620	0.05295975	0.063795042	0.042124458
621	0.05304515	0.063866144	0.042224156
622	0.0530802	0.063894023	0.042266377
623	0.05311755	0.06392847	0.04230663
624	0.0531663	0.063978148	0.042354452
625	0.0531718	0.063974626	0.042368974
626	0.0532185	0.064018523	0.042418477
627	0.05329705	0.064096443	0.042497657
628	0.0533886	0.064177517	0.042599683
629	0.0534692	0.064256746	0.042681654
630	0.05352205	0.064309845	0.042734255
631	0.05355495	0.064345867	0.042764033
632	0.05363675	0.064422238	0.042851262
633	0.05372085	0.064503405	0.042938295
634	0.0537976	0.064581688	0.043013512
635	0.0538481	0.064632911	0.043063289
636	0.05390725	0.064695423	0.043119077
637	0.0539823	0.064774728	0.043189872
638	0.05411495	0.064905526	0.043324374
639	0.0541678	0.064963776	0.043371824
640	0.0542045	0.065012611	0.043396389
641	0.0542617	0.065087481	0.043435919
642	0.054328	0.065163283	0.043492717
643	0.05441345	0.065254272	0.043572628
644	0.05452505	0.065367965	0.043682135
645	0.05457525	0.065433624	0.043716876
646	0.05461715	0.065491619	0.043742681
647	0.0546572	0.065548829	0.043765571
648	0.05472715	0.065640521	0.043813779
649	0.0548231	0.065767982	0.043878218
650	0.05492935	0.065906136	0.043952564
651	0.055033	0.066029034	0.044036966
652	0.05510985	0.066112901	0.044106799
653	0.055186	0.066194521	0.044177479
654	0.0552612	0.06627484	0.04424756
655	0.05530645	0.066347821	0.044265079
656	0.05540645	0.06649412	0.04431878
657	0.05553495	0.066674234	0.044395666
658	0.05559925	0.066738466	0.044460034
659	0.0556909	0.066825504	0.044556296
660	0.05579035	0.066922408	0.044658292
661	0.0558741	0.067017434	0.044730766
662	0.05591265	0.067064501	0.044760799
663	0.05596665	0.06712747	0.04480583
664	0.05605395	0.067223846	0.044884054
665	0.056162	0.067338259	0.044985741
666	0.0562521	0.067440027	0.045064173
667	0.05632075	0.06752389	0.04511761
668	0.0564225	0.067634434	0.045210566
669	0.0565039	0.067719458	0.045288342
670	0.0565793	0.067799452	0.045359148
671	0.0566718	0.067909045	0.045434555
672	0.0567655	0.068016748	0.045514252
673	0.05685	0.068111991	0.045588009
674	0.0569176	0.068185628	0.045649572
675	0.05697155	0.068254263	0.045688837
676	0.0570478	0.068340981	0.045754619
677	0.0571595	0.068460026	0.045858974
678	0.05724895	0.068558669	0.045939231
679	0.0573348	0.068655325	0.046014275
680	0.05741685	0.068747402	0.046086298
681	0.057486	0.068819907	0.046152093
682	0.05757225	0.068915774	0.046228726
683	0.05766125	0.069011216	0.046311284
684	0.0577561	0.069104163	0.046408037
685	0.0577413	0.069061741	0.046420859
686	0.0578058	0.069133042	0.046478558
687	0.0579807	0.069360375	0.046601025
688	0.05810185	0.069520647	0.046683053
689	0.0581674	0.069607487	0.046727313
690	0.05820975	0.0696579	0.0467616
691	0.05830475	0.069752257	0.046857243
692	0.05838715	0.069829367	0.046944933
693	0.058473	0.069918125	0.047027875
694	0.0585743	0.070042505	0.047106095
695	0.05869905	0.070186641	0.047211459
696	0.0588065	0.070307088	0.047305912
697	0.05889215	0.070399137	0.047385163
698	0.0589688	0.070479679	0.047457921
699	0.0590755	0.070594941	0.047556059
700	0.059209	0.070742691	0.047675309
701	0.05933705	0.07089017	0.04778393
702	0.05945665	0.07102761	0.04788569
703	0.05955735	0.071140675	0.047974025
704	0.0596188	0.071202106	0.048035494
705	0.0597285	0.071327114	0.048129886
706	0.0598467	0.071462017	0.048231383
707	0.05996745	0.071598672	0.048336228
708	0.06006275	0.071701363	0.048424137
709	0.0601517	0.071804205	0.048499195
710	0.0602417	0.071911595	0.048571805
711	0.06036235	0.072043067	0.048681633
712	0.06045245	0.072144301	0.048760599
713	0.06053625	0.072235987	0.048836513
714	0.06063655	0.072335074	0.048938026
715	0.06067055	0.072346164	0.048994936
716	0.06069865	0.072358632	0.049038668
717	0.06073615	0.072398611	0.049073689
718	0.0608221	0.072531262	0.049112938
719	0.0609592	0.072721213	0.049197187
720	0.06112575	0.072932498	0.049319002
721	0.06129935	0.073092118	0.049506582
722	0.06138535	0.073167664	0.049603036
723	0.06145555	0.073239864	0.049671236
724	0.06154655	0.073359096	0.049734004
725	0.06162355	0.073456451	0.049790649
726	0.061717	0.07356496	0.04986904
727	0.06182885	0.073683859	0.049973841
728	0.06190225	0.0737785	0.050026
729	0.0620502	0.073949548	0.050150852
730	0.0622421	0.07416454	0.05031966
731	0.06235765	0.074305525	0.050409775
732	0.06247895	0.074449302	0.050508598
733	0.0626017	0.074589885	0.050613515
734	0.0627269	0.074723449	0.050730351
735	0.06283765	0.074850603	0.050824697
736	0.06294835	0.074978596	0.050918104
737	0.0630512	0.075094896	0.051007504
738	0.0631851	0.075242719	0.051127481
739	0.0633093	0.075383966	0.051234634
740	0.06340935	0.075502041	0.051316659
741	0.06350845	0.075627966	0.051388934
742	0.0636196	0.07576067	0.05147853
743	0.0637325	0.075891712	0.051573288
744	0.0638321	0.076007605	0.051656595
745	0.0639095	0.076099117	0.051719883
746	0.0640165	0.07622061	0.05181239
747	0.06417015	0.076388226	0.051952074
748	0.0642353	0.076475139	0.051995461
749	0.0643249	0.076587012	0.052062788
750	0.0644447	0.076728546	0.052160854
751	0.06458175	0.076880659	0.052282841
752	0.06468325	0.076998724	0.052367776
753	0.06476735	0.077099789	0.052434911
754	0.06486215	0.077208587	0.052515713
755	0.0649843	0.077348865	0.052619735
756	0.0650902	0.077462877	0.052717523
757	0.06515365	0.077512377	0.052794923
758	0.0651355	0.077379707	0.052891293
759	0.06511675	0.077315994	0.052917506
760	0.06513985	0.077497565	0.052782135
761	0.0653727	0.077775438	0.052969962
762	0.0654877	0.07794087	0.05303453
763	0.0655767	0.078084021	0.053069379
764	0.06572595	0.078280661	0.053171239
765	0.065954	0.078531454	0.053376546
766	0.0661238	0.078718464	0.053529136
767	0.0661898	0.078804392	0.053575208
768	0.0663403	0.078956993	0.053723607
769	0.0664813	0.079110075	0.053852525
770	0.06660315	0.07925758	0.05394872
771	0.06668675	0.079363309	0.054010191
772	0.066805	0.079502195	0.054107805
773	0.0669266	0.079642243	0.054210957
774	0.0670085	0.079746233	0.054270767
775	0.0671199	0.07987752	0.05436228
776	0.0672507	0.080025327	0.054476073
777	0.06740285	0.080190068	0.054615632
778	0.067505	0.080316343	0.054693657
779	0.0676071	0.080442828	0.054771372
780	0.0677172	0.080575351	0.054859049
781	0.06780725	0.080682313	0.054932187
782	0.0679165	0.080814651	0.055018349
783	0.0680446	0.080969161	0.055120039
784	0.0681539	0.081091609	0.055216191
785	0.0683002	0.081254428	0.055345972
786	0.06843885	0.081410948	0.055466752
787	0.0685245	0.081514084	0.055534916
788	0.0686199	0.081636013	0.055603787
789	0.06871265	0.081755601	0.055669699
790	0.0687992	0.081866744	0.055731656
791	0.06894405	0.082026661	0.055861439
792	0.0691018	0.082202257	0.056001343
793	0.06925155	0.082372765	0.056130335
794	0.06929445	0.082441605	0.056147295
795	0.0694174	0.082590748	0.056244052
796	0.06954935	0.082747709	0.056350991
797	0.06961825	0.082838149	0.056398351
798	0.0697274	0.082974736	0.056480064
799	0.0698703	0.083142336	0.056598264
800	0.07004945	0.083339675	0.056759225
801	0.0701769	0.083491986	0.056861814
802	0.07026565	0.08360172	0.05692958
803	0.0703334	0.083687779	0.056979021
804	0.0704772	0.083854659	0.057099741
805	0.0706169	0.084023786	0.057210014
806	0.0707424	0.084178334	0.057306466
807	0.0708505	0.084309651	0.057391349
808	0.0710163	0.084497022	0.057535578
809	0.071139	0.084639096	0.057638904
810	0.07117485	0.084690739	0.057658961
811	0.07123805	0.084765649	0.057710451
812	0.07129665	0.08483209	0.05776121
813	0.07135445	0.08489577	0.05781313
814	0.0714291	0.084993086	0.057865114
815	0.0715269	0.085111854	0.057941946
816	0.0716499	0.085255928	0.058043872
817	0.0718238	0.08545564	0.05819196
818	0.0720505	0.085715884	0.058385116
819	0.07223485	0.085937929	0.058531771
820	0.0723245	0.086067405	0.058581595
821	0.07236895	0.086108805	0.058629095
822	0.07249265	0.086250023	0.058735277
823	0.07268995	0.08648603	0.05889387
824	0.0729241	0.086763183	0.059085017
825	0.0730293	0.086895132	0.059163468
826	0.07310225	0.086989277	0.059215223
827	0.07326835	0.087181247	0.059355453
828	0.07335965	0.087289167	0.059430133
829	0.07346215	0.087416575	0.059507725
830	0.0736118	0.087608763	0.059614837
831	0.07374905	0.087761013	0.059737087
832	0.0739293	0.08796879	0.05988981
833	0.0741631	0.088245756	0.060080444
834	0.0743437	0.088448634	0.060238766
835	0.074433	0.088565601	0.060300399
836	0.07448415	0.088648453	0.060319847
837	0.074618	0.088824695	0.060411305
838	0.07480195	0.089037801	0.060566099
839	0.07495345	0.089212911	0.060693989
840	0.075018	0.089297735	0.060738265
841	0.0752114	0.089529949	0.060892851
842	0.0753675	0.089722884	0.061012116
843	0.07547245	0.089860323	0.061084577
844	0.0755939	0.090012266	0.061175534
845	0.0757901	0.090233463	0.061346737
846	0.07600835	0.090477478	0.061539222
847	0.07612075	0.09063381	0.06160769
848	0.0762518	0.090788088	0.061715512
849	0.0763696	0.090924051	0.061815149
850	0.07644125	0.09101645	0.06186605
851	0.0766382	0.091265964	0.062010436
852	0.07671595	0.091374355	0.062057545
853	0.07665955	0.091320251	0.061998849
854	0.0770053	0.091670391	0.062340209
855	0.0772311	0.091937663	0.062524537
856	0.0773645	0.092127703	0.062601297
857	0.07746085	0.092249739	0.062671961
858	0.07754945	0.092369549	0.062729351
859	0.07768595	0.092541235	0.062830665
860	0.07791545	0.092804791	0.063026109
861	0.078055	0.092962369	0.063147631
862	0.0781769	0.093109087	0.063244713
863	0.0782789	0.093243506	0.063314294
864	0.0785833	0.093578045	0.063588555
865	0.07871315	0.093736892	0.063689408
866	0.0787544	0.093808729	0.063700071
867	0.07896955	0.094057442	0.063881658
868	0.0790436	0.094184611	0.063902589
869	0.07913395	0.094317137	0.063950763
870	0.07939305	0.094575716	0.064210384
871	0.0794937	0.09471714	0.06427026
872	0.07964315	0.094905379	0.064380921
873	0.0798738	0.095158583	0.064589017
874	0.0798821	0.095179841	0.064584359
875	0.07995405	0.0952832	0.0646249
876	0.0800966	0.09546924	0.06472396
877	0.08033285	0.095732394	0.064933306
878	0.0804436	0.095863188	0.065024012
879	0.08054415	0.095987951	0.065100349
880	0.08069305	0.096168023	0.065218077
881	0.0808199	0.096322024	0.065317776
882	0.08099825	0.096533884	0.065462616
883	0.0812589	0.096838684	0.065679116
884	0.08135055	0.096950831	0.065750269
885	0.0815199	0.097148026	0.065891774
886	0.08173395	0.097393609	0.066074291
887	0.08182185	0.097501227	0.066142473
888	0.0819247	0.097646404	0.066202996
889	0.08202765	0.097799159	0.066256141
890	0.08206855	0.097874077	0.066263023
891	0.0822812	0.098113498	0.066448902
892	0.0824482	0.098311701	0.066584699
893	0.08247835	0.098382572	0.066574128
894	0.0826485	0.098547155	0.066749845
895	0.0827907	0.09869647	0.06688493
896	0.082893	0.098822714	0.066963286
897	0.0828277	0.098786276	0.066869124
898	0.08291475	0.09888073	0.06694877
899	0.08310785	0.09907286	0.06714284
900	0.0833358	0.099304385	0.067367215
901	0.08352445	0.099524447	0.067524453
902	0.08373895	0.099799069	0.067678831
903	0.08398445	0.100135105	0.067833795
904	0.0840966	0.100293271	0.067899929
905	0.08428635	0.100529805	0.068042895
906	0.0845439	0.100834922	0.068252878
907	0.0844333	0.100699217	0.068167383
908	0.0844694	0.100753888	0.068184912
909	0.0846163	0.100937382	0.068295218
910	0.08490145	0.101240044	0.068562856
911	0.08500965	0.101393907	0.068625393
912	0.0851832	0.101601866	0.068764534
913	0.08556385	0.10198219	0.06914551
914	0.08550845	0.101952954	0.069063946
915	0.0856247	0.102094427	0.069154973
916	0.0859332	0.10242643	0.06943997
917	0.0859976	0.102533721	0.069461479
918	0.08625735	0.102858907	0.069655793
919	0.08655205	0.10322345	0.06988065
920	0.08657605	0.10328784	0.06986426
921	0.08677615	0.103548349	0.070003951
922	0.08694885	0.103763323	0.070134377
923	0.0869865	0.103799073	0.070173927
924	0.0872733	0.104134657	0.070411943
925	0.08747915	0.104392043	0.070566257
926	0.0875822	0.104549021	0.070615379
927	0.08765815	0.104685982	0.070630318
928	0.0876122	0.104629928	0.070594472
929	0.08747865	0.104445931	0.070511369
930	0.08739605	0.104373919	0.070418181
931	0.08745525	0.104426674	0.070483826
932	0.087424	0.10434962	0.07049838
933	0.0870502	0.103855264	0.070245136
934	0.08700895	0.103683564	0.070334336
935	0.08720335	0.103799091	0.070607609
936	0.08762935	0.104230703	0.071027997
937	0.0875052	0.104175577	0.070834823
938	0.0877188	0.104523791	0.070913809
939	0.0880672	0.105045054	0.071089346
940	0.08810515	0.105260749	0.070949551
941	0.088641	0.105833784	0.071448216
942	0.08905065	0.106227711	0.071873589
943	0.08884125	0.105996571	0.071685929
944	0.08889875	0.106039732	0.071757768
945	0.08918525	0.106346229	0.072024271
946	0.089705	0.106928903	0.072481097
947	0.08959905	0.106929145	0.072268955
948	0.0898856	0.107265206	0.072505994
949	0.0903717	0.107760545	0.072982855
950	0.0903623	0.107778958	0.072945642
951	0.09057135	0.107962305	0.073180395
952	0.09075765	0.108147759	0.073367541
953	0.0906484	0.108141608	0.073155192
954	0.09081575	0.108429424	0.073202076
955	0.09101115	0.108662475	0.073359825
956	0.091206	0.108785236	0.073626764
957	0.0912017	0.108926992	0.073476408
958	0.0912702	0.10902625	0.07351415
959	0.0915321	0.109256903	0.073807297
960	0.09266975	0.110510918	0.074828582
961	0.0927632	0.110659572	0.074866828
962	0.0925163	0.11045359	0.07457901
963	0.09254425	0.110557171	0.074531329
964	0.0928053	0.110860039	0.074750561
965	0.0931917	0.111299841	0.075083559
966	0.0936772	0.11186118	0.07549322
967	0.09424765	0.112464317	0.076030983
968	0.0947273	0.113021642	0.076432958
969	0.09505615	0.113454338	0.076657962
970	0.09488325	0.113319755	0.076446745
971	0.09485475	0.1133783	0.0763312
972	0.0948573	0.113478628	0.076235972
973	0.09471635	0.113392772	0.076039928
974	0.09523735	0.11386321	0.07661149
975	0.09586415	0.114476549	0.077251751
976	0.0964244	0.115120034	0.077728766
977	0.0958558	0.114611395	0.077100205
978	0.09582595	0.114610915	0.077040985
979	0.0963694	0.115162505	0.077576295
980	0.0968448	0.115629266	0.078060334
981	0.09712335	0.116026499	0.078220201
982	0.0972867	0.116323387	0.078250013
983	0.09738785	0.116399672	0.078376028
984	0.0975119	0.116582353	0.078441447
985	0.0975876	0.116685085	0.078490115
986	0.09755835	0.116594571	0.078522129
987	0.09789175	0.117021113	0.078762387
988	0.09813375	0.117370007	0.078897493
989	0.09827605	0.117618282	0.078933818
990	0.09845	0.117818882	0.079081118
991	0.0987078	0.11809431	0.07932129
992	0.0990346	0.118440934	0.079628266
993	0.0994671	0.118928534	0.080005666
994	0.09913745	0.118544164	0.079730736
995	0.0991362	0.118544424	0.079727976
996	0.1000714	0.119628786	0.080514014
997	0.09997125	0.119602552	0.080339948
998	0.09999885	0.119669881	0.080327819
999	0.10026275	0.119952036	0.080573464
1000	0.1005992	0.120392778	0.080805622
1001	0.10272855	0.123542453	0.081914647
1002	0.1029544	0.12376922	0.08213958
1003	0.10315565	0.124013962	0.082297338
1004	0.1033169	0.124204094	0.082429706
1005	0.10345185	0.12436731	0.08253639
1006	0.1036299	0.124592037	0.082667763
1007	0.1038614	0.124887971	0.082834829
1008	0.1040843	0.12516584	0.08300276
1009	0.10428435	0.125393159	0.083175541
1010	0.1045124	0.125655159	0.083369641
1011	0.1047963	0.126002129	0.083590471
1012	0.1050712	0.126335763	0.083806637
1013	0.10522	0.126523132	0.083916868
1014	0.10532065	0.126669383	0.083971917
1015	0.1054791	0.126830527	0.084127673
1016	0.10565275	0.126970672	0.084334828
1017	0.10586925	0.127206644	0.084531856
1018	0.1061097	0.127505499	0.084713901
1019	0.1062942	0.127722908	0.084865492
1020	0.1064331	0.127885986	0.084980214
1021	0.10661615	0.128111192	0.085121108
1022	0.1068318	0.128400295	0.085263305
1023	0.1070394	0.128693462	0.085385338
1024	0.1072565	0.128968246	0.085544754
1025	0.10747675	0.129217135	0.085736365
1026	0.1076896	0.129471719	0.085907481
1027	0.1078864	0.129716928	0.086055872
1028	0.10807695	0.129933324	0.086220576
1029	0.10827255	0.130169268	0.086375832
1030	0.1084708	0.13045957	0.08648203
1031	0.10867725	0.130747834	0.086606666
1032	0.1088761	0.130929601	0.086822599
1033	0.10910265	0.131133606	0.087071694
1034	0.1093645	0.131447084	0.087281916
1035	0.1096168	0.131726562	0.087507038
1036	0.10985695	0.131966449	0.087747451
1037	0.1100681	0.132210194	0.087926006
1038	0.1102706	0.132491687	0.088049513
1039	0.11046805	0.132766169	0.088169931
1040	0.11067495	0.133020912	0.088328988
1041	0.1108723	0.1332562	0.0884884
1042	0.11108495	0.133535849	0.088634051
1043	0.1113221	0.133840862	0.088803338
1044	0.11151595	0.134037177	0.088994723
1045	0.11166645	0.134186464	0.089146436
1046	0.11181355	0.134347149	0.089279951
1047	0.11200315	0.134560947	0.089445353
1048	0.1122069	0.134804192	0.089609608
1049	0.11242525	0.13508592	0.08976458
1050	0.1126293	0.135351921	0.089906679
1051	0.1128704	0.135653033	0.090087767
1052	0.1131224	0.135980637	0.090264163
1053	0.1133286	0.136273356	0.090383844
1054	0.1135177	0.136538025	0.090497375
1055	0.1137132	0.136774417	0.090651983
1056	0.1139154	0.137009433	0.090821367
1057	0.11414675	0.137304503	0.090988997
1058	0.1143786	0.137617705	0.091139495
1059	0.11459925	0.137888974	0.091309526
1060	0.11479195	0.138097679	0.091486221
1061	0.1150094	0.138350128	0.091668672
1062	0.11522695	0.138623304	0.091830596
1063	0.1154569	0.138911965	0.092001835
1064	0.115672	0.139179577	0.092164423
1065	0.11587185	0.139412224	0.092331476
1066	0.11610415	0.139678409	0.092529891
1067	0.1163159	0.139939725	0.092692075
1068	0.1165336	0.140237823	0.092829377
1069	0.1167525	0.140528495	0.092976505
1070	0.1169442	0.140741796	0.093146604
1071	0.1171472	0.140960434	0.093333966
1072	0.11736385	0.141210693	0.093517007
1073	0.11758445	0.141475411	0.093693489
1074	0.1177678	0.141717504	0.093818096
1075	0.11791085	0.141918735	0.093902965
1076	0.11804945	0.142053759	0.094045141
1077	0.11822465	0.142196637	0.094252663
1078	0.11844225	0.142429187	0.094455313
1079	0.1186665	0.142715739	0.094617261
1080	0.118886	0.14299901	0.09477299
1081	0.11905315	0.143218804	0.094887496
1082	0.1192642	0.143493061	0.095035339
1083	0.1195398	0.143811991	0.095267609
1084	0.1198048	0.144112801	0.095496799
1085	0.12000885	0.144323151	0.095694549
1086	0.12020975	0.144529902	0.095889598
1087	0.12037075	0.14473876	0.09600274
1088	0.1205406	0.144973252	0.096107948
1089	0.12075025	0.14520873	0.09629177
1090	0.12095965	0.145429236	0.096490064
1091	0.1211275	0.14564275	0.09661225
1092	0.12125055	0.145808319	0.096692781
1093	0.12141005	0.145995756	0.096824344
1094	0.1216174	0.146220834	0.097013966
1095	0.12186315	0.146485116	0.097241184
1096	0.1221091	0.146769767	0.097448433
1097	0.1223066	0.147004933	0.097608267
1098	0.12247605	0.147194837	0.097757263
1099	0.12267035	0.14741148	0.09792922
1100	0.1229013	0.147658888	0.098143712
1101	0.1231046	0.147880868	0.098328332
1102	0.1232806	0.14812502	0.09843618
1103	0.1234638	0.148385392	0.098542208
1104	0.12370985	0.148697895	0.098721805
1105	0.12395915	0.149002867	0.098915433
1106	0.12414255	0.149195947	0.099089153
1107	0.1243014	0.149377539	0.099225261
1108	0.1244104	0.149529063	0.099291737
1109	0.1245295	0.149667245	0.099391755
1110	0.1246693	0.149799451	0.099539149
1111	0.1248405	0.149972391	0.099708609
1112	0.12503185	0.150186806	0.099876894
1113	0.1251977	0.150395438	0.099999962
1114	0.1252726	0.150514564	0.100030636
1115	0.1252555	0.150529482	0.099981518
1116	0.1252636	0.150570195	0.099957005
1117	0.12531415	0.150624197	0.100004103
1118	0.1253665	0.150667175	0.100065825
1119	0.12545255	0.150690257	0.100214843
1120	0.12555845	0.150734385	0.100382515
1121	0.12571245	0.150960457	0.100464443
1122	0.125877	0.151223974	0.100530026
1123	0.1261477	0.151503873	0.100791527
1124	0.12642205	0.151758671	0.101085429
1125	0.12667135	0.151991581	0.101351119
1126	0.12692965	0.15224155	0.10161775
1127	0.12723265	0.152614071	0.101851229
1128	0.1275001	0.15299686	0.10200334
1129	0.1277424	0.153318028	0.102166772
1130	0.12798415	0.15358832	0.10237998
1131	0.12828905	0.153958897	0.102619203
1132	0.1286784	0.154488824	0.102867976
1133	0.12903535	0.154947088	0.103123612
1134	0.12936275	0.15529618	0.10342932
1135	0.12967305	0.155646175	0.103699925
1136	0.12997625	0.155993461	0.103959039
1137	0.13025775	0.156313674	0.104201826
1138	0.13050215	0.15665407	0.10435023
1139	0.1307485	0.15700614	0.10449086
1140	0.13107415	0.157355069	0.104793231
1141	0.1313978	0.157687122	0.105108478
1142	0.13150975	0.157849362	0.105170138
1143	0.1315697	0.157969072	0.105170328
1144	0.1317918	0.158287336	0.105296264
1145	0.1320899	0.158699958	0.105479842
1146	0.13237605	0.159022114	0.105729986
1147	0.13265945	0.159279556	0.106039344
1148	0.13292055	0.159546797	0.106294303
1149	0.1331737	0.159855431	0.106491969
1150	0.1334368	0.160181028	0.106692572
1151	0.1337453	0.160558639	0.106931961
1152	0.13406705	0.160936508	0.107197592
1153	0.13452445	0.161431209	0.107617691
1154	0.1349429	0.161889362	0.107996438
1155	0.1353042	0.162317046	0.108291354
1156	0.13563235	0.162705919	0.108558781
1157	0.1360108	0.163234181	0.108787419
1158	0.1363321	0.163691501	0.108972699
1159	0.13663995	0.164091697	0.109188203
1160	0.1369103	0.164439684	0.109380916
1161	0.137201	0.164779038	0.109622962
1162	0.1374889	0.16510326	0.10987454
1163	0.13777925	0.1654608	0.1100977
1164	0.13804205	0.165803779	0.110280321
1165	0.1383143	0.166144655	0.110483945
1166	0.13861255	0.166504323	0.110720777
1167	0.1388925	0.166841243	0.110943757
1168	0.13918775	0.167194314	0.111181186
1169	0.13946405	0.167529054	0.111399046
1170	0.13971055	0.167839701	0.111581399
1171	0.1399453	0.16813213	0.11175847
1172	0.140214	0.168445516	0.111982484
1173	0.14049245	0.168771332	0.112213568
1174	0.14075165	0.169080124	0.112423176
1175	0.1410091	0.169386947	0.112631253
1176	0.14125335	0.169699324	0.112807376
1177	0.14151095	0.170029097	0.112992803
1178	0.14176555	0.17032137	0.11320973
1179	0.1420196	0.170606104	0.113433096
1180	0.1422435	0.170887194	0.113599806
1181	0.1424553	0.171167006	0.113743594
1182	0.1427113	0.171461037	0.113961563
1183	0.14301795	0.171792474	0.114243426
1184	0.14329315	0.172120118	0.114466182
1185	0.14353715	0.172443562	0.114630738
1186	0.1437988	0.17276194	0.11483566
1187	0.14405015	0.173029355	0.115070945
1188	0.14430255	0.173313316	0.115291784
1189	0.1445619	0.173639798	0.115484002
1190	0.1448274	0.173971894	0.115682906
1191	0.1451322	0.174346442	0.115917958
1192	0.14544245	0.174726107	0.116158793
1193	0.1456801	0.175000156	0.116360044
1194	0.1459018	0.175255645	0.116547955
1195	0.14617655	0.175591333	0.116761767
1196	0.1464367	0.175910773	0.116962627
1197	0.14669075	0.176222319	0.117159181
1198	0.146944	0.176531182	0.117356818
1199	0.14722795	0.176865911	0.117589989
1200	0.14752515	0.177213345	0.117836955
1201	0.1477775	0.177509031	0.118045969
1202	0.14799975	0.177770439	0.118229061
1203	0.1482707	0.178082034	0.118459366
1204	0.1485565	0.178403645	0.118709355
1205	0.1488339	0.178716185	0.118951615
1206	0.149085	0.178999922	0.119170078
1207	0.14934785	0.179308682	0.119387018
1208	0.1495755	0.179592584	0.119558416
1209	0.14980835	0.179880355	0.119736345
1210	0.1500222	0.180135579	0.119908821
1211	0.1502523	0.180410701	0.120093899
1212	0.1505025	0.180706249	0.120298751
1213	0.1507544	0.181002596	0.120506204
1214	0.1510272	0.181338825	0.120715575
1215	0.1512955	0.181671103	0.120919897
1216	0.15157005	0.181999422	0.121140678
1217	0.1518463	0.182326368	0.121366232
1218	0.1521229	0.182649622	0.121596178
1219	0.1523948	0.182968309	0.121821291
1220	0.15264955	0.183251576	0.122047524
1221	0.15290055	0.183524062	0.122277038
1222	0.15314715	0.183801879	0.122492421
1223	0.1534119	0.184111536	0.122712264
1224	0.1536746	0.184417318	0.122931882
1225	0.15391825	0.1846978	0.1231387
1226	0.15416525	0.184995504	0.123334996
1227	0.1543888	0.185277589	0.123500011
1228	0.15463725	0.185584549	0.123689951
1229	0.1548965	0.18589687	0.12389613
1230	0.15517835	0.1862315	0.1241252
1231	0.1554666	0.186557112	0.124376088
1232	0.1557642	0.186894892	0.124633508
1233	0.15603165	0.187215481	0.124847819
1234	0.1562806	0.187517507	0.125043693
1235	0.1565383	0.187832512	0.125244088
1236	0.15678115	0.188127289	0.125435011
1237	0.15708125	0.188479443	0.125683057
1238	0.1573686	0.188818866	0.125918334
1239	0.15761045	0.18909068	0.12613022
1240	0.1578412	0.189342366	0.126340034
1241	0.1581281	0.189705715	0.126550485
1242	0.1584102	0.190079798	0.126740602
1243	0.15867435	0.190370179	0.126978521
1244	0.158927	0.19062086	0.12723314
1245	0.15919545	0.190942846	0.127448054
1246	0.15945095	0.191284818	0.127617082
1247	0.159724	0.191616486	0.127831514
1248	0.15998715	0.191902239	0.128072061
1249	0.160261	0.192213437	0.128308563
1250	0.16054025	0.192547236	0.128533264
1251	0.1608292	0.192892221	0.128766179
1252	0.16108345	0.193192705	0.128974195
1253	0.16134525	0.193499551	0.129190949
1254	0.16164935	0.193866718	0.129431982
1255	0.1619132	0.194185621	0.129640779
1256	0.1621156	0.194418987	0.129812213
1257	0.1623062	0.194641996	0.129970404
1258	0.16253765	0.194929656	0.130145644
1259	0.16277445	0.195221026	0.130327874
1260	0.1630473	0.195535007	0.130559593
1261	0.16333225	0.195864683	0.130799817
1262	0.16363115	0.196216603	0.131045697
1263	0.16392905	0.19657237	0.13128573
1264	0.1642116	0.196887762	0.131535438
1265	0.16449745	0.197191742	0.131803158
1266	0.16476945	0.197485454	0.132053446
1267	0.16501355	0.197751067	0.132276033
1268	0.1653132	0.198097725	0.132528675
1269	0.16562945	0.19847595	0.13278295
1270	0.1659233	0.198819427	0.133027173
1271	0.16617185	0.19909943	0.13324427
1272	0.1664288	0.199383037	0.133474563
1273	0.1666975	0.199674661	0.133720339
1274	0.16695675	0.199966537	0.133946963
1275	0.16725185	0.200315585	0.134188115
1276	0.16750805	0.200618905	0.134397195
1277	0.16775065	0.200911749	0.134589551
1278	0.16799065	0.201197042	0.134784258
1279	0.16829205	0.20154767	0.13503643
1280	0.1685657	0.201866878	0.135264522
1281	0.16881695	0.202164999	0.135468901
1282	0.1690482	0.202440596	0.135655804
1283	0.16931905	0.202775321	0.135862779
1284	0.1695754	0.203092617	0.136058183
1285	0.16979835	0.20336127	0.13623543
1286	0.17001805	0.203627317	0.136408783
1287	0.1702908	0.203951448	0.136630152
1288	0.17058105	0.204292298	0.136869802
1289	0.17083675	0.204595878	0.137077622
1290	0.1710665	0.204877789	0.137255211
1291	0.17133365	0.205212828	0.137454472
1292	0.17161585	0.205561802	0.137669898
1293	0.1718695	0.205878987	0.137860013
1294	0.172111	0.206183953	0.138038047
1295	0.1723634	0.206496145	0.138230655
1296	0.17262215	0.206804093	0.138440207
1297	0.17285505	0.207085147	0.138624953
1298	0.17309665	0.207384153	0.138809147
1299	0.17335455	0.207691239	0.139017861
1300	0.1736094	0.208005223	0.139213577
1301	0.17386495	0.208319976	0.139409924
1302	0.17407735	0.208545991	0.139608709
1303	0.17432825	0.208822223	0.139834277
1304	0.1745906	0.209136509	0.140044691
1305	0.1748421	0.209440176	0.140244024
1306	0.175005	0.209644176	0.140365824
1307	0.17521745	0.209903681	0.140531219
1308	0.17547335	0.210200208	0.140746492
1309	0.17573725	0.210506738	0.140967762
1310	0.1759636	0.210738044	0.141189156
1311	0.1761928	0.210963642	0.141421958
1312	0.17641585	0.211239591	0.141592109
1313	0.17666875	0.211561492	0.141776008
1314	0.1768939	0.21177318	0.14201462
1315	0.17710915	0.211959398	0.142258902
1316	0.17735925	0.212236557	0.142481943
1317	0.17759345	0.212509106	0.142677794
1318	0.17778545	0.212697345	0.142873555
1319	0.17795625	0.212860295	0.143052205
1320	0.17811755	0.213027555	0.143207545
1321	0.17831635	0.213221828	0.143410872
1322	0.178532	0.213432605	0.143631395
1323	0.1787432	0.21363246	0.14385394
1324	0.17895945	0.213842372	0.144076528
1325	0.1791489	0.214048363	0.144249437
1326	0.17931535	0.214239071	0.144391629
1327	0.17941415	0.214363251	0.144465049
1328	0.17953865	0.214511839	0.144565461
1329	0.17965165	0.214613565	0.144689735
1330	0.17980765	0.214750664	0.144864636
1331	0.18001235	0.21492697	0.14509773
1332	0.1802197	0.215126274	0.145313126
1333	0.18043385	0.215424926	0.145442774
1334	0.1806832	0.215757279	0.145609121
1335	0.1809656	0.216046409	0.145884791
1336	0.1812307	0.216308927	0.146152473
1337	0.1814821	0.216573491	0.146390709
1338	0.18173375	0.21684366	0.14662384
1339	0.181862	0.217014263	0.146709737
1340	0.18198235	0.217184453	0.146780247
1341	0.18218705	0.21743201	0.14694209
1342	0.1823862	0.217676046	0.147096354
1343	0.18241575	0.217723615	0.147107885
1344	0.18241475	0.217712232	0.147117268
1345	0.1822807	0.217600301	0.146961099
1346	0.1821504	0.217540063	0.146760737
1347	0.1820342	0.217427229	0.146641171
1348	0.18178165	0.217118932	0.146444368
1349	0.1814603	0.21669617	0.14622443
1350	0.1812149	0.216382865	0.146046935
1351	0.1808506	0.215940658	0.145760542
1352	0.18017475	0.215085175	0.145264325
1353	0.1794349	0.214455291	0.144414509
1354	0.1789089	0.214342658	0.143475142
1355	0.17833665	0.213891664	0.142781636
1356	0.1777565	0.212732233	0.142780767
1357	0.17649605	0.211098125	0.141893975
1358	0.1749871	0.210421582	0.139552618
1359	0.1720613	0.209076703	0.135045897
1360	0.17213115	0.207569928	0.136692372
1361	0.17343555	0.209883888	0.136987212
1362	0.17006715	0.211188414	0.128945886
1363	0.1638421	0.218519428	0.109164772
1364	0.1721015	0.235973672	0.108229328
1365	0.18660245	0.269895993	0.103308907
1366	0.17812285	0.240416107	0.115829593
1367	0.1662952	0.235369709	0.097220691
1368	0.16660025	0.220301302	0.112899198
1369	0.16736125	0.234450481	0.100272019
1370	0.16070855	0.220056311	0.101360789
1371	0.15427285	0.218644153	0.089901547
1372	0.15693715	0.207922276	0.105952024
1373	0.1651527	0.215885642	0.114419758
1374	0.1720535	0.221794697	0.122312303
1375	0.17289655	0.225478426	0.120314674
1376	0.16978185	0.222582826	0.116980874
1377	0.1679674	0.223475337	0.112459463
1378	0.17555185	0.226663058	0.124440642
1379	0.18808975	0.237634264	0.138545236
1380	0.1856668	0.231679335	0.139654265
1381	0.17424175	0.219677376	0.128806124
1382	0.1712232	0.213324014	0.129122386
1383	0.1722977	0.215203226	0.129392174
1384	0.17224515	0.216651227	0.127839073
1385	0.1733664	0.21911906	0.12761374
1386	0.16995395	0.211838691	0.128069209
1387	0.1611492	0.195740174	0.126558226
1388	0.1589585	0.191989094	0.125927906
1389	0.1647556	0.198618386	0.130892814
1390	0.16920275	0.20361147	0.13479403
1391	0.1730706	0.20702672	0.13911448
1392	0.1755021	0.210251036	0.140753164
1393	0.17435035	0.20856179	0.14013891
1394	0.17457455	0.209726616	0.139422484
1395	0.1794017	0.214738466	0.144064934
1396	0.182977	0.219875632	0.146078368
1397	0.18420025	0.220930785	0.147469715
1398	0.1847463	0.221651093	0.147841507
1399	0.1845954	0.221741415	0.147449385
1400	0.1849542	0.222664276	0.147244124
1401	0.1859368	0.223021289	0.148852311
1402	0.1865814	0.223554877	0.149607923
1403	0.1868338	0.223899039	0.149768561
1404	0.1871858	0.224697526	0.149674074
1405	0.1874541	0.224877959	0.150030241
1406	0.18750565	0.224923199	0.150088101
1407	0.18755615	0.224055025	0.151057275
1408	0.1878054	0.223508391	0.152102409
1409	0.1891012	0.224942883	0.153259517
1410	0.19012045	0.226367975	0.153872925
1411	0.19074765	0.227205912	0.154289388
1412	0.1911813	0.227675511	0.154687089
1413	0.19136405	0.228044215	0.154683885
1414	0.1915012	0.228411348	0.154591052
1415	0.19183985	0.228945325	0.154734375
1416	0.1924202	0.229772782	0.155067618
1417	0.1930715	0.230401574	0.155741426
1418	0.19335515	0.230529961	0.156180339
1419	0.1934906	0.230540476	0.156440724
1420	0.19380115	0.23077747	0.15682483
1421	0.194349	0.231392913	0.157305087
1422	0.1949233	0.232105739	0.157740861
1423	0.1952813	0.232609669	0.157952931
1424	0.1953524	0.232832228	0.157872572
1425	0.1955526	0.233182695	0.157922505
1426	0.19586655	0.233546086	0.158187014
1427	0.19616925	0.23377632	0.15856218
1428	0.19652235	0.234015427	0.159029273
1429	0.19673065	0.234208761	0.159252539
1430	0.1967737	0.234344113	0.159203287
1431	0.1969433	0.234575873	0.159310727
1432	0.19714535	0.234784576	0.159506124
1433	0.1972694	0.234912684	0.159626116
1434	0.1974032	0.235175285	0.159631115
1435	0.19755135	0.23544588	0.15965682
1436	0.19765605	0.235356707	0.159955393
1437	0.1978038	0.235331143	0.160276457
1438	0.19805885	0.235589884	0.160527816
1439	0.19830535	0.235861581	0.160749119
1440	0.19853355	0.236245663	0.160821437
1441	0.19878205	0.236631692	0.160932408
1442	0.19912615	0.236990847	0.161261453
1443	0.199433	0.237325468	0.161540532
1444	0.19974885	0.237698631	0.161799069
1445	0.20005045	0.23802872	0.16207218
1446	0.2003149	0.238263622	0.162366178
1447	0.2005547	0.238509722	0.162599678
1448	0.20096035	0.239075274	0.162845426
1449	0.20134895	0.239607894	0.163090006
1450	0.20180285	0.240112967	0.163492733
1451	0.2022558	0.240613532	0.163898068
1452	0.20276735	0.241218866	0.164315834
1453	0.2032185	0.241752404	0.164684596
1454	0.2036276	0.242158954	0.165096246
1455	0.20400375	0.242527851	0.165479649
1456	0.20431025	0.242917259	0.165703241
1457	0.20457245	0.24326252	0.16588238
1458	0.2048333	0.243623879	0.166042721
1459	0.20510565	0.244017705	0.166193595
1460	0.2053738	0.244324376	0.166423224
1461	0.20563165	0.244582112	0.166681188
1462	0.2059043	0.244879872	0.166928728
1463	0.2061785	0.245199264	0.167157736
1464	0.20635765	0.24541753	0.16729777
1465	0.20650555	0.245594782	0.167416318
1466	0.2066503	0.245724165	0.167576435
1467	0.20681575	0.245856196	0.167775304
1468	0.20707465	0.246191297	0.167958003
1469	0.2073972	0.246661952	0.168132448
1470	0.20774635	0.247052888	0.168439812
1471	0.20815325	0.247409549	0.168896951
1472	0.20855335	0.247827181	0.169279519
1473	0.2090117	0.248394251	0.169629149
1474	0.2094377	0.248895334	0.169980066
1475	0.209833	0.249343117	0.170322883
1476	0.21024985	0.249835392	0.170664308
1477	0.21070215	0.250379319	0.171024981
1478	0.21115695	0.250899317	0.171414583
1479	0.21159415	0.251364289	0.171824011
1480	0.21203915	0.251872486	0.172205814
1481	0.2124037	0.252330641	0.172476759
1482	0.21278195	0.252808744	0.172755156
1483	0.2132477	0.253388582	0.173106818
1484	0.2137172	0.253934366	0.173500034
1485	0.2141606	0.254402241	0.173918959
1486	0.21456545	0.254831656	0.174299244
1487	0.21501345	0.255307836	0.174719064
1488	0.2154555	0.255813056	0.175097944
1489	0.21591945	0.256397512	0.175441388
1490	0.21634425	0.256912723	0.175775777
1491	0.21681135	0.257457229	0.176165471
1492	0.2172084	0.257923929	0.176492871
1493	0.2176718	0.258477726	0.176865874
1494	0.2181002	0.258990292	0.177210108
1495	0.21848685	0.259436853	0.177536847
1496	0.21886335	0.259863699	0.177863001
1497	0.2192581	0.260302321	0.178213879
1498	0.2196376	0.260727023	0.178548177
1499	0.21997505	0.261094574	0.178855526
1500	0.2203269	0.261486672	0.179167128
1501	0.22069575	0.261969882	0.179421618
1502	0.22105955	0.262438027	0.179681073
1503	0.2214342	0.262850574	0.180017826
1504	0.2217806	0.263239109	0.180322091
1505	0.22212705	0.263671107	0.180582993
1506	0.2224945	0.264119271	0.180869729
1507	0.22287145	0.264535093	0.181207807
1508	0.2232369	0.264938298	0.181535502
1509	0.223619	0.265380897	0.181857103
1510	0.2239702	0.265791253	0.182149147
1511	0.22429455	0.26617119	0.18241791
1512	0.22459255	0.266519237	0.182665863
1513	0.22493625	0.266935184	0.182937316
1514	0.22529555	0.267368767	0.183222333
1515	0.2256078	0.267705159	0.183510441
1516	0.2259415	0.268061871	0.183821129
1517	0.2262703	0.268421702	0.184118898
1518	0.2265966	0.268787385	0.184405815
1519	0.22689015	0.269150611	0.184629689
1520	0.2271979	0.269528272	0.184867528
1521	0.2274893	0.269860272	0.185118328
1522	0.22778295	0.270196768	0.185369132
1523	0.2281093	0.270564307	0.185654293
1524	0.2284307	0.270923398	0.185938002
1525	0.228797	0.271352067	0.186241933
1526	0.2291441	0.271759913	0.186528287
1527	0.2294708	0.272136099	0.186805501
1528	0.22978855	0.272504165	0.187072935
1529	0.23012235	0.272871341	0.187373359
1530	0.2304398	0.273211432	0.187668168
1531	0.23074585	0.273580052	0.187911648
1532	0.231035	0.273939193	0.188130807
1533	0.23132445	0.274279238	0.188369662
1534	0.23164985	0.274653794	0.188645906
1535	0.2319733	0.275041524	0.188905076
1536	0.2322669	0.275402486	0.189131314
1537	0.2325594	0.275718083	0.189400717
1538	0.23283875	0.276002381	0.189675119
1539	0.2331285	0.276339563	0.189917437
1540	0.23345315	0.276731814	0.190174486
1541	0.23376985	0.277110658	0.190429042
1542	0.2340811	0.277484939	0.190677261
1543	0.23440485	0.277863884	0.190945816
1544	0.23470795	0.278212138	0.191203762
1545	0.2349929	0.278532386	0.191453414
1546	0.23526525	0.278834254	0.191696246
1547	0.2355395	0.279178744	0.191900256
1548	0.2358217	0.279550765	0.192092635
1549	0.2360779	0.279838758	0.192317042
1550	0.2363323	0.280099692	0.192564908
1551	0.23659005	0.280386449	0.192793651
1552	0.2368456	0.280684334	0.193006866
1553	0.2371139	0.280991499	0.193236301
1554	0.23739035	0.281303511	0.193477189
1555	0.2376189	0.28156048	0.19367732
1556	0.23783295	0.281796838	0.193869062
1557	0.238106	0.28209078	0.19412122
1558	0.2384045	0.282417346	0.194391654
1559	0.2386576	0.2827058	0.1946094
1560	0.23892745	0.28301586	0.19483904
1561	0.23923095	0.283369188	0.195092712
1562	0.23952385	0.28371533	0.19533237
1563	0.23981955	0.284061171	0.195577929
1564	0.2400789	0.284362434	0.195795366
1565	0.24036495	0.284698066	0.196031834
1566	0.2406394	0.285019424	0.196259376
1567	0.24091595	0.285336049	0.196495851
1568	0.24115055	0.285598787	0.196702313
1569	0.24143855	0.285925613	0.196951487
1570	0.2417235	0.286248412	0.197198588
1571	0.24195175	0.286530542	0.197372958
1572	0.2421656	0.286814874	0.197516326
1573	0.242405	0.287105775	0.197704225
1574	0.24266815	0.287408994	0.197927306
1575	0.2429521	0.287721573	0.198182627
1576	0.2432431	0.288029661	0.198456539
1577	0.24351775	0.288346041	0.198689459
1578	0.2437604	0.288648269	0.198872531
1579	0.24405175	0.288974342	0.199129158
1580	0.2443103	0.28923586	0.19938474
1581	0.2446016	0.289560171	0.199643029
1582	0.2448793	0.289881286	0.199877314
1583	0.2451564	0.290200906	0.200111894
1584	0.2454334	0.290522284	0.200344516
1585	0.2457375	0.29086754	0.20060746
1586	0.24601485	0.291175138	0.200854562
1587	0.2462638	0.291480532	0.201047068
1588	0.24649445	0.291784678	0.201204222
1589	0.24674605	0.292067883	0.201424217
1590	0.24701145	0.292335724	0.201687176
1591	0.24730555	0.292646741	0.201964359
1592	0.2475961	0.292963261	0.202228939
1593	0.2478826	0.2932954	0.2024698
1594	0.24812575	0.293585445	0.202666055
1595	0.24842495	0.293931916	0.202917984
1596	0.24874205	0.29429521	0.20318889
1597	0.2490755	0.294683077	0.203467923
1598	0.24938105	0.295041607	0.203720493
1599	0.2496627	0.295363646	0.203961754
1600	0.24990495	0.295632102	0.204177798
1601	0.2501793	0.295939293	0.204419307
1602	0.2504323	0.296223391	0.204641209
1603	0.25072355	0.296545633	0.204901467
1604	0.2510267	0.296874975	0.205178425
1605	0.2512529	0.297138866	0.205366934
1606	0.2514057	0.297334469	0.205476931
1607	0.251681	0.297674892	0.205687108
1608	0.25198525	0.298050298	0.205920202
1609	0.2522778	0.298366157	0.206189443
1610	0.25252465	0.298600346	0.206448954
1611	0.25278115	0.298921423	0.206640877
1612	0.25300195	0.299241197	0.206762703
1613	0.2532598	0.299532253	0.206987347
1614	0.25349745	0.29976227	0.20723263
1615	0.25374205	0.300043701	0.207440399
1616	0.25397565	0.300334165	0.207617135
1617	0.254249	0.300661118	0.207836882
1618	0.25457885	0.30105031	0.20810739
1619	0.25481875	0.301322643	0.208314857
1620	0.2550184	0.301542098	0.208494702
1621	0.2551447	0.301662971	0.208626429
1622	0.25527585	0.301785087	0.208766613
1623	0.25547055	0.30197483	0.20896627
1624	0.2556916	0.302192769	0.209190431
1625	0.2558816	0.302408303	0.209354897
1626	0.2560961	0.302666644	0.209525556
1627	0.2562815	0.302892069	0.209670931
1628	0.2564925	0.303148253	0.209836747
1629	0.25670775	0.303382365	0.210033135
1630	0.2569614	0.303652286	0.210270514
1631	0.2571313	0.303844443	0.210418157
1632	0.25724895	0.303981934	0.210515966
1633	0.25745025	0.304211368	0.210689132
1634	0.25767045	0.304461682	0.210879218
1635	0.2578806	0.304716775	0.211044425
1636	0.2580638	0.304944975	0.211182625
1637	0.25828915	0.305182665	0.211395635
1638	0.25849375	0.305385758	0.211601742
1639	0.2587198	0.305625708	0.211813892
1640	0.2589196	0.305837312	0.212001888
1641	0.2591513	0.306119319	0.212183281
1642	0.25939025	0.30641584	0.21236466
1643	0.2595738	0.306599369	0.212548231
1644	0.25971705	0.306727952	0.212706148
1645	0.25986775	0.306927573	0.212807927
1646	0.2599907	0.30710356	0.21287784
1647	0.2601334	0.307251539	0.213015261
1648	0.26027925	0.307398384	0.213160116
1649	0.26041445	0.307556141	0.213272759
1650	0.260519	0.307678179	0.213359821
1651	0.260606	0.307806684	0.213405316
1652	0.2606904	0.307934754	0.213446046
1653	0.2608011	0.307998992	0.213603208
1654	0.26094025	0.30809334	0.21378716
1655	0.26097895	0.308153372	0.213804528
1656	0.2609883	0.308180825	0.213795775
1657	0.26114775	0.308340514	0.213954986
1658	0.26131025	0.308503824	0.214116676
1659	0.26138135	0.308599515	0.214163185
1660	0.2614207	0.308658802	0.214182598
1661	0.26143495	0.308672494	0.214197406
1662	0.26148815	0.308729841	0.214246459
1663	0.2616183	0.308869564	0.214367036
1664	0.2617736	0.309044367	0.214502833
1665	0.26188455	0.309207366	0.214561734
1666	0.2620233	0.309399683	0.214646917
1667	0.26217625	0.3095797	0.2147728
1668	0.2623443	0.309769043	0.214919557
1669	0.26257835	0.309983975	0.215172725
1670	0.2627977	0.310188062	0.215407338
1671	0.26297675	0.310372024	0.215581476
1672	0.2631598	0.310560438	0.215759162
1673	0.26334705	0.310758425	0.215935675
1674	0.2635291	0.310962555	0.216095645
1675	0.263797	0.311303703	0.216290297
1676	0.2640522	0.311619917	0.216484483
1677	0.2642346	0.311826888	0.216642312
1678	0.264456	0.312069629	0.216842371
1679	0.2648023	0.312422159	0.217182441
1680	0.26509625	0.31273046	0.21746204
1681	0.2653266	0.313008738	0.217644462
1682	0.26555855	0.313275906	0.217841194
1683	0.26583	0.313570275	0.218089725
1684	0.2660745	0.313844584	0.218304416
1685	0.26631755	0.314131097	0.218504003
1686	0.26655555	0.314400745	0.218710355
1687	0.26677665	0.314638232	0.218915068
1688	0.2670131	0.314898943	0.219127257
1689	0.26730475	0.31522392	0.21938558
1690	0.2675771	0.3155428	0.2196114
1691	0.2678802	0.315923927	0.219836473
1692	0.26807585	0.316167096	0.219984604
1693	0.2681918	0.316303881	0.220079719
1694	0.26838525	0.316518573	0.220251927
1695	0.2686803	0.316836974	0.220523626
1696	0.2689328	0.317111034	0.220754566
1697	0.2691237	0.317318919	0.220928481
1698	0.26937995	0.317596655	0.221163245
1699	0.2697053	0.317952256	0.221458344
1700	0.26997585	0.318300328	0.221651372
1701	0.2702645	0.318703719	0.221825281
1702	0.2705174	0.318986337	0.222048463
1703	0.2707953	0.319262339	0.222328261
1704	0.27101285	0.319518186	0.222507514
1705	0.2711711	0.319721049	0.222621151
1706	0.27144545	0.320074284	0.222816616
1707	0.27171105	0.320420708	0.223001392
1708	0.2719869	0.320742616	0.223231184
1709	0.27222575	0.321012405	0.223439095
1710	0.27247255	0.321280858	0.223664242
1711	0.27270345	0.321529247	0.223877653
1712	0.2729277	0.321807367	0.224048033
1713	0.27315485	0.322098042	0.224211658
1714	0.2734239	0.322425624	0.224422176
1715	0.2736707	0.322720268	0.224621132
1716	0.27390025	0.322975281	0.224825219
1717	0.27408295	0.32317879	0.22498711
1718	0.2741502	0.323226914	0.225073486
1719	0.2742597	0.323324137	0.225195263
1720	0.2744462	0.32353712	0.22535528
1721	0.27460525	0.323720235	0.225490265
1722	0.2747771	0.323894258	0.225659942
1723	0.27493115	0.324041408	0.225820892
1724	0.27499955	0.324121339	0.225877761
1725	0.2751361	0.324290578	0.225981622
1726	0.2753178	0.324519298	0.226116302
1727	0.27548675	0.324718615	0.226254885
1728	0.27566525	0.324893723	0.226436777
1729	0.27583215	0.32507157	0.22659273
1730	0.27596165	0.325248818	0.226674482
1731	0.2761302	0.325461965	0.226798435
1732	0.27637825	0.325740841	0.227015659
1733	0.2766588	0.326069929	0.227247671
1734	0.2769586	0.326439402	0.227477798
1735	0.27729335	0.326824679	0.227762021
1736	0.2775597	0.327090615	0.228028785
1737	0.27781785	0.327370796	0.228264904
1738	0.27808075	0.32768819	0.22847331
1739	0.2783742	0.328006465	0.228741935
1740	0.27864995	0.328276849	0.229023051
1741	0.2789105	0.328539477	0.229281523
1742	0.27921115	0.328849405	0.229572895
1743	0.2794755	0.329125055	0.229825945
1744	0.27969665	0.329364406	0.230028894
1745	0.2798459	0.329547635	0.230144165
1746	0.2799988	0.329740715	0.230256885
1747	0.2802858	0.3300423	0.2305293
1748	0.2806329	0.33039575	0.23087005
1749	0.2807754	0.330565996	0.230984804
1750	0.28087395	0.330701463	0.231046437
1751	0.2811125	0.33099842	0.23122658
1752	0.28136125	0.331305345	0.231417155
1753	0.28164675	0.331650821	0.231642679
1754	0.2819692	0.332041717	0.231896683
1755	0.28215995	0.332226264	0.232093636
1756	0.28238795	0.33245973	0.23231617
1757	0.28257215	0.332708005	0.232436295
1758	0.28274595	0.332942473	0.232549427
1759	0.2829515	0.333197786	0.232705214
1760	0.2832144	0.333516899	0.232911901
1761	0.2834785	0.333813113	0.233143887
1762	0.28372015	0.334076868	0.233363432
1763	0.2839714	0.334324756	0.233618044
1764	0.28423775	0.334611171	0.233864329
1765	0.28447125	0.334928926	0.234013574
1766	0.2847502	0.335277101	0.234223299
1767	0.28501965	0.335539231	0.234500069
1768	0.285241	0.335781081	0.234700919
1769	0.285406	0.336040652	0.234771348
1770	0.28559255	0.336281487	0.234903613
1771	0.28583505	0.336508518	0.235161582
1772	0.28610835	0.336780483	0.235436217
1773	0.28635175	0.337067284	0.235636216
1774	0.2865766	0.33734988	0.23580332
1775	0.28680405	0.337610606	0.235997494
1776	0.287046	0.337919164	0.236172836
1777	0.2873035	0.338290217	0.236316783
1778	0.28762485	0.338672663	0.236577037
1779	0.28796505	0.339026397	0.236903703
1780	0.2881511	0.339213753	0.237088447
1781	0.2882508	0.339302719	0.237198881
1782	0.2884921	0.339545349	0.237438851
1783	0.2887899	0.339865818	0.237713982
1784	0.28901085	0.340156214	0.237865486
1785	0.2891565	0.340354118	0.237958882
1786	0.2893967	0.340667985	0.238125415
1787	0.28965575	0.341025664	0.238285836
1788	0.28987635	0.341138851	0.238613849
1789	0.2900826	0.341222683	0.238942517
1790	0.29016925	0.34143373	0.23890477
1791	0.2903069	0.341696888	0.238916912
1792	0.29057185	0.341902043	0.239241657
1793	0.29084045	0.342154824	0.239526076
1794	0.2910825	0.342606152	0.239558848
1795	0.29123045	0.342899373	0.239561527
1796	0.29132985	0.342859408	0.239800292
1797	0.29142725	0.342892961	0.239961539
1798	0.29127775	0.342869631	0.239685869
1799	0.2911285	0.342800889	0.239456111
1800	0.29092615	0.342576341	0.239275959
1801	0.29198275	0.347284431	0.236681069
1802	0.293347	0.352125408	0.234568592
1803	0.29123105	0.350188783	0.232273317
1804	0.28828965	0.346719497	0.229859803
1805	0.28664255	0.343200896	0.230084204
1806	0.2855766	0.340775515	0.230377685
1807	0.28207285	0.338675997	0.225469703
1808	0.28095315	0.340539919	0.221366381
1809	0.28616805	0.348518991	0.223817109
1810	0.29062665	0.355431745	0.225821555
1811	0.2911677	0.357334722	0.225000678
1812	0.2912056	0.356260014	0.226151186
1813	0.2920759	0.357436427	0.226715373
1814	0.29339615	0.361747646	0.225044654
1815	0.2971621	0.37323372	0.22109048
1816	0.3055076	0.390254472	0.220760728
1817	0.3014256	0.388889324	0.213961876
1818	0.293338	0.379037208	0.207638792
1819	0.29051375	0.376718441	0.204309059
1820	0.29436575	0.378113789	0.210617711
1821	0.30000745	0.378663388	0.221351512
1822	0.2999055	0.385626999	0.214184001
1823	0.2941481	0.389620652	0.198675548
1824	0.2987973	0.418078886	0.179515714
1825	0.3341315	0.491274064	0.176988936
1826	0.38988195	0.59905569	0.18070821
1827	0.45734795	0.727224529	0.187471371
1828	0.54879445	0.876546355	0.221042545
1829	0.63527405	0.996417916	0.274130184
1830	0.7700365	1.16847296	0.37160004
1831	1.23869835	1.87490555	0.60249115
1832	3.2506697	5.142322954	1.359016446
1833	7.6020149	12.56352301	2.640506794
1834	2.73614005	4.651327732	0.820952368
1835	1.18044375	2.049985201	0.310902299
1836	1.30652865	2.239489399	0.373567901
1837	2.03694715	3.568488997	0.505405303
1838	2.50511105	4.58158435	0.42863775
1839	2.86926245	5.381990263	0.356534637
1840	6.1012555	11.49422526	0.708285745
1841	10.71321165	20.88251274	0.543910556
1842	1.73932705	3.460742231	0.017911869
1843	0.94992005	1.819611037	0.080229063
1844	1.35530865	2.698415837	0.012201463
1845	2.371776	4.850243883	-0.106691883
1846	2.29502065	4.666470758	-0.076429458
1847	2.13102075	4.188315436	0.073726064
1848	2.58759595	5.000234122	0.174957778
1849	3.7040797	7.000851208	0.407308192
1850	8.17330985	15.53648908	0.810130624
1851	161.6326475	320.5180955	2.747199392
1852	85.3873485	172.010377	-1.235680027
1853	124.4548572	252.8415644	-3.931850126
1854	370.0879781	734.8174565	5.358499691
1855	0	0	0
1856	2.24526435	4.137134213	0.353394487
1857	0.9479977	1.728206692	0.167788708
1858	0.90622705	1.673137737	0.139316363
1859	2.02679875	3.910218701	0.143378799
1860	0	0	0
1861	0	0	0
1862	56.44709715	115.8000575	-2.90586316
1863	23.91757735	46.07771496	1.757439735
1864	4.36186145	8.236825758	0.486897142
1865	1.0562625	1.918246943	0.194278057
1866	0.65137235	1.189975987	0.112768713
1867	0.6429283	1.155831018	0.130025582
1868	0.66523605	1.212840897	0.117631203
1869	0.751025	1.294809232	0.207240768
1870	0.8248163	1.348425726	0.301206874
1871	0.76049815	1.24229524	0.27870106
1872	1.1991257	1.835304021	0.562947379
1873	1.9928693	3.032601118	0.953137482
1874	1.3303435	2.119874044	0.540812956
1875	0.9763707	1.690555531	0.262185869
1876	1.4018317	2.407114708	0.396548692
1877	2.15626105	3.684226908	0.628295192
1878	1.5333689	2.633854558	0.432883242
1879	1.35817165	2.477297139	0.239046161
1880	0.8362065	1.57364329	0.09876971
1881	0.49093105	0.878478708	0.103383392
1882	0.38569845	0.680925075	0.090471825
1883	0.49223615	0.792435061	0.192037239
1884	0.70433675	1.08903849	0.31963501
1885	0.8160023	1.30573554	0.32626906
1886	0.81307235	1.39818823	0.22795647
1887	0.5886027	1.012159296	0.165046104
1888	0.44924535	0.753114488	0.145376212
1889	0.4285639	0.7025243	0.1546035
1890	0.461046	0.705279795	0.216812205
1891	0.47038035	0.693763334	0.246997366
1892	0.43922675	0.643855521	0.234597979
1893	0.418791	0.652358631	0.185223369
1894	0.4291495	0.661537435	0.196761565
1895	0.4375654	0.674472794	0.200658006
1896	0.5459689	0.81050426	0.28143354
1897	0.77353155	1.168467209	0.378595891
1898	0.9599293	1.460416444	0.459442156
1899	1.3179749	2.036467923	0.599481877
1900	2.1003708	3.537295301	0.663446299
1901	2.1494258	3.605650195	0.693201405
1902	2.2454855	3.932222488	0.558748512
1903	3.8074	6.365108556	1.249691444
1904	14.16047585	24.18749275	4.133458954
1905	3.6364875	6.042896636	1.230078364
1906	1.6948107	2.932821018	0.456800382
1907	1.08058385	1.89288799	0.26827971
1908	0.69979225	1.1731528	0.2264317
1909	0.5501133	0.876008824	0.224217776
1910	0.5127625	0.767196817	0.258328183
1911	0.48800025	0.731480987	0.244519513
1912	0.54849405	0.779657906	0.317330194
1913	0.60427395	0.869526956	0.339020944
1914	0.44279865	0.617737192	0.267860108
1915	0.34921185	0.492532233	0.205891467
1916	0.3089578	0.430690966	0.187224634
1917	0.28339975	0.394379334	0.172420166
1918	0.2786768	0.383393564	0.173960036
1919	0.28736795	0.387949013	0.186786887
1920	0.2956207	0.399269856	0.191971544
1921	0.30798645	0.40276139	0.21321151
1922	0.31751765	0.415184642	0.219850658
1923	0.30949555	0.394625778	0.224365322
1924	0.3023688	0.388815334	0.215922266
1925	0.2965721	0.371455522	0.221688678
1926	0.2926993	0.359295269	0.226103331
1927	0.2931547	0.35369269	0.23261671
1928	0.2935669	0.352769273	0.234364527
1929	0.29362955	0.357878202	0.229380898
1930	0.29354475	0.359563167	0.227526333
1931	0.29288175	0.360313853	0.225449647
1932	0.29377325	0.359096586	0.228449914
1933	0.29452445	0.361366411	0.227682489
1934	0.2912116	0.354122734	0.228300466
1935	0.28812925	0.34935143	0.22690707
1936	0.2916187	0.352804518	0.230432882
1937	0.29708095	0.359356837	0.234805063
1938	0.300204	0.362150864	0.238257136
1939	0.30093385	0.360461387	0.241406313
1940	0.30122785	0.35958727	0.24286843
1941	0.300468	0.359694215	0.241241785
1942	0.2997291	0.360207929	0.239250271
1943	0.2973608	0.356722406	0.237999194
1944	0.29533275	0.354425763	0.236239737
1945	0.29741625	0.355055949	0.239776551
1946	0.30017675	0.356328272	0.244025228
1947	0.30182095	0.358278191	0.245363709
1948	0.30288545	0.361103127	0.244667773
1949	0.30459555	0.363680539	0.245510561
1950	0.3073462	0.365826	0.2488664
1951	0.3095338	0.367662391	0.251405209
1952	0.3096757	0.366884478	0.252466922
1953	0.3097786	0.366239183	0.253318017
1954	0.3086833	0.365332027	0.252034573
1955	0.30759145	0.364573108	0.250609792
1956	0.3063992	0.362813051	0.249985349
1957	0.30531645	0.361131896	0.249501004
1958	0.30570075	0.361270766	0.250130734
1959	0.3070359	0.362564812	0.251506988
1960	0.30754725	0.363142547	0.251951953
1961	0.30686985	0.36271866	0.25102104
1962	0.30671065	0.362973021	0.250448279
1963	0.30879335	0.366081711	0.251504989
1964	0.31059465	0.36882456	0.25236474
1965	0.31072935	0.368870125	0.252588575
1966	0.3107489	0.368801161	0.252696639
1967	0.3106445	0.368352964	0.252936036
1968	0.31046445	0.367777189	0.253151711
1969	0.3105059	0.367622197	0.253389603
1970	0.3107481	0.367831719	0.253664481
1971	0.31100815	0.367989118	0.254027182
1972	0.3113993	0.368114272	0.254684328
1973	0.31172195	0.368196823	0.255247077
1974	0.31200245	0.36825728	0.25574762
1975	0.3122248	0.368283726	0.256165874
1976	0.31247485	0.368943148	0.256006552
1977	0.3127036	0.369620011	0.255787189
1978	0.31272385	0.369696818	0.255750882
1979	0.31265685	0.369549268	0.255764432
1980	0.3129349	0.369911662	0.255958138
1981	0.31348775	0.370678728	0.256296772
1982	0.313934	0.37133428	0.25653372
1983	0.3142241	0.371866045	0.256582155
1984	0.3145562	0.372410615	0.256701785
1985	0.3154246	0.373314238	0.257534962
1986	0.3162481	0.374176383	0.258319817
1987	0.31635565	0.374354022	0.258357278
1988	0.31652025	0.374616582	0.258423918
1989	0.3168605	0.374859683	0.258861317
1990	0.31728015	0.375076985	0.259483315
1991	0.3178077	0.375628581	0.259986819
1992	0.31848025	0.376561271	0.260399229
1993	0.31904815	0.377336982	0.260759318
1994	0.319321	0.377735308	0.260906692
1995	0.31961525	0.378173254	0.261057246
1996	0.31989595	0.378550966	0.261240934
1997	0.3202509	0.379046618	0.261455182
1998	0.3212389	0.379949873	0.262527927
1999	0.32235155	0.380945628	0.263757472
2000	0.32223525	0.380501548	0.263968952
2001	0.3218326	0.379713852	0.263951348
2002	0.3217802	0.379660646	0.263899754
2003	0.32211775	0.380303112	0.263932388
2004	0.32287105	0.381178341	0.264563759
2005	0.32437225	0.382402629	0.266341871
2006	0.3257437	0.383657328	0.267830072
2007	0.3261037	0.384318371	0.267889029
2008	0.32631775	0.384952696	0.267682804
2009	0.32441995	0.383534224	0.265305676
2010	0.32244575	0.382057563	0.262833937
2011	0.32228615	0.382641223	0.261931077
2012	0.32240125	0.383656504	0.261145996
2013	0.3226974	0.383766157	0.261628643
2014	0.32313235	0.383592944	0.262671756
2015	0.32362765	0.383811863	0.263443437
2016	0.3239045	0.383858519	0.263950481
2017	0.32384655	0.383559216	0.264133884
2018	0.3233147	0.382689256	0.263940144
2019	0.322932	0.382028627	0.263835373
2020	0.3236909	0.382846382	0.264535418
2021	0.3244054	0.383664969	0.265145831
2022	0.3251148	0.384687162	0.265542438
2023	0.32578555	0.385664512	0.265906588
2024	0.3262086	0.386133692	0.266283508
2025	0.32637865	0.386202507	0.266554793
2026	0.3263994	0.386173829	0.266624971
2027	0.3265002	0.386321049	0.266679351
2028	0.32641145	0.38616496	0.26665794
2029	0.3261124	0.38561643	0.26660837
2030	0.32584045	0.3850802	0.2666007
2031	0.32545975	0.384582994	0.266336506
2032	0.32514615	0.384168029	0.266124271
2033	0.32525525	0.384077569	0.266432931
2034	0.32539285	0.383998281	0.266787419
2035	0.32538585	0.384084134	0.266687566
2036	0.3253252	0.384185061	0.266465339
2037	0.32542705	0.384312546	0.266541554
2038	0.3256758	0.384508394	0.266843206
2039	0.3258496	0.384690385	0.267008815
2040	0.3261856	0.385192308	0.267178892
2041	0.3264656	0.385564674	0.267366526
2042	0.32654885	0.385514724	0.267582976
2043	0.3266153	0.38544638	0.26778422
2044	0.326304	0.384831666	0.267776334
2045	0.32595265	0.384162298	0.267743002
2046	0.32593545	0.383998809	0.267872091
2047	0.3259948	0.383951948	0.268037652
2048	0.32574865	0.383701932	0.267795368
2049	0.32539555	0.383342789	0.267448311
2050	0.32524065	0.383076835	0.267404465
2051	0.32523265	0.382955284	0.267510016
2052	0.3252724	0.382967452	0.267577348
2053	0.32577025	0.383726863	0.267813637
2054	0.3263222	0.384566756	0.268077644
2055	0.32685285	0.385498879	0.268206821
2056	0.32730535	0.38626585	0.26834485
2057	0.32732175	0.386196487	0.268447013
2058	0.3272733	0.386117643	0.268428957
2059	0.3271742	0.386119198	0.268229202
2060	0.327095	0.386010766	0.268179234
2061	0.32677545	0.385467955	0.268082945
2062	0.3263964	0.384924264	0.267868536
2063	0.32603305	0.384529044	0.267537056
2064	0.3257319	0.384320687	0.267143113
2065	0.325297	0.383941293	0.266652707
2066	0.32471125	0.383517593	0.265904907
2067	0.3245453	0.383543242	0.265547358
2068	0.3246703	0.38329135	0.26604925
2069	0.32474445	0.382907753	0.266581147
2070	0.3247037	0.382544285	0.266863115
2071	0.3246136	0.382254358	0.266972842
2072	0.3244778	0.382153164	0.266802436
2073	0.3243328	0.382021416	0.266644184
2074	0.3242494	0.382052337	0.266446463
2075	0.32422205	0.382135613	0.266308487
2076	0.3240599	0.382094855	0.266024945
2077	0.3239473	0.382152329	0.265742271
2078	0.32390705	0.38207762	0.26573648
2079	0.32388335	0.381869014	0.265897686
2080	0.32378905	0.381697098	0.265881002
2081	0.32341375	0.381315049	0.265512451
2082	0.32310475	0.380932103	0.265277397
2083	0.322947	0.380553923	0.265340077
2084	0.3229105	0.380349489	0.265471511
2085	0.3233546	0.380923881	0.265785319
2086	0.32384215	0.381604998	0.266079302
2087	0.3239598	0.381896318	0.266023282
2088	0.3239577	0.381993814	0.265921586
2089	0.32384035	0.381824672	0.265856028
2090	0.323748	0.381665141	0.265830859
2091	0.3239163	0.381586577	0.266246023
2092	0.3240536	0.381463561	0.266643639
2093	0.32416165	0.381524307	0.266798993
2094	0.323847	0.381279049	0.266414951
2095	0.32352865	0.380970231	0.266087069
2096	0.32347235	0.380613043	0.266331657
2097	0.3233499	0.380276303	0.266423497
2098	0.3230611	0.380181611	0.265940589
2099	0.32280435	0.380148126	0.265460574
2100	0.32289385	0.380328499	0.265459201
2101	0.3230216	0.38054603	0.26549717
2102	0.32281225	0.380322245	0.265302255
2103	0.3225577	0.380131585	0.264983815
2104	0.3225268	0.380146659	0.264906941
2105	0.3226722	0.380314637	0.265029763
2106	0.3226215	0.380244063	0.264998937
2107	0.32236855	0.37996166	0.26477544
2108	0.3222133	0.379905237	0.264521363
2109	0.32216965	0.379916935	0.264422365
2110	0.322019	0.379786266	0.264251734
2111	0.3218979	0.379752208	0.264043592
2112	0.3218106	0.379713554	0.263907646
2113	0.3216635	0.379381771	0.263945229
2114	0.32151955	0.379060597	0.263978503
2115	0.3214148	0.378946448	0.263883152
2116	0.32135195	0.37889078	0.26381312
2117	0.32156435	0.37903052	0.26409818
2118	0.32187675	0.379187902	0.264565598
2119	0.3220486	0.379197745	0.264899455
2120	0.3219298	0.378959479	0.264900121
2121	0.3217988	0.378794843	0.264802757
2122	0.32196345	0.379069789	0.264857111
2123	0.3220589	0.379214473	0.264903327
2124	0.32209005	0.379137234	0.265042866
2125	0.32207285	0.379060525	0.265085175
2126	0.3219155	0.378965242	0.264865758
2127	0.32165845	0.378742839	0.264574061
2128	0.321466	0.378496562	0.264435438
2129	0.32142115	0.37842926	0.26441304
2130	0.32169665	0.378910086	0.264483214
2131	0.3218006	0.379227507	0.264373693
2132	0.3219718	0.379511951	0.264431649
2133	0.32219675	0.379775339	0.264618161
2134	0.3223039	0.37975499	0.26485281
2135	0.32238265	0.379757209	0.265008091
2136	0.3224104	0.379760967	0.265059833
2137	0.3223809	0.379807892	0.264953908
2138	0.32237075	0.379875785	0.264865715
2139	0.3225154	0.379965264	0.265065536
2140	0.3226708	0.380120449	0.265221151
2141	0.32313045	0.380706946	0.265553954
2142	0.32356535	0.381269777	0.265860923
2143	0.32374545	0.381565804	0.265925096
2144	0.32382875	0.381750315	0.265907185
2145	0.32373345	0.381690856	0.265776044
2146	0.32366705	0.38169511	0.26563899
2147	0.32384325	0.381710281	0.265976219
2148	0.3239848	0.381581955	0.266387645
2149	0.32397595	0.381492251	0.266459649
2150	0.3239427	0.38139942	0.26648598
2151	0.3240079	0.381473481	0.266542319
2152	0.3240037	0.381639406	0.266367994
2153	0.32410955	0.38189179	0.26632731
2154	0.32459055	0.38254766	0.26663344
2155	0.3249779	0.383020293	0.266935507
2156	0.32516785	0.383116473	0.267219227
2157	0.32534725	0.383314762	0.267379738
2158	0.32540415	0.383519951	0.267288349
2159	0.32560625	0.383839159	0.267373341
2160	0.3263597	0.384637347	0.268082053
2161	0.3271677	0.385496641	0.268838759
2162	0.3278252	0.386201736	0.269448664
2163	0.3283127	0.386669605	0.269955795
2164	0.3288149	0.38712677	0.27050303
2165	0.32922445	0.387639672	0.270809228
2166	0.329189	0.387704755	0.270673245
2167	0.32909975	0.387671377	0.270528123
2168	0.32920255	0.387658087	0.270747013
2169	0.3294938	0.387696766	0.271290834
2170	0.33008195	0.388240679	0.271923221
2171	0.33074045	0.388984927	0.272495973
2172	0.331095	0.389352028	0.272837972
2173	0.3313343	0.389443702	0.273224898
2174	0.3317278	0.38970297	0.27375263
2175	0.3317528	0.389699727	0.273805873
2176	0.3316703	0.389649762	0.273690838
2177	0.3318294	0.390048231	0.273610569
2178	0.33210035	0.390621409	0.273579291
2179	0.3324005	0.391034138	0.273766862
2180	0.33264895	0.391266778	0.274031122
2181	0.33292935	0.391611559	0.274247141
2182	0.33335595	0.392175869	0.274536031
2183	0.3338652	0.39289617	0.27483423
2184	0.3342048	0.393431616	0.274977984
2185	0.3341208	0.393233598	0.275008002
2186	0.33363825	0.392466832	0.274809668
2187	0.33345135	0.392192733	0.274709967
2188	0.33388325	0.392711899	0.275054601
2189	0.3343029	0.393183949	0.275421851
2190	0.33461345	0.393478976	0.275747924
2191	0.335043	0.394036029	0.276049971
2192	0.3355222	0.39480276	0.27624164
2193	0.3358224	0.395259297	0.276385503
2194	0.335839	0.395196001	0.276481999
2195	0.33599705	0.395305754	0.276688346
2196	0.3362126	0.395411572	0.277013628
2197	0.33633215	0.395428028	0.277236272
2198	0.33632315	0.395386769	0.277259531
2199	0.33616215	0.395178326	0.277145974
2200	0.3362613	0.395346044	0.277176556
2201	0.336484	0.39562696	0.27734104
2202	0.33680835	0.396104602	0.277512098
2203	0.3372258	0.396722551	0.277729049
2204	0.3374045	0.397044818	0.277764182
2205	0.3376253	0.397376893	0.277873707
2206	0.33780055	0.397566787	0.278034313
2207	0.3379956	0.397899328	0.278091872
2208	0.3381558	0.398169449	0.278142151
2209	0.3381381	0.398003051	0.278273149
2210	0.3383565	0.398092279	0.278620721
2211	0.33878815	0.398388274	0.279188026
2212	0.3390355	0.398460148	0.279610852
2213	0.33911255	0.398437334	0.279787766
2214	0.3391547	0.398469916	0.279839484
2215	0.33923595	0.398617748	0.279854152
2216	0.3394787	0.398883061	0.280074339
2217	0.3397612	0.399368208	0.280154192
2218	0.33995255	0.399861844	0.280043256
2219	0.34012415	0.400074491	0.280173809
2220	0.3401557	0.400002296	0.280309104
2221	0.3400355	0.399684368	0.280386632
2222	0.3398431	0.399276002	0.280410198
2223	0.33995495	0.399345086	0.280564814
2224	0.3400812	0.399543284	0.280619116
2225	0.3399943	0.399398757	0.280589843
2226	0.33980365	0.399194822	0.280412478
2227	0.3391852	0.39857298	0.27979742
2228	0.33887225	0.39818031	0.27956419
2229	0.33884535	0.398131674	0.279559026
2230	0.33909755	0.39846279	0.27973231
2231	0.3392748	0.39873392	0.27981568
2232	0.3389142	0.398497756	0.279330644
2233	0.33855415	0.398236834	0.278871466
2234	0.33856165	0.398106057	0.279017243
2235	0.33864655	0.398038874	0.279254226
2236	0.33852265	0.39793958	0.27910572
2237	0.3383284	0.39785432	0.27880248
2238	0.33831075	0.397812036	0.278809464
2239	0.3383612	0.397656271	0.279066129
2240	0.33809855	0.397246344	0.278950756
2241	0.33771825	0.396842966	0.278593534
2242	0.3372551	0.396444306	0.278065894
2243	0.3370358	0.396291207	0.277780393
2244	0.33689515	0.39606917	0.27772113
2245	0.3364433	0.395432557	0.277454043
2246	0.3361092	0.394926784	0.277291616
2247	0.33553485	0.394125518	0.276944182
2248	0.3350497	0.393551567	0.276547833
2249	0.3349445	0.39360493	0.27628407
2250	0.33475905	0.393466577	0.276051523
2251	0.334507	0.393100773	0.275913227
2252	0.3342814	0.392841003	0.275721797
2253	0.3338197	0.392503954	0.275135446
2254	0.33338355	0.392161787	0.274605313
2255	0.3333038	0.39192839	0.27467921
2256	0.3333221	0.391741968	0.274902232
2257	0.33302155	0.391170107	0.274872993
2258	0.33262275	0.390522604	0.274722896
2259	0.3321581	0.390041277	0.274274923
2260	0.3316411	0.389521829	0.273760371
2261	0.33138775	0.389448102	0.273327398
2262	0.3312063	0.38936902	0.27304358
2263	0.3311021	0.38898264	0.27322156
2264	0.33104465	0.388666254	0.273423046
2265	0.33091025	0.388392644	0.273427856
2266	0.3309779	0.388508094	0.273447706
2267	0.33072985	0.388340225	0.273119475
2268	0.330409	0.388017194	0.272800806
2269	0.3304054	0.387963015	0.272847785
2270	0.3300668	0.38735747	0.27277613
2271	0.32985425	0.386967936	0.272740564
2272	0.32990295	0.387187699	0.272618201
2273	0.32991645	0.387427418	0.272405482
2274	0.3302695	0.388056465	0.272482535
2275	0.33058395	0.388584544	0.272583356
2276	0.33070425	0.388799796	0.272608704
2277	0.3307881	0.388960043	0.272616157
2278	0.33048795	0.388579319	0.272396581
2279	0.33011065	0.388131338	0.272089962
2280	0.33041515	0.388530591	0.272299709
2281	0.3308177	0.388986769	0.272648631
2282	0.3311049	0.389250743	0.272959057
2283	0.3314366	0.389596076	0.273277124
2284	0.3314693	0.389534286	0.273404314
2285	0.3312281	0.389135335	0.273320865
2286	0.3311037	0.388928686	0.273278714
2287	0.3311673	0.389018292	0.273316308
2288	0.33103115	0.388799221	0.273263079
2289	0.33080855	0.388520837	0.273096263
2290	0.33102405	0.38877024	0.27327786
2291	0.33155845	0.389138299	0.273978601
2292	0.33170605	0.389110873	0.274301227
2293	0.3315604	0.389017969	0.274102831
2294	0.3312877	0.388950381	0.273625019
2295	0.33099245	0.389040062	0.272944838
2296	0.3310142	0.389347053	0.272681347
2297	0.33115735	0.389322968	0.272991732
2298	0.3312589	0.389249796	0.273268004
2299	0.33120015	0.388997409	0.273402891
2300	0.33106965	0.388653128	0.273486172
2301	0.3305923	0.38802758	0.27315702
2302	0.33010095	0.387443951	0.272757949
2303	0.32992525	0.387328048	0.272522452
2304	0.32993135	0.387463013	0.272399687
2305	0.3304148	0.388121401	0.272708199
2306	0.33097155	0.388829567	0.273113533
2307	0.33124575	0.389146044	0.273345456
2308	0.3315651	0.389504679	0.273625521
2309	0.3319789	0.389853092	0.274104708
2310	0.33224185	0.390034446	0.274449254
2311	0.3323239	0.390069829	0.274577971
2312	0.3322987	0.389917718	0.274679682
2313	0.33201525	0.389533277	0.274497223
2314	0.33154585	0.389030905	0.274060795
2315	0.3312403	0.388788574	0.273692026
2316	0.33116835	0.388849144	0.273487556
2317	0.3315208	0.389276258	0.273765342
2318	0.33188705	0.389775285	0.273998815
2319	0.33245585	0.390506334	0.274405366
2320	0.33315885	0.391242666	0.275075034
2321	0.33384035	0.39202699	0.27565371
2322	0.33453945	0.392927492	0.276151408
2323	0.3347016	0.393233168	0.276170032
2324	0.33485105	0.393438177	0.276263923
2325	0.33502645	0.393633319	0.276419581
2326	0.334962	0.393410835	0.276513165
2327	0.33509825	0.393400532	0.276795968
2328	0.3352333	0.393436343	0.277030257
2329	0.3353601	0.393525047	0.277195153
2330	0.33538285	0.39377574	0.27698996
2331	0.3353739	0.393985906	0.276761894
2332	0.33503245	0.393359844	0.276705056
2333	0.33463855	0.392592924	0.276684176
2334	0.33474385	0.392502161	0.276985539
2335	0.33507755	0.392703861	0.277451239
2336	0.33513475	0.392584228	0.277685272
2337	0.33504675	0.392368127	0.277725373
2338	0.335146	0.392854707	0.277437293
2339	0.3353577	0.393639848	0.277075552
2340	0.3353671	0.393820223	0.276913977
2341	0.33518655	0.393680638	0.276692462
2342	0.3353728	0.393834018	0.276911582
2343	0.33597575	0.394283127	0.277668373
2344	0.3362346	0.394323467	0.278145733
2345	0.3359335	0.393733183	0.278133817
2346	0.3363715	0.394008309	0.278734691
2347	0.337353	0.394951022	0.279754978
2348	0.3375612	0.39512076	0.28000164
2349	0.33758225	0.395314057	0.279850443
2350	0.33759875	0.395523408	0.279674092
2351	0.33731495	0.395405526	0.279224374
2352	0.33669945	0.394821407	0.278577493
2353	0.33595685	0.393972629	0.277941071
2354	0.33593995	0.394119819	0.277760081
2355	0.3369645	0.395156641	0.278772359
2356	0.3378466	0.395893791	0.279799409
2357	0.3384823	0.396574169	0.280390431
2358	0.3390443	0.397310761	0.280777839
2359	0.339546	0.397870413	0.281221587
2360	0.3397183	0.397977814	0.281458786
2361	0.3391585	0.3976708	0.2806462
2362	0.33871325	0.397415788	0.280010712
2363	0.3387231	0.397505764	0.279940436
2364	0.3387858	0.397710813	0.279860787
2365	0.33896635	0.397795382	0.280137318
2366	0.3391773	0.397990067	0.280364533
2367	0.33892905	0.397800876	0.280057224
2368	0.33850445	0.397332663	0.279676237
2369	0.33862195	0.397503379	0.279740521
2370	0.3389323	0.39790457	0.27996003
2371	0.33886305	0.397827053	0.279899047
2372	0.338698	0.397683487	0.279712513
2373	0.33790325	0.396653661	0.279152839
2374	0.33660945	0.394999426	0.278219474
2375	0.336501	0.394698177	0.278303823
2376	0.3372682	0.395635949	0.278900451
2377	0.3393559	0.398199196	0.280512604
2378	0.3411678	0.400413342	0.281922258
2379	0.3409274	0.40007295	0.28178185
2380	0.3404349	0.399543249	0.281326551
2381	0.33975925	0.399183567	0.280334933
2382	0.33885935	0.398334206	0.279384494
2383	0.33882705	0.397984942	0.279669158
2384	0.33903655	0.398342266	0.279730834
2385	0.3392106	0.39849722	0.27992398
2386	0.3397259	0.398508365	0.280943435
2387	0.3402833	0.39873893	0.28182767
2388	0.34060795	0.398871994	0.282343906
2389	0.340678	0.398921224	0.282434776
2390	0.3404344	0.399044008	0.281824792
2391	0.33998045	0.398999946	0.280960954
2392	0.33976825	0.398843167	0.280693333
2393	0.3401109	0.399373317	0.280848483
2394	0.3407527	0.400186166	0.281319234
2395	0.3405756	0.3999174	0.2812338
2396	0.339476	0.398549951	0.280402049
2397	0.33874405	0.397161563	0.280326537
2398	0.3390195	0.397137174	0.280901826
2399	0.33965345	0.398163914	0.281142986
2400	0.33999605	0.399283372	0.280708728
2401	0.34017975	0.40002077	0.28033873
2402	0.3406584	0.399956622	0.281360178
2403	0.34104335	0.399719777	0.282366923
2404	0.34151645	0.399905665	0.283127235
2405	0.34198135	0.40007713	0.28388557
2406	0.3420381	0.39977206	0.28430414
2407	0.3419562	0.39956779	0.28434461
2408	0.3432245	0.401681814	0.284767186
2409	0.3449989	0.404238385	0.285759415
2410	0.3450626	0.404031445	0.286093755
2411	0.3445444	0.403296895	0.285791905
2412	0.3428649	0.400807466	0.284922334
2413	0.34073375	0.397836033	0.283631467
2414	0.34066075	0.398086726	0.283234774
2415	0.3417015	0.399931596	0.283471404
2416	0.3419593	0.401231312	0.282687288
2417	0.34135355	0.401287938	0.281419162
2418	0.3407069	0.40086405	0.28054975
2419	0.3405342	0.401249372	0.279819028
2420	0.3401504	0.40015243	0.28014837
2421	0.33939805	0.398358769	0.280437331
2422	0.3396781	0.39851615	0.28084005
2423	0.3407317	0.399820048	0.281643352
2424	0.3410324	0.400025382	0.282039418
2425	0.34171055	0.400465027	0.282956073
2426	0.3423992	0.401385237	0.283413163
2427	0.34177845	0.401384513	0.282172387
2428	0.3407096	0.400263902	0.281155298
2429	0.3403551	0.399959751	0.280750449
2430	0.33959545	0.399705748	0.279485152
2431	0.3384947	0.399236734	0.277752666
2432	0.33886755	0.399944242	0.277790858
2433	0.3392263	0.400076952	0.278375648
2434	0.3393866	0.399747735	0.279025465
2435	0.3395647	0.39954454	0.27958486
2436	0.3390971	0.398899904	0.279294296
2437	0.33818055	0.397822782	0.278538318
2438	0.3366806	0.395848323	0.277512877
2439	0.33518085	0.393907737	0.276453963
2440	0.3343451	0.392681927	0.276008273
2441	0.3337076	0.391839469	0.275575731
2442	0.33345505	0.392502599	0.274407501
2443	0.3340413	0.394356787	0.273725813
2444	0.3335635	0.394948455	0.272178545
2445	0.33228945	0.394913504	0.269665396
2446	0.33170795	0.39279838	0.27061752
2447	0.3289603	0.386192782	0.271727818
2448	0.32721995	0.382868704	0.271571196
2449	0.32815155	0.385364244	0.270938856
2450	0.3273376	0.387377809	0.267297391
2451	0.3278588	0.389464298	0.266253302
2452	0.3293919	0.391885544	0.266898256
2453	0.32904815	0.391164426	0.266931874
2454	0.32804625	0.388635894	0.267456606
2455	0.328326	0.38889848	0.26775352
2456	0.32893825	0.389930528	0.267945972
2457	0.32991925	0.390088012	0.269750488
2458	0.33110475	0.390197143	0.272012357
2459	0.33121305	0.389066729	0.273359371
2460	0.3308221	0.388244294	0.273399906
2461	0.32940205	0.386028771	0.272775329
2462	0.32869175	0.385221429	0.272162071
2463	0.3290062	0.386199394	0.271813006
2464	0.32983875	0.386751731	0.272925769
2465	0.32964845	0.383946279	0.275350621
2466	0.32662365	0.378290091	0.274957209
2467	0.32220615	0.37420726	0.27020504
2468	0.3192138	0.371584679	0.266842921
2469	0.31745055	0.36936937	0.26553173
2470	0.3159866	0.368492173	0.263481027
2471	0.3156345	0.368687248	0.262581752
2472	0.3174875	0.371484281	0.263490719
2473	0.32458475	0.379112263	0.270057237
2474	0.3312358	0.386662906	0.275808694
2475	0.3355855	0.391824016	0.279346984
2476	0.3395672	0.3974533	0.2816811
2477	0.3411226	0.402348427	0.279896773
2478	0.3398857	0.404732594	0.275038806
2479	0.3362303	0.401780322	0.270680278
2480	0.33409815	0.401450896	0.266745404
2481	0.32746325	0.391391457	0.263535043
2482	0.3188517	0.379197664	0.258505736
2483	0.3125834	0.376994976	0.248171824
2484	0.30374495	0.378076948	0.229412952
2485	0.2985842	0.37902231	0.21814609
2486	0.30677965	0.396649658	0.216909642
2487	0.3471867	0.436233956	0.258139444
2488	0.39365755	0.486013993	0.301301107
2489	0.404288	0.491547913	0.317028087
2490	0.3985022	0.480305608	0.316698792
2491	0.39336915	0.485140013	0.301598287
2492	0.40014895	0.510284637	0.290013263
2493	0.3882981	0.503883753	0.272712447
2494	0.36956	0.495027322	0.244092678
2495	0.36554975	0.490123357	0.240976143
2496	0.3601827	0.479483061	0.240882339
2497	0.34413545	0.449930922	0.238339978
2498	0.33375705	0.428891415	0.238622685
2499	0.34256055	0.431363863	0.253757237
2500	0.3577137	0.447015342	0.268412058
