Wavelength	Mean	Std+	Std-
350	0.0369729	0.048263485	0.025682315
351	0.03714815	0.048501614	0.025794686
352	0.0373776	0.048738861	0.026016339
353	0.03748475	0.048846162	0.026123338
354	0.03759125	0.048946395	0.026236105
355	0.0377085	0.04905547	0.02636153
356	0.037838	0.049233654	0.026442346
357	0.03790925	0.049310139	0.026508361
358	0.03802635	0.049439014	0.026613686
359	0.0384543	0.050002977	0.026905623
360	0.03870125	0.050308354	0.027094146
361	0.03890795	0.050597214	0.027218686
362	0.03914365	0.051007601	0.027279699
363	0.03934665	0.051328464	0.027364836
364	0.039521	0.051600797	0.027441203
365	0.0396605	0.051821261	0.027499739
366	0.03966375	0.051864263	0.027463237
367	0.03992755	0.05215267	0.02770243
368	0.0403137	0.052552109	0.028075291
369	0.04051675	0.052758541	0.028274959
370	0.04071375	0.052957559	0.028469941
371	0.0409395	0.053194883	0.028684117
372	0.0412282	0.05351516	0.02894124
373	0.04132225	0.053727412	0.028917088
374	0.0415264	0.054074429	0.028978371
375	0.0418894	0.054595469	0.029183331
376	0.0420184	0.054827322	0.029209478
377	0.0423494	0.05526116	0.02943764
378	0.0428154	0.05582163	0.02980917
379	0.04322225	0.056270364	0.030174136
380	0.04347765	0.056568854	0.030386446
381	0.0436787	0.056810881	0.030546519
382	0.0438863	0.057052694	0.030719906
383	0.04418115	0.057431628	0.030930672
384	0.04464535	0.05803701	0.03125369
385	0.04530135	0.058897392	0.031705308
386	0.04557465	0.059408214	0.031741086
387	0.04593385	0.059958992	0.031908708
388	0.04635235	0.060520212	0.032184488
389	0.04677165	0.060996666	0.032546634
390	0.04704165	0.061292284	0.032791016
391	0.047339	0.061601122	0.033076878
392	0.0478568	0.062126292	0.033587308
393	0.0482067	0.062559817	0.033853583
394	0.04861565	0.063090413	0.034140887
395	0.04912075	0.063745145	0.034496355
396	0.04933045	0.064191634	0.034469266
397	0.04964175	0.064730271	0.034553229
398	0.05002535	0.065318691	0.034732009
399	0.0504656	0.065886708	0.035044492
400	0.05082705	0.066250053	0.035404047
401	0.0511471	0.066526642	0.035767558
402	0.0514697	0.066813514	0.036125886
403	0.05169265	0.066965883	0.036419417
404	0.05197345	0.067193797	0.036753103
405	0.0523634	0.067561294	0.037165506
406	0.0526142	0.067838721	0.037389679
407	0.0529288	0.068213893	0.037643707
408	0.05329675	0.068666746	0.037926754
409	0.05366855	0.069113154	0.038223946
410	0.0539472	0.069451728	0.038442672
411	0.0542034	0.06975433	0.03865247
412	0.05452075	0.070100374	0.038941126
413	0.0547942	0.070405319	0.039183081
414	0.05508315	0.070717566	0.039448734
415	0.0554158	0.071059946	0.039771654
416	0.05565395	0.071320094	0.039987806
417	0.0559227	0.071616804	0.040228596
418	0.0562191	0.071946102	0.040492098
419	0.05648555	0.072245057	0.040726043
420	0.0567681	0.072574942	0.040961258
421	0.0570476	0.07290784	0.04118736
422	0.05729415	0.073204053	0.041384247
423	0.05759925	0.073549324	0.041649176
424	0.0578702	0.073845616	0.041894784
425	0.05806395	0.074043615	0.042084285
426	0.05825045	0.074231922	0.042268978
427	0.0585029	0.074500584	0.042505216
428	0.05881605	0.074847491	0.042784609
429	0.05903545	0.075141404	0.042929496
430	0.059304	0.075502567	0.043105433
431	0.0596078	0.07591747	0.04329813
432	0.05994875	0.076403241	0.043494259
433	0.0602187	0.076795771	0.043641629
434	0.06045045	0.077114653	0.043786247
435	0.06065305	0.077353414	0.043952686
436	0.06085825	0.07753596	0.04418054
437	0.061054	0.077720862	0.044387138
438	0.0612455	0.077919771	0.044571229
439	0.06149775	0.078218003	0.044777497
440	0.0617345	0.078501184	0.044967816
441	0.06196835	0.078788141	0.045148559
442	0.0622346	0.079136597	0.045332603
443	0.06245895	0.079404766	0.045513134
444	0.06266	0.079633661	0.045686339
445	0.06284105	0.079834819	0.045847281
446	0.0630279	0.080058369	0.045997431
447	0.06322045	0.080304557	0.046136343
448	0.06342335	0.080577298	0.046269402
449	0.0637127	0.080906996	0.046518404
450	0.0639234	0.081143033	0.046703767
451	0.06408475	0.081318618	0.046850882
452	0.0642482	0.081490749	0.047005651
453	0.0644478	0.081722011	0.047173589
454	0.0646646	0.081982316	0.047346884
455	0.06489235	0.082261913	0.047522787
456	0.06506215	0.082512724	0.047611576
457	0.06527175	0.082795229	0.047748271
458	0.0655357	0.083116262	0.047955138
459	0.06567325	0.083292621	0.048053879
460	0.065858	0.083514448	0.048201552
461	0.0660766	0.083769096	0.048384104
462	0.06629865	0.084029165	0.048568135
463	0.0664708	0.084236946	0.048704654
464	0.06664005	0.08443786	0.04884224
465	0.0668456	0.084666603	0.049024597
466	0.06703145	0.084899123	0.049163777
467	0.067204	0.08512872	0.04927928
468	0.067363	0.085353176	0.049372824
469	0.06752665	0.085577504	0.049475796
470	0.0677273	0.085839638	0.049614962
471	0.06795055	0.08612437	0.04977673
472	0.06814835	0.086382522	0.049914178
473	0.06832735	0.086612726	0.050041974
474	0.0685057	0.086839655	0.050171745
475	0.0687024	0.087088357	0.050316443
476	0.0688604	0.087286687	0.050434113
477	0.0690234	0.087495029	0.050551771
478	0.069203	0.087729629	0.050676371
479	0.0693924	0.087968415	0.050816385
480	0.0695938	0.088208272	0.050979328
481	0.0697984	0.088437357	0.051159443
482	0.0699563	0.088578917	0.051333683
483	0.0701447	0.088749854	0.051539546
484	0.0703208	0.088923645	0.051717955
485	0.0704166	0.089062497	0.051770703
486	0.07062815	0.089376423	0.051879877
487	0.0708866	0.089758679	0.052014521
488	0.07117885	0.090188451	0.052169249
489	0.07131675	0.090430919	0.052202581
490	0.0714838	0.090649848	0.052317752
491	0.0716765	0.090851167	0.052501833
492	0.07187165	0.091056473	0.052686827
493	0.07203305	0.091257615	0.052808485
494	0.07220385	0.091480158	0.052927542
495	0.072454	0.091775936	0.053132064
496	0.07261915	0.091966772	0.053271528
497	0.0727806	0.092143445	0.053417755
498	0.0729694	0.092337331	0.053601469
499	0.0731459	0.092538534	0.053753266
500	0.07333815	0.092773745	0.053902555
501	0.0735438	0.093040539	0.054047061
502	0.07373355	0.093312025	0.054155075
503	0.07394065	0.09360008	0.05428122
504	0.07414345	0.093875185	0.054411715
505	0.07430505	0.094081377	0.054528723
506	0.07451305	0.094318861	0.054707239
507	0.0747237	0.094559601	0.054887799
508	0.07491995	0.094793672	0.055046228
509	0.07514465	0.095057842	0.055231458
510	0.0753373	0.095293995	0.055380605
511	0.07549865	0.095501487	0.055495813
512	0.07568085	0.095710804	0.055650896
513	0.07589025	0.095933776	0.055846724
514	0.07611075	0.096161878	0.056059622
515	0.07631085	0.096375393	0.056246307
516	0.07656065	0.096689643	0.056431657
517	0.07681905	0.097045475	0.056592625
518	0.07706425	0.097421828	0.056706672
519	0.07727625	0.0977634	0.0567891
520	0.0775079	0.098092593	0.056923207
521	0.0777598	0.098405292	0.057114308
522	0.07797665	0.098628544	0.057324756
523	0.07816835	0.098820797	0.057515903
524	0.07834975	0.099003878	0.057695622
525	0.07854725	0.099221786	0.057872714
526	0.07877845	0.099501208	0.058055692
527	0.0790206	0.09981558	0.05822562
528	0.07926645	0.100164099	0.058368801
529	0.0795057	0.100471796	0.058539604
530	0.0797223	0.100713246	0.058731354
531	0.07991405	0.100886298	0.058941802
532	0.0801222	0.101119434	0.059124966
533	0.0803334	0.101382601	0.059284199
534	0.08055425	0.101672112	0.059436388
535	0.0808084	0.101990117	0.059626683
536	0.0810288	0.102239626	0.059817974
537	0.08124105	0.102469326	0.060012774
538	0.08146295	0.102709184	0.060216716
539	0.0816579	0.102956589	0.060359211
540	0.0818701	0.103234285	0.060505915
541	0.0821068	0.103546105	0.060667495
542	0.08234315	0.103862723	0.060823577
543	0.0825963	0.104178183	0.061014417
544	0.08284615	0.104473438	0.061218862
545	0.083016	0.104668958	0.061363042
546	0.0832244	0.104910416	0.061538384
547	0.08344395	0.105169952	0.061717948
548	0.0836541	0.105429725	0.061878475
549	0.08387955	0.105714324	0.062044776
550	0.0841091	0.105995307	0.062222893
551	0.0843407	0.106266053	0.062415347
552	0.0845565	0.106535634	0.062577366
553	0.08479025	0.106815037	0.062765463
554	0.0850303	0.1070928	0.0629678
555	0.0852221	0.107313351	0.063130849
556	0.08541685	0.107528487	0.063305213
557	0.08563025	0.107771924	0.063488576
558	0.08588875	0.10809603	0.06368147
559	0.0861344	0.108426659	0.063842141
560	0.0863693	0.108742488	0.063996112
561	0.0865913	0.109033418	0.064149182
562	0.0868103	0.109284181	0.064336419
563	0.0870291	0.109534082	0.064524118
564	0.08724875	0.109787124	0.064710376
565	0.0874685	0.110055409	0.064881591
566	0.08769625	0.110340545	0.065051955
567	0.08793095	0.110632025	0.065229875
568	0.08817235	0.11091632	0.06542838
569	0.08839685	0.111193676	0.065600024
570	0.0886224	0.111487925	0.065756875
571	0.0888533	0.111808551	0.065898049
572	0.0890828	0.112105628	0.066059972
573	0.0893113	0.112379736	0.066242864
574	0.0895418	0.112637693	0.066445907
575	0.0897983	0.112929192	0.066667408
576	0.0900228	0.113212127	0.066833473
577	0.0902385	0.113498564	0.066978436
578	0.090475	0.11380675	0.06714325
579	0.09071	0.114118684	0.067301316
580	0.0909279	0.114408014	0.067447786
581	0.09111725	0.114657249	0.067577251
582	0.091354	0.114921822	0.067786178
583	0.0915664	0.115157955	0.067974845
584	0.09175715	0.115370896	0.068143404
585	0.0919816	0.115626493	0.068336707
586	0.09218235	0.115846789	0.068517911
587	0.09237305	0.116055997	0.068690103
588	0.09256695	0.116287266	0.068846634
589	0.0928184	0.116657084	0.068979716
590	0.09307245	0.1170419	0.069103
591	0.09329925	0.117379651	0.069218849
592	0.09345975	0.117562651	0.069356849
593	0.0936714	0.117804548	0.069538252
594	0.0939334	0.118114078	0.069752722
595	0.0940969	0.118358849	0.069834951
596	0.09429335	0.118635061	0.069951639
597	0.0945138	0.118933562	0.070094038
598	0.0947508	0.119247067	0.070254533
599	0.09497995	0.119564035	0.070395865
600	0.09521685	0.119902977	0.070530723
601	0.0954721	0.120279077	0.070665123
602	0.09569255	0.120630101	0.070754999
603	0.09592245	0.120973712	0.070871188
604	0.096165	0.121309053	0.071020947
605	0.0963788	0.121601291	0.071156309
606	0.0965706	0.121869379	0.071271821
607	0.09676165	0.122132924	0.071390376
608	0.09700415	0.122434807	0.071573493
609	0.09721255	0.122707387	0.071717713
610	0.09741685	0.122968901	0.071864799
611	0.09763295	0.123221309	0.072044591
612	0.09785665	0.123465242	0.072248058
613	0.09808905	0.123712084	0.072466016
614	0.0983285	0.123961458	0.072695542
615	0.0984668	0.124118105	0.072815495
616	0.09867015	0.124360909	0.072979391
617	0.0989219	0.124660849	0.073182951
618	0.09918665	0.124942748	0.073430552
619	0.099417	0.125170515	0.073663485
620	0.09962385	0.12536564	0.07388206
621	0.0998055	0.125530955	0.074080045
622	0.0999945	0.125727471	0.074261529
623	0.10018825	0.125938418	0.074438082
624	0.1003862	0.126161502	0.074610898
625	0.10061755	0.12642205	0.07481305
626	0.10083985	0.12666933	0.07501037
627	0.10105815	0.126911545	0.075204755
628	0.10129885	0.127186376	0.075411324
629	0.10159165	0.127507826	0.075675474
630	0.10187035	0.127815724	0.075924976
631	0.1020693	0.12805072	0.07608788
632	0.10227155	0.128285283	0.076257817
633	0.10247845	0.128515701	0.076441199
634	0.10269115	0.128741907	0.076640393
635	0.1029282	0.129008786	0.076847614
636	0.10317455	0.129288911	0.077060189
637	0.1034253	0.129572265	0.077278335
638	0.10366195	0.129816026	0.077507874
639	0.1039224	0.13011391	0.07773089
640	0.1041838	0.130436902	0.077930698
641	0.1044208	0.130764751	0.078076849
642	0.1046534	0.131076526	0.078230274
643	0.1048922	0.131389387	0.078395013
644	0.10514285	0.131710605	0.078575095
645	0.10538935	0.132064663	0.078714037
646	0.10566115	0.132452984	0.078869316
647	0.10595635	0.132874007	0.079038693
648	0.1062719	0.133336499	0.079207301
649	0.106561	0.133794839	0.079327161
650	0.1068346	0.134233522	0.079435678
651	0.1071036	0.134627218	0.079579982
652	0.1074018	0.135014626	0.079788974
653	0.1076905	0.135354849	0.080026151
654	0.10795975	0.135629216	0.080290284
655	0.1082175	0.136071191	0.080363809
656	0.1085237	0.136613398	0.080434002
657	0.10885445	0.13718368	0.08052522
658	0.10912	0.137457266	0.080782734
659	0.1093884	0.137740586	0.081036214
660	0.10965755	0.138032091	0.081283009
661	0.10992445	0.138334934	0.081513966
662	0.11018505	0.138647831	0.081722269
663	0.11044425	0.138967907	0.081920593
664	0.1107033	0.139294865	0.082111735
665	0.11096265	0.139605125	0.082320175
666	0.11124115	0.139945343	0.082536957
667	0.11153655	0.140313346	0.082759754
668	0.1118127	0.140654123	0.082971277
669	0.11207165	0.140969115	0.083174185
670	0.1123253	0.141282972	0.083367628
671	0.11259145	0.141639282	0.083543618
672	0.1128709	0.141993811	0.083747989
673	0.11315805	0.142350126	0.083965974
674	0.11345405	0.142712107	0.084195993
675	0.1137324	0.143056275	0.084408525
676	0.1140123	0.143403461	0.084621139
677	0.1142932	0.143754048	0.084832352
678	0.1145415	0.144079274	0.085003726
679	0.1148239	0.14443445	0.08521335
680	0.1151229	0.144803026	0.085442774
681	0.1154088	0.145156925	0.085660675
682	0.11569435	0.145502416	0.085886284
683	0.11597465	0.145817136	0.086132164
684	0.1162487	0.1460799	0.0864175
685	0.1164335	0.14619213	0.08667487
686	0.11669245	0.1465298	0.0868551
687	0.1170455	0.147151521	0.086939479
688	0.11736895	0.147619001	0.087118899
689	0.1177264	0.14807105	0.08738175
690	0.1180894	0.148492072	0.087686728
691	0.1184065	0.148841974	0.087971026
692	0.11874795	0.149225386	0.088270514
693	0.1190974	0.14963958	0.08855522
694	0.11944375	0.150092099	0.088795401
695	0.11980715	0.150531855	0.089082445
696	0.12015555	0.150923944	0.089387156
697	0.12049015	0.151270521	0.089709779
698	0.12084225	0.151670704	0.090013796
699	0.1211775	0.152065652	0.090289348
700	0.12150895	0.15246872	0.09054918
701	0.12187735	0.152929968	0.090824732
702	0.12225125	0.153386459	0.091116041
703	0.1226178	0.153819112	0.091416488
704	0.12297065	0.154211321	0.091729979
705	0.12330145	0.15459885	0.09200405
706	0.12365015	0.155005324	0.092294976
707	0.12402525	0.155436742	0.092613758
708	0.1243777	0.155852766	0.092902634
709	0.12471405	0.15624367	0.09318443
710	0.12504345	0.156622423	0.093464477
711	0.12539945	0.157033168	0.093765732
712	0.12569595	0.157377946	0.094013954
713	0.1259857	0.157697546	0.094273854
714	0.12632205	0.158022758	0.094621342
715	0.1265828	0.15823021	0.09493539
716	0.12683605	0.15847432	0.09519778
717	0.12709405	0.158806434	0.095381666
718	0.12746185	0.159377483	0.095546217
719	0.1278562	0.159971013	0.095741387
720	0.128224	0.160481225	0.095966775
721	0.1284702	0.160615272	0.096325128
722	0.12876795	0.160878791	0.096657109
723	0.12910905	0.161253692	0.096964408
724	0.1294675	0.161745288	0.097189712
725	0.12975705	0.162091227	0.097422873
726	0.13003305	0.162411807	0.097654293
727	0.13031275	0.162741345	0.097884155
728	0.1306008	0.163104958	0.098096642
729	0.1309408	0.163525652	0.098355948
730	0.1313095	0.163978291	0.098640709
731	0.1316058	0.164360239	0.098851361
732	0.13190065	0.164699514	0.099101786
733	0.1322037	0.1650282	0.0993792
734	0.13254575	0.165394558	0.099696942
735	0.1327921	0.165710176	0.099874024
736	0.1330567	0.166040253	0.100073147
737	0.13338415	0.16641145	0.10035685
738	0.13368125	0.16677518	0.10058732
739	0.13398445	0.167140041	0.100828859
740	0.134292	0.167505849	0.101078151
741	0.13458385	0.16787663	0.10129107
742	0.1348594	0.168206942	0.101511858
743	0.13513115	0.168526441	0.101735859
744	0.13542085	0.168881558	0.101960142
745	0.1356968	0.169215191	0.102178409
746	0.13597525	0.169547884	0.102402616
747	0.13626555	0.169889896	0.102641204
748	0.1365658	0.170253324	0.102878276
749	0.1368725	0.170627534	0.103117466
750	0.1371773	0.171003422	0.103351178
751	0.13741335	0.171314439	0.103512261
752	0.1376755	0.171646208	0.103704792
753	0.13795975	0.171994283	0.103925217
754	0.13827465	0.17236282	0.10418648
755	0.13859265	0.172742789	0.104442511
756	0.138872	0.173026297	0.104717703
757	0.13909025	0.173125825	0.105054675
758	0.13900375	0.172555996	0.105451504
759	0.13898875	0.172405696	0.105571804
760	0.13920515	0.173334512	0.105075788
761	0.1395161	0.173753096	0.105279104
762	0.13992955	0.174310786	0.105548314
763	0.14040145	0.174960081	0.105842819
764	0.1408268	0.17558521	0.10606839
765	0.14122325	0.176095018	0.106351482
766	0.14155855	0.176498434	0.106618666
767	0.1418453	0.176822785	0.106867815
768	0.14219315	0.177220428	0.107165872
769	0.1425193	0.177599281	0.107439319
770	0.1428168	0.17795236	0.10768124
771	0.14307565	0.178275187	0.107876113
772	0.1433663	0.178628244	0.108104356
773	0.14366955	0.17899533	0.10834377
774	0.14393155	0.179331013	0.108532087
775	0.14421225	0.179674735	0.108749765
776	0.144499	0.180020466	0.108977534
777	0.14478675	0.180366643	0.109206857
778	0.1450452	0.180680649	0.109409751
779	0.1453171	0.181015115	0.109619085
780	0.14560935	0.18137879	0.10983991
781	0.14585095	0.181676567	0.110025333
782	0.14611985	0.182006792	0.110232908
783	0.1464048	0.182358419	0.110451181
784	0.1466658	0.18269134	0.11064026
785	0.14696785	0.18304762	0.11088808
786	0.1472656	0.183399199	0.111132001
787	0.1475129	0.183714409	0.111311391
788	0.1478316	0.184094784	0.111568416
789	0.14811335	0.184441377	0.111785323
790	0.14833135	0.184729359	0.111933341
791	0.14860055	0.185051312	0.112149788
792	0.14889745	0.185409726	0.112385174
793	0.1492157	0.185795361	0.112636039
794	0.1495384	0.186177293	0.112899507
795	0.14979765	0.186506446	0.113088854
796	0.1500395	0.186818064	0.113260936
797	0.1503026	0.187139034	0.113466166
798	0.1505749	0.18746954	0.11368026
799	0.1508487	0.187802529	0.113894871
800	0.15111735	0.188131397	0.114103303
801	0.1514063	0.188488157	0.114324443
802	0.15169155	0.188835516	0.114547584
803	0.15197605	0.18917913	0.11477297
804	0.1522728	0.189545561	0.115000039
805	0.1525474	0.189889201	0.115205599
806	0.15280785	0.190215466	0.115400234
807	0.15305825	0.190524117	0.115592383
808	0.1533433	0.190866306	0.115820294
809	0.1536459	0.191230724	0.116061076
810	0.1539622	0.191615313	0.116309087
811	0.1541647	0.191864576	0.116464824
812	0.15438325	0.192120444	0.116646056
813	0.15463035	0.192397737	0.116862963
814	0.15491605	0.192714833	0.117117267
815	0.1551312	0.192971493	0.117290907
816	0.1553387	0.193233551	0.117443849
817	0.1556341	0.193608473	0.117659727
818	0.1559729	0.194018912	0.117926888
819	0.1562892	0.19443094	0.11814746
820	0.1565642	0.194846097	0.118282303
821	0.15684855	0.195078702	0.118618398
822	0.1571119	0.195354177	0.118869623
823	0.1573409	0.19567254	0.11900926
824	0.1576645	0.196144314	0.119184686
825	0.15800345	0.196566635	0.119440265
826	0.1583298	0.196940329	0.119719271
827	0.15854405	0.197176785	0.119911315
828	0.1587716	0.197474852	0.120068348
829	0.1590572	0.197837663	0.120276737
830	0.1594408	0.198288396	0.120593204
831	0.1597388	0.198653239	0.120824361
832	0.16004985	0.199028029	0.121071671
833	0.1603705	0.199410716	0.121330284
834	0.1606087	0.199738745	0.121478655
835	0.1609029	0.200107506	0.121698294
836	0.161207	0.200476302	0.121937698
837	0.16143005	0.200757995	0.122102105
838	0.1616621	0.201046921	0.122277279
839	0.1619264	0.201369048	0.122483752
840	0.16224675	0.201749924	0.122743576
841	0.1624999	0.202060938	0.122938862
842	0.1627613	0.202380934	0.123141666
843	0.1630348	0.202714265	0.123355335
844	0.16326465	0.203012481	0.123516819
845	0.16356055	0.203372879	0.123748221
846	0.1638741	0.203752853	0.123995347
847	0.16408585	0.204050307	0.124121393
848	0.164332	0.204319225	0.124344775
849	0.16461395	0.204621073	0.124606827
850	0.1649371	0.20500143	0.12487277
851	0.1651613	0.205361067	0.124961533
852	0.165381	0.205613989	0.125148011
853	0.1656162	0.205754377	0.125478023
854	0.1659296	0.206090139	0.125769061
855	0.1661706	0.206457685	0.125883515
856	0.16638845	0.206842727	0.125934173
857	0.1667561	0.207285402	0.126226798
858	0.1669996	0.207578707	0.126420493
859	0.16721995	0.207841772	0.126598128
860	0.16748145	0.208149244	0.126813656
861	0.16776575	0.208502817	0.127028683
862	0.1680441	0.208873824	0.127214376
863	0.16831285	0.209259206	0.127366494
864	0.168489	0.209436859	0.127541141
865	0.16871035	0.209615467	0.127805233
866	0.1689754	0.209836918	0.128113882
867	0.1692881	0.210273862	0.128302338
868	0.16960925	0.210704333	0.128514167
869	0.1698978	0.211083455	0.128712145
870	0.1701094	0.211356731	0.128862069
871	0.17034295	0.211657128	0.129028772
872	0.17061415	0.211987784	0.129240516
873	0.17093105	0.212352563	0.129509537
874	0.1711415	0.212634842	0.129648158
875	0.17143855	0.21299837	0.12987873
876	0.1717808	0.213405255	0.130156345
877	0.1719909	0.213694948	0.130286852
878	0.1722983	0.214071021	0.130525579
879	0.1726087	0.21443489	0.13078251
880	0.17281445	0.214665339	0.130963561
881	0.17301515	0.214927242	0.131103058
882	0.17327225	0.215260354	0.131284146
883	0.173613	0.215688291	0.131537709
884	0.17386775	0.215988724	0.131746776
885	0.17413825	0.216296384	0.131980116
886	0.17442445	0.216617305	0.132231595
887	0.17471265	0.216969529	0.132455771
888	0.17496675	0.217301289	0.132632211
889	0.17522	0.217640761	0.132799239
890	0.17551475	0.218027654	0.133001846
891	0.17573725	0.218330336	0.133144164
892	0.1759459	0.218613399	0.133278401
893	0.17615665	0.218893208	0.133420092
894	0.1764878	0.219264255	0.133711345
895	0.1767378	0.219529928	0.133945672
896	0.17691225	0.219697706	0.134126794
897	0.1771567	0.219940189	0.134373211
898	0.17731665	0.220081271	0.134552029
899	0.17748515	0.220218278	0.134752022
900	0.17782515	0.220517363	0.135132937
901	0.1781544	0.220882296	0.135426504
902	0.17852095	0.221369865	0.135672035
903	0.1789533	0.222030319	0.135876281
904	0.17918095	0.222485691	0.135876209
905	0.17943585	0.222875113	0.135996587
906	0.17971785	0.223194115	0.136241585
907	0.17984685	0.223230983	0.136462717
908	0.18006215	0.223382085	0.136742215
909	0.1803408	0.223650959	0.137030641
910	0.1806564	0.224101203	0.137211597
911	0.1808837	0.22442881	0.13733859
912	0.1811069	0.224724787	0.137489013
913	0.18136585	0.225024103	0.137707597
914	0.1815671	0.225217702	0.137916498
915	0.1818589	0.225495009	0.138222791
916	0.1822346	0.22585886	0.13861034
917	0.1824532	0.226141172	0.138765228
918	0.1827557	0.226543652	0.138967748
919	0.1830748	0.226994582	0.139155018
920	0.1832871	0.227383148	0.139191052
921	0.1834935	0.227681928	0.139305072
922	0.18373575	0.227978639	0.139492861
923	0.18405285	0.228324953	0.139780747
924	0.1843982	0.228761211	0.140035189
925	0.1846551	0.229168529	0.140141671
926	0.18481625	0.229541066	0.140091434
927	0.1851374	0.22999382	0.14028098
928	0.18528195	0.23022879	0.14033511
929	0.1853249	0.230303692	0.140346108
930	0.18546705	0.230316566	0.140617534
931	0.18553285	0.230193578	0.140872122
932	0.1856062	0.230005951	0.141206449
933	0.18576415	0.229808608	0.141719692
934	0.1860094	0.22967318	0.14234562
935	0.1863055	0.229677033	0.142933967
936	0.18660825	0.229849119	0.143367381
937	0.1863661	0.229817528	0.142914672
938	0.18671325	0.230498623	0.142927877
939	0.1873468	0.231551679	0.143141921
940	0.18765135	0.232357027	0.142945673
941	0.1880639	0.23305755	0.14307025
942	0.1884467	0.233548384	0.143345016
943	0.1886883	0.233659607	0.143716993
944	0.1887421	0.233465075	0.144019125
945	0.18885175	0.233438976	0.144264524
946	0.1890698	0.233691855	0.144447745
947	0.1894198	0.234156134	0.144683466
948	0.18991285	0.234745642	0.145080058
949	0.19041185	0.23533873	0.14548497
950	0.19037115	0.235456456	0.145285844
951	0.190496	0.235695336	0.145296664
952	0.1907076	0.235983045	0.145432155
953	0.19097355	0.236273459	0.145673641
954	0.19147375	0.23677683	0.14617067
955	0.19190135	0.237267068	0.146535632
956	0.1921818	0.237694092	0.146669508
957	0.19239195	0.237924206	0.146859694
958	0.1926413	0.238215635	0.147066965
959	0.19288195	0.238521159	0.147242741
960	0.1928765	0.238621731	0.147131269
961	0.1932597	0.239103929	0.147415471
962	0.1937369	0.239670107	0.147803693
963	0.19403335	0.240037329	0.148029371
964	0.19399935	0.240029499	0.147969201
965	0.1943075	0.240384386	0.148230614
966	0.19516825	0.241332361	0.149004139
967	0.19496235	0.24129512	0.14862958
968	0.1951416	0.241642662	0.148640538
969	0.1956531	0.242334246	0.148971954
970	0.19625815	0.24320908	0.14930722
971	0.19646745	0.243590611	0.149344289
972	0.19656845	0.243796661	0.149340239
973	0.1968718	0.244131698	0.149611902
974	0.19705185	0.244235708	0.149867992
975	0.19718435	0.244293981	0.150074719
976	0.19728405	0.244361344	0.150206756
977	0.1976803	0.244797752	0.150562848
978	0.1979186	0.245062235	0.150774965
979	0.19802285	0.24518709	0.15085861
980	0.19834185	0.245617611	0.151066089
981	0.1985004	0.245855863	0.151144937
982	0.19865725	0.246079698	0.151234802
983	0.19906305	0.246563636	0.151562464
984	0.1992644	0.246835969	0.151692831
985	0.1993634	0.24702032	0.15170648
986	0.1993721	0.247141427	0.151602773
987	0.19978375	0.247597973	0.151969527
988	0.2001008	0.247974434	0.152227166
989	0.2003023	0.248251401	0.152353199
990	0.20052055	0.248513679	0.152527421
991	0.20062815	0.248669622	0.152586678
992	0.20076645	0.248870332	0.152662568
993	0.2012374	0.249443895	0.153030905
994	0.20144035	0.249689182	0.153191518
995	0.20163665	0.249913351	0.153359949
996	0.2019538	0.250260949	0.153646651
997	0.2015401	0.249907611	0.153172589
998	0.2016883	0.250111791	0.153264809
999	0.2024582	0.250930191	0.153986209
1000	0.20277525	0.25128551	0.15426499
1001	0.20788035	0.263440234	0.152320466
1002	0.2081492	0.263758911	0.152539489
1003	0.2084609	0.264110927	0.152810873
1004	0.2086721	0.26437175	0.15297245
1005	0.2087276	0.264414295	0.153040905
1006	0.2088592	0.264505643	0.153212757
1007	0.2091604	0.264843554	0.153477246
1008	0.2095146	0.265284052	0.153745148
1009	0.209857	0.265694627	0.154019373
1010	0.21016155	0.266036729	0.154286371
1011	0.210413	0.26629842	0.15452758
1012	0.21063135	0.266487954	0.154774746
1013	0.21082505	0.266647071	0.155003029
1014	0.2110222	0.266885369	0.155159031
1015	0.2112445	0.267176192	0.155312808
1016	0.21147455	0.267410115	0.155538985
1017	0.2117584	0.267687411	0.155829389
1018	0.2121136	0.268087124	0.156140076
1019	0.2123759	0.268407712	0.156344088
1020	0.21250325	0.268570173	0.156436327
1021	0.21266355	0.268758384	0.156568716
1022	0.21287995	0.26897679	0.15678311
1023	0.21310725	0.269199875	0.157014625
1024	0.21335845	0.269480339	0.157236561
1025	0.2136235	0.269782311	0.157464689
1026	0.21382535	0.269990758	0.157659942
1027	0.21394685	0.27011541	0.15777829
1028	0.21409465	0.270275619	0.157913681
1029	0.21435965	0.270541789	0.158177511
1030	0.21468465	0.270889483	0.158479817
1031	0.2149195	0.271179614	0.158659386
1032	0.21502815	0.27130792	0.15874838
1033	0.2152089	0.27148956	0.15892824
1034	0.215475	0.271787251	0.159162749
1035	0.21571175	0.272071964	0.159351536
1036	0.2158871	0.272260877	0.159513323
1037	0.2161004	0.272488924	0.159711876
1038	0.21644575	0.272909344	0.159982156
1039	0.21678765	0.273339476	0.160235824
1040	0.21699715	0.273601115	0.160393185
1041	0.2171656	0.273814313	0.160516887
1042	0.21738775	0.274101601	0.160673899
1043	0.2176347	0.274406614	0.160862786
1044	0.21788745	0.274685536	0.161089364
1045	0.21818865	0.275031602	0.161345698
1046	0.21849825	0.275441719	0.161554781
1047	0.21869455	0.275717942	0.161671158
1048	0.21884805	0.275919218	0.161776882
1049	0.21903385	0.276139305	0.161928395
1050	0.2192709	0.276415857	0.162125943
1051	0.2195379	0.276734726	0.162341074
1052	0.2197525	0.276994548	0.162510452
1053	0.21992635	0.277207686	0.162645014
1054	0.2201371	0.277466936	0.162807264
1055	0.22040015	0.277786824	0.163013476
1056	0.22065975	0.278100134	0.163219366
1057	0.22090455	0.27842468	0.16338442
1058	0.22112665	0.278747093	0.163506207
1059	0.22129135	0.278965693	0.163617007
1060	0.221483	0.279183695	0.163782305
1061	0.2217572	0.279515833	0.163998567
1062	0.2220298	0.279867972	0.164191628
1063	0.2222192	0.280115193	0.164323207
1064	0.22239665	0.280319692	0.164473608
1065	0.2226183	0.280575034	0.164661566
1066	0.22288375	0.280879675	0.164887825
1067	0.2231438	0.281186578	0.165101022
1068	0.2233505	0.281457889	0.165243111
1069	0.22355495	0.281719274	0.165390626
1070	0.22379805	0.281995227	0.165600873
1071	0.22405395	0.282284512	0.165823388
1072	0.2243189	0.282615339	0.166022461
1073	0.2245794	0.282956744	0.166202056
1074	0.22477675	0.283221913	0.166331587
1075	0.224939	0.283419885	0.166458115
1076	0.22509935	0.283557426	0.166641274
1077	0.2252879	0.283729485	0.166846315
1078	0.22553445	0.283993924	0.167074976
1079	0.2258371	0.28433041	0.16734379
1080	0.22611115	0.284638173	0.167584127
1081	0.22630775	0.284849942	0.167765558
1082	0.22647505	0.285024839	0.167925261
1083	0.22666555	0.285268426	0.168062674
1084	0.2268892	0.28554301	0.16823539
1085	0.227154	0.285794851	0.168513149
1086	0.22740885	0.286027808	0.168789892
1087	0.22762905	0.28625972	0.16899838
1088	0.22785245	0.28650779	0.16919711
1089	0.2281456	0.286833378	0.169457822
1090	0.228455	0.287172336	0.169737664
1091	0.2286403	0.287345346	0.169935254
1092	0.2288103	0.287495604	0.170124996
1093	0.22905195	0.287722322	0.170381578
1094	0.22928065	0.287925586	0.170635714
1095	0.2294871	0.288119159	0.170855041
1096	0.2297206	0.288369543	0.171071657
1097	0.2299444	0.288598043	0.171290757
1098	0.2301301	0.288742243	0.171517957
1099	0.23030705	0.288880178	0.171733922
1100	0.2304965	0.289050993	0.171942007
1101	0.2307096	0.28926228	0.17215692
1102	0.23098	0.289620422	0.172339578
1103	0.2312458	0.289973706	0.172517894
1104	0.23145985	0.290218645	0.172701055
1105	0.23167505	0.290460843	0.172889257
1106	0.23190475	0.290766621	0.173042879
1107	0.2321502	0.291098332	0.173202068
1108	0.2324781	0.291531562	0.173424638
1109	0.2328235	0.291998691	0.173648309
1110	0.2329804	0.292238952	0.173721848
1111	0.2330167	0.292319194	0.173714206
1112	0.23315715	0.292534737	0.173779563
1113	0.23349185	0.293013293	0.173970407
1114	0.2338227	0.293461737	0.174183663
1115	0.2340489	0.293722719	0.174375081
1116	0.23426765	0.29395488	0.17458042
1117	0.23439505	0.294014313	0.174775787
1118	0.234562	0.294117436	0.175006564
1119	0.2348035	0.294271994	0.175335006
1120	0.2350666	0.294437733	0.175695467
1121	0.23542465	0.294723721	0.176125579
1122	0.2358175	0.295047326	0.176587674
1123	0.23621995	0.295427331	0.177012569
1124	0.23660225	0.295799972	0.177404528
1125	0.2368325	0.295969073	0.177695927
1126	0.23707135	0.296131228	0.178011472
1127	0.2372628	0.296247674	0.178277926
1128	0.2373534	0.296264484	0.178442316
1129	0.2375197	0.29646654	0.17857286
1130	0.2377636	0.29684737	0.17867983
1131	0.2381003	0.297314828	0.178885772
1132	0.23860195	0.297929021	0.179274879
1133	0.23901235	0.298423405	0.179601295
1134	0.23922395	0.298694356	0.179753544
1135	0.239433	0.298985726	0.179880274
1136	0.23988395	0.299635456	0.180132444
1137	0.24031575	0.300252278	0.180379222
1138	0.2407351	0.300900262	0.180569938
1139	0.2411303	0.301521866	0.180738734
1140	0.2414294	0.301926535	0.180932265
1141	0.2417064	0.302287188	0.181125612
1142	0.24208595	0.302796561	0.181375339
1143	0.2424947	0.303345477	0.181643923
1144	0.24283385	0.303756577	0.181911123
1145	0.2431425	0.304106101	0.182178899
1146	0.24343295	0.304435698	0.182430202
1147	0.2437028	0.30473639	0.18266921
1148	0.24402735	0.305086419	0.182968281
1149	0.24442565	0.305511774	0.183339526
1150	0.2447841	0.305901723	0.183666477
1151	0.24507595	0.306225894	0.183926006
1152	0.24535615	0.306544289	0.184168011
1153	0.2456367	0.30688918	0.18438422
1154	0.2458921	0.307204679	0.184579521
1155	0.24616825	0.307549497	0.184787003
1156	0.24642045	0.307864371	0.184976529
1157	0.2465946	0.308120942	0.185068258
1158	0.24674965	0.308353949	0.185145351
1159	0.24700675	0.308670242	0.185343258
1160	0.2472681	0.308983302	0.185552898
1161	0.2475251	0.309338507	0.185711693
1162	0.2477683	0.309692403	0.185844197
1163	0.2479392	0.309951934	0.185926466
1164	0.2480647	0.310152544	0.185976856
1165	0.24826595	0.31041989	0.18611201
1166	0.2485406	0.310751834	0.186329366
1167	0.24877165	0.311040541	0.186502759
1168	0.24894205	0.31127094	0.18661316
1169	0.2491223	0.311510163	0.186734437
1170	0.24933915	0.311786783	0.186891517
1171	0.24955575	0.312064974	0.187046526
1172	0.2497927	0.312377	0.1872084
1173	0.2500224	0.312677938	0.187366862
1174	0.25017215	0.312842363	0.187501937
1175	0.2503206	0.313005379	0.187635821
1176	0.25047975	0.313179389	0.187780111
1177	0.2506385	0.31335308	0.18792392
1178	0.25085835	0.313622768	0.188093932
1179	0.2510904	0.313911988	0.188268812
1180	0.2512879	0.314145314	0.188430486
1181	0.25147065	0.31435547	0.18858583
1182	0.25162485	0.314524266	0.188725434
1183	0.2517627	0.314668627	0.188856773
1184	0.2519356	0.314849068	0.189022132
1185	0.25214245	0.315065142	0.189219758
1186	0.25235395	0.315292087	0.189415813
1187	0.25256975	0.315532715	0.189606785
1188	0.2527652	0.315749908	0.189780492
1189	0.25291695	0.315916637	0.189917263
1190	0.25308485	0.316106928	0.190062772
1191	0.2533281	0.316402559	0.190253641
1192	0.25355925	0.316683823	0.190434677
1193	0.2537015	0.316869345	0.190533655
1194	0.25384305	0.317053689	0.190632411
1195	0.2539609	0.317167001	0.190754799
1196	0.2540763	0.317274864	0.190877736
1197	0.2543134	0.317546509	0.191080291
1198	0.25456985	0.317845566	0.191294134
1199	0.25478085	0.318078914	0.191482786
1200	0.25497695	0.318288231	0.191665669
1201	0.25518255	0.318516557	0.191848543
1202	0.25539195	0.318756836	0.192027064
1203	0.2555968	0.31897047	0.19222313
1204	0.25579305	0.319153447	0.192432653
1205	0.2560015	0.319371711	0.192631289
1206	0.2562404	0.319655454	0.192825346
1207	0.25647315	0.319918996	0.193027304
1208	0.25667785	0.320124495	0.193231205
1209	0.2568937	0.320353677	0.193433723
1210	0.25717125	0.320686312	0.193656188
1211	0.2574421	0.321009397	0.193874803
1212	0.2576649	0.321258531	0.194071269
1213	0.2578917	0.321513111	0.194270289
1214	0.2582082	0.321888859	0.194527541
1215	0.2585224	0.322262395	0.194782405
1216	0.25886825	0.322672618	0.195063882
1217	0.2592144	0.323083343	0.195345457
1218	0.2595291	0.32343446	0.19562374
1219	0.25983895	0.323778151	0.195899749
1220	0.2601675	0.324160992	0.196174008
1221	0.26049685	0.324545997	0.196447703
1222	0.26081655	0.324924905	0.196708195
1223	0.2611274	0.325297456	0.196957344
1224	0.261439	0.325658074	0.197219926
1225	0.2617528	0.32601479	0.19749081
1226	0.26207775	0.326397086	0.197758414
1227	0.2624234	0.326813102	0.198033698
1228	0.26276145	0.327213473	0.198309427
1229	0.26308565	0.327595144	0.198576156
1230	0.2634263	0.327995022	0.198857578
1231	0.2637939	0.328408452	0.199179348
1232	0.26414305	0.328801741	0.199484359
1233	0.2644259	0.329146809	0.199704991
1234	0.26470585	0.329487624	0.199924076
1235	0.26495215	0.32976219	0.20014211
1236	0.26519965	0.330039021	0.200360279
1237	0.26556855	0.330489363	0.200647737
1238	0.26594895	0.330954541	0.200943359
1239	0.2661971	0.331228623	0.201165577
1240	0.26642815	0.331479625	0.201376675
1241	0.26672775	0.331834205	0.201621295
1242	0.26704755	0.332216044	0.201879056
1243	0.2673746	0.332579494	0.202169706
1244	0.2676984	0.332926333	0.202470467
1245	0.26796555	0.333222024	0.202709076
1246	0.26818745	0.333478584	0.202896316
1247	0.26843815	0.333769868	0.203106432
1248	0.268727	0.334103432	0.203350568
1249	0.26899285	0.334418669	0.203567031
1250	0.2692392	0.334732271	0.203746129
1251	0.2694913	0.335038028	0.203944572
1252	0.26974555	0.335307245	0.204183855
1253	0.26999605	0.335575	0.2044171
1254	0.27019265	0.33578166	0.20460364
1255	0.27040605	0.336011663	0.204800437
1256	0.27071215	0.336385274	0.205039026
1257	0.27101095	0.336750416	0.205271484
1258	0.2712459	0.337027939	0.205463861
1259	0.27148565	0.337307997	0.205663303
1260	0.2717252	0.337554762	0.205895638
1261	0.2719654	0.33779942	0.20613138
1262	0.27220465	0.338040766	0.206368534
1263	0.27244995	0.338283848	0.206616052
1264	0.2727091	0.33855267	0.20686553
1265	0.2729735	0.338833612	0.207113388
1266	0.27328005	0.339170138	0.207389962
1267	0.2735947	0.339518315	0.207671085
1268	0.27387605	0.339795682	0.207956418
1269	0.2741386	0.340037333	0.208239867
1270	0.27440445	0.340304303	0.208504597
1271	0.27470345	0.340624252	0.208782648
1272	0.27499665	0.340953577	0.209039723
1273	0.2752386	0.341250371	0.209226829
1274	0.2754683	0.341525898	0.209410702
1275	0.27572795	0.341825783	0.209630117
1276	0.27601275	0.342160774	0.209864726
1277	0.27633245	0.342543779	0.210121121
1278	0.27663935	0.342911892	0.210366808
1279	0.2769668	0.343317927	0.210615673
1280	0.27729875	0.343728654	0.210868846
1281	0.2775953	0.344089562	0.211101038
1282	0.2778774	0.344434478	0.211320322
1283	0.2780966	0.344723632	0.211469568
1284	0.2783193	0.345018401	0.211620199
1285	0.27863515	0.345420999	0.211849301
1286	0.2789522	0.345823186	0.212081214
1287	0.2792065	0.346155431	0.212257569
1288	0.2794723	0.3465091	0.2124355
1289	0.27974505	0.3468678	0.2126223
1290	0.2800209	0.347225328	0.212816472
1291	0.2803533	0.347660504	0.213046096
1292	0.2807018	0.348117275	0.213286325
1293	0.28101115	0.348539811	0.213482489
1294	0.2812965	0.348942877	0.213650123
1295	0.28157505	0.349321743	0.213828357
1296	0.2818562	0.349688615	0.214023785
1297	0.2821723	0.350098105	0.214246495
1298	0.2825181	0.350550452	0.214485748
1299	0.2828354	0.350963864	0.214706936
1300	0.28308475	0.351268858	0.214900642
1301	0.2833491	0.351590252	0.215107948
1302	0.28366385	0.351977512	0.215350188
1303	0.2839727	0.352359953	0.215585447
1304	0.28422795	0.352671068	0.215784832
1305	0.284494	0.352988452	0.215999548
1306	0.2847641	0.353272316	0.216255884
1307	0.28504615	0.353571565	0.216520735
1308	0.2853292	0.353899613	0.216758787
1309	0.2856105	0.354222988	0.216998012
1310	0.28590205	0.354527656	0.217276444
1311	0.28622205	0.354867571	0.217576529
1312	0.2864496	0.355099673	0.217799527
1313	0.2866453	0.355282895	0.218007705
1314	0.2868276	0.355426126	0.218229074
1315	0.28697745	0.355528514	0.218426386
1316	0.28712135	0.355637269	0.218605431
1317	0.2873254	0.355813272	0.218837528
1318	0.28755735	0.355990346	0.219124354
1319	0.28776745	0.356139839	0.219395061
1320	0.2879201	0.356227429	0.219612771
1321	0.28805385	0.356279683	0.219828017
1322	0.2882235	0.356376394	0.220070606
1323	0.2884221	0.356522482	0.220321718
1324	0.28857855	0.356624446	0.220532654
1325	0.2887187	0.35670856	0.22072884
1326	0.28888475	0.356831472	0.220938028
1327	0.28905235	0.356968833	0.221135867
1328	0.2892135	0.357077513	0.221349487
1329	0.28923645	0.35697884	0.22149406
1330	0.28922795	0.356838458	0.221617442
1331	0.28927975	0.356791171	0.221768329
1332	0.28937225	0.356794469	0.221950031
1333	0.28952325	0.356879366	0.222167134
1334	0.28965115	0.356931975	0.222370325
1335	0.28972425	0.356969491	0.222479009
1336	0.2897999	0.357026068	0.222573732
1337	0.28983925	0.357049587	0.222628913
1338	0.2898848	0.357078099	0.222691501
1339	0.29000955	0.357295833	0.222723267
1340	0.290134	0.357529158	0.222738842
1341	0.29012085	0.357537199	0.222704501
1342	0.2901011	0.357531735	0.222670465
1343	0.28993835	0.357368568	0.222508132
1344	0.2897839	0.357224132	0.222343668
1345	0.2896387	0.35716989	0.22210751
1346	0.2892812	0.356922707	0.221639693
1347	0.28904115	0.356784024	0.221298276
1348	0.2889201	0.356770903	0.221069297
1349	0.28876955	0.356738072	0.220801028
1350	0.28852835	0.356654627	0.220402073
1351	0.28818355	0.356375625	0.219991475
1352	0.2881105	0.356227675	0.219993325
1353	0.2879163	0.35583707	0.21999553
1354	0.2866094	0.354110767	0.219108033
1355	0.285437	0.35251069	0.21836331
1356	0.2864037	0.353178196	0.219629204
1357	0.2879967	0.354157548	0.221835852
1358	0.29030555	0.356432961	0.224178139
1359	0.2930996	0.360299426	0.225899774
1360	0.2908121	0.36079646	0.22082774
1361	0.28565035	0.361741919	0.209558781
1362	0.2783773	0.353237648	0.203516952
1363	0.274281	0.349297392	0.199264608
1364	0.3051126	0.382552294	0.227672906
1365	0.3456185	0.435554626	0.255682374
1366	0.3149369	0.388941615	0.240932185
1367	0.2826069	0.349999397	0.215214403
1368	0.27264855	0.339029722	0.206267378
1369	0.2719502	0.348550676	0.195349724
1370	0.27953775	0.356871364	0.202204136
1371	0.2814099	0.359129113	0.203690687
1372	0.270931	0.34150506	0.20035694
1373	0.26365095	0.330554369	0.196747531
1374	0.2725591	0.341033328	0.204084872
1375	0.28449555	0.357030691	0.211960409
1376	0.2808969	0.352996109	0.208797691
1377	0.27291165	0.345040192	0.200783108
1378	0.27419735	0.346247819	0.202146881
1379	0.27674965	0.348208517	0.205290783
1380	0.27923635	0.34925743	0.20921527
1381	0.28665675	0.354861694	0.218451806
1382	0.29303365	0.36237507	0.22369223
1383	0.2950625	0.36869708	0.22142792
1384	0.2891939	0.362683912	0.215703888
1385	0.27948095	0.35035811	0.20860379
1386	0.28174925	0.351930519	0.211567981
1387	0.28965435	0.358847041	0.220461659
1388	0.2912042	0.359525075	0.222883325
1389	0.289182	0.358252382	0.220111618
1390	0.2859222	0.355931133	0.215913267
1391	0.2817205	0.350562471	0.212878529
1392	0.28006325	0.348030351	0.212096149
1393	0.28241115	0.350703058	0.214119242
1394	0.28506985	0.354164713	0.215974987
1395	0.28731265	0.355170743	0.219454557
1396	0.2880514	0.354693413	0.221409387
1397	0.28727995	0.354342839	0.220217061
1398	0.28708835	0.354892547	0.219284153
1399	0.2849963	0.352688964	0.217303636
1400	0.2825184	0.34994884	0.21508796
1401	0.28151225	0.348433996	0.214590504
1402	0.28116085	0.34776889	0.21455281
1403	0.2811515	0.34745706	0.21484594
1404	0.2810051	0.347211372	0.214798828
1405	0.2789799	0.344735523	0.213224277
1406	0.2768344	0.342144823	0.211523977
1407	0.27641075	0.341671756	0.211149744
1408	0.2763725	0.341736566	0.211008434
1409	0.2744858	0.340074433	0.208897167
1410	0.27281445	0.33865251	0.20697639
1411	0.2728678	0.33832818	0.20740742
1412	0.27312395	0.338245454	0.208002446
1413	0.27254595	0.337553198	0.207538702
1414	0.2720079	0.33692487	0.20709093
1415	0.270921	0.335557497	0.206284503
1416	0.2696727	0.334022607	0.205322793
1417	0.269208	0.333576216	0.204839784
1418	0.26897565	0.333490339	0.204460961
1419	0.2685411	0.33299987	0.20408233
1420	0.2680056	0.332259727	0.203751473
1421	0.26727995	0.331308487	0.203251413
1422	0.26658635	0.330455532	0.202717168
1423	0.26620735	0.33007318	0.20234152
1424	0.26604415	0.329926246	0.202162054
1425	0.2657718	0.329551704	0.201991896
1426	0.26531905	0.328911788	0.201726312
1427	0.2648732	0.328315654	0.201430746
1428	0.26438195	0.327750776	0.201013124
1429	0.26386365	0.327185346	0.200541954
1430	0.26358175	0.326856758	0.200306742
1431	0.2634928	0.326726135	0.200259465
1432	0.26335835	0.326606631	0.200110069
1433	0.2630038	0.326221953	0.199785647
1434	0.26249965	0.325555247	0.199444053
1435	0.2621005	0.325007717	0.199193283
1436	0.2618501	0.324719134	0.198981066
1437	0.2615852	0.324443162	0.198727238
1438	0.2614682	0.324344115	0.198592285
1439	0.26144775	0.32433064	0.19856486
1440	0.26122435	0.323950813	0.198497887
1441	0.2609967	0.323577122	0.198416278
1442	0.2610301	0.323610315	0.198449885
1443	0.2611026	0.323696771	0.198508429
1444	0.26130485	0.323911613	0.198698087
1445	0.26147775	0.324093659	0.198861841
1446	0.2615783	0.32422892	0.19892768
1447	0.2617017	0.324394418	0.199008982
1448	0.2619903	0.324756548	0.199224052
1449	0.2622481	0.325085951	0.199410249
1450	0.26243055	0.325362381	0.199498719
1451	0.26258975	0.325606423	0.199573077
1452	0.26274695	0.325789992	0.199703908
1453	0.2629037	0.325959451	0.199847949
1454	0.263087	0.326193843	0.199980157
1455	0.26324405	0.326410103	0.200077997
1456	0.26339245	0.326610653	0.200174247
1457	0.26356995	0.326840555	0.200299345
1458	0.26364595	0.326948116	0.200343784
1459	0.2636921	0.327016243	0.200367957
1460	0.26377555	0.327162178	0.200388922
1461	0.26387025	0.32733303	0.20040747
1462	0.2640833	0.327595887	0.200570713
1463	0.2643325	0.32787421	0.20079079
1464	0.26449705	0.328067282	0.200926818
1465	0.2646443	0.328253664	0.201034936
1466	0.2647819	0.328437842	0.201125958
1467	0.2648431	0.328521151	0.201165049
1468	0.26495475	0.328641973	0.201267527
1469	0.2651953	0.328932665	0.201457935
1470	0.26558985	0.329398395	0.201781305
1471	0.26598015	0.329838477	0.202121823
1472	0.2663074	0.330214425	0.202400375
1473	0.2666622	0.3306321	0.2026923
1474	0.26707365	0.331102672	0.203044628
1475	0.2675078	0.331605354	0.203410246
1476	0.267802	0.331956874	0.203647126
1477	0.26798955	0.332191127	0.203787973
1478	0.2682631	0.332546354	0.203979846
1479	0.2686259	0.333010146	0.204241654
1480	0.2689851	0.333444521	0.204525679
1481	0.26932415	0.33384011	0.20480819
1482	0.2696184	0.334178967	0.205057833
1483	0.26985435	0.334452372	0.205256328
1484	0.2701128	0.334756734	0.205468866
1485	0.27044985	0.335143295	0.205756405
1486	0.2708222	0.335568418	0.206075982
1487	0.2712348	0.336055794	0.206413806
1488	0.2716334	0.336531786	0.206735014
1489	0.27202775	0.33699015	0.20706535
1490	0.27235445	0.337365381	0.207343519
1491	0.27262645	0.337680729	0.207572171
1492	0.27292255	0.338031563	0.207813537
1493	0.27334255	0.338550895	0.208134205
1494	0.2737236	0.339019911	0.208427289
1495	0.27407385	0.339440306	0.208707394
1496	0.27442115	0.339858416	0.208983884
1497	0.2747308	0.340206538	0.209255062
1498	0.2750241	0.340539309	0.209508891
1499	0.27540965	0.341019741	0.209799559
1500	0.2757952	0.341500562	0.210089838
1501	0.2761651	0.341959276	0.210370924
1502	0.2765346	0.342412531	0.210656669
1503	0.2768884	0.342813523	0.210963277
1504	0.2772374	0.343209073	0.211265727
1505	0.27766965	0.343720781	0.211618519
1506	0.2780887	0.344217791	0.211959609
1507	0.27839545	0.344584984	0.212205916
1508	0.27870035	0.34495031	0.21245039
1509	0.27910795	0.345435621	0.212780279
1510	0.2795056	0.345909044	0.213102156
1511	0.27983435	0.346286004	0.213382696
1512	0.2801523	0.346647787	0.213656813
1513	0.280494	0.347045408	0.213942592
1514	0.2808364	0.347447119	0.214225681
1515	0.2811705	0.347845201	0.214495799
1516	0.28149955	0.348236863	0.214762237
1517	0.28186425	0.348650726	0.215077774
1518	0.28222635	0.349056957	0.215395743
1519	0.28255225	0.349449973	0.215654527
1520	0.2828725	0.349844101	0.215900899
1521	0.28317965	0.350209564	0.216149736
1522	0.28347975	0.350560784	0.216398716
1523	0.28378975	0.35091393	0.21666557
1524	0.28409235	0.351258341	0.216926359
1525	0.2843747	0.351613335	0.217136065
1526	0.2846639	0.351982386	0.217345414
1527	0.28494065	0.352292102	0.217589198
1528	0.28520855	0.352585795	0.217831305
1529	0.2854438	0.352845812	0.218041788
1530	0.2856696	0.353093377	0.218245823
1531	0.2859049	0.353360272	0.218449528
1532	0.28614875	0.35363959	0.21865791
1533	0.2863945	0.353941709	0.218847291
1534	0.28663875	0.354247673	0.219029827
1535	0.28690655	0.354550972	0.219262128
1536	0.2871812	0.354853178	0.219509222
1537	0.28740355	0.355110514	0.219696586
1538	0.2876051	0.355347415	0.219862785
1539	0.28783055	0.355608485	0.220052615
1540	0.2880601	0.355872785	0.220247415
1541	0.2882618	0.356091443	0.220432157
1542	0.28847015	0.356314678	0.220625622
1543	0.288705	0.356585823	0.220824177
1544	0.2889457	0.35686911	0.22102229
1545	0.289185	0.357148602	0.221221398
1546	0.2894202	0.357425476	0.221414924
1547	0.28963815	0.357673746	0.221602554
1548	0.28984925	0.357908068	0.221790432
1549	0.2900835	0.358177452	0.221989548
1550	0.290325	0.358459198	0.222190802
1551	0.29051315	0.358679512	0.222346788
1552	0.29068765	0.358885817	0.222489483
1553	0.29090845	0.359148057	0.222668843
1554	0.29114395	0.359428257	0.222859643
1555	0.291309	0.359610194	0.223007806
1556	0.2914434	0.359746389	0.223140411
1557	0.2916492	0.359960198	0.223338202
1558	0.2918863	0.3602084	0.2235642
1559	0.29213005	0.360493494	0.223766606
1560	0.29238895	0.360812507	0.223965393
1561	0.2925921	0.361040706	0.224143494
1562	0.2927521	0.361204781	0.224299419
1563	0.29295745	0.361437587	0.224477313
1564	0.29320015	0.361720862	0.224679438
1565	0.2934106	0.361973143	0.224848057
1566	0.2936009	0.362208532	0.224993268
1567	0.2938124	0.362458216	0.225166584
1568	0.2940369	0.362714517	0.225359283
1569	0.294219	0.362913114	0.225524886
1570	0.29438185	0.363086413	0.225677287
1571	0.2945894	0.363323976	0.225854824
1572	0.29481105	0.363582813	0.226039287
1573	0.2950692	0.363886142	0.226252258
1574	0.2953636	0.364235451	0.226491749
1575	0.29559725	0.364494002	0.226700498
1576	0.2957854	0.364690189	0.226880611
1577	0.29600225	0.364938293	0.227066207
1578	0.2962393	0.365216922	0.227261678
1579	0.2965324	0.365543349	0.227521451
1580	0.296872	0.36591397	0.22783003
1581	0.2971672	0.366252001	0.228082399
1582	0.2974233	0.366557561	0.228289039
1583	0.2976945	0.366862668	0.228526332
1584	0.2979801	0.367172229	0.228787971
1585	0.2982302	0.367460537	0.228999863
1586	0.2984551	0.367732345	0.229177855
1587	0.29872385	0.368048917	0.229398783
1588	0.2990209	0.368393656	0.229648144
1589	0.2993206	0.368723236	0.229917964
1590	0.2996215	0.36904139	0.23020161
1591	0.2999403	0.369403961	0.230476639
1592	0.3002731	0.36979904	0.23074716
1593	0.3005255	0.370096675	0.230954325
1594	0.30072695	0.370335833	0.231118067
1595	0.30101835	0.370660486	0.231376214
1596	0.30137605	0.371046892	0.231705208
1597	0.30168795	0.371406194	0.231969706
1598	0.30196305	0.371740643	0.232185457
1599	0.30230505	0.372132823	0.232477277
1600	0.30269315	0.372567529	0.232818771
1601	0.30302205	0.372948125	0.233095975
1602	0.3033127	0.373290886	0.233334514
1603	0.30359495	0.373616522	0.233573378
1604	0.3038738	0.373935029	0.233812571
1605	0.30424825	0.374366929	0.234129571
1606	0.30468015	0.374866722	0.234493578
1607	0.3050625	0.375308132	0.234816868
1608	0.30541845	0.375717456	0.235119444
1609	0.30576705	0.37611893	0.23541517
1610	0.3061092	0.376513685	0.235704715
1611	0.30642975	0.376868243	0.235991257
1612	0.30673935	0.377203488	0.236275212
1613	0.30697645	0.377452838	0.236500062
1614	0.30717225	0.377652057	0.236692443
1615	0.30748	0.377979222	0.236980778
1616	0.30784645	0.378373995	0.237318905
1617	0.30816835	0.378744207	0.237592493
1618	0.3084689	0.379102715	0.237835085
1619	0.30875855	0.379425817	0.238091283
1620	0.3090399	0.379729088	0.238350712
1621	0.3092503	0.379961253	0.238539347
1622	0.30943075	0.380163285	0.238698215
1623	0.30969445	0.380449806	0.238939094
1624	0.30999335	0.380772152	0.239214548
1625	0.3102488	0.38105808	0.23943952
1626	0.31048715	0.381329335	0.239644965
1627	0.31064935	0.381527021	0.239771679
1628	0.3107835	0.381697887	0.239869113
1629	0.31098935	0.381921409	0.240057291
1630	0.3112213	0.382164801	0.240277799
1631	0.31136475	0.382323048	0.240406452
1632	0.3114809	0.382455194	0.240506606
1633	0.31158025	0.382548748	0.240611752
1634	0.3116747	0.382630642	0.240718758
1635	0.3118606	0.382847494	0.240873706
1636	0.3120741	0.383103931	0.241044269
1637	0.31221965	0.38325644	0.24118286
1638	0.31234965	0.383384161	0.241315139
1639	0.3124443	0.383467549	0.241421051
1640	0.3125298	0.383539429	0.241520171
1641	0.31259015	0.383567001	0.241613299
1642	0.31265	0.38359133	0.24170867
1643	0.31264165	0.383584809	0.241698491
1644	0.3126192	0.383569596	0.241668804
1645	0.312663	0.383614015	0.241711985
1646	0.31271705	0.3836689	0.2417652
1647	0.3126681	0.383588063	0.241748137
1648	0.312604	0.383486661	0.241721339
1649	0.3124521	0.383292453	0.241611747
1650	0.312295	0.383093465	0.241496535
1651	0.3122125	0.382990821	0.241434179
1652	0.3121342	0.382894195	0.241374205
1653	0.31200545	0.382745986	0.241264914
1654	0.3118769	0.382597716	0.241156084
1655	0.311639	0.382273191	0.241004809
1656	0.31138765	0.381932902	0.240842398
1657	0.31126615	0.381791152	0.240741148
1658	0.3111553	0.381661664	0.240648936
1659	0.3110085	0.381482659	0.240534341
1660	0.3108497	0.381290883	0.240408517
1661	0.3104756	0.380848169	0.240103031
1662	0.3101216	0.380425811	0.239817389
1663	0.3100896	0.380371439	0.239807761
1664	0.31004385	0.380307765	0.239779935
1665	0.3098737	0.380138136	0.239609264
1666	0.30970155	0.379957186	0.239445914
1667	0.3094928	0.379663951	0.239321649
1668	0.30929065	0.379381356	0.239199944
1669	0.309186	0.379230411	0.239141589
1670	0.3090679	0.379069321	0.239066479
1671	0.3088387	0.378808669	0.238868731
1672	0.30864735	0.378586307	0.238708393
1673	0.3086349	0.378542122	0.238727678
1674	0.3086106	0.378488557	0.238732643
1675	0.30853265	0.378399987	0.238665313
1676	0.30845405	0.378310023	0.238598077
1677	0.3083888	0.378225939	0.238551661
1678	0.3083345	0.378147273	0.238521727
1679	0.3082906	0.378063649	0.238517551
1680	0.3082339	0.37797071	0.23849709
1681	0.3081542	0.377862214	0.238446186
1682	0.30806515	0.377738434	0.238391866
1683	0.30797115	0.377601472	0.238340828
1684	0.3078551	0.377445626	0.238264574
1685	0.307697	0.377252083	0.238141917
1686	0.30758555	0.377102914	0.238068186
1687	0.30754375	0.377019214	0.238068286
1688	0.3074607	0.376924391	0.237997009
1689	0.30730695	0.376794633	0.237819267
1690	0.30711385	0.376577292	0.237650408
1691	0.3068952	0.376279237	0.237511163
1692	0.3066479	0.375982723	0.237313077
1693	0.30637565	0.375694384	0.237056916
1694	0.3060786	0.375339388	0.236817812
1695	0.3057512	0.374920126	0.236582274
1696	0.3053418	0.374406341	0.236277259
1697	0.3048777	0.373829358	0.235926042
1698	0.3045129	0.373387393	0.235638407
1699	0.30420965	0.373024254	0.235395046
1700	0.30377435	0.372482848	0.235065852
1701	0.30326065	0.371841435	0.234679865
1702	0.3027528	0.371210962	0.234294638
1703	0.30225035	0.370589269	0.233911431
1704	0.30178835	0.369986462	0.233590238
1705	0.3013316	0.369375615	0.233287585
1706	0.30086785	0.36881204	0.23292366
1707	0.30040595	0.368269681	0.232542219
1708	0.30000225	0.367798884	0.232205616
1709	0.2996006	0.367331079	0.231870121
1710	0.2990926	0.366700892	0.231484308
1711	0.29855415	0.366025015	0.231083285
1712	0.29813465	0.365532687	0.230736613
1713	0.2977309	0.365067595	0.230394205
1714	0.2972369	0.364446797	0.230027003
1715	0.29673505	0.363814033	0.229656067
1716	0.2963803	0.363384712	0.229375888
1717	0.2960317	0.362961914	0.229101486
1718	0.29575235	0.362595828	0.228908872
1719	0.2954759	0.362232357	0.228719443
1720	0.2950957	0.361770643	0.228420757
1721	0.29469715	0.361284265	0.228110035
1722	0.29432645	0.360825544	0.227827356
1723	0.2939918	0.360415661	0.227567939
1724	0.29384565	0.360227504	0.227463796
1725	0.29370195	0.360038129	0.227365771
1726	0.2935866	0.359876971	0.227296229
1727	0.2935101	0.35976442	0.22725578
1728	0.29357235	0.359840828	0.227303872
1729	0.2936941	0.359989557	0.227398643
1730	0.2939261	0.360268548	0.227583652
1731	0.2942408	0.360659603	0.227821997
1732	0.2947518	0.361296378	0.228207222
1733	0.29517025	0.361801979	0.228538521
1734	0.2954631	0.362129624	0.228796576
1735	0.29593835	0.362710517	0.229166183
1736	0.29663865	0.363611405	0.229665895
1737	0.29725785	0.364388073	0.230127627
1738	0.2977681	0.365007038	0.230529162
1739	0.2982806	0.365656573	0.230904627
1740	0.29880965	0.366343212	0.231276088
1741	0.29924265	0.36689302	0.23159228
1742	0.2995937	0.36733369	0.23185371
1743	0.2998804	0.36768005	0.23208075
1744	0.30012715	0.367965465	0.232288835
1745	0.30033115	0.368235967	0.232426333
1746	0.30053845	0.368530678	0.232546222
1747	0.30076375	0.368813088	0.232714412
1748	0.30098645	0.369079476	0.232893424
1749	0.3009679	0.369091583	0.232844217
1750	0.3008925	0.369045567	0.232739433
1751	0.30091195	0.369062503	0.232761397
1752	0.30092925	0.369062305	0.232796195
1753	0.3010168	0.369179366	0.232854234
1754	0.3010982	0.369297259	0.232899141
1755	0.30099875	0.369169917	0.232827583
1756	0.30089375	0.369030112	0.232757388
1757	0.30083585	0.368940248	0.232731452
1758	0.30077955	0.368859621	0.232699479
1759	0.30074815	0.36884171	0.23265459
1760	0.30078025	0.368891674	0.232668826
1761	0.3011128	0.369258125	0.232967475
1762	0.30140625	0.369585377	0.233227123
1763	0.3016464	0.369906858	0.233385942
1764	0.30195305	0.370314283	0.233591817
1765	0.30243075	0.370926473	0.233935027
1766	0.30286215	0.371458421	0.234265879
1767	0.3031638	0.371762853	0.234564747
1768	0.3034527	0.372062361	0.234843039
1769	0.30371185	0.372374274	0.235049426
1770	0.30401025	0.372745303	0.235275197
1771	0.30435995	0.373187043	0.235532857
1772	0.30471775	0.373630339	0.235805161
1773	0.3050426	0.374014727	0.236070473
1774	0.30536735	0.374386273	0.236348427
1775	0.30572525	0.374796132	0.236654368
1776	0.30607385	0.375233498	0.236914202
1777	0.30640525	0.375683021	0.237127479
1778	0.306516	0.375815622	0.237216378
1779	0.30661475	0.375901652	0.237327848
1780	0.3069231	0.376266978	0.237579222
1781	0.3072543	0.376658267	0.237850333
1782	0.30738365	0.37683363	0.23793367
1783	0.30739705	0.376893004	0.237901096
1784	0.30768595	0.377229002	0.238142898
1785	0.30806375	0.377662238	0.238465262
1786	0.30826715	0.377935262	0.238599038
1787	0.30846675	0.378185062	0.238748438
1788	0.3082811	0.377935048	0.238627152
1789	0.30810395	0.37770243	0.23850547
1790	0.30826245	0.377912754	0.238612146
1791	0.3083596	0.378045503	0.238673697
1792	0.30839255	0.378070107	0.238714993
1793	0.308465	0.378180396	0.238749604
1794	0.30842785	0.378143378	0.238712322
1795	0.30830765	0.377962419	0.238652881
1796	0.30817895	0.37774095	0.23861695
1797	0.3084467	0.378049482	0.238843918
1798	0.30923185	0.37909505	0.23936865
1799	0.30954845	0.379495528	0.239601372
1800	0.309258	0.379024554	0.239491446
1801	0.29974525	0.377343132	0.222147368
1802	0.29714745	0.372101228	0.222193672
1803	0.2939366	0.369516984	0.218356216
1804	0.28988435	0.367701778	0.212066922
1805	0.28605865	0.365550239	0.206567061
1806	0.28226855	0.362825564	0.201711536
1807	0.2748805	0.356724838	0.193036162
1808	0.26943465	0.35203266	0.18683664
1809	0.2689005	0.350242355	0.187558645
1810	0.2654204	0.346693394	0.184147406
1811	0.2710342	0.354818091	0.187250309
1812	0.28795335	0.375191325	0.200715375
1813	0.2969326	0.385355982	0.208509218
1814	0.2741293	0.356419289	0.191839311
1815	0.24751135	0.323975796	0.171046904
1816	0.2423285	0.317678833	0.166978167
1817	0.2388913	0.3157531	0.1620295
1818	0.2386621	0.319239395	0.158084805
1819	0.2583109	0.346588808	0.170032992
1820	0.2791861	0.377229835	0.181142365
1821	0.28349045	0.392502911	0.174477989
1822	0.28309425	0.410327086	0.155861414
1823	0.2980793	0.442322453	0.153836147
1824	0.3301965	0.502913277	0.157479723
1825	0.33455405	0.541947082	0.127161018
1826	0.35499675	0.634062983	0.075930517
1827	0.49079815	0.886678066	0.094918234
1828	0.70271395	1.2740036	0.1314243
1829	0.70972575	1.324897953	0.094553547
1830	0.50617655	0.99361802	0.01873508
1831	0.286347	0.622632152	-0.049938152
1832	0.13665285	0.302477396	-0.029171696
1833	0.07646545	0.201065193	-0.048134293
1834	0.05748115	0.138217742	-0.023255442
1835	0.03796065	0.112625528	-0.036704228
1836	0.0271421	0.082716089	-0.028431889
1837	0.01943485	0.07022503	-0.03135533
1838	0.01654895	0.063492589	-0.030394689
1839	0.01911695	0.05710024	-0.01886634
1840	0.03036815	0.088833594	-0.028097294
1841	0.03641115	0.106289624	-0.033467324
1842	0.03114905	0.082201427	-0.019903327
1843	0.03916845	0.106121535	-0.027784635
1844	0.04117565	0.127866805	-0.045515505
1845	0.02719275	0.080169093	-0.025783593
1846	0.0166588	0.050063155	-0.016745555
1847	0.0201101	0.060024131	-0.019803931
1848	0.0290142	0.09904929	-0.04102089
1849	0.0347824	0.118566039	-0.049001239
1850	0.0322823	0.099888691	-0.035324091
1851	0.01568255	0.063753803	-0.032388703
1852	0.02487525	0.07645828	-0.02670778
1853	0.06147565	0.154159436	-0.031208136
1854	0.06671685	0.232667588	-0.099233888
1855	0.06490475	0.288024602	-0.158215102
1856	0.1022939	0.428685765	-0.224097965
1857	0.32299265	1.256277369	-0.610292069
1858	8.57627085	32.15516351	-15.00262181
1859	2.4115943	8.704751391	-3.881562791
1860	0.12838595	0.431948912	-0.175177012
1861	0.0685089	0.219184135	-0.082166335
1862	0.0943248	0.394966213	-0.206316613
1863	0.09277125	0.373426485	-0.187883985
1864	0.0549921	0.201472487	-0.091488287
1865	0.03351295	0.105466225	-0.038440325
1866	0.02383925	0.080255598	-0.032577098
1867	0.0216964	0.083016677	-0.039623877
1868	0.02974745	0.118526268	-0.059031368
1869	0.03988205	0.148306265	-0.068542165
1870	0.05136635	0.166182101	-0.063449401
1871	0.06733655	0.209450587	-0.074777487
1872	0.04327985	0.129208607	-0.042648907
1873	0.0135402	0.05681635	-0.02973595
1874	0.00703475	0.022554047	-0.008484547
1875	0.0093536	0.029646082	-0.010938882
1876	0.03654285	0.116399555	-0.043313855
1877	0.11371315	0.368964399	-0.141538099
1878	0.12005405	0.390568587	-0.150460487
1879	0.1309067	0.399697869	-0.137884469
1880	0.17552045	0.46273332	-0.11169242
1881	0.162026	0.365834375	-0.041782375
1882	0.1388847	0.335629905	-0.057860505
1883	0.0930964	0.209540733	-0.023347933
1884	0.0699509	0.163603348	-0.023701548
1885	0.0802696	0.182358002	-0.021818802
1886	0.10663205	0.23508508	-0.02182098
1887	0.1254221	0.257297148	-0.006452948
1888	0.1104352	0.226968273	-0.006097873
1889	0.09814055	0.186642446	0.009638654
1890	0.1153383	0.202034653	0.028641947
1891	0.13254145	0.259497188	0.005585712
1892	0.1334609	0.269826763	-0.002904963
1893	0.13510395	0.287448265	-0.017240365
1894	0.1369948	0.296999482	-0.023009882
1895	0.13741585	0.341762904	-0.066931204
1896	0.1269701	0.346279241	-0.092339041
1897	0.10180165	0.276444564	-0.072841264
1898	0.10940295	0.309732438	-0.090926538
1899	0.21868895	0.571557762	-0.134179862
1900	0.4087299	1.053753095	-0.236293295
1901	0.25835395	0.617764286	-0.101056386
1902	0.17261685	0.403961013	-0.058727313
1903	0.1101981	0.265196852	-0.044800652
1904	0.07130425	0.187772074	-0.045163574
1905	0.03853015	0.106415368	-0.029355068
1906	0.01285625	0.03631498	-0.01060248
1907	0.0067479	0.017665874	-0.004170074
1908	0.01491145	0.040181871	-0.010358971
1909	0.02162745	0.055381491	-0.012126591
1910	0.02753685	0.081807207	-0.026733507
1911	0.0381539	0.125615586	-0.049307786
1912	0.0629765	0.146444326	-0.020491326
1913	0.0781451	0.181427095	-0.025136895
1914	0.06584645	0.139506234	-0.007813334
1915	0.05575175	0.118178557	-0.006675057
1916	0.05679905	0.111065885	0.002532215
1917	0.0647316	0.120103061	0.009360139
1918	0.07743235	0.137194635	0.017670065
1919	0.09054125	0.153847197	0.027235303
1920	0.1029876	0.170190103	0.035785097
1921	0.1157706	0.183517784	0.048023416
1922	0.12621485	0.199404214	0.053025486
1923	0.1329272	0.204732822	0.061121578
1924	0.13919355	0.216339188	0.062047912
1925	0.13951985	0.212089752	0.066949948
1926	0.1409458	0.211341713	0.070549887
1927	0.14921445	0.219649353	0.078779547
1928	0.15872455	0.230499884	0.086949216
1929	0.1704174	0.244406657	0.096428143
1930	0.18616185	0.261652028	0.110671672
1931	0.19893595	0.276983332	0.120888568
1932	0.20453295	0.279599205	0.129466695
1933	0.20910475	0.283789861	0.134419639
1934	0.21364295	0.285634578	0.141651322
1935	0.2171064	0.287391671	0.146821129
1936	0.2230144	0.293750859	0.152277941
1937	0.22997495	0.302404309	0.157545591
1938	0.23313745	0.306045257	0.160229643
1939	0.230863	0.30291048	0.15881552
1940	0.23009905	0.301608046	0.158590054
1941	0.2328045	0.30302732	0.16258168
1942	0.2347917	0.304298652	0.165284748
1943	0.23704095	0.307501533	0.166580367
1944	0.2390866	0.310677653	0.167495547
1945	0.2393265	0.31072434	0.16792866
1946	0.2392932	0.310467594	0.168118806
1947	0.2418158	0.312586731	0.171044869
1948	0.24567485	0.316069005	0.175280695
1949	0.2484866	0.319087858	0.177885342
1950	0.2499636	0.32141655	0.17851065
1951	0.25088585	0.323111671	0.178660029
1952	0.24904135	0.320974218	0.177108482
1953	0.2473278	0.319145986	0.175509614
1954	0.2466778	0.318106011	0.175249589
1955	0.24608355	0.317243452	0.174923648
1956	0.2481558	0.319383947	0.176927653
1957	0.2507497	0.322215628	0.179283772
1958	0.2527799	0.324292518	0.181267282
1959	0.25433185	0.325782025	0.182881675
1960	0.2564558	0.328376479	0.184535121
1961	0.25968405	0.33289548	0.18647262
1962	0.26209005	0.336214775	0.187965325
1963	0.2622192	0.33582506	0.18861334
1964	0.2623286	0.33551005	0.18914715
1965	0.26249175	0.335196677	0.189786823
1966	0.2626416	0.33496189	0.19032131
1967	0.26373335	0.336088325	0.191378375
1968	0.265029	0.337555201	0.192502799
1969	0.2664082	0.339238766	0.193577634
1970	0.267836	0.341042008	0.194629992
1971	0.26906775	0.342603579	0.195531921
1972	0.27000985	0.343817309	0.196202391
1973	0.2710165	0.345056563	0.196976437
1974	0.2726446	0.346723621	0.198565579
1975	0.27415695	0.348280923	0.200032977
1976	0.27445055	0.348583144	0.200317956
1977	0.27466395	0.348817715	0.200510185
1978	0.27459865	0.348727952	0.200469348
1979	0.2744437	0.348522394	0.200365006
1980	0.27470185	0.348914931	0.200488769
1981	0.275311	0.349838166	0.200783834
1982	0.2760568	0.350811963	0.201301637
1983	0.27707075	0.351901333	0.202240167
1984	0.27794735	0.352853975	0.203040725
1985	0.2785068	0.353504999	0.203508601
1986	0.2790622	0.354155077	0.203969323
1987	0.2792078	0.354173466	0.204242134
1988	0.2792963	0.354126388	0.204466212
1989	0.2801845	0.355158332	0.205210668
1990	0.2813657	0.356581629	0.206149771
1991	0.2816721	0.356910652	0.206433548
1992	0.28116075	0.356198465	0.206123035
1993	0.2805874	0.355358109	0.205816691
1994	0.2798564	0.354162977	0.205549823
1995	0.27900945	0.352859697	0.205159203
1996	0.27858655	0.352326724	0.204846376
1997	0.27813395	0.351771652	0.204496248
1998	0.2786646	0.352827867	0.204501333
1999	0.2793719	0.354242997	0.204500803
2000	0.2792595	0.354041698	0.204477302
2001	0.27847145	0.352743931	0.204198969
2002	0.277639	0.351568368	0.203709632
2003	0.27722415	0.351194392	0.203253908
2004	0.2769071	0.350981989	0.202832211
2005	0.2762754	0.3504702	0.2020806
2006	0.27594805	0.35037782	0.20151828
2007	0.27735575	0.352161225	0.202550275
2008	0.27858795	0.353707263	0.203468637
2009	0.27825565	0.353326905	0.203184395
2010	0.2778686	0.352928041	0.202809159
2011	0.2777985	0.352435372	0.203161628
2012	0.27768785	0.351843505	0.203532195
2013	0.2778928	0.351857581	0.203928019
2014	0.2783707	0.352314894	0.204426506
2015	0.27853135	0.35251146	0.20455124
2016	0.27839405	0.352321155	0.204466945
2017	0.27816405	0.352010809	0.204317291
2018	0.27752955	0.351310101	0.203748999
2019	0.27699185	0.350704356	0.203279344
2020	0.2767949	0.35045556	0.20313424
2021	0.2766359	0.350262541	0.203009259
2022	0.2765932	0.350025685	0.203160715
2023	0.27661195	0.34982593	0.20339797
2024	0.2765355	0.349737409	0.203333591
2025	0.2761257	0.34936154	0.20288986
2026	0.2758098	0.348998599	0.202621001
2027	0.27574195	0.348952272	0.202531628
2028	0.27544805	0.348656429	0.202239671
2029	0.2750951	0.348207081	0.201983119
2030	0.274737	0.347774396	0.201699604
2031	0.2740979	0.346926611	0.201269189
2032	0.27350525	0.34613701	0.20087349
2033	0.27311935	0.345705414	0.200533286
2034	0.272759	0.345333568	0.200184432
2035	0.2726409	0.345159328	0.200122472
2036	0.27250115	0.344913325	0.200088975
2037	0.2719052	0.34420415	0.19960625
2038	0.2711189	0.34333739	0.19890041
2039	0.27031525	0.342307483	0.198323017
2040	0.26954125	0.341175288	0.197907212
2041	0.2687941	0.340104426	0.197483774
2042	0.2682684	0.339222299	0.197314501
2043	0.26777615	0.338379149	0.197173151
2044	0.26674165	0.33714419	0.19633911
2045	0.26560145	0.335838477	0.195364423
2046	0.2648742	0.335141217	0.194607183
2047	0.26429755	0.334611059	0.193984041
2048	0.264442	0.334851012	0.194032988
2049	0.2646657	0.335247119	0.194084281
2050	0.2641658	0.334694315	0.193637285
2051	0.2633095	0.333596592	0.193022408
2052	0.262059	0.332090099	0.192027901
2053	0.2609111	0.330720286	0.191101914
2054	0.2600921	0.329730855	0.190453345
2055	0.25921455	0.328482159	0.189946941
2056	0.2584827	0.32737645	0.18958895
2057	0.25815735	0.326835076	0.189479624
2058	0.2578792	0.326408336	0.189350064
2059	0.258172	0.327147633	0.189196367
2060	0.2586048	0.32818795	0.18902165
2061	0.2586606	0.328349661	0.188971539
2062	0.25861505	0.328171035	0.189059065
2063	0.25799205	0.327199133	0.188784967
2064	0.25700285	0.325792373	0.188213327
2065	0.2559549	0.324323147	0.187586653
2066	0.25510415	0.323195432	0.187012868
2067	0.25444445	0.322420921	0.186467979
2068	0.2542638	0.322158884	0.186368716
2069	0.2542277	0.322090626	0.186364774
2070	0.25404735	0.321988664	0.186106036
2071	0.253705	0.321700937	0.185709063
2072	0.2532286	0.321270541	0.185186659
2073	0.2529209	0.321070168	0.184771632
2074	0.2529345	0.321115357	0.184753643
2075	0.2528846	0.321024022	0.184745178
2076	0.25253765	0.320587667	0.184487633
2077	0.2518438	0.319684261	0.184003339
2078	0.25127235	0.318850882	0.183693818
2079	0.2508906	0.318312926	0.183468274
2080	0.25045415	0.317761514	0.183146786
2081	0.250272	0.317500052	0.183043948
2082	0.250147	0.317310636	0.182983364
2083	0.25049705	0.317731927	0.183262173
2084	0.2508831	0.318225581	0.183540619
2085	0.2505979	0.317849375	0.183346425
2086	0.25008685	0.317138541	0.183035159
2087	0.25007145	0.317067923	0.183074977
2088	0.25023545	0.317328913	0.183141987
2089	0.2500491	0.317129215	0.182968985
2090	0.2497982	0.316816897	0.182779503
2091	0.2495294	0.316521645	0.182537155
2092	0.24928805	0.316242898	0.182333202
2093	0.2491334	0.316043449	0.182223351
2094	0.2489464	0.31581414	0.18207866
2095	0.24900405	0.315866873	0.182141227
2096	0.2496721	0.316746901	0.182597299
2097	0.2501647	0.317433641	0.182895759
2098	0.24970255	0.316784129	0.182620971
2099	0.24906895	0.315871736	0.182266164
2100	0.2484731	0.31511281	0.18183339
2101	0.2480206	0.314581987	0.181459213
2102	0.24828015	0.314947725	0.181612575
2103	0.24860925	0.315386628	0.181831872
2104	0.248825	0.315682244	0.181967756
2105	0.2490822	0.315951188	0.182213212
2106	0.24913445	0.315925452	0.182343448
2107	0.2491132	0.315918557	0.182307843
2108	0.2491666	0.316011155	0.182322045
2109	0.24885305	0.315735223	0.181970877
2110	0.24862365	0.315515533	0.181731767
2111	0.24888865	0.315719298	0.182058002
2112	0.2492439	0.31605497	0.18243283
2113	0.2494952	0.316346893	0.182643507
2114	0.24964485	0.316502697	0.182787003
2115	0.2496442	0.31644632	0.18284208
2116	0.24969675	0.31643902	0.18295448
2117	0.2496424	0.316326207	0.182958593
2118	0.24961605	0.31634168	0.18289042
2119	0.24986525	0.316603582	0.183126918
2120	0.2501113	0.316771637	0.183450963
2121	0.25026945	0.31687607	0.18366283
2122	0.25026575	0.316808894	0.183722606
2123	0.2502513	0.316752291	0.183750309
2124	0.25055155	0.317175654	0.183927446
2125	0.2508684	0.317636214	0.184100586
2126	0.2509805	0.317868177	0.184092823
2127	0.2511611	0.318176278	0.184145922
2128	0.25180965	0.319009	0.1846103
2129	0.252424	0.319796285	0.185051715
2130	0.25221045	0.319593654	0.184827246
2131	0.2519129	0.319279249	0.184546551
2132	0.25181465	0.318980675	0.184648625
2133	0.25167965	0.318617444	0.184741856
2134	0.25164655	0.318588944	0.184704156
2135	0.2518331	0.318825267	0.184840933
2136	0.25194555	0.318946499	0.184944601
2137	0.25178715	0.31879942	0.18477488
2138	0.2515153	0.318508424	0.184522176
2139	0.2511934	0.318110406	0.184276394
2140	0.2512099	0.318091298	0.184328502
2141	0.2517774	0.318779613	0.184775187
2142	0.25230945	0.319424062	0.185194838
2143	0.25290535	0.32006774	0.18574296
2144	0.253581	0.320816897	0.186345103
2145	0.25419865	0.321648958	0.186748342
2146	0.2547896	0.322477746	0.187101454
2147	0.2550509	0.322792823	0.187308977
2148	0.255126	0.322793509	0.187458491
2149	0.2550304	0.322618632	0.187442168
2150	0.2549792	0.322490191	0.187468209
2151	0.25510705	0.322532319	0.187681781
2152	0.25521235	0.322717965	0.187706735
2153	0.25551405	0.323182168	0.187845932
2154	0.2560082	0.32382124	0.18819516
2155	0.2564517	0.324415103	0.188488297
2156	0.25683575	0.324813722	0.188857778
2157	0.25692415	0.324799362	0.189048938
2158	0.25663905	0.324375045	0.188903055
2159	0.2565497	0.324258143	0.188841257
2160	0.25675125	0.324567051	0.188935449
2161	0.2568717	0.324753896	0.188989504
2162	0.25730165	0.325274057	0.189329243
2163	0.257836	0.325926419	0.189745581
2164	0.25809245	0.326218293	0.189966607
2165	0.2583798	0.326539023	0.190220577
2166	0.25903835	0.327371673	0.190705027
2167	0.2599559	0.328581322	0.191330478
2168	0.2603858	0.329083159	0.191688441
2169	0.26008695	0.328601774	0.191572126
2170	0.2598045	0.328189918	0.191419082
2171	0.2599554	0.328263873	0.191646927
2172	0.2601645	0.328360275	0.191968725
2173	0.26043615	0.328583569	0.192288731
2174	0.2605523	0.328681125	0.192423475
2175	0.26017105	0.328277107	0.192064993
2176	0.25988365	0.328000122	0.191767178
2177	0.2600723	0.32828468	0.19185992
2178	0.2602411	0.328529719	0.191952481
2179	0.26064815	0.329026054	0.192270246
2180	0.2613221	0.329810889	0.192833311
2181	0.2616994	0.330184435	0.193214365
2182	0.2619231	0.330429352	0.193416848
2183	0.2622758	0.330882087	0.193669513
2184	0.2624733	0.331155667	0.193790933
2185	0.262228	0.330812286	0.193643714
2186	0.2617976	0.330199109	0.193396091
2187	0.2615594	0.329911557	0.193207243
2188	0.2618939	0.330461197	0.193326603
2189	0.26251315	0.331352784	0.193673516
2190	0.2631504	0.332162656	0.194138144
2191	0.2635977	0.332719938	0.194475462
2192	0.26368605	0.332709077	0.194663023
2193	0.2636953	0.332568948	0.194821652
2194	0.26371345	0.33249637	0.19493053
2195	0.2638094	0.332556901	0.195061899
2196	0.2638966	0.332621989	0.195171211
2197	0.2639596	0.332653762	0.195265438
2198	0.2643965	0.332995363	0.195797637
2199	0.26470015	0.333118714	0.196281586
2200	0.26444905	0.332722698	0.196175402
2201	0.2641554	0.332417086	0.195893714
2202	0.2639872	0.332300417	0.195673983
2203	0.26466385	0.333246226	0.196081474
2204	0.26532555	0.334172378	0.196478722
2205	0.2652418	0.334108493	0.196375107
2206	0.26519135	0.334054563	0.196328137
2207	0.26500165	0.333725316	0.196277984
2208	0.26472905	0.333279133	0.196178967
2209	0.26424245	0.332565483	0.195919417
2210	0.263943	0.332165739	0.195720261
2211	0.26420235	0.332682427	0.195722273
2212	0.26445315	0.333180943	0.195725357
2213	0.2644915	0.333321452	0.195661548
2214	0.2645081	0.333399453	0.195616747
2215	0.26442705	0.333066335	0.195787765
2216	0.2642902	0.332609243	0.195971157
2217	0.2638102	0.332154038	0.195466362
2218	0.2633343	0.331754197	0.194914403
2219	0.2632826	0.331745019	0.194820181
2220	0.26334545	0.331830493	0.194860407
2221	0.26312585	0.331546173	0.194705527
2222	0.2626388	0.331110726	0.194166874
2223	0.2623	0.330809493	0.193790507
2224	0.26213545	0.330674014	0.193596886
2225	0.26217865	0.330738387	0.193618913
2226	0.262143	0.330430463	0.193855537
2227	0.26180635	0.329785403	0.193827297
2228	0.26157015	0.329305085	0.193835215
2229	0.2614199	0.32898915	0.19385065
2230	0.2613021	0.328850678	0.193753522
2231	0.2611337	0.328662083	0.193605317
2232	0.26039565	0.327849625	0.192941675
2233	0.25944965	0.326809944	0.192089356
2234	0.25843785	0.325584815	0.191290885
2235	0.2574355	0.324311743	0.190559257
2236	0.2563046	0.322796883	0.189812317
2237	0.25509545	0.321173419	0.189017481
2238	0.2537404	0.319569443	0.187911357
2239	0.25249535	0.318190459	0.186800241
2240	0.2513984	0.316988022	0.185808778
2241	0.250411	0.315979912	0.184842088
2242	0.2498068	0.315378621	0.184234979
2243	0.24915575	0.314639698	0.183671802
2244	0.248213	0.31347823	0.18294777
2245	0.24720255	0.311994036	0.182411064
2246	0.24605815	0.310298394	0.181817906
2247	0.2448572	0.308739925	0.180974475
2248	0.2436462	0.307195249	0.180097151
2249	0.24220285	0.305355056	0.179050644
2250	0.24080175	0.303606794	0.177996706
2251	0.2398016	0.302441577	0.177161623
2252	0.2389148	0.301399075	0.176430525
2253	0.23803285	0.300278235	0.175787465
2254	0.23706545	0.299094345	0.175036555
2255	0.23601165	0.29783163	0.17419167
2256	0.2349867	0.296523957	0.173449443
2257	0.2340042	0.295228519	0.172779881
2258	0.23301425	0.293972261	0.172056239
2259	0.2319657	0.292758007	0.171173393
2260	0.23079505	0.291542713	0.170047387
2261	0.23009985	0.290922413	0.169277287
2262	0.22981965	0.290660314	0.168978986
2263	0.22930805	0.290049618	0.168566482
2264	0.2285956	0.289124383	0.168066817
2265	0.22779985	0.287942282	0.167657418
2266	0.2268671	0.286680289	0.167053911
2267	0.22612405	0.285727244	0.166520856
2268	0.2253244	0.284692201	0.165956599
2269	0.22457775	0.283741975	0.165413525
2270	0.22394635	0.282873474	0.165019226
2271	0.2232345	0.281955284	0.164513716
2272	0.2228487	0.281631999	0.164065401
2273	0.22256885	0.281357948	0.163779752
2274	0.2224146	0.281035148	0.163794052
2275	0.22221325	0.280724957	0.163701543
2276	0.2219042	0.280451008	0.163357392
2277	0.2215691	0.280113471	0.163024729
2278	0.2211687	0.279589088	0.162748312
2279	0.22073495	0.279009037	0.162460863
2280	0.2201176	0.278075795	0.162159405
2281	0.2195078	0.277138966	0.161876634
2282	0.21926625	0.276719341	0.161813159
2283	0.2189695	0.276210462	0.161728538
2284	0.2184677	0.275647529	0.161287871
2285	0.2180498	0.275230537	0.160869063
2286	0.217283	0.274297088	0.160268912
2287	0.2162919	0.273178929	0.159404871
2288	0.21554225	0.272299309	0.158785191
2289	0.2150295	0.271538492	0.158520508
2290	0.21473845	0.271180567	0.158296333
2291	0.2143359	0.270774189	0.157897611
2292	0.2137565	0.270084077	0.157428923
2293	0.21334275	0.26955908	0.15712642
2294	0.21279095	0.268861525	0.156720375
2295	0.21148915	0.267195292	0.155783008
2296	0.21016325	0.265499373	0.154827127
2297	0.2095587	0.264773501	0.154343899
2298	0.20903725	0.264086619	0.153987881
2299	0.20859605	0.263500681	0.153691419
2300	0.2081942	0.263001385	0.153387015
2301	0.2076652	0.262244033	0.153086367
2302	0.20709675	0.261448796	0.152744704
2303	0.2065527	0.260801772	0.152303628
2304	0.20602875	0.260156364	0.151901136
2305	0.2056896	0.259664854	0.151714346
2306	0.2054144	0.259298517	0.151530283
2307	0.2051498	0.258909911	0.151389689
2308	0.20491545	0.258495502	0.151335398
2309	0.20485365	0.258524196	0.151183104
2310	0.20494765	0.258845732	0.151049568
2311	0.20576575	0.2599291	0.1516024
2312	0.2064941	0.260932762	0.152055438
2313	0.2071893	0.261873746	0.152504854
2314	0.2080206	0.262869537	0.153171663
2315	0.2086642	0.263573338	0.153755062
2316	0.2093257	0.264341876	0.154309524
2317	0.20984955	0.265042847	0.154656253
2318	0.21020505	0.265605129	0.154804971
2319	0.21044525	0.265972813	0.154917687
2320	0.21068615	0.266251698	0.155120602
2321	0.2112187	0.266901537	0.155535863
2322	0.21157155	0.267320531	0.155822569
2323	0.2116641	0.267264564	0.156063636
2324	0.21164165	0.267012124	0.156271176
2325	0.211472	0.266717123	0.156226877
2326	0.21137585	0.266506021	0.156245679
2327	0.21151505	0.266632536	0.156397564
2328	0.21170195	0.266968448	0.156435452
2329	0.21187655	0.267305521	0.156447579
2330	0.2121672	0.267862832	0.156471568
2331	0.2122727	0.268196162	0.156349238
2332	0.2114316	0.267204977	0.155658223
2333	0.2103953	0.265903415	0.154887185
2334	0.20954605	0.264736408	0.154355692
2335	0.2089075	0.263871737	0.153943263
2336	0.2084919	0.263314777	0.153669023
2337	0.2079592	0.262590322	0.153328078
2338	0.20735255	0.261850733	0.152854367
2339	0.2066786	0.261058471	0.152298729
2340	0.2057297	0.260030781	0.151428619
2341	0.20493635	0.259219584	0.150653116
2342	0.20493245	0.259081649	0.150783251
2343	0.20506355	0.259105943	0.151021157
2344	0.2049689	0.259016311	0.150921489
2345	0.2044283	0.258477501	0.150379099
2346	0.2043226	0.258542576	0.150102624
2347	0.2046884	0.259069573	0.150307227
2348	0.20488655	0.259346648	0.150426452
2349	0.2055087	0.260081545	0.150935855
2350	0.20600845	0.260679399	0.151337501
2351	0.2065083	0.261315941	0.151700659
2352	0.20728345	0.262347787	0.152219113
2353	0.20761705	0.262919061	0.152315039
2354	0.2077236	0.262899112	0.152548088
2355	0.2074324	0.262084086	0.152780714
2356	0.20731855	0.261748688	0.152888412
2357	0.20809745	0.262986863	0.153208037
2358	0.2087538	0.264183222	0.153324378
2359	0.2095752	0.265490144	0.153660256
2360	0.2103989	0.266587564	0.154210236
2361	0.20950765	0.265334687	0.153680613
2362	0.20850765	0.263989302	0.153025998
2363	0.2084251	0.263708905	0.153141295
2364	0.2083593	0.26348577	0.15323283
2365	0.2084885	0.263629718	0.153347282
2366	0.2086692	0.263817608	0.153520792
2367	0.2085276	0.263455252	0.153599948
2368	0.20846205	0.263200347	0.153723753
2369	0.20856775	0.262989385	0.154146115
2370	0.20859355	0.2626096	0.1545775
2371	0.20864965	0.262574269	0.154725031
2372	0.2084892	0.262369453	0.154608947
2373	0.20810095	0.261921042	0.154280858
2374	0.2079336	0.261902883	0.153964317
2375	0.20758755	0.261947189	0.153227911
2376	0.2074287	0.262187621	0.152669779
2377	0.20801485	0.263125692	0.152904008
2378	0.20809995	0.263485147	0.152714753
2379	0.20776865	0.263265605	0.152271695
2380	0.20779085	0.263533593	0.152048107
2381	0.2079051	0.26367723	0.15213297
2382	0.20809365	0.263759899	0.152427401
2383	0.2081535	0.263965026	0.152341974
2384	0.2082932	0.264586578	0.151999822
2385	0.20883145	0.265206109	0.152456791
2386	0.209175	0.264958694	0.153391306
2387	0.20974165	0.265559726	0.153923574
2388	0.2106033	0.266804295	0.154402305
2389	0.21140245	0.267725593	0.155079307
2390	0.2121947	0.268950348	0.155439052
2391	0.2128964	0.269802462	0.155990338
2392	0.2133072	0.269489509	0.157124891
2393	0.2133003	0.269009636	0.157590964
2394	0.21266895	0.268577918	0.156759982
2395	0.2120469	0.268162202	0.155931598
2396	0.21151575	0.267454814	0.155576686
2397	0.2104925	0.266199911	0.154785089
2398	0.20959775	0.265466462	0.153729038
2399	0.20929565	0.265540647	0.153050653
2400	0.20910715	0.265703498	0.152510802
2401	0.20904125	0.265686015	0.152396485
2402	0.209395	0.265976795	0.152813205
2403	0.2097929	0.266446264	0.153139536
2404	0.20946375	0.265685423	0.153242077
2405	0.2085418	0.264204726	0.152878874
2406	0.2068763	0.261825501	0.151927099
2407	0.20528015	0.259509938	0.151050362
2408	0.20457405	0.258576537	0.150571563
2409	0.2042114	0.258294499	0.150128301
2410	0.2047201	0.258972739	0.150467461
2411	0.2050216	0.259225844	0.150817356
2412	0.20392415	0.25789554	0.14995276
2413	0.2030988	0.257125094	0.149072506
2414	0.2036007	0.258263903	0.148937497
2415	0.20392665	0.259222504	0.148630796
2416	0.20469275	0.260033408	0.149352092
2417	0.2056369	0.260905412	0.150368388
2418	0.20465865	0.25991134	0.14940596
2419	0.2029018	0.258371543	0.147432057
2420	0.2008313	0.256948924	0.144713676
2421	0.19946005	0.256264639	0.142655461
2422	0.1995133	0.255860512	0.143166088
2423	0.1998412	0.255199591	0.144482809
2424	0.20025155	0.255353128	0.145149972
2425	0.2006692	0.256255879	0.145082521
2426	0.20072425	0.25611982	0.14532868
2427	0.20065595	0.255683325	0.145628575
2428	0.2000337	0.254364752	0.145702648
2429	0.1988225	0.25202961	0.14561539
2430	0.1982242	0.251468425	0.144979975
2431	0.19789805	0.251312315	0.144483785
2432	0.19665265	0.249385482	0.143919818
2433	0.1955227	0.248165943	0.142879457
2434	0.1954463	0.248475876	0.142416724
2435	0.19526205	0.248460525	0.142063575
2436	0.1952015	0.248930782	0.141472218
2437	0.1949377	0.249409231	0.140466169
2438	0.1939732	0.248210646	0.139735754
2439	0.19250005	0.245291701	0.139708399
2440	0.1906941	0.242197173	0.139191027
2441	0.19085715	0.242198459	0.139515841
2442	0.19186775	0.24360682	0.14012868
2443	0.19034175	0.242543534	0.138139966
2444	0.18670215	0.238444995	0.134959305
2445	0.18299035	0.23398807	0.13199263
2446	0.18137365	0.232596718	0.130150582
2447	0.1821582	0.2342939	0.1300225
2448	0.18240355	0.235245907	0.129561193
2449	0.1793523	0.231525967	0.127178633
2450	0.1762306	0.228052807	0.124408393
2451	0.1751899	0.227542424	0.122837376
2452	0.17479685	0.226499863	0.123093837
2453	0.17726405	0.227838298	0.126689802
2454	0.17817065	0.228736862	0.127604438
2455	0.17682765	0.227430799	0.126224501
2456	0.17760615	0.228958439	0.126253861
2457	0.1795698	0.232760914	0.126378686
2458	0.18023305	0.234795004	0.125671096
2459	0.17924715	0.234649876	0.123844424
2460	0.1784202	0.234605193	0.122235207
2461	0.1762461	0.231279331	0.121212869
2462	0.17359755	0.227635326	0.119559774
2463	0.17012	0.223825276	0.116414724
2464	0.1676077	0.220590927	0.114624473
2465	0.17015665	0.222086428	0.118226872
2466	0.1728619	0.224276897	0.121446903
2467	0.1713538	0.222685743	0.120021857
2468	0.1681307	0.219286123	0.116975277
2469	0.1664495	0.21640216	0.11649684
2470	0.1649436	0.213992006	0.115895194
2471	0.16032585	0.209251735	0.111399965
2472	0.1571341	0.206010868	0.108257332
2473	0.1553044	0.204941622	0.105667178
2474	0.1522856	0.203602423	0.100968777
2475	0.15500095	0.208581411	0.101420489
2476	0.16015525	0.217347982	0.102962518
2477	0.15847665	0.217730216	0.099223084
2478	0.1519521	0.211557196	0.092347004
2479	0.14482855	0.198940848	0.090716252
2480	0.13851385	0.18828472	0.08874298
2481	0.12913865	0.177306587	0.080970713
2482	0.12020055	0.167725555	0.072675545
2483	0.1170367	0.165323998	0.068749402
2484	0.1101067	0.162752653	0.057460747
2485	0.09896725	0.149290853	0.048643647
2486	0.08926055	0.13958936	0.03893174
2487	0.08140895	0.131408906	0.031408994
2488	0.0732829	0.126881081	0.019684719
2489	0.06761465	0.12169685	0.01353245
2490	0.06501975	0.120887912	0.009151588
2491	0.06473465	0.116554988	0.012914312
2492	0.0620395	0.108911033	0.015167967
2493	0.06097795	0.09818934	0.02376656
2494	0.06109385	0.098610551	0.023577149
2495	0.06930395	0.117782556	0.020825344
2496	0.08241225	0.143803239	0.021021261
2497	0.0885831	0.148660696	0.028505504
2498	0.09282945	0.153058533	0.032600367
2499	0.0960721	0.1567862	0.035358
2500	0.0937162	0.157157296	0.030275104
