Wavelength	Mean	Std+	Std-
350	0.0197266	0.025894486	0.013558714
351	0.0196206	0.02572639	0.01351481
352	0.019448	0.02553985	0.01335615
353	0.0191502	0.025234948	0.013065452
354	0.0191942	0.025293099	0.013095301
355	0.0195478	0.025676526	0.013419074
356	0.0193232	0.025420497	0.013225903
357	0.0193594	0.025410225	0.013308575
358	0.019431	0.025432955	0.013429045
359	0.0190628	0.025034609	0.013090991
360	0.0189112	0.024848613	0.012973787
361	0.0187812	0.024692341	0.012870059
362	0.0185672	0.024468499	0.012665901
363	0.0185598	0.024301404	0.012818196
364	0.0185884	0.024229166	0.012947634
365	0.0186206	0.024243734	0.012997466
366	0.0183988	0.024064503	0.012733097
367	0.0183326	0.023984776	0.012680424
368	0.018333	0.023943263	0.012722737
369	0.0181984	0.023791907	0.012604893
370	0.018083	0.023698279	0.012467721
371	0.017969	0.023581369	0.012356631
372	0.0178446	0.02337132	0.01231788
373	0.0181088	0.023602682	0.012614918
374	0.0181382	0.023596878	0.012679522
375	0.0178354	0.023246735	0.012424065
376	0.0181436	0.023490648	0.012796552
377	0.0180482	0.023353499	0.012742901
378	0.0177404	0.02302038	0.01246042
379	0.0178228	0.023079616	0.012565984
380	0.0177806	0.023024336	0.012536864
381	0.0177206	0.02295945	0.01248175
382	0.017727	0.022964942	0.012489058
383	0.0175984	0.022906317	0.012290483
384	0.01744	0.022750898	0.012129102
385	0.017273	0.022489087	0.012056913
386	0.017469	0.022524769	0.012413231
387	0.017478	0.022460374	0.012495626
388	0.017343	0.022321161	0.012364839
389	0.0171456	0.02216973	0.01212147
390	0.0171196	0.022126705	0.012112495
391	0.0171318	0.02212019	0.01214341
392	0.017074	0.022100692	0.012047308
393	0.0173332	0.022282937	0.012383463
394	0.0174666	0.022356527	0.012576673
395	0.0173762	0.02225311	0.01249929
396	0.0171488	0.021981451	0.012316149
397	0.0170192	0.021820642	0.012217758
398	0.016973	0.021751058	0.012194942
399	0.017028	0.021774702	0.012281298
400	0.0170818	0.021799782	0.012363818
401	0.017168	0.021871801	0.012464199
402	0.0173438	0.022067179	0.012620421
403	0.0173238	0.022089014	0.012558586
404	0.017331	0.02212958	0.01253242
405	0.0174246	0.022240795	0.012608405
406	0.0175316	0.022381681	0.012681519
407	0.0176388	0.022520274	0.012757326
408	0.0177496	0.022658739	0.012840461
409	0.0178908	0.022827108	0.012954492
410	0.018115	0.023078666	0.013151334
411	0.0183358	0.023344633	0.013326967
412	0.018453	0.023554919	0.013351081
413	0.018638	0.023782275	0.013493725
414	0.0188606	0.024067598	0.013653602
415	0.0191244	0.024442946	0.013805854
416	0.019423	0.024820612	0.014025388
417	0.0197002	0.025180282	0.014220118
418	0.0199564	0.025525149	0.014387651
419	0.0201954	0.0258703	0.0145205
420	0.020466	0.026245016	0.014686984
421	0.020763	0.02665005	0.01487595
422	0.0211008	0.027112231	0.015089369
423	0.0213752	0.027487974	0.015262426
424	0.0216604	0.027879315	0.015441485
425	0.0219922	0.028335827	0.015648573
426	0.022217	0.028681037	0.015752963
427	0.022448	0.029033102	0.015862898
428	0.0226982	0.029404389	0.015992011
429	0.0230212	0.029843672	0.016198728
430	0.0233398	0.030287907	0.016391693
431	0.0236336	0.03070955	0.01655765
432	0.0238534	0.031047188	0.016659612
433	0.0241866	0.031492021	0.016881179
434	0.0244648	0.031881181	0.017048419
435	0.0245958	0.03212636	0.01706524
436	0.0248568	0.032468974	0.017244626
437	0.0250844	0.032794084	0.017374716
438	0.0252698	0.033093549	0.017446051
439	0.0254628	0.033379594	0.017546006
440	0.0256574	0.033668265	0.017646535
441	0.0258546	0.033959491	0.017749709
442	0.0260604	0.034259594	0.017861206
443	0.0262414	0.034531508	0.017951292
444	0.0263976	0.034775089	0.018020111
445	0.026521	0.034980131	0.018061869
446	0.0267372	0.035281033	0.018193367
447	0.0269066	0.035533198	0.018280002
448	0.0270144	0.035722095	0.018306705
449	0.0271346	0.035919443	0.018349757
450	0.027273	0.03613294	0.01841306
451	0.0274078	0.036340784	0.018474816
452	0.0274698	0.036469976	0.018469624
453	0.0276076	0.036689297	0.018525903
454	0.0277486	0.036909387	0.018587813
455	0.0278378	0.037063156	0.018612444
456	0.0280252	0.037329608	0.018720792
457	0.02817	0.037546134	0.018793866
458	0.0282444	0.037680166	0.018808634
459	0.0283148	0.037833334	0.018796266
460	0.0284448	0.038039636	0.018849964
461	0.028606	0.038271144	0.018940856
462	0.0287106	0.038437978	0.018983222
463	0.0287992	0.038588444	0.019009956
464	0.0288854	0.038737985	0.019032815
465	0.0289786	0.038896818	0.019060382
466	0.0290672	0.039059527	0.019074873
467	0.029158	0.039224048	0.019091952
468	0.0292508	0.039388145	0.019113455
469	0.0293328	0.039528875	0.019136725
470	0.0294614	0.039724953	0.019197847
471	0.029612	0.039945801	0.019278199
472	0.0296826	0.04007067	0.01929453
473	0.0297382	0.040193483	0.019282917
474	0.0298104	0.0403364	0.0192844
475	0.0299418	0.040536175	0.019347425
476	0.030023	0.04067925	0.01936675
477	0.0301128	0.040833501	0.019392099
478	0.0302262	0.041016089	0.019436311
479	0.0303216	0.041186934	0.019456266
480	0.0303998	0.041325244	0.019474356
481	0.0304748	0.041449799	0.019499801
482	0.0306248	0.041657209	0.019592391
483	0.030682	0.041771284	0.019592716
484	0.030726	0.041873825	0.019578175
485	0.0308518	0.042061362	0.019642238
486	0.031002	0.042294103	0.019709897
487	0.0311112	0.042485855	0.019736545
488	0.0311514	0.042602661	0.019700139
489	0.0313208	0.042847787	0.019793813
490	0.031441	0.043044834	0.019837166
491	0.0315184	0.043196069	0.019840731
492	0.0316206	0.043343197	0.019898003
493	0.0317412	0.043516298	0.019966102
494	0.0318562	0.043695387	0.020017013
495	0.031927	0.043856731	0.019997269
496	0.0320896	0.04407971	0.02009949
497	0.0322202	0.044265235	0.020175165
498	0.0322674	0.044369645	0.020165155
499	0.0324144	0.044592485	0.020236315
500	0.0325358	0.044787348	0.020284252
501	0.0326334	0.044957378	0.020309422
502	0.0327728	0.045180639	0.020364961
503	0.032911	0.045409727	0.020412273
504	0.0330512	0.045638727	0.020463673
505	0.0332018	0.045860057	0.020543543
506	0.0333434	0.046072611	0.020614189
507	0.0334878	0.046291778	0.020683822
508	0.0336442	0.046529686	0.020758714
509	0.0338002	0.046756908	0.020843492
510	0.0339928	0.047027815	0.020957785
511	0.0342136	0.047334457	0.021092743
512	0.0343276	0.047527865	0.021127335
513	0.0345086	0.047786563	0.021230637
514	0.0347198	0.048077099	0.021362501
515	0.034899	0.0483423	0.0214557
516	0.0350862	0.048633673	0.021538727
517	0.0353242	0.048980047	0.021668353
518	0.0356528	0.049413985	0.021891615
519	0.03586	0.049727594	0.021992406
520	0.0360866	0.050068512	0.022104688
521	0.036342	0.050442538	0.022241462
522	0.0365938	0.050786341	0.022401259
523	0.0368548	0.051137203	0.022572397
524	0.0371248	0.051497133	0.022752467
525	0.0374018	0.051869703	0.022933897
526	0.0376488	0.052228384	0.023069216
527	0.0378942	0.052591929	0.023196471
528	0.03816	0.052980189	0.023339811
529	0.0384166	0.05336606	0.02346714
530	0.0386772	0.053741139	0.023613261
531	0.0389446	0.054105789	0.023783411
532	0.0392684	0.054536176	0.024000624
533	0.0395494	0.054933075	0.024165725
534	0.0398104	0.055316128	0.024304672
535	0.040101	0.055727068	0.024474932
536	0.04038	0.056126435	0.024633565
537	0.0406546	0.056521611	0.024787589
538	0.0409278	0.056916968	0.024938632
539	0.0412186	0.057327957	0.025109243
540	0.0414972	0.05773147	0.02526293
541	0.0417584	0.05812339	0.02539341
542	0.042084	0.058587327	0.025580673
543	0.0423826	0.059018402	0.025746798
544	0.0426636	0.05942624	0.02590096
545	0.0429626	0.059847148	0.026078052
546	0.0432664	0.06027944	0.02625336
547	0.0435728	0.060716949	0.026428651
548	0.0438816	0.061157215	0.026605985
549	0.0441694	0.061576907	0.026761893
550	0.0444682	0.062011899	0.026924501
551	0.0447856	0.0624712	0.0271
552	0.0450706	0.062891034	0.027250166
553	0.0453588	0.063313238	0.027404362
554	0.0456478	0.063735246	0.027560354
555	0.0459288	0.06414603	0.02771157
556	0.0462288	0.064579033	0.027878567
557	0.046538	0.065021534	0.028054466
558	0.0468504	0.065465848	0.028234952
559	0.0471334	0.065900127	0.028366673
560	0.0474276	0.066344154	0.028511046
561	0.0477444	0.066801459	0.028687341
562	0.047991	0.067189642	0.028792358
563	0.0482544	0.06758267	0.02892613
564	0.048532	0.067983082	0.029080918
565	0.0487992	0.068397944	0.029200456
566	0.0490618	0.06880582	0.02931778
567	0.0493288	0.069216647	0.029440953
568	0.0496098	0.069638907	0.029580693
569	0.0498678	0.070043714	0.029691886
570	0.0501352	0.0704582	0.0298122
571	0.0504248	0.070893428	0.029956172
572	0.0507	0.071312979	0.030087021
573	0.0509648	0.071724595	0.030205005
574	0.051222	0.072128717	0.030315283
575	0.051484	0.072515742	0.030452258
576	0.0517578	0.072934399	0.030581201
577	0.0520432	0.073374885	0.030711515
578	0.0523422	0.073822823	0.030861577
579	0.052648	0.07427104	0.03102496
580	0.0529388	0.07471311	0.03116449
581	0.0532006	0.075142175	0.031259025
582	0.0535526	0.075632498	0.031472702
583	0.0538668	0.076081824	0.031651776
584	0.0541444	0.076493894	0.031794906
585	0.0544444	0.076932383	0.031956417
586	0.0547264	0.077353302	0.032099498
587	0.0550116	0.077781963	0.032241237
588	0.055335	0.078262088	0.032407912
589	0.0557042	0.078798973	0.032609427
590	0.056059	0.079325877	0.032792123
591	0.0563602	0.079800582	0.032919818
592	0.0567104	0.080289527	0.033131273
593	0.057041	0.080765293	0.033316707
594	0.0573514	0.081229708	0.033473092
595	0.0576768	0.081709238	0.033644362
596	0.0580448	0.082235762	0.033853838
597	0.0584286	0.082781958	0.034075242
598	0.0587718	0.083285515	0.034258085
599	0.059125	0.083809758	0.034440242
600	0.0594866	0.08434716	0.03462604
601	0.0598546	0.084890866	0.034818334
602	0.0602236	0.085438983	0.035008217
603	0.060612	0.086011465	0.035212535
604	0.0610162	0.08660411	0.03542829
605	0.0613292	0.087086613	0.035571787
606	0.0616926	0.087618903	0.035766297
607	0.0620866	0.088180518	0.035992682
608	0.0624628	0.088716419	0.036209181
609	0.0628376	0.089248914	0.036426286
610	0.0632064	0.089777783	0.036635017
611	0.063557	0.090290249	0.036823751
612	0.0639296	0.09081204	0.03704716
613	0.0642854	0.091312414	0.037258386
614	0.064617	0.091784075	0.037449925
615	0.0649814	0.092290436	0.037672364
616	0.06539	0.092860377	0.037919623
617	0.0658118	0.093453156	0.038170444
618	0.066147	0.093936404	0.038357596
619	0.0664944	0.094415472	0.038573328
620	0.0668628	0.094913238	0.038812362
621	0.0672696	0.095455585	0.039083615
622	0.0676318	0.09593332	0.03933028
623	0.0680042	0.096436849	0.039571551
624	0.068396	0.096983366	0.039808634
625	0.0688156	0.097546248	0.040084952
626	0.0692238	0.098103345	0.040344255
627	0.0696244	0.098653842	0.040594958
628	0.070045	0.099219185	0.040870815
629	0.0704572	0.099784485	0.041129915
630	0.0708484	0.100332625	0.041364175
631	0.0712006	0.100842272	0.041558928
632	0.07157	0.101374822	0.041765178
633	0.0719626	0.10192536	0.04199984
634	0.0723818	0.102496088	0.042267512
635	0.072756	0.103038768	0.042473232
636	0.0731	0.103548581	0.042651419
637	0.0734298	0.10404103	0.04281857
638	0.0738154	0.104579596	0.043051204
639	0.0741784	0.105110246	0.043246554
640	0.0745278	0.105633127	0.043422473
641	0.0748692	0.106147934	0.043590466
642	0.0752728	0.106734814	0.043810786
643	0.075663	0.107303831	0.044022169
644	0.0760214	0.107835294	0.044207506
645	0.0764196	0.108417097	0.044422103
646	0.0767832	0.108971445	0.044594955
647	0.0771282	0.109511976	0.044744424
648	0.0775552	0.110127974	0.044982426
649	0.0779964	0.110763777	0.045229023
650	0.0784348	0.111398937	0.045470663
651	0.0788534	0.112014509	0.045692291
652	0.0793138	0.112651902	0.045975698
653	0.079724	0.113223248	0.046224752
654	0.0800476	0.113692185	0.046403015
655	0.0804734	0.114310883	0.046635917
656	0.0809708	0.115025074	0.046916526
657	0.0814934	0.115770292	0.047216508
658	0.0818868	0.11634572	0.04742788
659	0.0823002	0.116934898	0.047665502
660	0.0827162	0.117523582	0.047908818
661	0.0831108	0.11808743	0.04813417
662	0.0835148	0.11866419	0.04836541
663	0.083927	0.119251735	0.048602265
664	0.0843498	0.119853305	0.048846295
665	0.0847822	0.120466465	0.049097935
666	0.0852158	0.121072021	0.049359579
667	0.0856496	0.121671918	0.049627282
668	0.0860722	0.122273971	0.049870429
669	0.0865036	0.122885801	0.050121399
670	0.0869484	0.12351092	0.05038588
671	0.0874208	0.12415883	0.05068277
672	0.0878666	0.124772569	0.050960631
673	0.088316	0.125392776	0.051239224
674	0.0887882	0.126043803	0.051532597
675	0.0892222	0.126654639	0.051789761
676	0.0896846	0.12728913	0.05208007
677	0.090181	0.127953574	0.052408426
678	0.0906804	0.12863166	0.05272914
679	0.0911474	0.12927685	0.05301795
680	0.0916036	0.129905885	0.053301315
681	0.092093	0.130548916	0.053637084
682	0.0926034	0.131225467	0.053981333
683	0.093099	0.13188172	0.05431628
684	0.0935568	0.132483111	0.054630489
685	0.0939532	0.133001011	0.054905389
686	0.0944812	0.133679243	0.055283157
687	0.0951654	0.134549699	0.055781101
688	0.0959112	0.13550277	0.05631963
689	0.0966896	0.136484613	0.056894587
690	0.0974724	0.137468402	0.057476398
691	0.0982224	0.138429713	0.058015087
692	0.099043	0.139463863	0.058622137
693	0.0999182	0.140551432	0.059284968
694	0.1008496	0.141689572	0.060009628
695	0.1017536	0.142774974	0.060732226
696	0.102661	0.143860925	0.061461075
697	0.1035932	0.144975753	0.062210647
698	0.104596	0.14617062	0.06302138
699	0.1056164	0.147379573	0.063853227
700	0.1066568	0.14860852	0.06470508
701	0.1077334	0.149885484	0.065581316
702	0.1088174	0.151167735	0.066467065
703	0.1098864	0.152431085	0.067341715
704	0.110936	0.153671986	0.068200014
705	0.1120506	0.154972209	0.069128991
706	0.1131654	0.156273117	0.070057683
707	0.1142684	0.157564581	0.070972219
708	0.1153806	0.158880631	0.071880569
709	0.1165072	0.160197353	0.072817047
710	0.1176504	0.161523236	0.073777564
711	0.118828	0.162897492	0.074758508
712	0.1199928	0.164268077	0.075717523
713	0.1211438	0.165628857	0.076658743
714	0.122284	0.166983195	0.077584805
715	0.123415	0.168352077	0.078477923
716	0.1246262	0.169820771	0.079431629
717	0.125942	0.171411862	0.080472138
718	0.1272696	0.172972897	0.081566303
719	0.1286056	0.17450452	0.08270668
720	0.1298378	0.175889894	0.083785706
721	0.13094	0.177137329	0.084742671
722	0.132069	0.17847161	0.08566639
723	0.1332872	0.179927741	0.086646659
724	0.1345654	0.181431851	0.087698949
725	0.1357758	0.182851769	0.088699831
726	0.1369378	0.184202117	0.089673483
727	0.1380648	0.185493396	0.090636204
728	0.1392008	0.186818119	0.091583481
729	0.140321	0.188125198	0.092516802
730	0.1414086	0.189390064	0.093427136
731	0.142469	0.190597414	0.094340586
732	0.1434826	0.191750324	0.095214876
733	0.144459	0.192862755	0.096055245
734	0.1454246	0.193970159	0.096879041
735	0.1463984	0.195117946	0.097678854
736	0.1473226	0.196208473	0.098436727
737	0.1481668	0.197195969	0.099137631
738	0.1490586	0.198225142	0.099892058
739	0.1498972	0.199201052	0.100593348
740	0.1506894	0.200131313	0.101247487
741	0.151544	0.201139281	0.101948719
742	0.1523366	0.202077783	0.102595417
743	0.1530874	0.202965462	0.103209338
744	0.1538114	0.203810419	0.103812381
745	0.1544976	0.204650736	0.104344464
746	0.1551596	0.205457551	0.104861649
747	0.1558002	0.206212364	0.105388036
748	0.1564612	0.206988665	0.105933735
749	0.1571074	0.207752365	0.106462435
750	0.1577274	0.208491926	0.106962874
751	0.1582546	0.209145764	0.107363436
752	0.1588026	0.20981939	0.10778581
753	0.1593616	0.210497648	0.108225552
754	0.1599202	0.211157915	0.108682485
755	0.1604546	0.211799335	0.109109865
756	0.160901	0.212333717	0.109468283
757	0.161213	0.212696259	0.109729741
758	0.160568	0.211891861	0.109244139
759	0.1600116	0.211201691	0.108821509
760	0.1600944	0.211309269	0.108879531
761	0.1609594	0.212402582	0.109516218
762	0.1616784	0.213288404	0.110068396
763	0.1624592	0.214236266	0.110682134
764	0.1635404	0.215550345	0.111530455
765	0.1643868	0.216605766	0.112167834
766	0.1651214	0.217510239	0.112732561
767	0.1658512	0.218372298	0.113330102
768	0.1663582	0.218993723	0.113722677
769	0.1668496	0.219590184	0.114109016
770	0.1673522	0.220191115	0.114513285
771	0.1677676	0.220697513	0.114837687
772	0.1681696	0.221189969	0.115149231
773	0.1685732	0.221683217	0.115463183
774	0.1690152	0.222212308	0.115818092
775	0.1694016	0.222684564	0.116118636
776	0.169769	0.223136212	0.116401788
777	0.170139	0.223587478	0.116690522
778	0.1705754	0.224103931	0.117046869
779	0.170997	0.224616734	0.117377266
780	0.1713872	0.225110742	0.117663658
781	0.171754	0.225554174	0.117953826
782	0.172134	0.226018135	0.118249865
783	0.1725232	0.226496423	0.118549977
784	0.172905	0.226966352	0.118843648
785	0.1732926	0.227446845	0.119138355
786	0.173679	0.227927643	0.119430357
787	0.1740528	0.228394711	0.119710889
788	0.17441	0.228849469	0.119970531
789	0.1747554	0.229275139	0.120235661
790	0.1750868	0.229664337	0.120509263
791	0.1754112	0.230059838	0.120762562
792	0.175759	0.230469	0.121049
793	0.1761284	0.230896916	0.121359884
794	0.1765262	0.231386728	0.121665672
795	0.176861	0.231819374	0.121902626
796	0.1771704	0.232216773	0.122124027
797	0.1774798	0.232584835	0.122374765
798	0.177825	0.232997319	0.122652681
799	0.178175	0.23342063	0.12292937
800	0.1785176	0.233843197	0.123192003
801	0.1788332	0.234215656	0.123450744
802	0.17914	0.234584351	0.123695649
803	0.179442	0.234953815	0.123930185
804	0.1797522	0.235340481	0.124163919
805	0.1800804	0.235730184	0.124430616
806	0.1804178	0.236125546	0.124710054
807	0.1807612	0.236535799	0.124986601
808	0.1811414	0.236990897	0.125291903
809	0.1814942	0.237435737	0.125552663
810	0.1817888	0.237845916	0.125731684
811	0.1821148	0.238298476	0.125931124
812	0.182447	0.238774631	0.126119369
813	0.1827934	0.239275752	0.126311048
814	0.1831488	0.239714613	0.126582987
815	0.183443	0.240078468	0.126807532
816	0.1836934	0.240381734	0.127005066
817	0.1839014	0.240609927	0.127192873
818	0.1841926	0.24089528	0.12748992
819	0.1844816	0.241185679	0.127777521
820	0.184745	0.2414713	0.1280187
821	0.185074	0.241947754	0.128200246
822	0.1853782	0.242337011	0.128419389
823	0.1856364	0.242604578	0.128668222
824	0.1859886	0.242953538	0.129023662
825	0.1862756	0.243291306	0.129259894
826	0.1865456	0.243641842	0.129449358
827	0.186833	0.244016333	0.129649667
828	0.1870756	0.244304652	0.129846548
829	0.1873324	0.244601937	0.130062863
830	0.1876382	0.24495785	0.13031855
831	0.1879388	0.245296334	0.130581266
832	0.1881954	0.245581952	0.130808848
833	0.1884056	0.245814122	0.130997078
834	0.1886308	0.246083773	0.131177827
835	0.188892	0.246368109	0.131415891
836	0.1891654	0.246659006	0.131671794
837	0.1894048	0.246939131	0.131870469
838	0.1896514	0.247229306	0.132073494
839	0.1898894	0.247504358	0.132274442
840	0.1901082	0.247747014	0.132469386
841	0.1903658	0.248042597	0.132689003
842	0.1906018	0.248326121	0.132877479
843	0.190816	0.248593332	0.133038668
844	0.1911118	0.248905292	0.133318308
845	0.19141	0.249242808	0.133577192
846	0.1916966	0.249588187	0.133805013
847	0.191927	0.24989653	0.13395747
848	0.1921486	0.250139503	0.134157697
849	0.192361	0.250375376	0.134346624
850	0.1925506	0.250630145	0.134471055
851	0.1928194	0.250929947	0.134708853
852	0.1930626	0.251211162	0.134914038
853	0.1932666	0.251466286	0.135066914
854	0.1934046	0.251639985	0.135169215
855	0.1936772	0.251952023	0.135402377
856	0.1940132	0.252328718	0.135697682
857	0.1943036	0.252661144	0.135946056
858	0.1945464	0.252943075	0.136149725
859	0.194801	0.253242124	0.136359876
860	0.195115	0.253613246	0.136616754
861	0.195293	0.253823707	0.136762293
862	0.1955072	0.254075626	0.136938774
863	0.1957922	0.254408568	0.137175832
864	0.1959954	0.254640763	0.137350037
865	0.1961592	0.254823653	0.137494747
866	0.196311	0.254990528	0.137631472
867	0.1965554	0.255260323	0.137850477
868	0.1967456	0.255517884	0.137973316
869	0.1969368	0.255774319	0.138099281
870	0.1971878	0.256051564	0.138324036
871	0.1974014	0.256321765	0.138481035
872	0.1976054	0.256579505	0.138631295
873	0.1978054	0.256822467	0.138788333
874	0.1981532	0.25719471	0.13911169
875	0.1983486	0.257432964	0.139264236
876	0.198457	0.25759227	0.13932173
877	0.1987616	0.25790765	0.13961555
878	0.199011	0.25819819	0.13982381
879	0.1992208	0.258459747	0.139981853
880	0.1993822	0.25866853	0.14009587
881	0.1996376	0.258947266	0.140327934
882	0.1998658	0.2592143	0.1405173
883	0.2000278	0.259443738	0.140611862
884	0.2002364	0.259676125	0.140796675
885	0.2004014	0.259885703	0.140917097
886	0.2005464	0.26008869	0.14100411
887	0.200814	0.260379372	0.141248628
888	0.2010622	0.260647868	0.141476532
889	0.2013056	0.260924954	0.141686246
890	0.201559	0.261251328	0.141866672
891	0.201743	0.261477535	0.142008465
892	0.201892	0.261692009	0.142091991
893	0.202008	0.261921871	0.142094129
894	0.2023004	0.262276249	0.142324551
895	0.2025542	0.262617588	0.142490812
896	0.2027744	0.262951988	0.142596812
897	0.2030714	0.263341181	0.142801619
898	0.203224	0.263555499	0.142892501
899	0.2032792	0.263653878	0.142904522
900	0.2032664	0.26367451	0.14285829
901	0.2034604	0.263845917	0.143074883
902	0.2037094	0.26407811	0.14334069
903	0.20397	0.264350766	0.143589234
904	0.2041146	0.264514724	0.143714476
905	0.204297	0.264727595	0.143866405
906	0.2045296	0.265004535	0.144054665
907	0.2048066	0.265367429	0.144245771
908	0.2048634	0.26550377	0.14422303
909	0.204901	0.265610145	0.144191855
910	0.2053378	0.266089469	0.144586131
911	0.205487	0.266256266	0.144717734
912	0.205611	0.266401417	0.144820583
913	0.2058334	0.266662805	0.145003995
914	0.2060356	0.266970268	0.145100932
915	0.206189	0.267179993	0.145198007
916	0.2062976	0.267284862	0.145310338
917	0.2064712	0.267397812	0.145544588
918	0.2064938	0.267401458	0.145586142
919	0.2065334	0.267438793	0.145628007
920	0.2069514	0.2678305	0.1460723
921	0.2070162	0.267901447	0.146130953
922	0.2070498	0.26796228	0.14613732
923	0.2072296	0.268192016	0.146267184
924	0.2075852	0.268573957	0.146596443
925	0.207794	0.268848518	0.146739482
926	0.2078248	0.268996124	0.146653476
927	0.2081156	0.269422345	0.146808855
928	0.2083714	0.269803829	0.146938971
929	0.208627	0.270193986	0.147060014
930	0.2089588	0.270718956	0.147198644
931	0.2091258	0.271113301	0.147138299
932	0.2092166	0.271469711	0.146963489
933	0.2092564	0.271800527	0.146712273
934	0.2091472	0.271709175	0.146585225
935	0.2092766	0.271786428	0.146766772
936	0.2097224	0.272148719	0.147296081
937	0.2095158	0.272007429	0.147024171
938	0.2096958	0.272108989	0.147282611
939	0.2100998	0.272395016	0.147804584
940	0.2104668	0.272861085	0.148072515
941	0.2105202	0.272962362	0.148078038
942	0.2105044	0.272935618	0.148073182
943	0.2105708	0.272897077	0.148244523
944	0.2102726	0.272677839	0.147867361
945	0.2102018	0.27266051	0.14774309
946	0.2104958	0.272940872	0.148050728
947	0.2106464	0.273088984	0.148203816
948	0.2106274	0.273097526	0.148157274
949	0.2104638	0.27294985	0.14797775
950	0.2101926	0.272499444	0.147885756
951	0.210164	0.272498989	0.147829011
952	0.2102096	0.272616201	0.147802999
953	0.2102072	0.272595783	0.147818617
954	0.2103048	0.272647335	0.147962265
955	0.2104584	0.272770557	0.148146243
956	0.2106646	0.272973722	0.148355478
957	0.2100666	0.272464145	0.147669055
958	0.210045	0.272442669	0.147647331
959	0.2103842	0.272704267	0.148064133
960	0.2102632	0.272423012	0.148103388
961	0.2101232	0.27229064	0.14795576
962	0.2099682	0.272162565	0.147773835
963	0.2097922	0.2718769	0.1477075
964	0.2098488	0.271902439	0.147795161
965	0.2099256	0.271895006	0.147956194
966	0.2099682	0.271761232	0.148175168
967	0.2097762	0.271587513	0.147964887
968	0.2097786	0.271605162	0.147952038
969	0.2099426	0.271752248	0.148132952
970	0.2101518	0.271753306	0.148550294
971	0.210234	0.271769087	0.148698913
972	0.2102936	0.271839565	0.148747635
973	0.210454	0.272056151	0.148851849
974	0.2103096	0.271834898	0.148784302
975	0.2101462	0.271610911	0.148681489
976	0.2100614	0.271540121	0.148582679
977	0.2103658	0.271904831	0.148826769
978	0.2105418	0.272058064	0.149025536
979	0.2105688	0.271989787	0.149147813
980	0.2104612	0.271840805	0.149081595
981	0.210414	0.271794586	0.149033414
982	0.2104686	0.271860724	0.149076476
983	0.2107504	0.272121506	0.149379294
984	0.2108296	0.272191869	0.149467331
985	0.2109604	0.272314703	0.149606097
986	0.2112562	0.272599751	0.149912649
987	0.2112412	0.272526757	0.149955643
988	0.2112768	0.272524843	0.150028757
989	0.2113906	0.272619581	0.150161619
990	0.211608	0.272772785	0.150443215
991	0.211783	0.27293491	0.15063109
992	0.2119926	0.273170848	0.150814352
993	0.2124106	0.273657607	0.151163593
994	0.2124262	0.273684177	0.151168223
995	0.2125284	0.273777746	0.151279054
996	0.2129914	0.274225611	0.151757189
997	0.2127138	0.273994639	0.151432961
998	0.2128176	0.274139407	0.151495793
999	0.213352	0.274702405	0.152001595
1000	0.2134042	0.274750748	0.152057652
1001	0.2183082	0.281917833	0.154698567
1002	0.2187024	0.282381772	0.155023028
1003	0.2188766	0.282512343	0.155240857
1004	0.2190172	0.282638535	0.155395865
1005	0.2192466	0.282889098	0.155604102
1006	0.219581	0.283246278	0.155915722
1007	0.2199366	0.283658183	0.156215017
1008	0.2201768	0.283952172	0.156401428
1009	0.220371	0.284175053	0.156566947
1010	0.2206674	0.284475457	0.156859343
1011	0.2210536	0.284827809	0.157279391
1012	0.2214116	0.28514238	0.15768082
1013	0.2217212	0.285448371	0.157994029
1014	0.2219596	0.285742721	0.158176479
1015	0.2221508	0.286037697	0.158263903
1016	0.2223994	0.286351281	0.158447519
1017	0.2226256	0.286614985	0.158636215
1018	0.222896	0.28691026	0.15888174
1019	0.223256	0.287274838	0.159237162
1020	0.2235648	0.287600675	0.159528925
1021	0.2238284	0.287904327	0.159752473
1022	0.2241356	0.288225676	0.160045524
1023	0.2244956	0.288562606	0.160428594
1024	0.2248096	0.288875893	0.160743307
1025	0.2250292	0.289152865	0.160905535
1026	0.2252468	0.289438264	0.161055336
1027	0.2255214	0.289748104	0.161294696
1028	0.2257738	0.29003825	0.16150935
1029	0.2260556	0.290389863	0.161721337
1030	0.2263738	0.290730509	0.162017091
1031	0.2265888	0.29085891	0.16231869
1032	0.2268184	0.291060849	0.162575951
1033	0.2271034	0.291429912	0.162776888
1034	0.2274624	0.291871713	0.163053087
1035	0.2278514	0.292300396	0.163402404
1036	0.228171	0.292636568	0.163705432
1037	0.2284154	0.292887755	0.163943045
1038	0.2286272	0.293108833	0.164145567
1039	0.2288412	0.293343967	0.164338433
1040	0.2290714	0.293628579	0.164514221
1041	0.2293464	0.293986122	0.164706678
1042	0.2296516	0.294359818	0.164943382
1043	0.2298636	0.294574277	0.165152923
1044	0.2300236	0.2946966	0.1653506
1045	0.2303084	0.294998128	0.165618672
1046	0.2305992	0.295282552	0.165915848
1047	0.2307876	0.295441519	0.166133681
1048	0.2309514	0.295651162	0.166251638
1049	0.2311718	0.295923877	0.166419723
1050	0.2314212	0.296202214	0.166640186
1051	0.2317264	0.296545303	0.166907497
1052	0.2320224	0.296868506	0.167176294
1053	0.2322092	0.297002398	0.167416002
1054	0.2323798	0.297127992	0.167631608
1055	0.2325948	0.297417961	0.167771639
1056	0.2327824	0.297701897	0.167862903
1057	0.2328906	0.297834834	0.167946366
1058	0.2330602	0.298026225	0.168094175
1059	0.2333726	0.298375585	0.168369615
1060	0.2336186	0.298632703	0.168604497
1061	0.2338652	0.298909755	0.168820645
1062	0.2341646	0.299249443	0.169079757
1063	0.2344048	0.299504953	0.169304647
1064	0.2346036	0.29971342	0.16949378
1065	0.2348214	0.299930986	0.169711814
1066	0.2351042	0.300172534	0.170035866
1067	0.2353646	0.300403839	0.170325361
1068	0.2355844	0.300670287	0.170498513
1069	0.2358016	0.300954515	0.170648685
1070	0.2359774	0.301188746	0.170766054
1071	0.2361416	0.301392054	0.170891146
1072	0.23632	0.301585073	0.171054927
1073	0.2364996	0.301791085	0.171208115
1074	0.2367146	0.302061147	0.171368053
1075	0.2369458	0.302325529	0.171566071
1076	0.2371632	0.30253641	0.17178999
1077	0.2373592	0.302752138	0.171966262
1078	0.2374968	0.302893737	0.172099863
1079	0.23762	0.302983144	0.172256856
1080	0.2377872	0.303165983	0.172408417
1081	0.2379798	0.303442143	0.172517457
1082	0.2381562	0.303668882	0.172643518
1083	0.2382988	0.303776629	0.172820971
1084	0.2384266	0.303871089	0.172982111
1085	0.2385916	0.304028394	0.173154806
1086	0.23877	0.304210484	0.173329516
1087	0.2389218	0.304426275	0.173417325
1088	0.2390642	0.30464611	0.17348229
1089	0.2392076	0.304822424	0.173592776
1090	0.2393394	0.304961606	0.173717194
1091	0.2395672	0.305234406	0.173899994
1092	0.2398322	0.305588584	0.174075816
1093	0.2400124	0.305822736	0.174202064
1094	0.2401618	0.305975509	0.174348091
1095	0.2402824	0.306120757	0.174444043
1096	0.2403826	0.306273431	0.174491769
1097	0.2405176	0.306438578	0.174596622
1098	0.2406936	0.306603108	0.174784092
1099	0.2409022	0.306803512	0.175000888
1100	0.2411536	0.307099698	0.175207502
1101	0.2413778	0.307393785	0.175361815
1102	0.2415476	0.307668503	0.175426697
1103	0.2417386	0.30795402	0.17552318
1104	0.2419458	0.308217769	0.175673831
1105	0.2421322	0.308465149	0.175799251
1106	0.2422962	0.308654411	0.175937989
1107	0.2424964	0.308870386	0.176122414
1108	0.242742	0.309195884	0.176288116
1109	0.2429926	0.309543267	0.176441933
1110	0.243229	0.309880366	0.176577634
1111	0.2435042	0.31029769	0.17671071
1112	0.243788	0.310737467	0.176838533
1113	0.244097	0.311209561	0.176984439
1114	0.2444552	0.311788638	0.177121762
1115	0.2448224	0.312473402	0.177171398
1116	0.2452402	0.313183853	0.177296547
1117	0.245702	0.313726937	0.177677063
1118	0.2461478	0.314285923	0.178009677
1119	0.2463894	0.314866798	0.177912002
1120	0.2466568	0.315496835	0.177816765
1121	0.2468608	0.315709973	0.178011627
1122	0.247053	0.315868079	0.178237921
1123	0.246916	0.315817092	0.178014908
1124	0.2467014	0.315698066	0.177704734
1125	0.2465744	0.315510132	0.177638668
1126	0.2464864	0.315324897	0.177647903
1127	0.2460118	0.314717823	0.177305777
1128	0.2453202	0.313884787	0.176755613
1129	0.2448726	0.313293725	0.176451475
1130	0.2446696	0.312899641	0.176439559
1131	0.244315	0.312384489	0.176245511
1132	0.2436346	0.311606213	0.175662987
1133	0.2430386	0.310943812	0.175133388
1134	0.2426654	0.310582181	0.174748619
1135	0.2423066	0.310213508	0.174399692
1136	0.2418812	0.309662215	0.174100185
1137	0.2414832	0.309147636	0.173818764
1138	0.2410516	0.308601892	0.173501308
1139	0.2406342	0.308074134	0.173194266
1140	0.2402604	0.307638524	0.172882276
1141	0.2399206	0.307251411	0.172589789
1142	0.239617	0.306974636	0.172259364
1143	0.2393058	0.306701753	0.171909847
1144	0.2388638	0.306239016	0.171488584
1145	0.2383548	0.305681023	0.171028577
1146	0.2377618	0.305031435	0.170492165
1147	0.2371036	0.304308396	0.169898804
1148	0.236454	0.303519547	0.169388453
1149	0.2358316	0.302682928	0.168980272
1150	0.2351944	0.301860698	0.168528102
1151	0.2344884	0.300986743	0.167990057
1152	0.2338344	0.30016781	0.16750099
1153	0.2332524	0.299404065	0.167100735
1154	0.2327318	0.298710369	0.166753231
1155	0.2323398	0.298115707	0.166563893
1156	0.2319828	0.29757485	0.16639075
1157	0.2314798	0.296929317	0.166030283
1158	0.2310076	0.296325804	0.165689396
1159	0.2306032	0.295773922	0.165432478
1160	0.2302324	0.295259386	0.165205414
1161	0.2299176	0.294798326	0.165036874
1162	0.2296376	0.294383477	0.164891723
1163	0.229368	0.294006539	0.164729461
1164	0.229106	0.293650366	0.164561634
1165	0.2288812	0.293338996	0.164423404
1166	0.2286926	0.293071138	0.164314062
1167	0.2284868	0.292779851	0.164193749
1168	0.2282496	0.292446754	0.164052446
1169	0.228018	0.292121343	0.163914657
1170	0.227784	0.291797701	0.163770299
1171	0.227575	0.291505271	0.163644729
1172	0.2274708	0.291342421	0.163599179
1173	0.2273666	0.291179408	0.163553792
1174	0.227234	0.290973014	0.163494986
1175	0.2271022	0.290768078	0.163436322
1176	0.2269508	0.290572923	0.163328677
1177	0.2267988	0.290378754	0.163218846
1178	0.226577	0.290107011	0.163046989
1179	0.2263408	0.289819587	0.162862013
1180	0.2261856	0.289609386	0.162761814
1181	0.2260616	0.289428095	0.162695105
1182	0.2258684	0.289165951	0.162570849
1183	0.22563	0.288852731	0.162407269
1184	0.2254416	0.288615898	0.162267302
1185	0.2253022	0.288452419	0.162151981
1186	0.2251582	0.288270249	0.162046151
1187	0.2250082	0.288064526	0.161951874
1188	0.224861	0.287866111	0.161855889
1189	0.2247202	0.287681973	0.161758427
1190	0.2245934	0.287503156	0.161683644
1191	0.2245256	0.287348859	0.161702341
1192	0.2244628	0.287207443	0.161718157
1193	0.224432	0.287150451	0.161713549
1194	0.2244014	0.287093364	0.161709436
1195	0.224422	0.287092205	0.161751795
1196	0.224447	0.287096542	0.161797458
1197	0.2244896	0.287124198	0.161855002
1198	0.2245294	0.287151714	0.161907086
1199	0.224548	0.287163729	0.161932271
1200	0.224566	0.287174989	0.161957011
1201	0.2246566	0.287270313	0.162042887
1202	0.2247774	0.287399563	0.162155237
1203	0.2249112	0.287533034	0.162289366
1204	0.2250596	0.287682374	0.162436826
1205	0.2251952	0.287807605	0.162582795
1206	0.225303	0.287888322	0.162717678
1207	0.2254484	0.28802243	0.16287437
1208	0.225684	0.288274971	0.163093029
1209	0.2259102	0.288522578	0.163297822
1210	0.2260936	0.288743517	0.163443683
1211	0.2262794	0.288961251	0.163597549
1212	0.2265322	0.289215874	0.163848526
1213	0.2267938	0.289477644	0.164109956
1214	0.2271784	0.289861589	0.164495211
1215	0.227559	0.290242802	0.164875198
1216	0.227908	0.290633376	0.165182624
1217	0.228251	0.291018155	0.165483845
1218	0.2285974	0.291406439	0.165788361
1219	0.2289446	0.291800168	0.166089032
1220	0.2293662	0.292254563	0.166477837
1221	0.2298008	0.292710208	0.166891392
1222	0.230249	0.293200182	0.167297818
1223	0.2307174	0.293724966	0.167709834
1224	0.2311676	0.29422166	0.16811354
1225	0.231605	0.294701612	0.168508388
1226	0.2320586	0.295191775	0.168925425
1227	0.2325164	0.295677411	0.169355389
1228	0.2329542	0.296155343	0.169753057
1229	0.2333536	0.296611286	0.170095914
1230	0.2337484	0.29704213	0.17045467
1231	0.2341524	0.297446824	0.170857976
1232	0.2345508	0.297860806	0.171240794
1233	0.2349064	0.29826877	0.17154403
1234	0.2352642	0.298681118	0.171847282
1235	0.2356926	0.299173562	0.172211638
1236	0.2361168	0.299657134	0.172576466
1237	0.236438	0.299995906	0.172880094
1238	0.2367528	0.300332017	0.173173583
1239	0.2371138	0.3007255	0.1735021
1240	0.2374748	0.301111159	0.173838441
1241	0.2377804	0.301414365	0.174146435
1242	0.2380634	0.30169176	0.17443504
1243	0.238379	0.302024041	0.174733959
1244	0.2387244	0.302397811	0.175050989
1245	0.239062	0.302782657	0.175341343
1246	0.2393956	0.303174374	0.175616826
1247	0.2396982	0.303528136	0.175868264
1248	0.2399666	0.303846821	0.176086379
1249	0.2402596	0.304182371	0.176336829
1250	0.240583	0.304540288	0.176625712
1251	0.2408812	0.304880693	0.176881707
1252	0.2411142	0.305135427	0.177092973
1253	0.2413488	0.305384486	0.177313114
1254	0.2415506	0.305590153	0.177511047
1255	0.2417484	0.305788333	0.177708467
1256	0.2419904	0.306055554	0.177925246
1257	0.2422368	0.306330231	0.178143369
1258	0.242457	0.306560226	0.178353774
1259	0.242673	0.306779925	0.178566075
1260	0.242855	0.306960696	0.178749304
1261	0.2430406	0.307150909	0.178930291
1262	0.2432196	0.307347995	0.179091205
1263	0.243387	0.30752509	0.17924891
1264	0.2435312	0.307682635	0.179379765
1265	0.243679	0.307850232	0.179507768
1266	0.2438456	0.308047644	0.179643556
1267	0.24403	0.30827833	0.17978167
1268	0.2442078	0.308485575	0.179930025
1269	0.2443712	0.308658423	0.180083977
1270	0.2446018	0.308915122	0.180288478
1271	0.2448844	0.309234852	0.180533948
1272	0.2451004	0.309469834	0.180730966
1273	0.2452448	0.309601352	0.180888248
1274	0.2454026	0.309766204	0.181038996
1275	0.2455802	0.309988805	0.181171595
1276	0.2457758	0.310221995	0.181329605
1277	0.2460074	0.310477304	0.181537496
1278	0.2462244	0.310713803	0.181734997
1279	0.2464242	0.310947721	0.181900679
1280	0.2466326	0.311195662	0.182069538
1281	0.2468682	0.311460119	0.182276281
1282	0.2470944	0.31170673	0.18248207
1283	0.2472666	0.311894622	0.182638578
1284	0.2474422	0.312095553	0.182788847
1285	0.247642	0.3123705	0.1829135
1286	0.2478386	0.312636401	0.183040799
1287	0.2480348	0.312860504	0.183209096
1288	0.2482302	0.31309137	0.18336903
1289	0.2484134	0.31331911	0.18350769
1290	0.2485974	0.313545627	0.183649173
1291	0.2487548	0.313765752	0.183743848
1292	0.2488926	0.313978074	0.183807126
1293	0.2490308	0.314163373	0.183898227
1294	0.2491638	0.314310642	0.184016958
1295	0.2493106	0.314476805	0.184144395
1296	0.249482	0.314688569	0.184275431
1297	0.2496164	0.314869408	0.184363392
1298	0.2497034	0.315016939	0.184389861
1299	0.2497656	0.315130638	0.184400562
1300	0.2498096	0.315185625	0.184433575
1301	0.2498922	0.315283238	0.184501162
1302	0.2499368	0.315343362	0.184530238
1303	0.2499424	0.315363928	0.184520872
1304	0.2499212	0.315397089	0.184445311
1305	0.2499026	0.315434474	0.184370726
1306	0.249851	0.315414091	0.184287909
1307	0.2497934	0.315385451	0.184201349
1308	0.2497028	0.315317693	0.184087907
1309	0.2495972	0.315232909	0.183961491
1310	0.2494806	0.3150913	0.1838699
1311	0.2493724	0.314946521	0.183798279
1312	0.2492218	0.314831997	0.183611603
1313	0.2490386	0.314702266	0.183374934
1314	0.2488844	0.314576105	0.183192695
1315	0.2487472	0.314477871	0.183016529
1316	0.2485638	0.31428439	0.18284321
1317	0.2483654	0.314044303	0.182686497
1318	0.248076	0.31374862	0.18240338
1319	0.2477352	0.313418037	0.182052363
1320	0.2474744	0.31316606	0.18178274
1321	0.2472386	0.312942869	0.181534331
1322	0.2469984	0.312716744	0.181280056
1323	0.2467744	0.31251863	0.18103017
1324	0.246452	0.312188434	0.180715566
1325	0.2460352	0.311704862	0.180365538
1326	0.2456988	0.311373389	0.180024211
1327	0.2454274	0.311232761	0.179622039
1328	0.245098	0.310974202	0.179221798
1329	0.244734	0.310529196	0.178938804
1330	0.2443378	0.310059474	0.178616126
1331	0.2438134	0.309496099	0.178130701
1332	0.2433052	0.308954782	0.177655618
1333	0.2429208	0.308583541	0.177258059
1334	0.2425076	0.308181014	0.176834186
1335	0.2420972	0.307760375	0.176434025
1336	0.2417024	0.307360667	0.176044133
1337	0.241381	0.307051578	0.175710422
1338	0.241047	0.306722269	0.175371731
1339	0.2407088	0.306345603	0.175071997
1340	0.2403742	0.305970898	0.174777502
1341	0.2401866	0.305752298	0.174620902
1342	0.2400244	0.305580901	0.174467899
1343	0.2399484	0.305640622	0.174256178
1344	0.2398514	0.305704406	0.173998394
1345	0.2397444	0.305696692	0.173792108
1346	0.2395712	0.305637027	0.173505373
1347	0.2396072	0.305788958	0.173425442
1348	0.2398686	0.306109867	0.173627333
1349	0.2401196	0.306560496	0.173678704
1350	0.2402976	0.30729909	0.17329611
1351	0.2404398	0.30774228	0.17313732
1352	0.2407624	0.307646167	0.173878633
1353	0.2413658	0.308183287	0.174548313
1354	0.241761	0.309637115	0.173884885
1355	0.2424778	0.311290213	0.173665387
1356	0.2438206	0.311500426	0.176140774
1357	0.246005	0.312558031	0.179451969
1358	0.2491966	0.317755809	0.180637391
1359	0.2544444	0.326730234	0.182158566
1360	0.2571556	0.327545986	0.186765214
1361	0.2612744	0.327584017	0.194964783
1362	0.2555994	0.32301975	0.18817905
1363	0.249086	0.328150135	0.170021865
1364	0.2920794	0.38100111	0.20315769
1365	0.3580624	0.465264689	0.250860111
1366	0.3323916	0.429123246	0.235659954
1367	0.3128208	0.405994498	0.219647102
1368	0.316713	0.408703527	0.224722473
1369	0.311007	0.403134891	0.218879109
1370	0.2870826	0.387967882	0.186197318
1371	0.2722262	0.385136252	0.159316148
1372	0.2812242	0.383127885	0.179320515
1373	0.2937478	0.385525498	0.201970102
1374	0.3086338	0.402177178	0.215090422
1375	0.313475	0.406015841	0.220934159
1376	0.2856218	0.36961499	0.20162861
1377	0.2583246	0.339505659	0.177143541
1378	0.2574758	0.339418842	0.175532758
1379	0.2677956	0.351350316	0.184240884
1380	0.2703948	0.354371566	0.186418034
1381	0.2631984	0.348668627	0.177728173
1382	0.26029	0.344615571	0.175964429
1383	0.2612604	0.343233519	0.179287281
1384	0.2534654	0.334642254	0.172288546
1385	0.2410982	0.318053631	0.164142769
1386	0.2324212	0.305339147	0.159503253
1387	0.2299366	0.304449388	0.155423812
1388	0.2308822	0.308212789	0.153551611
1389	0.2343534	0.313038405	0.155668395
1390	0.2377532	0.31570591	0.15980049
1391	0.2372826	0.313516405	0.161048795
1392	0.231261	0.305764945	0.156757055
1393	0.2213296	0.291194444	0.151464756
1394	0.2156054	0.282888773	0.148322027
1395	0.2154036	0.283115315	0.147691885
1396	0.2150162	0.282429833	0.147602567
1397	0.2144628	0.279824012	0.149101588
1398	0.2140524	0.27894767	0.14915713
1399	0.213328	0.281981037	0.144674963
1400	0.2124064	0.283710859	0.141101941
1401	0.2087086	0.276858244	0.140558956
1402	0.2047708	0.270004594	0.139537006
1403	0.201117	0.265912013	0.136321987
1404	0.198321	0.262951299	0.133690701
1405	0.194	0.259208507	0.128791493
1406	0.1897684	0.255803945	0.123732855
1407	0.1874648	0.253068738	0.121860862
1408	0.185897	0.250640386	0.121153614
1409	0.1824642	0.245390179	0.119538221
1410	0.179445	0.240930275	0.117959725
1411	0.1775996	0.238179426	0.117019774
1412	0.1763608	0.236162936	0.116558664
1413	0.174647	0.233674128	0.115619872
1414	0.1727948	0.231291656	0.114297944
1415	0.1710002	0.228953174	0.113047226
1416	0.1694418	0.226740659	0.112142941
1417	0.1673744	0.224283596	0.110465204
1418	0.165278	0.222038922	0.108517078
1419	0.1634556	0.219428114	0.107483086
1420	0.161953	0.216857649	0.107048351
1421	0.1600048	0.21405546	0.10595414
1422	0.1577974	0.211120255	0.104474545
1423	0.156033	0.208785004	0.103280996
1424	0.1545714	0.206967559	0.102175241
1425	0.1531848	0.205278047	0.101091553
1426	0.1519684	0.203780058	0.100156742
1427	0.1509396	0.202445135	0.099434065
1428	0.1499606	0.200975756	0.098945444
1429	0.1490458	0.19963572	0.09845588
1430	0.1482118	0.19848554	0.09793806
1431	0.1474394	0.197369979	0.097508821
1432	0.146756	0.196361085	0.097150915
1433	0.1459228	0.195232632	0.096612968
1434	0.1448344	0.193878993	0.095789807
1435	0.1438824	0.192636892	0.095127908
1436	0.1432568	0.191676372	0.094837228
1437	0.1426918	0.190830051	0.094553549
1438	0.1420336	0.190092299	0.093974901
1439	0.141352	0.189377436	0.093326564
1440	0.1405804	0.188529323	0.092631477
1441	0.1399384	0.187751086	0.092125714
1442	0.1397308	0.187235549	0.092226051
1443	0.1395086	0.186738806	0.092278394
1444	0.1388766	0.185962023	0.091791177
1445	0.1382768	0.185258302	0.091295298
1446	0.1378884	0.184767019	0.091009781
1447	0.1375354	0.18428358	0.09078722
1448	0.1370766	0.183574446	0.090578754
1449	0.1366692	0.182944097	0.090394303
1450	0.1364032	0.182498581	0.090307819
1451	0.1361754	0.182109973	0.090240827
1452	0.1359406	0.181799219	0.090081981
1453	0.1357292	0.18154137	0.08991703
1454	0.135504	0.181133401	0.089874599
1455	0.135304	0.180752905	0.089855095
1456	0.1353068	0.18068562	0.08992798
1457	0.135344	0.180648409	0.090039591
1458	0.1352586	0.18056784	0.08994936
1459	0.135148	0.180493038	0.089802962
1460	0.135219	0.180544282	0.089893718
1461	0.135343	0.180625258	0.090060742
1462	0.1353844	0.180669426	0.090099374
1463	0.1353828	0.180724926	0.090040674
1464	0.1354384	0.180874082	0.090002718
1465	0.135542	0.181075717	0.090008283
1466	0.1356408	0.181232607	0.090048993
1467	0.1357126	0.181296241	0.090128959
1468	0.135937	0.181433205	0.090440795
1469	0.1362844	0.181696212	0.090872588
1470	0.136463	0.181919977	0.091006023
1471	0.1365124	0.182070336	0.090954464
1472	0.1366172	0.182202287	0.091032113
1473	0.136719	0.182290977	0.091147023
1474	0.1368146	0.182370002	0.091259198
1475	0.1369384	0.18246061	0.09141619
1476	0.137051	0.182548109	0.091553891
1477	0.1371618	0.18267764	0.09164596
1478	0.1373058	0.182803058	0.091808542
1479	0.1374758	0.182878245	0.092073355
1480	0.137604	0.182955292	0.092252708
1481	0.1376762	0.183025066	0.092327334
1482	0.1377708	0.183103621	0.092437979
1483	0.1379316	0.183224416	0.092638784
1484	0.1380766	0.18334994	0.09280326
1485	0.1381996	0.183532232	0.092866968
1486	0.1383554	0.183730008	0.092980792
1487	0.1385902	0.183935774	0.093244626
1488	0.1387814	0.184091418	0.093471382
1489	0.1388586	0.184112837	0.093604363
1490	0.1389416	0.184147073	0.093736127
1491	0.1390778	0.184288523	0.093867077
1492	0.1392196	0.18442506	0.09401414
1493	0.1394182	0.18457876	0.09425764
1494	0.1396134	0.184752537	0.094474263
1495	0.139836	0.184992318	0.094679682
1496	0.1400544	0.18522418	0.09488462
1497	0.1403224	0.185524973	0.095119827
1498	0.1405808	0.185809736	0.095351864
1499	0.1407962	0.186028789	0.095563611
1500	0.1410172	0.186257636	0.095776764
1501	0.14131	0.18662403	0.09599597
1502	0.1415986	0.186990546	0.096206654
1503	0.1418776	0.187308645	0.096446555
1504	0.1421628	0.18762253	0.09670307
1505	0.1425114	0.187965281	0.097057519
1506	0.142845	0.188300843	0.097389157
1507	0.1431524	0.188657553	0.097647247
1508	0.1434578	0.189010498	0.097905102
1509	0.1437552	0.189384984	0.098125416
1510	0.1440416	0.189748655	0.098334545
1511	0.1443866	0.190127484	0.098645716
1512	0.1447358	0.190509777	0.098961823
1513	0.1450748	0.190922097	0.099227503
1514	0.1454066	0.191323833	0.099489367
1515	0.1457162	0.191647884	0.099784516
1516	0.146015	0.191959451	0.100070549
1517	0.1462868	0.192307102	0.100266498
1518	0.146557	0.192656234	0.100457766
1519	0.1469112	0.193065374	0.100757026
1520	0.1472664	0.193475288	0.101057512
1521	0.147579	0.193827581	0.101330419
1522	0.1478878	0.194165594	0.101610006
1523	0.1481412	0.194457977	0.101824423
1524	0.1483864	0.194745119	0.102027681
1525	0.1487246	0.195150514	0.102298686
1526	0.149074	0.195576983	0.102571017
1527	0.1492972	0.195826323	0.102768077
1528	0.149497	0.196041109	0.102952891
1529	0.1497224	0.196270122	0.103174678
1530	0.1499608	0.196506009	0.103415591
1531	0.1502482	0.196834907	0.103661493
1532	0.1505338	0.197175816	0.103891784
1533	0.1507556	0.197402094	0.104109106
1534	0.1509656	0.197606258	0.104324942
1535	0.1511418	0.197807682	0.104475918
1536	0.1513146	0.198011243	0.104617957
1537	0.1515588	0.198285846	0.104831754
1538	0.1518078	0.198560389	0.105055211
1539	0.1520208	0.198807466	0.105234134
1540	0.1522378	0.199067347	0.105408253
1541	0.1524386	0.199262637	0.105614563
1542	0.1526276	0.199428951	0.105826249
1543	0.1528568	0.199696023	0.106017577
1544	0.1531044	0.200003803	0.106204997
1545	0.1533102	0.200233932	0.106386468
1546	0.1534992	0.200434189	0.106564211
1547	0.1536944	0.200629912	0.106758888
1548	0.1538938	0.200820757	0.106966843
1549	0.1540758	0.200979822	0.107171778
1550	0.1542484	0.201128034	0.107368766
1551	0.1544234	0.201313918	0.107532882
1552	0.1545976	0.201513906	0.107681294
1553	0.1547898	0.201739014	0.107840586
1554	0.1549904	0.201975427	0.108005373
1555	0.1551882	0.202216517	0.108159883
1556	0.1553942	0.202468956	0.108319444
1557	0.1555774	0.202672871	0.108481929
1558	0.1557382	0.202843495	0.108632905
1559	0.155923	0.203039849	0.108806151
1560	0.156129	0.203256765	0.109001235
1561	0.1563482	0.203484205	0.109212195
1562	0.1565736	0.203720926	0.109426274
1563	0.1567968	0.203984639	0.109608961
1564	0.1570278	0.204271023	0.109784577
1565	0.1572326	0.204518869	0.109946331
1566	0.1574144	0.204732744	0.110096056
1567	0.1576242	0.204946344	0.110302056
1568	0.1578558	0.205170859	0.110540741
1569	0.1580662	0.205396819	0.110735581
1570	0.1582642	0.205613257	0.110915143
1571	0.1584728	0.205844264	0.111101336
1572	0.1586922	0.206090632	0.111293768
1573	0.1589054	0.206325904	0.111484896
1574	0.159108	0.206557053	0.111658947
1575	0.1593312	0.206835942	0.111826458
1576	0.1595736	0.207141339	0.112005861
1577	0.159798	0.207404557	0.112191443
1578	0.160007	0.207646781	0.112367219
1579	0.1602404	0.207928227	0.112552573
1580	0.1604936	0.208232973	0.112754227
1581	0.1607826	0.208570845	0.112994355
1582	0.1610986	0.208938296	0.113258904
1583	0.1613596	0.209237121	0.113482079
1584	0.1615774	0.209476188	0.113678612
1585	0.1618298	0.209764271	0.113895329
1586	0.1621064	0.21009056	0.11412224
1587	0.1624224	0.210475719	0.114369081
1588	0.1627664	0.210900082	0.114632718
1589	0.1630888	0.21126785	0.11490975
1590	0.1633938	0.211600885	0.115186715
1591	0.1637074	0.211957799	0.115457001
1592	0.1640308	0.212328216	0.115733384
1593	0.1643262	0.212667642	0.115984758
1594	0.1646066	0.212996147	0.116217053
1595	0.1649646	0.213424797	0.116504403
1596	0.1653694	0.213912334	0.116826466
1597	0.1657564	0.214400369	0.117112431
1598	0.1661346	0.21489272	0.11737648
1599	0.1665104	0.215367045	0.117653755
1600	0.1668862	0.215833641	0.117938759
1601	0.1672718	0.216315716	0.118227884
1602	0.1676634	0.21680763	0.11851917
1603	0.1680526	0.217271674	0.118833526
1604	0.1684458	0.217724704	0.119166896
1605	0.1688256	0.218174765	0.119476435
1606	0.1691948	0.218621536	0.119768064
1607	0.1695874	0.219123764	0.120051036
1608	0.169991	0.219656536	0.120325464
1609	0.1703736	0.220124311	0.120622889
1610	0.1707458	0.220557578	0.120934022
1611	0.1711386	0.221028745	0.121248455
1612	0.1715424	0.221519155	0.121565645
1613	0.1719318	0.221976588	0.121887012
1614	0.1723144	0.222419857	0.122208943
1615	0.1726554	0.22283018	0.12248062
1616	0.172975	0.223223025	0.122726975
1617	0.173279	0.223568221	0.122989779
1618	0.1735748	0.223889202	0.123260398
1619	0.17391	0.224306149	0.123513851
1620	0.1742626	0.224767009	0.123758191
1621	0.1745584	0.225148426	0.123968374
1622	0.1748306	0.225495587	0.124165613
1623	0.1751374	0.225845743	0.124429057
1624	0.1754586	0.226197753	0.124719447
1625	0.1757104	0.226517558	0.124903242
1626	0.1759354	0.226825612	0.125045188
1627	0.1761406	0.227077442	0.125203758
1628	0.1763386	0.227308398	0.125368802
1629	0.1765794	0.227607394	0.125551406
1630	0.176836	0.227930476	0.125741524
1631	0.1770334	0.228136182	0.125930618
1632	0.1772128	0.228305156	0.126120444
1633	0.1773952	0.228524921	0.126265479
1634	0.1775796	0.228761108	0.126398092
1635	0.1778062	0.229076613	0.126535787
1636	0.178047	0.229417501	0.126676499
1637	0.1782582	0.229649833	0.126866567
1638	0.178463	0.22985693	0.12706907
1639	0.1787178	0.230198779	0.127236821
1640	0.1789866	0.230573817	0.127399383
1641	0.1791636	0.230791735	0.127535465
1642	0.1793238	0.230980994	0.127666606
1643	0.1794098	0.231089183	0.127730417
1644	0.1794826	0.231182422	0.127782778
1645	0.17951	0.231200606	0.127819394
1646	0.1795318	0.231209095	0.127854505
1647	0.1794846	0.231204048	0.127765152
1648	0.179427	0.231196646	0.127657354
1649	0.1793332	0.231091093	0.127575307
1650	0.1792414	0.230982474	0.127500326
1651	0.1791722	0.230850928	0.127493472
1652	0.1790992	0.230710518	0.127487882
1653	0.1789394	0.230496549	0.127382251
1654	0.1787768	0.230279691	0.127273909
1655	0.1786156	0.230107098	0.127124102
1656	0.1784522	0.229935331	0.126969069
1657	0.1782398	0.229675099	0.126804501
1658	0.1780252	0.229410827	0.126639573
1659	0.1778278	0.229209351	0.126446249
1660	0.1776262	0.22900256	0.12624984
1661	0.1773428	0.228672046	0.126013554
1662	0.1770608	0.228343505	0.125778095
1663	0.1768262	0.228063364	0.125589036
1664	0.1765888	0.227773255	0.125404345
1665	0.1763052	0.227370082	0.125240318
1666	0.1760258	0.226979135	0.125072465
1667	0.175827	0.226749206	0.124904794
1668	0.1756328	0.226537364	0.124728236
1669	0.1754284	0.226376818	0.124479982
1670	0.175223	0.226191424	0.124254576
1671	0.175043	0.225904623	0.124181377
1672	0.1748606	0.225636733	0.124084467
1673	0.1746658	0.225452465	0.123879135
1674	0.1744646	0.225243458	0.123685742
1675	0.1742506	0.224963342	0.123537858
1676	0.1740566	0.224712935	0.123400265
1677	0.1739068	0.224533053	0.123280547
1678	0.1737108	0.224285363	0.123136237
1679	0.1734106	0.223881861	0.122939339
1680	0.1731336	0.223539294	0.122727906
1681	0.1729088	0.223311445	0.122506155
1682	0.1726778	0.223040702	0.122314898
1683	0.1724356	0.222704099	0.122167101
1684	0.1721422	0.222323218	0.121961182
1685	0.1717736	0.221880707	0.121666493
1686	0.1714264	0.221422339	0.121430461
1687	0.1711024	0.220928775	0.121276025
1688	0.1707662	0.220509946	0.121022454
1689	0.170426	0.220207665	0.120644335
1690	0.1700766	0.219843287	0.120309913
1691	0.1696934	0.219367729	0.120019071
1692	0.169328	0.218926682	0.119729318
1693	0.16899	0.218544147	0.119435853
1694	0.1686306	0.21812298	0.11913822
1695	0.1682478	0.21765414	0.11884146
1696	0.1678686	0.217199593	0.118537607
1697	0.1675008	0.216774393	0.118227207
1698	0.167102	0.216296543	0.117907457
1699	0.166675	0.215772354	0.117577646
1700	0.166296	0.215311523	0.117280477
1701	0.165937	0.214876611	0.116997389
1702	0.1654718	0.214326563	0.116617037
1703	0.1649662	0.213732189	0.116200211
1704	0.1645122	0.213179398	0.115845002
1705	0.1640658	0.212635947	0.115495653
1706	0.163686	0.212159526	0.115212474
1707	0.163328	0.211690413	0.114965587
1708	0.1629414	0.211252122	0.114630678
1709	0.1625412	0.210824813	0.114257587
1710	0.1621874	0.210423158	0.113951642
1711	0.1618376	0.210026007	0.113649193
1712	0.1614154	0.209451052	0.113379748
1713	0.1609794	0.20883794	0.11312086
1714	0.16063	0.208421087	0.112838913
1715	0.1602946	0.208029097	0.112560103
1716	0.1599182	0.207599015	0.112237385
1717	0.159523	0.207149425	0.111896575
1718	0.1592718	0.20681305	0.11173055
1719	0.1590362	0.206493137	0.111579263
1720	0.1586982	0.206087876	0.111308524
1721	0.1583378	0.205670244	0.111005356
1722	0.1579402	0.205282279	0.110598121
1723	0.1575666	0.204898077	0.110235123
1724	0.157359	0.204572422	0.110145578
1725	0.1571372	0.204254406	0.110019994
1726	0.1569138	0.204073906	0.109753694
1727	0.156715	0.203909956	0.109520044
1728	0.1565398	0.203728928	0.109350672
1729	0.1564082	0.203595489	0.109220911
1730	0.1564226	0.203617318	0.109227882
1731	0.1565146	0.203722667	0.109306533
1732	0.156758	0.203983671	0.109532329
1733	0.1569726	0.204226197	0.109719003
1734	0.1571528	0.204460868	0.109844732
1735	0.1573626	0.204743496	0.109981704
1736	0.1576202	0.205079421	0.110160979
1737	0.1579082	0.205433475	0.110382925
1738	0.1582152	0.205805641	0.110624759
1739	0.158462	0.2061233	0.1108007
1740	0.1586612	0.20640177	0.11092063
1741	0.1588236	0.206593813	0.111053387
1742	0.1589558	0.206718091	0.111193509
1743	0.1590056	0.206731471	0.111279729
1744	0.1590166	0.206691274	0.111341926
1745	0.1590874	0.206795402	0.111379398
1746	0.1591656	0.206935225	0.111395975
1747	0.1591814	0.206948573	0.111414227
1748	0.1591868	0.206938851	0.111434749
1749	0.1591298	0.206905384	0.111354216
1750	0.1590472	0.20684998	0.11124442
1751	0.159066	0.206854198	0.111277802
1752	0.1590954	0.206867451	0.111323349
1753	0.159087	0.20689642	0.11127758
1754	0.1590936	0.206958997	0.111228203
1755	0.1590448	0.206955742	0.111133858
1756	0.158994	0.206928651	0.111059349
1757	0.1591056	0.207029884	0.111181316
1758	0.1592408	0.207154236	0.111327364
1759	0.1593058	0.207163703	0.111447897
1760	0.1593576	0.20716974	0.11154546
1761	0.1594174	0.207273885	0.111560915
1762	0.1595136	0.207420714	0.111606486
1763	0.159703	0.207626478	0.111779522
1764	0.1598844	0.207856171	0.111912629
1765	0.1601692	0.208359651	0.111978749
1766	0.1604164	0.2087744	0.1120584
1767	0.1605458	0.208923701	0.112167899
1768	0.1607732	0.209213854	0.112332546
1769	0.161131	0.209695764	0.112566236
1770	0.161467	0.210141866	0.112792134
1771	0.161805	0.210574219	0.113035781
1772	0.1621944	0.210998554	0.113390246
1773	0.162619	0.211386989	0.113851011
1774	0.1629278	0.211759067	0.114096533
1775	0.1631282	0.21212811	0.11412829
1776	0.1633402	0.212456004	0.114224396
1777	0.1636214	0.212825014	0.114417786
1778	0.1638628	0.213076246	0.114649354
1779	0.1640388	0.213191623	0.114885977
1780	0.1641696	0.213276326	0.115062874
1781	0.164305	0.213389601	0.115220399
1782	0.1644978	0.213746141	0.115249459
1783	0.1646874	0.214149864	0.115224936
1784	0.1649602	0.214511197	0.115409203
1785	0.1652512	0.214875041	0.115627359
1786	0.1653364	0.215011599	0.115661201
1787	0.1654502	0.215165465	0.115734935
1788	0.1657906	0.21563284	0.11594836
1789	0.1661014	0.216084615	0.116118185
1790	0.1662266	0.216207874	0.116245326
1791	0.1663868	0.216399659	0.116373941
1792	0.1665816	0.216858561	0.116304639
1793	0.1667858	0.217267202	0.116304398
1794	0.1670654	0.217550924	0.116579876
1795	0.1674548	0.218035907	0.116873693
1796	0.1680546	0.218717928	0.117391272
1797	0.1685146	0.219231983	0.117797217
1798	0.1684036	0.219257197	0.117550003
1799	0.1686266	0.219591469	0.117661731
1800	0.1697488	0.220809453	0.118688147
1801	0.1593096	0.205987938	0.112631262
1802	0.159069	0.205216208	0.112921792
1803	0.1578064	0.207165463	0.108447337
1804	0.156307	0.209459221	0.103154779
1805	0.159296	0.214189631	0.104402369
1806	0.1659556	0.221240591	0.110670609
1807	0.1683742	0.222151227	0.114597173
1808	0.161507	0.21352702	0.10948698
1809	0.1426334	0.188121912	0.097144888
1810	0.1332356	0.176434701	0.090036499
1811	0.1347734	0.183017586	0.086529214
1812	0.1442932	0.1977749	0.0908115
1813	0.1517372	0.207527688	0.095946712
1814	0.1499668	0.207836407	0.092097193
1815	0.1457956	0.208995712	0.082595488
1816	0.1536652	0.215814006	0.091516394
1817	0.156314	0.19985574	0.11277226
1818	0.1486516	0.175898992	0.121404208
1819	0.1485156	0.175269928	0.121761272
1820	0.14408	0.172606662	0.115553338
1821	0.1362786	0.180809855	0.091747345
1822	0.1233524	0.17404423	0.07266057
1823	0.100456	0.15131969	0.04959231
1824	0.0838342	0.14744709	0.02022131
1825	0.0877132	0.166681766	0.008744634
1826	0.0666872	0.125693685	0.007680715
1827	0.0590418	0.10740212	0.01068148
1828	0.0562602	0.104596069	0.007924331
1829	0.0618434	0.129837033	-0.006150233
1830	0.075056	0.172812783	-0.022700783
1831	0.0710036	0.167510298	-0.025503098
1832	0.0410174	0.095320335	-0.013285535
1833	0.0148456	0.036048122	-0.006356922
1834	0.0190264	0.05018567	-0.01213287
1835	0.0584774	0.14864918	-0.03169438
1836	0.201592	0.419817207	-0.016633207
1837	0.2005966	0.423165602	-0.021972402
1838	0.1161338	0.275811858	-0.043544258
1839	0.0833574	0.229846517	-0.063131717
1840	0.0450108	0.145658009	-0.055636409
1841	0.01482	0.047958527	-0.018318527
1842	0	0	0
1843	0	0	0
1844	0	0	0
1845	0	0	0
1846	0	0	0
1847	0.0375694	0.121577132	-0.046438332
1848	0	0	0
1849	0	0	0
1850	0	0	0
1851	0.1090908	0.259998523	-0.041816923
1852	0.1090908	0.259998523	-0.041816923
1853	0.0741276	0.176669953	-0.028414753
1854	0.0705358	0.124315034	0.016756566
1855	0.0754728	0.143613452	0.007332148
1856	0.0797598	0.147310322	0.012209278
1857	0.0909136	0.16938725	0.01243995
1858	0.127258	0.299564045	-0.045048045
1859	0.082827	0.199962067	-0.034308067
1860	0	0	0
1861	0	0	0
1862	0	0	0
1863	0	0	0
1864	0	0	0
1865	0	0	0
1866	0.2068698	0.669444735	-0.255705135
1867	0	0	0
1868	0	0	0
1869	0.0168326	0.054471438	-0.020806238
1870	0.370018	1.197403401	-0.457367401
1871	0.159978	0.517699683	-0.197743683
1872	0.0217828	0.070490622	-0.026925022
1873	0.0021596	0.006988612	-0.002669412
1874	0.0123404	0.039934373	-0.015253573
1875	0.0265836	0.086026337	-0.032859137
1876	0.0264044	0.073978142	-0.021169342
1877	0.0199074	0.047239385	-0.007424585
1878	0.0249556	0.056816856	-0.006905656
1879	0.024539	0.056827069	-0.007749069
1880	0.0192926	0.046828066	-0.008242866
1881	0.017865	0.046390297	-0.010660297
1882	0.0171412	0.048492715	-0.014210315
1883	0.0198026	0.056898502	-0.017293302
1884	0.0236576	0.066214051	-0.018898851
1885	0.0308766	0.079902096	-0.018148896
1886	0.040437	0.099046292	-0.018172292
1887	0.0477204	0.121962656	-0.026521856
1888	0.0500354	0.133412918	-0.033342118
1889	0.0501864	0.123566674	-0.023193874
1890	0.0610664	0.147694027	-0.025561227
1891	0.0699096	0.172840263	-0.033021063
1892	0.0540618	0.120757474	-0.012633874
1893	0.0329396	0.068281695	-0.002402495
1894	0.0212924	0.050471952	-0.007887152
1895	0.010781	0.033691012	-0.012129012
1896	0.009075	0.029367317	-0.011217317
1897	0.0050398	0.016309135	-0.006229535
1898	0	0	0
1899	0	0	0
1900	0	0	0
1901	0	0	0
1902	0.0003528	0.001141685	-0.000436085
1903	0.002326	0.007527094	-0.002875094
1904	0.0067626	0.021884233	-0.008359033
1905	0.0392372	0.126974246	-0.048499846
1906	0.0739806	0.239406251	-0.091445051
1907	0.1196898	0.387324329	-0.147944729
1908	0.1681774	0.544233499	-0.207878699
1909	0	0	0
1910	0	0	0
1911	0.0196636	0.060215518	-0.020888318
1912	0.0438258	0.134207453	-0.046555853
1913	0.0485028	0.148677226	-0.051671626
1914	0.0317584	0.100439245	-0.036922445
1915	0.0278798	0.089983618	-0.034224018
1916	0.0264654	0.085643833	-0.032713033
1917	0.0238334	0.077126503	-0.029459703
1918	0.0219422	0.059899177	-0.016014777
1919	0.0193732	0.034806403	0.003939997
1920	0.0184592	0.038346276	-0.001427876
1921	0.0273616	0.049014082	0.005709118
1922	0.0360036	0.061938263	0.010068937
1923	0.0370726	0.063813136	0.010332064
1924	0.0369742	0.065191339	0.008757061
1925	0.035834	0.060001969	0.011666031
1926	0.0355774	0.062195973	0.008958827
1927	0.041754	0.072821444	0.010686556
1928	0.0509948	0.089546911	0.012442689
1929	0.0621966	0.105944045	0.018449155
1930	0.0799986	0.125977385	0.034019815
1931	0.095553	0.146882523	0.044223477
1932	0.086589	0.127995887	0.045182113
1933	0.0800454	0.114882817	0.045207983
1934	0.0730912	0.11054753	0.03563487
1935	0.0678368	0.108798524	0.026875076
1936	0.0657322	0.104867293	0.026597107
1937	0.0651016	0.101124923	0.029078277
1938	0.0680464	0.100169908	0.035922892
1939	0.073792	0.102757962	0.044826038
1940	0.0776148	0.106870593	0.048359007
1941	0.0788976	0.112622881	0.045172319
1942	0.0802102	0.117949803	0.042470597
1943	0.0849154	0.124220487	0.045610313
1944	0.0890296	0.129787412	0.048271788
1945	0.0902364	0.129656765	0.050816035
1946	0.0908004	0.128969445	0.052631355
1947	0.091172	0.129470318	0.052873682
1948	0.0914656	0.130625951	0.052305249
1949	0.0918872	0.131458874	0.052315526
1950	0.092465	0.131661039	0.053268961
1951	0.0927932	0.131471738	0.054114662
1952	0.09224	0.129421253	0.055058747
1953	0.091715	0.127539092	0.055890908
1954	0.0923558	0.127514536	0.057197064
1955	0.092952	0.127552591	0.058351409
1956	0.094052	0.129303608	0.058800392
1957	0.0951726	0.131338265	0.059006935
1958	0.0964982	0.132861561	0.060134839
1959	0.097881	0.134055919	0.061706081
1960	0.0989814	0.135057815	0.062904985
1961	0.0997752	0.135789994	0.063760406
1962	0.100564	0.136499979	0.064628021
1963	0.101787	0.137439208	0.066134792
1964	0.1028318	0.138260793	0.067402807
1965	0.1034252	0.13965601	0.06719439
1966	0.1039222	0.140895506	0.066948894
1967	0.1041452	0.141966207	0.066324193
1968	0.1042824	0.142935686	0.065629114
1969	0.104591	0.143654987	0.065527013
1970	0.1050358	0.144250734	0.065820866
1971	0.1054746	0.144633501	0.066315699
1972	0.1058906	0.144657831	0.067123369
1973	0.1063358	0.144753747	0.067917853
1974	0.1072412	0.145100418	0.069381982
1975	0.1080802	0.145427132	0.070733268
1976	0.1087058	0.1460747	0.0713369
1977	0.1092762	0.146706303	0.071846097
1978	0.1095946	0.147232036	0.071957164
1979	0.1097884	0.147730677	0.071846123
1980	0.1102676	0.148633857	0.071901343
1981	0.1110838	0.149922039	0.072245561
1982	0.1117656	0.15081652	0.07271468
1983	0.112228	0.151121045	0.073334955
1984	0.1127116	0.15153002	0.07389318
1985	0.1129776	0.152128091	0.073827109
1986	0.1132408	0.152730229	0.073751371
1987	0.1135596	0.153402904	0.073716296
1988	0.1138764	0.154027168	0.073725632
1989	0.1144366	0.154364817	0.074508383
1990	0.1151838	0.154746434	0.075621166
1991	0.1154536	0.154776863	0.076130337
1992	0.115322	0.154520951	0.076123049
1993	0.115312	0.15438756	0.07623644
1994	0.1154372	0.154442176	0.076432224
1995	0.1155778	0.154519774	0.076635826
1996	0.115668	0.154444589	0.076891411
1997	0.1157426	0.15430822	0.07717698
1998	0.1150324	0.152946379	0.077118421
1999	0.1141618	0.15137275	0.07695085
2000	0.1136174	0.151281725	0.075953075
2001	0.1131754	0.151520886	0.074829914
2002	0.1131002	0.15190779	0.07429261
2003	0.1132542	0.152357803	0.074150597
2004	0.1133058	0.152572882	0.074038718
2005	0.1132812	0.152990739	0.073571661
2006	0.1134072	0.153673419	0.073140981
2007	0.1138894	0.154732908	0.073045892
2008	0.1142586	0.155689619	0.072827581
2009	0.113508	0.154770222	0.072245778
2010	0.1127302	0.153713283	0.071747117
2011	0.11205	0.153147288	0.070952712
2012	0.1113774	0.152832824	0.069921976
2013	0.1112248	0.152566448	0.069883152
2014	0.1112372	0.152281109	0.070193291
2015	0.111423	0.152001129	0.070844871
2016	0.112161	0.152194801	0.072127199
2017	0.112968	0.152818777	0.073117223
2018	0.1136982	0.153607783	0.073788617
2019	0.1141766	0.154053853	0.074299347
2020	0.1136206	0.152944924	0.074296276
2021	0.1130966	0.151913672	0.074279528
2022	0.1125316	0.150835933	0.074227267
2023	0.1119634	0.149848271	0.074078529
2024	0.111596	0.148977454	0.074214546
2025	0.1112882	0.148190344	0.074386056
2026	0.1110306	0.147917896	0.074143304
2027	0.1109702	0.148081961	0.073858439
2028	0.110686	0.147785738	0.073586262
2029	0.1101536	0.147009192	0.073298008
2030	0.1097786	0.146440235	0.073116965
2031	0.1093346	0.145588769	0.073080431
2032	0.1088768	0.144735214	0.073018386
2033	0.1083752	0.143921206	0.072829194
2034	0.1079016	0.143160983	0.072642217
2035	0.1073244	0.142559026	0.072089774
2036	0.1067444	0.142042454	0.071446346
2037	0.106306	0.14162427	0.07098773
2038	0.105844	0.141063713	0.070624287
2039	0.1053246	0.140382324	0.070266876
2040	0.1049494	0.13992542	0.06997338
2041	0.1045566	0.139427607	0.069685593
2042	0.1040444	0.138801375	0.069287425
2043	0.1034738	0.138080808	0.068866792
2044	0.1025616	0.136827213	0.068295987
2045	0.1016182	0.13554075	0.06769565
2046	0.101067	0.13493465	0.06719935
2047	0.1005976	0.134490647	0.066704553
2048	0.0997406	0.133722832	0.065758368
2049	0.0987236	0.132742668	0.064704532
2050	0.098164	0.131991289	0.064336711
2051	0.097736	0.13123024	0.06424176
2052	0.097302	0.130546057	0.064057943
2053	0.0971798	0.13021413	0.06414547
2054	0.0970264	0.129902011	0.064150789
2055	0.0965416	0.129381819	0.063701381
2056	0.0960456	0.128792066	0.063299134
2057	0.095592	0.127940397	0.063243603
2058	0.095165	0.127082743	0.063247257
2059	0.0950216	0.126673561	0.063369639
2060	0.0949566	0.126452569	0.063460631
2061	0.0946048	0.126185056	0.063024544
2062	0.0941288	0.125749196	0.062508404
2063	0.0934246	0.124797985	0.062051215
2064	0.092416	0.123383672	0.061448328
2065	0.0916692	0.122368962	0.060969438
2066	0.0911926	0.122042026	0.060343174
2067	0.0908498	0.121979928	0.059719672
2068	0.0911022	0.122144742	0.060059658
2069	0.0911782	0.122063706	0.060292694
2070	0.0908494	0.121627787	0.060071013
2071	0.0905814	0.121239	0.0599238
2072	0.0907418	0.121089159	0.060394441
2073	0.0909492	0.121043261	0.060855139
2074	0.090604	0.120681133	0.060526867
2075	0.090128	0.120022745	0.060233255
2076	0.089869	0.11963058	0.06010742
2077	0.0897506	0.119525844	0.059975356
2078	0.08972	0.119357391	0.060082609
2079	0.0896334	0.118969872	0.060296928
2080	0.089557	0.118779151	0.060334849
2081	0.0894862	0.118646352	0.060326048
2082	0.0893692	0.118427203	0.060311197
2083	0.0892398	0.1182267	0.0602529
2084	0.089125	0.118055168	0.060194832
2085	0.0890802	0.118028439	0.060131961
2086	0.0890424	0.11805664	0.06002816
2087	0.0887024	0.117859492	0.059545308
2088	0.0883316	0.117606998	0.059056202
2089	0.0880338	0.117263126	0.058804474
2090	0.0875872	0.11674095	0.05843345
2091	0.08747	0.116626268	0.058313732
2092	0.0875726	0.116680305	0.058464895
2093	0.0873826	0.116250955	0.058514245
2094	0.0871508	0.115734782	0.058566818
2095	0.0869728	0.115356261	0.058589339
2096	0.086706	0.115290968	0.058121032
2097	0.0864592	0.115321765	0.057596635
2098	0.0864256	0.115339535	0.057511665
2099	0.086467	0.115288899	0.057645101
2100	0.086696	0.115233963	0.058158037
2101	0.0869154	0.115204514	0.058626286
2102	0.0871532	0.115472079	0.058834321
2103	0.0874568	0.115897084	0.059016516
2104	0.0875396	0.116200161	0.058879039
2105	0.0876026	0.116525624	0.058679576
2106	0.0875714	0.116686566	0.058456234
2107	0.0873402	0.116473027	0.058207373
2108	0.0872256	0.116240387	0.058210813
2109	0.0871424	0.115897003	0.058387797
2110	0.087128	0.11575374	0.05850226
2111	0.087404	0.116153662	0.058654338
2112	0.0877062	0.116545961	0.058866439
2113	0.0877042	0.11663205	0.05877635
2114	0.0875442	0.116628591	0.058459809
2115	0.0872888	0.116370307	0.058207293
2116	0.0872022	0.116123078	0.058281322
2117	0.0873598	0.116109582	0.058610018
2118	0.0875332	0.116182307	0.058884093
2119	0.0877802	0.116401346	0.059159054
2120	0.088051	0.116737802	0.059364198
2121	0.0881918	0.117057447	0.059326153
2122	0.088312	0.117431239	0.059192761
2123	0.0883984	0.117690813	0.059105987
2124	0.0882482	0.117709365	0.058787035
2125	0.0881838	0.117765663	0.058601937
2126	0.0884798	0.117894697	0.059064903
2127	0.088846	0.118110466	0.059581534
2128	0.0890672	0.118485366	0.059649034
2129	0.0891816	0.118791211	0.059571989
2130	0.0892468	0.118803233	0.059690367
2131	0.0893214	0.118763721	0.059879079
2132	0.0893392	0.118651255	0.060027145
2133	0.0894538	0.118578104	0.060329496
2134	0.089675	0.11875589	0.06059411
2135	0.0898978	0.119031847	0.060763753
2136	0.090167	0.119520694	0.060813306
2137	0.0904812	0.120205036	0.060757364
2138	0.0907088	0.120622457	0.060795143
2139	0.0908426	0.120582013	0.061103187
2140	0.0908986	0.120413815	0.061383385
2141	0.090809	0.120384257	0.061233743
2142	0.0907456	0.120503873	0.060987327
2143	0.0907538	0.12079729	0.06071031
2144	0.0907818	0.121079189	0.060484411
2145	0.0909302	0.121111745	0.060748655
2146	0.0910744	0.120969895	0.061178905
2147	0.091029	0.120921411	0.061136589
2148	0.0909996	0.121039337	0.060959863
2149	0.091172	0.121200535	0.061143465
2150	0.0915416	0.121418498	0.061664702
2151	0.0918248	0.121702651	0.061946949
2152	0.0918844	0.121880265	0.061888535
2153	0.0921766	0.12226459	0.06208861
2154	0.0923924	0.122740365	0.062044435
2155	0.0924226	0.123021042	0.061824158
2156	0.092847	0.123649415	0.062044585
2157	0.093375	0.124329101	0.062420899
2158	0.093607	0.124445355	0.062768645
2159	0.0937832	0.124430155	0.063136245
2160	0.094187	0.124673933	0.063700067
2161	0.094621	0.125061756	0.064180244
2162	0.094871	0.125585238	0.064156762
2163	0.0950588	0.125994433	0.064123167
2164	0.095122	0.125856834	0.064387166
2165	0.0951794	0.125770608	0.064588192
2166	0.0952146	0.125706947	0.064722253
2167	0.0953096	0.125578094	0.065041106
2168	0.0954878	0.125815184	0.065160416
2169	0.0956554	0.126555154	0.064755646
2170	0.0958438	0.127174531	0.064513069
2171	0.0961168	0.127538432	0.064695168
2172	0.0963264	0.127736048	0.064916752
2173	0.0965502	0.127584086	0.065516314
2174	0.096673	0.127417476	0.065928524
2175	0.0966996	0.127567104	0.065832096
2176	0.096861	0.12795077	0.06577123
2177	0.097161	0.128606903	0.065715097
2178	0.0973728	0.129191888	0.065553712
2179	0.09763	0.129750156	0.065509844
2180	0.0978338	0.13021995	0.06544765
2181	0.098112	0.130379382	0.065844618
2182	0.098566	0.130664235	0.066467765
2183	0.0986606	0.130721421	0.066599779
2184	0.0987586	0.13092794	0.06658926
2185	0.0989728	0.131319594	0.066626006
2186	0.098989	0.131328013	0.066649987
2187	0.0992068	0.131504763	0.066908837
2188	0.0995212	0.131689457	0.067352943
2189	0.0996046	0.131645473	0.067563727
2190	0.09952	0.131828531	0.067211469
2191	0.0994484	0.131991935	0.066904865
2192	0.0995666	0.131974023	0.067159177
2193	0.0997528	0.131981593	0.067524007
2194	0.100004	0.132203749	0.067804251
2195	0.1003228	0.132587416	0.068058184
2196	0.1010054	0.133607022	0.068403778
2197	0.1017406	0.134705255	0.068775945
2198	0.1020958	0.135197493	0.068994107
2199	0.1022946	0.135547856	0.069041344
2200	0.1023636	0.135635625	0.069091575
2201	0.102228	0.135305216	0.069150784
2202	0.1022988	0.135252448	0.069345152
2203	0.1024868	0.135481553	0.069492047
2204	0.1023898	0.13544424	0.06933536
2205	0.1023536	0.135543234	0.069163966
2206	0.102478	0.1359308	0.0690252
2207	0.102602	0.136309995	0.068894005
2208	0.1026226	0.136613783	0.068631417
2209	0.10269	0.136959344	0.068420656
2210	0.1028072	0.137253135	0.068361265
2211	0.1030506	0.137668123	0.068433077
2212	0.103397	0.138123067	0.068670933
2213	0.1036142	0.137989125	0.069239275
2214	0.103655	0.137637737	0.069672263
2215	0.1037214	0.137535169	0.069907631
2216	0.1038442	0.13748778	0.07020062
2217	0.1036758	0.13714924	0.07020236
2218	0.1035286	0.136834047	0.070223153
2219	0.1034412	0.136694152	0.070188248
2220	0.1033048	0.136648576	0.069961024
2221	0.103028	0.136501754	0.069554246
2222	0.1027026	0.136165488	0.069239712
2223	0.1023878	0.135921435	0.068854165
2224	0.1020138	0.135750679	0.068276921
2225	0.1016952	0.135381194	0.068009206
2226	0.1014286	0.134763748	0.068093452
2227	0.1011188	0.134214484	0.068023116
2228	0.1008466	0.13382069	0.06787251
2229	0.1004834	0.133362489	0.067604311
2230	0.0999728	0.132767665	0.067177935
2231	0.0995464	0.132171377	0.066921423
2232	0.0991362	0.131522619	0.066749781
2233	0.098671	0.130941246	0.066400754
2234	0.0984298	0.13077338	0.06608622
2235	0.0983192	0.130665244	0.065973156
2236	0.0982788	0.130485229	0.066072371
2237	0.098221	0.130287085	0.066154915
2238	0.0979016	0.129743766	0.066059434
2239	0.0974152	0.12901119	0.06581921
2240	0.0967366	0.128208782	0.065264418
2241	0.0961362	0.127424926	0.064847474
2242	0.095586	0.126601869	0.064570131
2243	0.0949656	0.125921336	0.064009864
2244	0.0944818	0.125435297	0.063528303
2245	0.093978	0.124905259	0.063050741
2246	0.093277	0.124101545	0.062452455
2247	0.092515	0.123066454	0.061963546
2248	0.0916962	0.122106956	0.061285444
2249	0.0909726	0.121246548	0.060698652
2250	0.0902762	0.120410221	0.060142179
2251	0.0893478	0.119469911	0.059225689
2252	0.0883904	0.118377314	0.058403486
2253	0.08748	0.11692183	0.05803817
2254	0.0865822	0.115481375	0.057683025
2255	0.085779	0.114396945	0.057161055
2256	0.0849788	0.113379886	0.056577714
2257	0.0840734	0.112259439	0.055887361
2258	0.0831926	0.111181651	0.055203549
2259	0.082781	0.110588146	0.054973854
2260	0.0825656	0.11012134	0.05500986
2261	0.082449	0.109688107	0.055209893
2262	0.082248	0.109212862	0.055283138
2263	0.0816502	0.108386576	0.054913824
2264	0.0808734	0.107636015	0.054110785
2265	0.0804166	0.107284187	0.053549013
2266	0.0801896	0.106920776	0.053458424
2267	0.0799474	0.106771921	0.053122879
2268	0.0797848	0.106876397	0.052693203
2269	0.079393	0.106440572	0.052345428
2270	0.0788874	0.105733296	0.052041504
2271	0.0784854	0.105210432	0.051760368
2272	0.0779632	0.104574157	0.051352243
2273	0.0773346	0.103935355	0.050733845
2274	0.0766376	0.103112351	0.050162849
2275	0.0760528	0.102288866	0.049816734
2276	0.0757694	0.101983998	0.049554802
2277	0.0756106	0.101942149	0.049279051
2278	0.075547	0.101982071	0.049111929
2279	0.0754042	0.101919598	0.048888802
2280	0.0753642	0.101985189	0.048743211
2281	0.0753662	0.102061498	0.048670902
2282	0.0752216	0.101927692	0.048515508
2283	0.0751894	0.101941453	0.048437347
2284	0.0751358	0.101555585	0.048716015
2285	0.0750522	0.101204893	0.048899507
2286	0.0748782	0.10105113	0.04870527
2287	0.0744162	0.100422459	0.048409941
2288	0.073872	0.099722898	0.048021102
2289	0.073575	0.099215816	0.047934184
2290	0.0732684	0.098734052	0.047802748
2291	0.072935	0.098603604	0.047266396
2292	0.072715	0.098468393	0.046961607
2293	0.0723396	0.098049282	0.046629918
2294	0.0719534	0.097697013	0.046209787
2295	0.07183	0.097034357	0.046625643
2296	0.0718408	0.096461397	0.047220203
2297	0.071774	0.096322614	0.047225386
2298	0.0715614	0.096032728	0.047090072
2299	0.0710312	0.095509094	0.046553306
2300	0.0703892	0.094834369	0.045944031
2301	0.0695842	0.093670456	0.045497944
2302	0.068855	0.092660405	0.045049595
2303	0.0684512	0.092484271	0.044418129
2304	0.0681314	0.092438662	0.043824138
2305	0.0681342	0.092380952	0.043887448
2306	0.0682352	0.092370218	0.044100182
2307	0.0682882	0.092489936	0.044086464
2308	0.0683438	0.092540043	0.044147557
2309	0.0684884	0.092611133	0.044365667
2310	0.068661	0.092817018	0.044504982
2311	0.068908	0.093083817	0.044732183
2312	0.0692368	0.093557367	0.044916233
2313	0.0694132	0.093806381	0.045020019
2314	0.069379	0.093809205	0.044948795
2315	0.0697054	0.094361779	0.045049021
2316	0.070328	0.095144874	0.045511126
2317	0.0708706	0.095567342	0.046173858
2318	0.071067	0.095458102	0.046675898
2319	0.071036	0.095357855	0.046714145
2320	0.0710228	0.095473899	0.046571701
2321	0.0711586	0.095933093	0.046384107
2322	0.0714282	0.096939431	0.045916969
2323	0.0716664	0.097749912	0.045582888
2324	0.0716772	0.09793081	0.04542359
2325	0.0715798	0.097891641	0.045267959
2326	0.0712736	0.097267566	0.045279634
2327	0.0709558	0.096572233	0.045339367
2328	0.0709478	0.096319386	0.045576214
2329	0.0710492	0.096180501	0.045917899
2330	0.0711972	0.095951571	0.046442829
2331	0.0712944	0.095794347	0.046794453
2332	0.0713948	0.09610868	0.04668092
2333	0.071437	0.096384642	0.046489358
2334	0.0709048	0.096065153	0.045744447
2335	0.0703252	0.095686627	0.044963773
2336	0.0701362	0.095216169	0.045056231
2337	0.06994	0.094679853	0.045200147
2338	0.0700538	0.095017006	0.045090594
2339	0.070217	0.095601119	0.044832881
2340	0.0703904	0.095900002	0.044880798
2341	0.0707008	0.095908837	0.045492763
2342	0.0703384	0.094887891	0.045788909
2343	0.0697836	0.093969819	0.045597381
2344	0.069381	0.093726278	0.045035722
2345	0.0689632	0.093557276	0.044369124
2346	0.0686938	0.09358676	0.04380084
2347	0.068624	0.093506543	0.043741457
2348	0.0684436	0.093122319	0.043764881
2349	0.068246	0.093227773	0.043264227
2350	0.0684278	0.093752313	0.043103287
2351	0.0687222	0.094273559	0.043170841
2352	0.0687872	0.094268416	0.043305984
2353	0.0686192	0.09373302	0.04350538
2354	0.0685026	0.093311916	0.043693284
2355	0.0691826	0.093854759	0.044510441
2356	0.070024	0.094617292	0.045430708
2357	0.0700132	0.094438949	0.045587451
2358	0.069865	0.094439821	0.045290179
2359	0.069701	0.094887235	0.044514765
2360	0.069363	0.094990653	0.043735347
2361	0.0690502	0.094513045	0.043587355
2362	0.069039	0.094301384	0.043776616
2363	0.0697474	0.094683845	0.044810955
2364	0.0704752	0.095193915	0.045756485
2365	0.0704402	0.095086598	0.045793802
2366	0.0700928	0.094640336	0.045545264
2367	0.0693954	0.09466953	0.04412127
2368	0.0687688	0.095190605	0.042346995
2369	0.0686412	0.095600592	0.041681808
2370	0.0686144	0.095566306	0.041662494
2371	0.0684814	0.09488212	0.04208068
2372	0.0681614	0.094184778	0.042138022
2373	0.0678592	0.093904225	0.041814175
2374	0.067935	0.093929916	0.041940084
2375	0.0683358	0.093869048	0.042802552
2376	0.0688496	0.093927104	0.043772096
2377	0.0689694	0.093664091	0.044274709
2378	0.0684594	0.092672811	0.044245989
2379	0.0682878	0.092337608	0.044237992
2380	0.0684154	0.092417224	0.044413576
2381	0.068314	0.092116701	0.044511299
2382	0.0681874	0.092062962	0.044311838
2383	0.0679932	0.092166581	0.043819819
2384	0.0675552	0.091836592	0.043273808
2385	0.0678364	0.091897048	0.043775752
2386	0.0688742	0.092605757	0.045142643
2387	0.0694892	0.092604683	0.046373717
2388	0.0698186	0.091963705	0.047673495
2389	0.0696302	0.092037521	0.047222879
2390	0.0691898	0.092630923	0.045748677
2391	0.0691648	0.093272192	0.045057408
2392	0.0692164	0.093947188	0.044485612
2393	0.0693502	0.094092843	0.044607557
2394	0.0690498	0.093634673	0.044464927
2395	0.0685372	0.092945246	0.044129154
2396	0.0684056	0.092244165	0.044567035
2397	0.0682496	0.09220456	0.04429464
2398	0.0680802	0.092515681	0.043644719
2399	0.068199	0.092839036	0.043558964
2400	0.0685454	0.093987331	0.043103469
2401	0.0686678	0.095031122	0.042304478
2402	0.0690398	0.096205903	0.041873697
2403	0.069449	0.0972686	0.0416294
2404	0.0693476	0.095946666	0.042748534
2405	0.0693654	0.094896439	0.043834361
2406	0.0686682	0.094085251	0.043251149
2407	0.0674794	0.092900173	0.042058627
2408	0.0665028	0.09205928	0.04094632
2409	0.0654756	0.091154923	0.039796277
2410	0.063868	0.088190285	0.039545715
2411	0.0626228	0.085499396	0.039746204
2412	0.0622194	0.085688526	0.038750274
2413	0.061321	0.085973875	0.036668125
2414	0.0596896	0.084454085	0.034925115
2415	0.0582112	0.082506831	0.033915569
2416	0.058231	0.081999422	0.034462578
2417	0.0587266	0.082597051	0.034856149
2418	0.0580436	0.082684951	0.033402249
2419	0.0570872	0.082394334	0.031780066
2420	0.0570304	0.082158013	0.031902787
2421	0.0572428	0.08199975	0.03248585
2422	0.0580588	0.08222503	0.03389257
2423	0.0591718	0.082915529	0.035428071
2424	0.0600224	0.08368077	0.03636403
2425	0.0603886	0.084081092	0.036696108
2426	0.0611168	0.083624816	0.038608784
2427	0.0615154	0.082907657	0.040123143
2428	0.0619648	0.084089245	0.039840355
2429	0.0630896	0.08685455	0.03932465
2430	0.0621206	0.085564445	0.038676755
2431	0.060377	0.081891814	0.038862186
2432	0.0596166	0.080884609	0.038348591
2433	0.058768	0.079888117	0.037647883
2434	0.0580422	0.078346227	0.037738173
2435	0.0574774	0.079018903	0.035935897
2436	0.0574794	0.080133749	0.034825051
2437	0.0585012	0.08160189	0.03540051
2438	0.0596358	0.083556929	0.035714671
2439	0.0593842	0.083443825	0.035324575
2440	0.0580606	0.081075885	0.035045315
2441	0.056946	0.078462031	0.035429969
2442	0.0571588	0.078504631	0.035812969
2443	0.0583682	0.079909423	0.036826977
2444	0.0582604	0.07903721	0.03748359
2445	0.0573412	0.077883069	0.036799331
2446	0.0560996	0.076672637	0.035526563
2447	0.053906	0.074663536	0.033148464
2448	0.051063	0.074635704	0.027490296
2449	0.0489838	0.075110292	0.022857308
2450	0.0482508	0.074550723	0.021950877
2451	0.0472102	0.070688374	0.023732026
2452	0.0472812	0.068333078	0.026229322
2453	0.0476014	0.069232938	0.025969862
2454	0.0476462	0.070191425	0.025100975
2455	0.048499	0.071239445	0.025758555
2456	0.0483498	0.071497692	0.025201908
2457	0.0483088	0.071726526	0.024891074
2458	0.0482162	0.07166307	0.02476933
2459	0.0460746	0.069782783	0.022366417
2460	0.0438912	0.068324978	0.019457422
2461	0.044363	0.066973564	0.021752436
2462	0.0444514	0.065139196	0.023763604
2463	0.043622	0.065176564	0.022067436
2464	0.043814	0.065675848	0.021952152
2465	0.0431562	0.062368632	0.023943768
2466	0.0420918	0.06084145	0.02334215
2467	0.0406138	0.058561171	0.022666429
2468	0.0391634	0.056020855	0.022305945
2469	0.0400388	0.059768348	0.020309252
2470	0.0409546	0.064925113	0.016984087
2471	0.0400594	0.066855442	0.013263358
2472	0.0387044	0.067095259	0.010313541
2473	0.0366752	0.06465555	0.00869485
2474	0.0346068	0.062011986	0.007201614
2475	0.0351478	0.061329805	0.008965795
2476	0.0358896	0.061871799	0.009907401
2477	0.032691	0.057131065	0.008250935
2478	0.0289094	0.052980441	0.004838359
2479	0.0290964	0.049762544	0.008430256
2480	0.0282974	0.045695944	0.010898856
2481	0.0210558	0.033428683	0.008682917
2482	0.0147718	0.022802691	0.006740909
2483	0.016713	0.033831929	-0.000405929
2484	0.0192774	0.051287745	-0.012732945
2485	0.0222294	0.057375907	-0.012917107
2486	0.0241146	0.058304276	-0.010075076
2487	0.015274	0.035240473	-0.004692473
2488	0.0067146	0.016191471	-0.002762271
2489	0.0053484	0.011111748	-0.000414948
2490	0.0032068	0.008032341	-0.001618741
2491	0.0009196	0.002975888	-0.001136688
2492	0	0	0
2493	0.0041584	0.009503514	-0.001186714
2494	0.0095912	0.021919215	-0.002736815
2495	0.0228768	0.049564299	-0.003810699
2496	0.0408116	0.087779898	-0.006156698
2497	0.039438	0.085076266	-0.006200266
2498	0.028305	0.059930385	-0.003320385
2499	0.0189566	0.032713412	0.005199788
2500	0.0113186	0.016747144	0.005890056
