Wavelength	Mean	Std+	Std-
350	0.0140605	0.019473397	0.008647603
351	0.0143975	0.019868811	0.008926189
352	0.014475167	0.019959855	0.008990478
353	0.014587	0.020072855	0.009101145
354	0.014211667	0.019694693	0.00872864
355	0.013419667	0.018899608	0.007939725
356	0.013685333	0.019243269	0.008127398
357	0.013920833	0.019495088	0.008346579
358	0.014139333	0.019706863	0.008571804
359	0.014362833	0.019956729	0.008768938
360	0.014578	0.020239375	0.008916625
361	0.014620167	0.020331371	0.008908962
362	0.014330167	0.020016252	0.008644081
363	0.014482333	0.020145552	0.008819114
364	0.014576	0.020221819	0.008930181
365	0.014562333	0.020200423	0.008924244
366	0.014734	0.020446101	0.009021899
367	0.014842833	0.020593805	0.009091862
368	0.014898167	0.020663238	0.009133095
369	0.014882333	0.020641504	0.009123163
370	0.014758	0.020531277	0.008984723
371	0.014754	0.020560569	0.008947431
372	0.015082333	0.020950096	0.00921457
373	0.015044333	0.020977458	0.009111209
374	0.0150645	0.021041508	0.009087492
375	0.01521	0.021205201	0.009214799
376	0.015373667	0.021436366	0.009310967
377	0.015381	0.021445584	0.009316416
378	0.015315333	0.021344323	0.009286344
379	0.015441667	0.021476044	0.00940729
380	0.015404333	0.021528075	0.009280592
381	0.0154165	0.02157938	0.00925362
382	0.015683167	0.021692298	0.009674035
383	0.015660167	0.021692099	0.009628234
384	0.015710167	0.021799197	0.009621136
385	0.015902167	0.022061541	0.009742792
386	0.015748333	0.022059304	0.009437363
387	0.0157575	0.0221676	0.0093474
388	0.015905	0.022376214	0.009433786
389	0.016187833	0.022730732	0.009644935
390	0.016144667	0.022676807	0.009612526
391	0.016057667	0.02258237	0.009532963
392	0.016171	0.022778318	0.009563682
393	0.016375667	0.023035308	0.009716025
394	0.0164885	0.023177535	0.009799465
395	0.016467167	0.023162369	0.009771964
396	0.0165955	0.023483468	0.009707532
397	0.016795167	0.023786034	0.009804299
398	0.017000333	0.024035802	0.009964865
399	0.016983667	0.024070384	0.00989695
400	0.017069667	0.024203578	0.009935755
401	0.017206667	0.024392919	0.010020415
402	0.0173825	0.024643017	0.010121983
403	0.0173725	0.02466347	0.01008153
404	0.017463667	0.02479382	0.010133514
405	0.017738833	0.02513211	0.010345557
406	0.017895333	0.025329596	0.010461071
407	0.0181145	0.025635421	0.010593579
408	0.018367667	0.02601479	0.010720543
409	0.018483	0.026279322	0.010686678
410	0.018654667	0.026580886	0.010728448
411	0.018875	0.026922463	0.010827537
412	0.019171167	0.027344837	0.010997497
413	0.019435667	0.027706462	0.011164872
414	0.019687833	0.028067039	0.011308628
415	0.019936	0.028450861	0.011421139
416	0.020206	0.028890432	0.011521568
417	0.020514167	0.029338483	0.01168985
418	0.020860167	0.029806276	0.011914057
419	0.021264	0.030417211	0.012110789
420	0.021507667	0.030830983	0.01218435
421	0.021718833	0.031200477	0.01223719
422	0.022089167	0.031750225	0.012428108
423	0.022492167	0.032306874	0.012677459
424	0.022872167	0.03285678	0.012887554
425	0.023206167	0.033399161	0.013013173
426	0.023647833	0.033989334	0.013306332
427	0.024058833	0.034560353	0.013557314
428	0.024435833	0.035118442	0.013753225
429	0.024862167	0.035792587	0.013931746
430	0.0253115	0.036450114	0.014172886
431	0.025771333	0.037112444	0.014430223
432	0.026238833	0.037848944	0.014628723
433	0.026751667	0.038585131	0.014918202
434	0.027280333	0.039314675	0.015245991
435	0.027823333	0.040044264	0.015602403
436	0.028255833	0.040631783	0.015879884
437	0.028741833	0.041273608	0.016210059
438	0.029283833	0.041978264	0.016589403
439	0.029686333	0.042579836	0.016792831
440	0.030152167	0.043246231	0.017058103
441	0.030668333	0.043959822	0.017376844
442	0.031251333	0.044727431	0.017775236
443	0.031691833	0.045350294	0.018033372
444	0.032145667	0.045982059	0.018309274
445	0.0327155	0.046722879	0.018708121
446	0.033259	0.047447838	0.019070162
447	0.0337945	0.048157847	0.019431153
448	0.034326167	0.048857325	0.019795008
449	0.034818333	0.04955077	0.020085896
450	0.035302167	0.050203364	0.020400969
451	0.035787333	0.050837708	0.020736959
452	0.036299167	0.051504987	0.021093346
453	0.036804667	0.052188367	0.021420966
454	0.037313333	0.052878011	0.021748655
455	0.037834667	0.053569547	0.022099787
456	0.0383835	0.054297309	0.022469691
457	0.038898	0.054998188	0.022797812
458	0.039363167	0.055655548	0.023070786
459	0.039934333	0.05637528	0.023493387
460	0.040423833	0.057029451	0.023818216
461	0.040868333	0.057646628	0.024090038
462	0.0413695	0.058301078	0.024437922
463	0.041915833	0.059010232	0.024821434
464	0.042465833	0.059725557	0.02520611
465	0.042981	0.060401397	0.025560603
466	0.043477	0.061059387	0.025894613
467	0.043978833	0.061735805	0.026221861
468	0.044492	0.062440231	0.026543769
469	0.044975167	0.063080725	0.026869608
470	0.045469833	0.06375386	0.027185806
471	0.045978167	0.064455279	0.027501055
472	0.0465295	0.065192275	0.027866725
473	0.046996	0.065823944	0.028168056
474	0.047454333	0.0664409	0.028467766
475	0.0479805	0.067131339	0.028829661
476	0.048423333	0.067741145	0.029105522
477	0.048878667	0.068369509	0.029387824
478	0.049372333	0.069044167	0.0297005
479	0.049939667	0.069766542	0.030112791
480	0.050438333	0.070424928	0.030451738
481	0.0508885	0.071035682	0.030741318
482	0.051398667	0.071682781	0.031114552
483	0.051911833	0.072354736	0.031468931
484	0.052425833	0.073037385	0.031814282
485	0.052928333	0.07370561	0.032151057
486	0.0534695	0.074456731	0.032482269
487	0.053997667	0.075205218	0.032790116
488	0.054492	0.075921453	0.033062547
489	0.055016333	0.07666338	0.033369287
490	0.055542333	0.077375208	0.033709459
491	0.0560685	0.078060872	0.034076128
492	0.056645667	0.078816806	0.034474527
493	0.057231667	0.079599103	0.034864231
494	0.057804833	0.080372984	0.035236682
495	0.058326833	0.081081704	0.035571963
496	0.058889333	0.081837019	0.035941647
497	0.059449667	0.082597253	0.03630208
498	0.059996333	0.083355808	0.036636859
499	0.060570333	0.084130567	0.037010099
500	0.061171	0.084954633	0.037387367
501	0.061792833	0.085818874	0.037766793
502	0.0624085	0.086656194	0.038160806
503	0.0630155	0.08749167	0.03853933
504	0.063612833	0.088315166	0.038910501
505	0.0642035	0.089119111	0.039287889
506	0.064831667	0.089958355	0.039704979
507	0.065462	0.090799496	0.040124504
508	0.066084167	0.091634335	0.040533998
509	0.066699	0.092471592	0.040926408
510	0.067315833	0.093317268	0.041314399
511	0.067940833	0.094174777	0.041706889
512	0.068614167	0.095048442	0.042179891
513	0.069301667	0.095936576	0.042666758
514	0.069996	0.09683979	0.04315221
515	0.070669	0.097746257	0.043591743
516	0.071255333	0.098569924	0.043940743
517	0.071859167	0.099418799	0.044299534
518	0.072536667	0.100351593	0.04472174
519	0.073234167	0.101311786	0.045156548
520	0.073918	0.102250664	0.045585336
521	0.074580333	0.103154199	0.046006467
522	0.075254	0.104038373	0.046469627
523	0.075967	0.104954662	0.046979338
524	0.076701	0.105893486	0.047508514
525	0.0774095	0.106825394	0.047993606
526	0.078125333	0.10778949	0.048461177
527	0.078831667	0.108740681	0.048922653
528	0.079523333	0.109657592	0.049389075
529	0.080259333	0.110658856	0.049859811
530	0.080965833	0.111602968	0.050328699
531	0.081636	0.112474783	0.050797217
532	0.0824155	0.113462311	0.051368689
533	0.0831475	0.114425617	0.051869383
534	0.083852667	0.115377291	0.052328043
535	0.084566	0.11633412	0.05279788
536	0.0852885	0.117286777	0.053290223
537	0.086015333	0.118233284	0.053797382
538	0.086751167	0.119176009	0.054326325
539	0.087452167	0.120116131	0.054788203
540	0.088164	0.121070543	0.055257457
541	0.088889833	0.122036835	0.055742832
542	0.089585833	0.122979038	0.056192628
543	0.0903105	0.123944687	0.056676313
544	0.091058333	0.124925022	0.057191645
545	0.0918405	0.125919097	0.057761903
546	0.092539	0.126842244	0.058235756
547	0.093218333	0.127745024	0.058691642
548	0.093931667	0.128667218	0.059196115
549	0.094667	0.129638692	0.059695308
550	0.095406833	0.130605952	0.060207715
551	0.096148	0.131556603	0.060739397
552	0.096889833	0.132522779	0.061256887
553	0.097609333	0.133458541	0.061760126
554	0.098314	0.134375673	0.062252327
555	0.099019833	0.135308492	0.062731175
556	0.099780333	0.136289237	0.06327143
557	0.100536	0.137269218	0.063802782
558	0.101209667	0.138184284	0.064235049
559	0.101971667	0.139201009	0.064742324
560	0.102709833	0.140184148	0.065235519
561	0.103384667	0.141084381	0.065684953
562	0.1040965	0.142010088	0.066182912
563	0.104817167	0.142932507	0.066701826
564	0.105534167	0.143844327	0.067224006
565	0.106155833	0.144672813	0.067638853
566	0.106855833	0.145583521	0.068128146
567	0.107578167	0.146514767	0.068641567
568	0.108255167	0.147386829	0.069123505
569	0.108946167	0.14828306	0.069609273
570	0.109623667	0.149175273	0.07007206
571	0.110273167	0.150049466	0.070496867
572	0.110963333	0.150959134	0.070967532
573	0.111665	0.151874934	0.071455066
574	0.112378333	0.152793611	0.071963056
575	0.1131015	0.153681758	0.072521242
576	0.113798	0.154592097	0.073003903
577	0.114478167	0.155505555	0.073450778
578	0.1151365	0.15637345	0.07389955
579	0.115822833	0.157283315	0.074362352
580	0.116521167	0.158205953	0.074836381
581	0.1172265	0.15912969	0.07532331
582	0.117945333	0.160037335	0.075853332
583	0.118677	0.160958963	0.076395037
584	0.119418333	0.161893272	0.076943395
585	0.120094833	0.162757624	0.077432043
586	0.120810667	0.163648238	0.077973096
587	0.121563833	0.164580131	0.078547535
588	0.122347167	0.165576052	0.079118282
589	0.122999667	0.166457781	0.079541552
590	0.123659667	0.167357227	0.079962107
591	0.1243875	0.168332057	0.080442943
592	0.125147833	0.169301817	0.080993849
593	0.125891	0.170248162	0.081533838
594	0.126625	0.171185328	0.082064672
595	0.127415	0.172211374	0.082618626
596	0.128172167	0.173195519	0.083148814
597	0.128917167	0.174163608	0.083670725
598	0.129682	0.175156643	0.084207357
599	0.130458167	0.176165258	0.084751075
600	0.131219167	0.177169274	0.08526906
601	0.131935	0.178144685	0.085725315
602	0.132739667	0.179214664	0.086264669
603	0.1335255	0.180264948	0.086786052
604	0.134283833	0.181284072	0.087283595
605	0.13509	0.182318715	0.087861285
606	0.135924833	0.183369577	0.088480089
607	0.136765333	0.184423076	0.089107591
608	0.1375215	0.185408077	0.089634923
609	0.13837	0.186485846	0.090254154
610	0.139246833	0.187582135	0.090911532
611	0.140099333	0.188625967	0.0915727
612	0.1409485	0.189641961	0.092255039
613	0.141835167	0.190677148	0.092993185
614	0.142766333	0.191737965	0.093794701
615	0.143621167	0.192732253	0.09451008
616	0.1444135	0.19365558	0.09517142
617	0.145169667	0.194538131	0.095801202
618	0.145962667	0.195463624	0.096461709
619	0.146776667	0.196366789	0.097186544
620	0.1476	0.197271387	0.097928613
621	0.148425167	0.198195307	0.098655026
622	0.149199167	0.199038479	0.099359855
623	0.149950333	0.199884229	0.100016438
624	0.150676667	0.200744382	0.100608951
625	0.151404833	0.201581568	0.101228099
626	0.152177	0.202489715	0.101864285
627	0.152968167	0.203436202	0.102500132
628	0.153707167	0.204333443	0.10308089
629	0.154474333	0.20527012	0.103678547
630	0.155256167	0.206224242	0.104288092
631	0.156055667	0.207196046	0.104915288
632	0.156728667	0.208055306	0.105402027
633	0.1574665	0.208942832	0.105990168
634	0.158314	0.209890926	0.106737074
635	0.159008167	0.210748309	0.107268025
636	0.159694167	0.211567044	0.10782129
637	0.1603765	0.212358819	0.108394181
638	0.1610695	0.213158672	0.108980328
639	0.161729333	0.213910465	0.109548202
640	0.1623375	0.214608163	0.110066837
641	0.162846167	0.215216413	0.110475921
642	0.163336333	0.215763307	0.110909359
643	0.163819	0.216286054	0.111351946
644	0.164299833	0.216795499	0.111804167
645	0.164717333	0.217215098	0.112219568
646	0.165112833	0.21762145	0.112604217
647	0.165497833	0.218023901	0.112971765
648	0.1659265	0.218459752	0.113393248
649	0.166307833	0.218886428	0.113729239
650	0.1666885	0.219320613	0.114056387
651	0.1671365	0.2197952	0.1144778
652	0.167579833	0.220256453	0.114903214
653	0.168052333	0.220741318	0.115363349
654	0.168581333	0.221277749	0.115884917
655	0.168953667	0.221754464	0.11615287
656	0.169309333	0.222255234	0.116363433
657	0.169669833	0.222775241	0.116564426
658	0.170248333	0.223397342	0.117099324
659	0.170824167	0.223980472	0.117667861
660	0.1713805	0.224528669	0.118232331
661	0.171879	0.225027201	0.118730799
662	0.172346167	0.225499005	0.119193328
663	0.172793333	0.225950549	0.119636117
664	0.173218667	0.226378615	0.120058718
665	0.173744667	0.22691781	0.120571523
666	0.174252667	0.227442995	0.121062338
667	0.174738833	0.227948973	0.121528693
668	0.175239667	0.228467371	0.122011962
669	0.175788	0.229046964	0.122529036
670	0.176369167	0.229677811	0.123060523
671	0.1769715	0.230367412	0.123575588
672	0.177560667	0.231062758	0.124058575
673	0.178205667	0.231824462	0.124586872
674	0.178963333	0.23270882	0.125217846
675	0.179771167	0.233677402	0.125864932
676	0.180608833	0.234704862	0.126512805
677	0.1814765	0.235790527	0.127162473
678	0.1824065	0.236937748	0.127875252
679	0.1834025	0.238225825	0.128579175
680	0.184470833	0.239638318	0.129303348
681	0.185675167	0.241217897	0.130132436
682	0.186944333	0.242905282	0.130983384
683	0.188279667	0.244678855	0.131880478
684	0.189731833	0.246591334	0.132872332
685	0.191387333	0.248722243	0.134052423
686	0.193022667	0.251030709	0.135014625
687	0.194558833	0.253461551	0.135656116
688	0.196337	0.256069044	0.136604956
689	0.198138167	0.258617905	0.137658429
690	0.199914333	0.261074496	0.138754171
691	0.201669167	0.263488885	0.139849448
692	0.203428167	0.265884767	0.140971566
693	0.205173667	0.268266419	0.142080915
694	0.206891	0.270633104	0.143148896
695	0.208535833	0.272885862	0.144185804
696	0.2101535	0.275063899	0.145243101
697	0.2117655	0.277192735	0.146338265
698	0.213273333	0.279208437	0.14733823
699	0.2147625	0.281197687	0.148327313
700	0.216221333	0.283150466	0.1492922
701	0.217573667	0.284989433	0.1501579
702	0.218966833	0.286850107	0.15108356
703	0.220330167	0.288652866	0.152007467
704	0.221617	0.290340433	0.152893567
705	0.222925333	0.292060385	0.153790282
706	0.224255833	0.293790831	0.154720836
707	0.225609333	0.295527466	0.155691201
708	0.226847667	0.297144452	0.156550882
709	0.228043333	0.298694036	0.157392631
710	0.229206	0.300189765	0.158222235
711	0.230358333	0.301659039	0.159057627
712	0.231452833	0.303061932	0.159843734
713	0.232525833	0.304415583	0.160636084
714	0.233614	0.305722449	0.161505551
715	0.234541	0.306808468	0.162273532
716	0.235437167	0.307882986	0.162991347
717	0.236317833	0.308986735	0.163648931
718	0.237160167	0.310216635	0.164103698
719	0.238084833	0.311517326	0.164652341
720	0.239047667	0.312796921	0.165298413
721	0.240191833	0.314077187	0.166306479
722	0.241162667	0.315189664	0.167135669
723	0.242058833	0.316268003	0.167849664
724	0.242854167	0.317332434	0.168375899
725	0.2437745	0.318466548	0.169082452
726	0.2446865	0.319583656	0.169789344
727	0.245561167	0.320668838	0.170453496
728	0.246508167	0.321825466	0.171190867
729	0.247443167	0.322982252	0.171904081
730	0.248357333	0.324128084	0.172586583
731	0.249291667	0.325308692	0.173274641
732	0.250260833	0.326481236	0.17404043
733	0.2512255	0.327625192	0.174825808
734	0.252161	0.328731066	0.175590934
735	0.2530355	0.329803183	0.176267817
736	0.253934833	0.330909127	0.17696054
737	0.254895333	0.332081772	0.177708895
738	0.2557275	0.333097736	0.178357264
739	0.256570667	0.334134642	0.179006691
740	0.257426167	0.335193978	0.179658356
741	0.258273	0.336251863	0.180294137
742	0.259152167	0.337314027	0.180990306
743	0.260037833	0.338374773	0.181700894
744	0.260901833	0.339436871	0.182366795
745	0.261709833	0.340431943	0.182987723
746	0.2625225	0.34142826	0.18361674
747	0.2633715	0.342459851	0.184283149
748	0.264212167	0.343507367	0.184916966
749	0.265034667	0.344538433	0.185530901
750	0.265839833	0.345549217	0.18613045
751	0.266684167	0.346573997	0.186794336
752	0.267516333	0.347609391	0.187423276
753	0.268331833	0.348635809	0.188027857
754	0.269116667	0.349611943	0.18862139
755	0.269942667	0.350615161	0.189270172
756	0.270706167	0.351465453	0.18994688
757	0.271378833	0.352052859	0.190704807
758	0.271832	0.352000574	0.191663426
759	0.272113167	0.352174954	0.192051379
760	0.271960833	0.352978102	0.190943565
761	0.272926333	0.354304879	0.191547787
762	0.273965833	0.355675807	0.19225586
763	0.2751175	0.35718328	0.19305172
764	0.276331833	0.358813958	0.193849709
765	0.277528	0.360305666	0.194750334
766	0.278595667	0.361587672	0.195603661
767	0.279614167	0.362765908	0.196462426
768	0.2805125	0.363871168	0.197153832
769	0.281384167	0.364944133	0.197824201
770	0.282251667	0.366003173	0.19850016
771	0.283085833	0.367020978	0.199150689
772	0.283896667	0.368006183	0.19978715
773	0.284694167	0.368981835	0.200406498
774	0.285485167	0.369991117	0.200979216
775	0.286249667	0.370948603	0.201550731
776	0.287020167	0.371910133	0.202130201
777	0.2878265	0.372923685	0.202729315
778	0.288615833	0.373907143	0.203324523
779	0.2894075	0.374887644	0.203927356
780	0.290203333	0.375868535	0.204538131
781	0.291002167	0.376844085	0.205160248
782	0.2917465	0.377779134	0.205713866
783	0.2924625	0.378697538	0.206227462
784	0.293214333	0.379652886	0.20677578
785	0.293978	0.380580903	0.207375097
786	0.294739167	0.381505959	0.207972375
787	0.295474333	0.382434634	0.208514033
788	0.29626	0.383363119	0.209156881
789	0.2970365	0.384288788	0.209784212
790	0.297789333	0.385209487	0.21036918
791	0.2985015	0.386123323	0.210879677
792	0.299235833	0.38705084	0.211420826
793	0.299975833	0.387974377	0.211977289
794	0.3006515	0.388818013	0.212484987
795	0.301416333	0.389757438	0.213075229
796	0.3022045	0.390725645	0.213683355
797	0.302957833	0.391667354	0.214248313
798	0.303651333	0.392538254	0.214764413
799	0.304342167	0.393413987	0.215270347
800	0.305032833	0.394298765	0.215766901
801	0.305820333	0.395221533	0.216419134
802	0.306547	0.396115516	0.216978484
803	0.3072305	0.396989603	0.217471397
804	0.307938333	0.397857403	0.218019264
805	0.308628833	0.39870135	0.218556316
806	0.309305667	0.399527355	0.219083979
807	0.309970833	0.400340421	0.219601246
808	0.310571167	0.40110998	0.220032353
809	0.311181667	0.401883584	0.220479749
810	0.311823833	0.402671805	0.220975862
811	0.312253833	0.403197089	0.221310577
812	0.3126955	0.403730951	0.221660049
813	0.313175167	0.404305443	0.22204489
814	0.313752833	0.404992736	0.22251293
815	0.314353167	0.405747142	0.222959191
816	0.315011833	0.406583203	0.223440464
817	0.315814	0.407563438	0.224064562
818	0.316685833	0.40864327	0.224728397
819	0.317425833	0.409594225	0.225257442
820	0.31795	0.410327032	0.225572968
821	0.3183735	0.410768409	0.225978591
822	0.319085667	0.411612372	0.226558961
823	0.320003167	0.412769601	0.227236732
824	0.320759333	0.41375798	0.227760687
825	0.321382333	0.414540386	0.22822428
826	0.321953333	0.415242275	0.228664392
827	0.322498	0.415926943	0.229069057
828	0.323136167	0.41673419	0.229538143
829	0.323806167	0.417573953	0.230038381
830	0.324494333	0.418419818	0.230568849
831	0.3251845	0.419290992	0.231078008
832	0.325973167	0.420259774	0.231686559
833	0.326841833	0.42130544	0.232378227
834	0.327591	0.422265175	0.232916825
835	0.328262333	0.423118914	0.233405753
836	0.328901	0.423928686	0.233873314
837	0.329570833	0.424781709	0.234359957
838	0.330200833	0.425553771	0.234847896
839	0.330795333	0.426265639	0.235325028
840	0.331344167	0.426906508	0.235781825
841	0.331885833	0.427617205	0.236154462
842	0.332446833	0.42833868	0.236554987
843	0.333029	0.429065683	0.236992317
844	0.3336315	0.429832727	0.237430273
845	0.334256833	0.430626157	0.23788751
846	0.3348745	0.431406714	0.238342286
847	0.335393667	0.432057083	0.23873025
848	0.335958667	0.432706813	0.23921052
849	0.336537667	0.433388774	0.23968656
850	0.337087167	0.43410661	0.240067723
851	0.337429833	0.434641303	0.240218363
852	0.3379145	0.435235902	0.240593098
853	0.338618167	0.435955018	0.241281315
854	0.339433667	0.436919662	0.241947671
855	0.340042667	0.437729923	0.242355411
856	0.340527	0.438423977	0.242630023
857	0.341132833	0.439163182	0.243102485
858	0.341655167	0.439828888	0.243481445
859	0.3421835	0.440491325	0.243875675
860	0.342780167	0.441190301	0.244370033
861	0.343363	0.441954909	0.244771091
862	0.343850333	0.44261383	0.245086836
863	0.3442265	0.443135534	0.245317466
864	0.3447105	0.443719919	0.245701081
865	0.345364	0.444462774	0.246265226
866	0.346118	0.445313096	0.246922904
867	0.346724333	0.446097024	0.247351642
868	0.347271167	0.446816065	0.247726269
869	0.347785167	0.447488974	0.248081359
870	0.348289333	0.448131528	0.248447139
871	0.348876167	0.44885085	0.248901484
872	0.3494545	0.449561929	0.249347071
873	0.3500015	0.450243838	0.249759162
874	0.350558	0.450950022	0.250165978
875	0.351133667	0.451637555	0.250629779
876	0.351705	0.452305298	0.251104702
877	0.3521615	0.452950694	0.251372306
878	0.352583167	0.453491541	0.251674793
879	0.3530125	0.454024487	0.252000513
880	0.353490833	0.454640063	0.252341603
881	0.354012333	0.45530016	0.252724507
882	0.354477333	0.455885999	0.253068668
883	0.354846833	0.456350493	0.253343173
884	0.355400333	0.457002213	0.253798454
885	0.355909667	0.457628414	0.25419092
886	0.356371	0.458218686	0.254523314
887	0.356764833	0.458708698	0.254820969
888	0.357217167	0.459323179	0.255111154
889	0.357683333	0.459958805	0.255407862
890	0.358111167	0.460485572	0.255736762
891	0.358434	0.460929653	0.255938347
892	0.3587265	0.46132211	0.25613089
893	0.359006167	0.461660866	0.256351467
894	0.359158	0.461888427	0.256427573
895	0.359385	0.462185625	0.256584375
896	0.359691333	0.462550724	0.256831942
897	0.359994833	0.462849731	0.257139936
898	0.360425167	0.463299345	0.257550988
899	0.360998167	0.463898523	0.25809781
900	0.361797	0.46470616	0.25888784
901	0.3625005	0.465524492	0.259476508
902	0.363026833	0.466263389	0.259790277
903	0.363313833	0.466878314	0.259749353
904	0.363571667	0.46739128	0.259752053
905	0.3638765	0.467898064	0.259854936
906	0.364236667	0.468399813	0.26007352
907	0.364612667	0.46872343	0.260501903
908	0.365024667	0.469094667	0.260954667
909	0.365451167	0.469532756	0.261369577
910	0.365839833	0.470096558	0.261583108
911	0.366267333	0.470689856	0.261844811
912	0.366705833	0.471253475	0.262158191
913	0.367143333	0.471747967	0.2625387
914	0.367562833	0.472307711	0.262817956
915	0.368133	0.472983887	0.263282113
916	0.368841	0.473763002	0.263918998
917	0.3693775	0.474482725	0.264272275
918	0.369896	0.475219474	0.264572526
919	0.3704115	0.47596112	0.26486188
920	0.370960167	0.476693629	0.265226704
921	0.3714435	0.477331307	0.265555693
922	0.371893667	0.477908251	0.265879082
923	0.372315667	0.478419917	0.266211416
924	0.372804333	0.479055176	0.266553491
925	0.373072833	0.479497888	0.266647779
926	0.373073	0.479693882	0.266452118
927	0.372924833	0.479617996	0.266231671
928	0.372829667	0.479612285	0.266047049
929	0.372724	0.479577256	0.265870744
930	0.372402167	0.479156566	0.265647767
931	0.372461167	0.478937814	0.265984519
932	0.3725635	0.478718001	0.266408999
933	0.372395333	0.478328525	0.266462142
934	0.372638167	0.478376949	0.266899384
935	0.373254333	0.478817659	0.267691008
936	0.374232167	0.479668288	0.268796046
937	0.3751435	0.48083819	0.26944881
938	0.375735	0.481857823	0.269612177
939	0.376132167	0.482784385	0.269479948
940	0.376614333	0.483826356	0.269402311
941	0.377032667	0.48457637	0.269488963
942	0.377414167	0.485135277	0.269693056
943	0.377769	0.48549776	0.27004024
944	0.378215667	0.485854018	0.270577316
945	0.378891333	0.486450745	0.271331921
946	0.379844	0.487357455	0.272330545
947	0.380386167	0.487876098	0.272896236
948	0.380753333	0.488446145	0.273060521
949	0.380989833	0.489041205	0.272938462
950	0.381239	0.48959289	0.27288511
951	0.3818035	0.490388578	0.273218422
952	0.382518167	0.491311467	0.273724866
953	0.383296	0.492310916	0.274281084
954	0.3834275	0.4924437	0.2744113
955	0.383913167	0.492940333	0.274886
956	0.3850145	0.494114883	0.275914117
957	0.385109833	0.494518603	0.275701064
958	0.3855335	0.495183587	0.275883413
959	0.386149167	0.495957673	0.276340661
960	0.3864135	0.496174419	0.276652581
961	0.386844167	0.496677389	0.277010945
962	0.3874015	0.497433099	0.277369901
963	0.388111	0.498542479	0.277679521
964	0.388575667	0.499056413	0.27809492
965	0.389072167	0.499679643	0.27846469
966	0.389678667	0.50061226	0.278745074
967	0.39058	0.501660076	0.279499924
968	0.3910065	0.502303941	0.279709059
969	0.391114667	0.502686954	0.27954238
970	0.3916835	0.503516637	0.279850363
971	0.3917705	0.503840715	0.279700285
972	0.391819167	0.504068614	0.279569719
973	0.3924075	0.50468974	0.28012526
974	0.3926895	0.504992797	0.280386203
975	0.392932	0.50527578	0.28058822
976	0.393219667	0.505640285	0.280799049
977	0.393430667	0.505798819	0.281062514
978	0.393771333	0.506195384	0.281347283
979	0.394193167	0.506781125	0.281605209
980	0.394243	0.507017838	0.281468162
981	0.394773667	0.507641219	0.281906114
982	0.395403333	0.508351811	0.282454856
983	0.395580667	0.50872602	0.282435313
984	0.395868	0.509033466	0.282702534
985	0.396161667	0.50932522	0.282998113
986	0.396420667	0.509615155	0.283226179
987	0.396804	0.510325355	0.283282645
988	0.3972005	0.510945082	0.283455918
989	0.397568167	0.51142579	0.283710543
990	0.397521833	0.511614527	0.283429139
991	0.397804333	0.511886198	0.283722468
992	0.398286667	0.512309614	0.284263719
993	0.398820833	0.513109707	0.28453196
994	0.398890833	0.513196268	0.284585399
995	0.39898	0.513317233	0.284642767
996	0.3993405	0.513864239	0.284816761
997	0.399738167	0.514512817	0.284963516
998	0.400120167	0.514863556	0.285376777
999	0.400489	0.514933951	0.286044049
1000	0.400980833	0.51569178	0.286269887
1001	0.397904167	0.517350766	0.278457567
1002	0.398365167	0.517843474	0.27888686
1003	0.398902833	0.518284232	0.279521435
1004	0.399413167	0.518729524	0.280096809
1005	0.3998475	0.519321881	0.280373119
1006	0.400282167	0.519957247	0.280607086
1007	0.400789	0.520669683	0.280908317
1008	0.401331167	0.52142716	0.281235174
1009	0.401801	0.522019528	0.281582472
1010	0.402256667	0.52252118	0.281992154
1011	0.402832333	0.523175715	0.282488951
1012	0.403408833	0.523855708	0.282961959
1013	0.403819833	0.524347671	0.283291995
1014	0.4042695	0.524938619	0.283600381
1015	0.404855167	0.52561616	0.284094173
1016	0.405303667	0.526126547	0.284480786
1017	0.405676167	0.526756568	0.284595765
1018	0.4061715	0.527477769	0.284865231
1019	0.406604167	0.527907637	0.285300696
1020	0.4070165	0.528189538	0.285843462
1021	0.407459667	0.528575194	0.286344139
1022	0.4078425	0.52907869	0.28660631
1023	0.408262	0.529721476	0.286802524
1024	0.408739833	0.530401063	0.287078604
1025	0.409114667	0.530889297	0.287340037
1026	0.409419	0.531244582	0.287593418
1027	0.409942667	0.531858796	0.288026537
1028	0.410636167	0.532735252	0.288537082
1029	0.411107	0.533364434	0.288849566
1030	0.411303667	0.533674493	0.28893284
1031	0.4115615	0.5340001	0.2891229
1032	0.412018	0.534411997	0.289624003
1033	0.412541833	0.534943965	0.290139701
1034	0.413048333	0.535605383	0.290491283
1035	0.413521	0.536230795	0.290811205
1036	0.413994	0.536809581	0.291178419
1037	0.414455167	0.537370115	0.291540218
1038	0.414881167	0.537928398	0.291833936
1039	0.415283667	0.538461897	0.292105436
1040	0.415658667	0.538895791	0.292421542
1041	0.416043	0.539296749	0.292789251
1042	0.416498667	0.5398064	0.293190934
1043	0.416932167	0.540343435	0.293520899
1044	0.4171965	0.540727483	0.293665517
1045	0.417513333	0.541166759	0.293859907
1046	0.4179705	0.541731546	0.294209454
1047	0.418386833	0.542189185	0.294584481
1048	0.418757833	0.542649438	0.294866228
1049	0.418955333	0.542994714	0.294915952
1050	0.4192295	0.543388884	0.295070116
1051	0.419694	0.54394273	0.29544527
1052	0.4201285	0.54442293	0.29583407
1053	0.4205895	0.544897108	0.296281892
1054	0.421075167	0.545452117	0.296698216
1055	0.421490167	0.546105394	0.29687494
1056	0.421844167	0.546721612	0.296966721
1057	0.422083	0.547045784	0.297120216
1058	0.4222625	0.547210089	0.297314911
1059	0.422575333	0.547547555	0.297603111
1060	0.4229875	0.548043935	0.297931065
1061	0.423415333	0.548572003	0.298258664
1062	0.423816	0.549085301	0.298546699
1063	0.424148	0.549569585	0.298726415
1064	0.424471167	0.550021359	0.298920974
1065	0.424849833	0.550445882	0.299253785
1066	0.425265333	0.55093882	0.299591847
1067	0.425647167	0.551468772	0.299825561
1068	0.426042	0.551961136	0.300122864
1069	0.426429167	0.552378082	0.300480251
1070	0.426705333	0.552671081	0.300739586
1071	0.426976833	0.553014523	0.300939143
1072	0.427399333	0.553604423	0.301194244
1073	0.427845333	0.554201407	0.30148926
1074	0.428176167	0.554563943	0.30178839
1075	0.4285055	0.554920966	0.302090034
1076	0.428931167	0.555379147	0.302483186
1077	0.429335333	0.5558084	0.302862266
1078	0.429648333	0.55621723	0.303079437
1079	0.429974333	0.556655253	0.303293414
1080	0.4303345	0.557111151	0.303557849
1081	0.430630667	0.557538113	0.30372322
1082	0.43095	0.557965166	0.303934834
1083	0.431338833	0.558300117	0.30437755
1084	0.431736167	0.558639804	0.30483253
1085	0.432195167	0.559141673	0.30524866
1086	0.4326365	0.559651397	0.305621603
1087	0.432986333	0.560093076	0.30587959
1088	0.433337167	0.560535949	0.306138385
1089	0.4336935	0.560956424	0.306430576
1090	0.4340255	0.56132516	0.30672584
1091	0.4341555	0.561480924	0.306830076
1092	0.434268667	0.561662357	0.306874976
1093	0.434655333	0.562086563	0.307224103
1094	0.435164	0.562594697	0.307733303
1095	0.4356325	0.563102802	0.308162198
1096	0.436099333	0.56359912	0.308599547
1097	0.4364645	0.563948823	0.308980177
1098	0.436605667	0.564095566	0.309115767
1099	0.436800667	0.564348724	0.309252609
1100	0.437061833	0.564728952	0.309394715
1101	0.437299167	0.565055398	0.309542936
1102	0.437571333	0.565342326	0.309800341
1103	0.437856	0.565640174	0.310071826
1104	0.437993167	0.565784834	0.310201499
1105	0.438084333	0.565885891	0.310282776
1106	0.438131833	0.566004035	0.310259631
1107	0.438217333	0.566165197	0.31026947
1108	0.438195	0.56609514	0.31029486
1109	0.438073333	0.56585817	0.310288497
1110	0.43793	0.565740514	0.310119486
1111	0.437759167	0.56568322	0.309835114
1112	0.437562167	0.565491608	0.309632725
1113	0.437429333	0.565323628	0.309535039
1114	0.437192333	0.565081027	0.30930364
1115	0.436738333	0.564573502	0.308903165
1116	0.436340667	0.564110458	0.308570875
1117	0.436259333	0.564010196	0.30850847
1118	0.4361705	0.563887355	0.308453645
1119	0.4359605	0.56361761	0.30830339
1120	0.435746167	0.563349801	0.308142532
1121	0.436088167	0.563536462	0.308639871
1122	0.4365325	0.563781644	0.309283356
1123	0.436778833	0.564203784	0.309353882
1124	0.436964333	0.56466081	0.309267857
1125	0.437081833	0.564836408	0.309327258
1126	0.437164167	0.56489929	0.309429043
1127	0.437333167	0.56512058	0.309545753
1128	0.437572333	0.565464557	0.30968011
1129	0.437947667	0.565887219	0.310008114
1130	0.4383825	0.566293721	0.310471279
1131	0.438648667	0.566615842	0.310681491
1132	0.438786333	0.566991616	0.31058105
1133	0.438955	0.567350365	0.310559635
1134	0.4390175	0.567446164	0.310588836
1135	0.439040167	0.567517213	0.31056312
1136	0.438927	0.567580995	0.310273005
1137	0.4388305	0.567648405	0.310012595
1138	0.4387435	0.567634059	0.309852941
1139	0.4386515	0.567606304	0.309696696
1140	0.438285167	0.567270685	0.309299648
1141	0.4379265	0.566948994	0.308904006
1142	0.437790667	0.566818719	0.308762614
1143	0.437688667	0.566691863	0.30868547
1144	0.437377167	0.566459535	0.308294798
1145	0.437000833	0.566240725	0.307760942
1146	0.436799	0.566128923	0.307469077
1147	0.436710333	0.56606712	0.307353546
1148	0.436719	0.566104909	0.307333091
1149	0.436887667	0.566286539	0.307488794
1150	0.4370165	0.566439223	0.307593777
1151	0.437051333	0.566548457	0.307554209
1152	0.437054	0.566616775	0.307491225
1153	0.436924833	0.566530558	0.307319109
1154	0.436810167	0.566459979	0.307160355
1155	0.436726167	0.566490934	0.306961399
1156	0.4366485	0.566519913	0.306777087
1157	0.4363815	0.566278865	0.306484135
1158	0.436133167	0.566045752	0.306220581
1159	0.435832	0.565751442	0.305912558
1160	0.4355265	0.565454494	0.305598506
1161	0.435255833	0.565174575	0.305337092
1162	0.435005167	0.564906284	0.30510405
1163	0.434697667	0.56456937	0.304825964
1164	0.434362	0.564197187	0.304526813
1165	0.43401	0.563818468	0.304201532
1166	0.433639833	0.563434629	0.303845038
1167	0.433251667	0.563036974	0.30346636
1168	0.4328235	0.562603429	0.303043571
1169	0.4324255	0.562188539	0.302662461
1170	0.432090667	0.561806016	0.302375317
1171	0.431742167	0.561409612	0.302074721
1172	0.431292833	0.560908539	0.301677127
1173	0.4308485	0.560417332	0.301279668
1174	0.43043	0.560028522	0.300831478
1175	0.430014167	0.559642003	0.30038633
1176	0.429619667	0.55916284	0.300076494
1177	0.429228167	0.558679692	0.299776642
1178	0.4287655	0.558097773	0.299433227
1179	0.428288333	0.55749463	0.299082036
1180	0.427852167	0.557007665	0.298696669
1181	0.427432167	0.556568637	0.298295696
1182	0.427061333	0.556189352	0.297933315
1183	0.4267235	0.555847068	0.297599932
1184	0.426377333	0.555481527	0.297273139
1185	0.426025	0.555094515	0.296955485
1186	0.425671667	0.554689296	0.296654038
1187	0.425316667	0.554259953	0.296373381
1188	0.425015833	0.553910911	0.296120755
1189	0.424831	0.553732706	0.295929294
1190	0.424642667	0.553555517	0.295729816
1191	0.424437667	0.553382213	0.295493121
1192	0.424230333	0.553198539	0.295262128
1193	0.424011667	0.552941435	0.295081898
1194	0.423795167	0.552686774	0.29490356
1195	0.423614	0.552505807	0.294722193
1196	0.423428833	0.552322043	0.294535624
1197	0.423268667	0.552148963	0.29438837
1198	0.423117333	0.55198002	0.294254647
1199	0.423064667	0.551930527	0.294198807
1200	0.4230415	0.551917697	0.294165303
1201	0.423121167	0.552029744	0.29421259
1202	0.4232525	0.552206791	0.294298209
1203	0.423412833	0.552402738	0.294422929
1204	0.423598	0.55261244	0.29458356
1205	0.423825833	0.55287474	0.294776927
1206	0.424111667	0.553222085	0.295001249
1207	0.424407167	0.553591572	0.295222761
1208	0.4247185	0.553970143	0.295466857
1209	0.425069333	0.554378737	0.29575993
1210	0.425531167	0.554874704	0.29618763
1211	0.426013667	0.555398654	0.296628679
1212	0.426661333	0.556193229	0.297129438
1213	0.427302333	0.556980309	0.297624358
1214	0.4279585	0.557719529	0.298197471
1215	0.428610167	0.558451542	0.298768791
1216	0.429538167	0.559590679	0.299485654
1217	0.430479167	0.560755293	0.30020304
1218	0.431341833	0.561759616	0.300924051
1219	0.432195167	0.562732969	0.301657364
1220	0.433134333	0.563826908	0.302441758
1221	0.4340775	0.564929115	0.303225885
1222	0.435064667	0.566101412	0.304027922
1223	0.4360705	0.567314991	0.304826009
1224	0.437055167	0.568482702	0.305627631
1225	0.438035	0.569617773	0.306452227
1226	0.438985833	0.570704306	0.307267361
1227	0.439909167	0.571750909	0.308067424
1228	0.440847667	0.572843393	0.30885194
1229	0.441785	0.573991659	0.309578341
1230	0.442661	0.575068405	0.310253595
1231	0.4433975	0.575949785	0.310845215
1232	0.444135667	0.576832181	0.311439152
1233	0.4448685	0.577729419	0.312007581
1234	0.445595333	0.578611463	0.312579204
1235	0.4463285	0.579412685	0.313244315
1236	0.447059167	0.580212517	0.313905816
1237	0.4477335	0.581012691	0.314454309
1238	0.448399833	0.581804711	0.314994956
1239	0.448988	0.582496573	0.315479427
1240	0.449563667	0.583179348	0.315947986
1241	0.450153	0.583836809	0.316469191
1242	0.450766	0.584521422	0.317010578
1243	0.451290333	0.585162062	0.317418604
1244	0.451752333	0.585744378	0.317760289
1245	0.452264167	0.586343971	0.318184362
1246	0.452803667	0.586943646	0.318663688
1247	0.453258167	0.587451908	0.319064425
1248	0.453662333	0.587916038	0.319408628
1249	0.454082	0.588413961	0.319750039
1250	0.454476333	0.588895849	0.320056818
1251	0.454866333	0.5893737	0.320358967
1252	0.455265667	0.589884032	0.320647302
1253	0.455665667	0.590391099	0.320940235
1254	0.456050167	0.590827761	0.321272573
1255	0.456431333	0.591248807	0.32161386
1256	0.456745167	0.591608749	0.321881584
1257	0.457059	0.591974004	0.322143996
1258	0.457316333	0.592274911	0.322357756
1259	0.457571167	0.592569973	0.32257236
1260	0.4578545	0.592916716	0.322792284
1261	0.458160667	0.593296185	0.323025148
1262	0.458569667	0.593752311	0.323387022
1263	0.4589825	0.594203849	0.323761151
1264	0.459397333	0.594675861	0.324118805
1265	0.459837333	0.595179638	0.324495028
1266	0.460328	0.59570638	0.32494962
1267	0.4608435	0.596231899	0.325455101
1268	0.4612905	0.596708295	0.325872705
1269	0.461656833	0.597131663	0.326182004
1270	0.462090833	0.597676336	0.326505331
1271	0.462593667	0.598337759	0.326849574
1272	0.463064167	0.598928728	0.327199605
1273	0.463514	0.599450623	0.327577377
1274	0.463981333	0.600004831	0.327957836
1275	0.464490167	0.600630589	0.328349745
1276	0.46496	0.601215118	0.328704882
1277	0.465335	0.601684226	0.328985774
1278	0.465697	0.602136055	0.329257945
1279	0.466027833	0.602576387	0.32947928
1280	0.466366	0.603015727	0.329716273
1281	0.466732167	0.603435148	0.330029185
1282	0.467094333	0.603857218	0.330331449
1283	0.467467667	0.604365602	0.330569732
1284	0.467844	0.604880497	0.330807503
1285	0.468199667	0.605341141	0.331058193
1286	0.468549667	0.605794076	0.331305257
1287	0.468867167	0.606216033	0.3315183
1288	0.469206167	0.606665729	0.331746604
1289	0.469571	0.607209424	0.331932576
1290	0.4699025	0.607720598	0.332084402
1291	0.4701745	0.608078396	0.332270604
1292	0.470426167	0.608383159	0.332469174
1293	0.47069	0.608748167	0.332631833
1294	0.4709625	0.609163733	0.332761267
1295	0.471184833	0.609497811	0.332871855
1296	0.471371833	0.609752663	0.332991004
1297	0.471595667	0.610080003	0.33311133
1298	0.471812833	0.610458176	0.333167491
1299	0.472013667	0.610797701	0.333229633
1300	0.47223	0.611094182	0.333365818
1301	0.472437	0.611367643	0.333506357
1302	0.472594333	0.6115593	0.333629367
1303	0.4727625	0.611762649	0.333762351
1304	0.472939	0.612000013	0.333877987
1305	0.473117167	0.612240175	0.333994159
1306	0.473291	0.612488175	0.334093825
1307	0.473459	0.612731781	0.334186219
1308	0.473578	0.612870936	0.334285064
1309	0.4736965	0.613003181	0.334389819
1310	0.4737815	0.613138239	0.334424761
1311	0.473869167	0.613281064	0.33445727
1312	0.473986333	0.61342655	0.334546116
1313	0.474082333	0.613547229	0.334617438
1314	0.474195333	0.613622136	0.33476853
1315	0.474346333	0.613724492	0.334968174
1316	0.474454167	0.613803848	0.335104486
1317	0.4745085	0.613813446	0.335203554
1318	0.474496	0.613740818	0.335251182
1319	0.474452167	0.613658869	0.335245465
1320	0.474363833	0.613595042	0.335132625
1321	0.474282667	0.613567047	0.334998287
1322	0.4741035	0.613355549	0.334851451
1323	0.473764167	0.612922234	0.334606099
1324	0.473390667	0.612456226	0.334325107
1325	0.473038333	0.611972477	0.334104189
1326	0.472716167	0.611475584	0.333956749
1327	0.472362833	0.610920989	0.333804678
1328	0.471937667	0.61034306	0.333532273
1329	0.4714025	0.609721907	0.333083093
1330	0.4708705	0.609052372	0.332688628
1331	0.470482333	0.608480297	0.332484369
1332	0.470067833	0.607926602	0.332209065
1333	0.469384667	0.607214472	0.331554861
1334	0.468657167	0.606445885	0.330868449
1335	0.468087333	0.605769531	0.330405136
1336	0.467548167	0.605100917	0.329995416
1337	0.466865167	0.604206785	0.329523549
1338	0.466095	0.603236777	0.328953223
1339	0.465183	0.602308299	0.328057701
1340	0.464238167	0.601348706	0.327127627
1341	0.463162	0.599943648	0.326380352
1342	0.461986667	0.598381116	0.325592217
1343	0.4606875	0.596907228	0.324467772
1344	0.459160167	0.595268561	0.323051773
1345	0.457744167	0.593698926	0.321789408
1346	0.456198667	0.591922035	0.320475298
1347	0.454638333	0.590092427	0.31918424
1348	0.452934667	0.588083502	0.317785832
1349	0.451198833	0.586045215	0.316352451
1350	0.449088667	0.583569114	0.314608219
1351	0.446883833	0.580725897	0.31304177
1352	0.444790667	0.577579872	0.312001461
1353	0.442399833	0.574167828	0.310631839
1354	0.440216333	0.571442795	0.308989872
1355	0.438145333	0.569168304	0.307122363
1356	0.437823333	0.569429043	0.306217624
1357	0.436087667	0.567465586	0.304709747
1358	0.431553	0.55979206	0.30331394
1359	0.426403	0.551616695	0.301189305
1360	0.427327667	0.557575066	0.297080268
1361	0.428295	0.563943433	0.292646567
1362	0.431945833	0.563381596	0.300510071
1363	0.432063833	0.562406255	0.301721412
1364	0.421212667	0.545303784	0.297121549
1365	0.417200833	0.539625284	0.294776383
1366	0.4254225	0.554356037	0.296488963
1367	0.426763167	0.561102925	0.292423409
1368	0.409186167	0.533506554	0.284865779
1369	0.394594	0.510459794	0.278728206
1370	0.3968585	0.518056925	0.275660075
1371	0.403795167	0.53183235	0.275757983
1372	0.403957833	0.524550012	0.283365655
1373	0.399528	0.511813575	0.287242425
1374	0.3975485	0.512553472	0.282543528
1375	0.397848333	0.516908705	0.278787961
1376	0.397124833	0.521040532	0.273209135
1377	0.393922167	0.522436348	0.265407986
1378	0.386017833	0.508283836	0.263751831
1379	0.379705	0.494939263	0.264470737
1380	0.380290833	0.493365028	0.267216638
1381	0.382176167	0.494827501	0.269524833
1382	0.381188667	0.496059383	0.26631795
1383	0.382077167	0.502389071	0.261765262
1384	0.382109833	0.505872855	0.258346812
1385	0.376021	0.500235655	0.251806345
1386	0.373928667	0.499530129	0.248327205
1387	0.381438333	0.510290013	0.252586653
1388	0.384962167	0.515745454	0.25417888
1389	0.381726833	0.512165493	0.251288174
1390	0.379178833	0.509022512	0.249335154
1391	0.376254833	0.503237986	0.24927168
1392	0.374091333	0.498549164	0.249633503
1393	0.371261667	0.49385781	0.248665523
1394	0.369018333	0.49066439	0.247372276
1395	0.369126333	0.493234302	0.245018364
1396	0.3687235	0.493610811	0.243836189
1397	0.368137333	0.489032843	0.247241824
1398	0.367452833	0.485584741	0.249320926
1399	0.365375	0.484377389	0.246372611
1400	0.3638815	0.484289777	0.243473223
1401	0.364731833	0.486631849	0.242831818
1402	0.364611667	0.487523925	0.241699408
1403	0.356940167	0.480438094	0.233442239
1404	0.349983167	0.473990295	0.225976038
1405	0.347248833	0.468575321	0.225922346
1406	0.345156167	0.463821898	0.226490435
1407	0.3442905	0.463043455	0.225537545
1408	0.3436585	0.462798766	0.224518234
1409	0.339643833	0.456997055	0.222290611
1410	0.335876167	0.451572876	0.220179457
1411	0.333083167	0.448386576	0.217779757
1412	0.330689833	0.445686744	0.215692923
1413	0.328008167	0.442288878	0.213727455
1414	0.325551833	0.439318057	0.21178561
1415	0.322438833	0.436244402	0.208633264
1416	0.319614167	0.433236297	0.205992036
1417	0.316938667	0.429802942	0.204074391
1418	0.314318667	0.426475166	0.202162167
1419	0.311375	0.42260076	0.20014924
1420	0.308441167	0.418755829	0.198126505
1421	0.305814167	0.415698306	0.195930027
1422	0.303317	0.412905468	0.193728532
1423	0.3010195	0.409933391	0.192105609
1424	0.299104333	0.407235247	0.190973419
1425	0.297418333	0.40503061	0.189806056
1426	0.295601167	0.402852518	0.188349815
1427	0.2935115	0.400281708	0.186741292
1428	0.291386667	0.397530371	0.185242963
1429	0.289568833	0.395330824	0.183806842
1430	0.2880085	0.39369145	0.18232555
1431	0.286260167	0.391752694	0.18076764
1432	0.284280833	0.389354917	0.179206749
1433	0.282543167	0.387178116	0.177908217
1434	0.280829333	0.38477958	0.176879087
1435	0.279084667	0.382369274	0.17580006
1436	0.277680167	0.380652876	0.174707457
1437	0.276339167	0.378963439	0.173714895
1438	0.2749335	0.377095172	0.172771828
1439	0.273665167	0.375492263	0.171838071
1440	0.272531	0.374312835	0.170749165
1441	0.271484667	0.373158846	0.169810487
1442	0.270865	0.372216744	0.169513256
1443	0.270276	0.371325409	0.169226591
1444	0.269688167	0.37053459	0.168841743
1445	0.26921	0.369891629	0.168528371
1446	0.268922	0.369421034	0.168422966
1447	0.268608167	0.368951388	0.168264945
1448	0.268256667	0.368714061	0.167799272
1449	0.267989333	0.368556302	0.167422365
1450	0.26791	0.368333087	0.167486913
1451	0.2678335	0.368115253	0.167551747
1452	0.2678765	0.368171068	0.167581932
1453	0.267934667	0.368235667	0.167633666
1454	0.267799667	0.368155327	0.167444006
1455	0.26766	0.368112058	0.167207942
1456	0.267480333	0.367802909	0.167157758
1457	0.267285333	0.367437151	0.167133516
1458	0.2671095	0.367284944	0.166934056
1459	0.266951667	0.367189206	0.166714127
1460	0.266740833	0.366966453	0.166515214
1461	0.266500667	0.366684942	0.166316391
1462	0.266256167	0.36638187	0.166130463
1463	0.265988833	0.366064602	0.165913064
1464	0.265772167	0.365974204	0.165570129
1465	0.265594833	0.365980545	0.165209122
1466	0.2656385	0.36600981	0.16526719
1467	0.265836	0.366118034	0.165553966
1468	0.266065333	0.36625976	0.165870907
1469	0.2662595	0.366355766	0.166163234
1470	0.266607667	0.366772826	0.166442507
1471	0.2671335	0.367522967	0.166744033
1472	0.267610667	0.368183617	0.167037717
1473	0.268009333	0.368702019	0.167316647
1474	0.268548333	0.369362537	0.167734129
1475	0.2691845	0.370076093	0.168292907
1476	0.269679167	0.370631439	0.168726895
1477	0.270067167	0.37113072	0.169003614
1478	0.270418667	0.371648306	0.169189027
1479	0.270731333	0.372127216	0.169335451
1480	0.2711375	0.372698214	0.169576786
1481	0.271708667	0.373496952	0.169920381
1482	0.2723085	0.374273031	0.170343969
1483	0.272915667	0.374950176	0.170881158
1484	0.273504167	0.375675432	0.171332902
1485	0.274055833	0.376498683	0.171612984
1486	0.274607	0.37723391	0.17198009
1487	0.275270833	0.377933268	0.172608398
1488	0.275962333	0.378724983	0.173199684
1489	0.276749167	0.379695584	0.173802749
1490	0.277441833	0.380548402	0.174335265
1491	0.2779535	0.38120004	0.17470696
1492	0.278443833	0.381829023	0.175058644
1493	0.279004667	0.38258272	0.175426613
1494	0.279541833	0.383292676	0.175790991
1495	0.280034833	0.383918684	0.176150983
1496	0.2804975	0.384514194	0.176480806
1497	0.280962833	0.38512814	0.176797526
1498	0.281434667	0.385756677	0.177112657
1499	0.281952667	0.386476886	0.177428447
1500	0.282468833	0.387184238	0.177753429
1501	0.282994167	0.387900815	0.178087519
1502	0.2835085	0.388603894	0.178413106
1503	0.28412	0.389309912	0.178930088
1504	0.2847285	0.390009636	0.179447364
1505	0.285303667	0.39073751	0.179869823
1506	0.285867833	0.391448901	0.180286766
1507	0.2864085	0.392071168	0.180745832
1508	0.286939333	0.392686146	0.181192521
1509	0.287537	0.393423813	0.181650187
1510	0.2881245	0.394145368	0.182103632
1511	0.288650833	0.394814901	0.182486766
1512	0.289167	0.395484519	0.182849481
1513	0.289673333	0.396162662	0.183184004
1514	0.2901695	0.396820391	0.183518609
1515	0.2906305	0.397329645	0.183931355
1516	0.291076667	0.397813145	0.184340188
1517	0.291567167	0.398466281	0.184668052
1518	0.292068167	0.399149217	0.184987116
1519	0.292565	0.399809287	0.185320713
1520	0.293058667	0.400456818	0.185660515
1521	0.293586833	0.401085059	0.186088608
1522	0.294108167	0.401706118	0.186510215
1523	0.2945075	0.402238921	0.186776079
1524	0.294888833	0.402752282	0.187025384
1525	0.295202333	0.403123384	0.187281283
1526	0.295509667	0.403480424	0.18753891
1527	0.295916333	0.404015333	0.187817334
1528	0.2963395	0.40457878	0.18810022
1529	0.296744667	0.405091834	0.188397499
1530	0.2971445	0.405593325	0.188695675
1531	0.297438333	0.405954435	0.188922232
1532	0.297710833	0.406284484	0.189137182
1533	0.298030333	0.406644183	0.189416483
1534	0.2983585	0.407013533	0.189703467
1535	0.2986295	0.407277478	0.189981522
1536	0.298887333	0.407508969	0.190265698
1537	0.299136833	0.407820794	0.190452872
1538	0.299381333	0.408161823	0.190600843
1539	0.299562833	0.408413338	0.190712329
1540	0.2997155	0.408616517	0.190814483
1541	0.2998705	0.40882616	0.19091484
1542	0.300038	0.409058293	0.191017707
1543	0.300216333	0.409220821	0.191211846
1544	0.3003955	0.40935039	0.19144061
1545	0.3005105	0.409497351	0.191523649
1546	0.300596	0.409650684	0.191541316
1547	0.300712167	0.409802035	0.191622299
1548	0.300846667	0.409952106	0.191741227
1549	0.301012333	0.410111225	0.191913442
1550	0.301187	0.410269374	0.192104626
1551	0.3013195	0.410406777	0.192232223
1552	0.301439333	0.410548826	0.192329841
1553	0.3015965	0.410707743	0.192485257
1554	0.301769	0.410869852	0.192668148
1555	0.301881667	0.411049768	0.192713566
1556	0.301963833	0.411233558	0.192694109
1557	0.3021345	0.411427676	0.192841324
1558	0.302350667	0.411635613	0.19306572
1559	0.3025245	0.411855891	0.193193109
1560	0.302679833	0.412077776	0.19328189
1561	0.302846667	0.412297091	0.193396242
1562	0.303010333	0.41251172	0.193508947
1563	0.303142167	0.412679698	0.193604635
1564	0.303262667	0.412819043	0.193706291
1565	0.303424667	0.412996161	0.193853172
1566	0.3036235	0.413212324	0.194034676
1567	0.303801167	0.413425067	0.194177266
1568	0.3039565	0.413627798	0.194285202
1569	0.304125667	0.41385394	0.194397393
1570	0.304309333	0.414103629	0.194515038
1571	0.304533167	0.414380493	0.19468584
1572	0.304784	0.414675044	0.194892956
1573	0.3050505	0.41497174	0.19512926
1574	0.305325667	0.415270937	0.195380396
1575	0.305557	0.415553486	0.195560514
1576	0.305759333	0.415822028	0.195696639
1577	0.306028667	0.416164111	0.195893222
1578	0.306346667	0.416555378	0.196137955
1579	0.306681667	0.416934709	0.196428624
1580	0.30703	0.417313971	0.196746029
1581	0.307340833	0.417663252	0.197018414
1582	0.307622833	0.417981381	0.197264285
1583	0.307944833	0.418410894	0.197478773
1584	0.308285	0.418911471	0.197658529
1585	0.308600667	0.419299688	0.197901645
1586	0.3089055	0.419620336	0.198190664
1587	0.309229833	0.41998313	0.198476537
1588	0.309573333	0.420375588	0.198771078
1589	0.309927167	0.420787084	0.199067249
1590	0.310282833	0.421209184	0.199356483
1591	0.310637667	0.421672206	0.199603127
1592	0.310988667	0.422157138	0.199820195
1593	0.311403	0.422695558	0.200110442
1594	0.311862167	0.423273179	0.200451154
1595	0.312291	0.423814987	0.200767013
1596	0.3127035	0.42433496	0.20107204
1597	0.3131305	0.424874031	0.201386969
1598	0.313569167	0.425429125	0.201709208
1599	0.314030833	0.425991848	0.202069819
1600	0.3145075	0.426557329	0.202457671
1601	0.314983833	0.427171743	0.202795924
1602	0.3154675	0.427827122	0.203107878
1603	0.315999167	0.428467534	0.203530799
1604	0.316556333	0.429094509	0.204018158
1605	0.3171425	0.429833351	0.204451649
1606	0.317751167	0.430644238	0.204858095
1607	0.318239667	0.431252059	0.205227274
1608	0.318654167	0.431737817	0.205570516
1609	0.3191765	0.432352941	0.206000059
1610	0.319760667	0.433043747	0.206477587
1611	0.320253167	0.433678818	0.206827515
1612	0.320691667	0.434278873	0.20710446
1613	0.321162	0.43485696	0.20746704
1614	0.321646833	0.435420893	0.207872774
1615	0.322107667	0.435960504	0.20825483
1616	0.322557833	0.436487579	0.208628088
1617	0.322968833	0.436960431	0.208977235
1618	0.323357333	0.437404515	0.209310152
1619	0.323764167	0.43787615	0.209652184
1620	0.324178833	0.438359923	0.209997743
1621	0.324579833	0.438857308	0.210302359
1622	0.324977333	0.43936172	0.210592947
1623	0.325327333	0.439839443	0.210815223
1624	0.325656	0.440303878	0.211008122
1625	0.325894667	0.440577977	0.211211357
1626	0.326098333	0.440778199	0.211418468
1627	0.3264055	0.441167191	0.211643809
1628	0.326752333	0.441627815	0.211876852
1629	0.327105167	0.442102972	0.212107362
1630	0.327462667	0.4425872	0.212338133
1631	0.3277095	0.442828511	0.212590489
1632	0.327922167	0.442992836	0.212851498
1633	0.328123833	0.44325963	0.212988037
1634	0.328325167	0.443560929	0.213089404
1635	0.328550333	0.443766099	0.213334568
1636	0.328782833	0.443945813	0.213619853
1637	0.329023	0.444280567	0.213765433
1638	0.3292675	0.444656574	0.213878426
1639	0.3294425	0.44493967	0.21394533
1640	0.3296035	0.445203892	0.214003108
1641	0.329692667	0.44529772	0.214087613
1642	0.32977	0.445362045	0.214177955
1643	0.329873667	0.445415118	0.214332215
1644	0.329981	0.445465637	0.214496363
1645	0.329889167	0.445386889	0.214391445
1646	0.329769167	0.445288831	0.214249502
1647	0.329607	0.445107506	0.214106494
1648	0.3294415	0.4449175	0.2139655
1649	0.329232	0.444605141	0.213858859
1650	0.329016167	0.444280019	0.213752314
1651	0.328603667	0.443807374	0.213399959
1652	0.3281765	0.443320888	0.213032112
1653	0.327795333	0.442854084	0.212736583
1654	0.327418833	0.442392465	0.212445201
1655	0.326979333	0.441849424	0.212109243
1656	0.326535333	0.441299649	0.211771018
1657	0.326116333	0.440758693	0.211473974
1658	0.325698167	0.440219984	0.21117635
1659	0.325150667	0.439452456	0.210848877
1660	0.324598	0.438678863	0.210517137
1661	0.324134333	0.438154473	0.210114194
1662	0.323670333	0.437632157	0.20970851
1663	0.32314	0.437009522	0.209270478
1664	0.322601333	0.436372662	0.208830005
1665	0.32209	0.435704402	0.208475598
1666	0.3215865	0.435043681	0.208129319
1667	0.321127333	0.43445477	0.207799897
1668	0.320656833	0.433857751	0.207455915
1669	0.320153333	0.433254551	0.207052115
1670	0.319658167	0.432646839	0.206669494
1671	0.3192115	0.432033551	0.206389449
1672	0.318765167	0.431430623	0.20609971
1673	0.318342667	0.430855859	0.205829475
1674	0.317915833	0.430277283	0.205554384
1675	0.317454	0.429709261	0.205198739
1676	0.317012167	0.429179529	0.204844804
1677	0.316636333	0.428750526	0.204522141
1678	0.316223667	0.428265855	0.204181478
1679	0.315736	0.427659414	0.203812586
1680	0.315253167	0.427062877	0.203443456
1681	0.314757333	0.426470664	0.203044003
1682	0.314234667	0.4258481	0.202621233
1683	0.3136935	0.425205723	0.202181277
1684	0.313122667	0.424501613	0.201743721
1685	0.312492833	0.423679014	0.201306652
1686	0.311870667	0.42290675	0.200834584
1687	0.311266667	0.422226097	0.200307237
1688	0.310614833	0.421427574	0.199802093
1689	0.309891833	0.420459282	0.199324384
1690	0.309164833	0.419512781	0.198816886
1691	0.3084405	0.418594601	0.198286399
1692	0.307730667	0.417696044	0.19776529
1693	0.307027833	0.416816964	0.197238703
1694	0.306305833	0.415908578	0.196703089
1695	0.3055815	0.414982227	0.196180773
1696	0.304721833	0.413889532	0.195554135
1697	0.303750167	0.41265388	0.194846453
1698	0.302846333	0.411528165	0.194164502
1699	0.301980333	0.410490612	0.193470054
1700	0.301073	0.409386815	0.192759185
1701	0.300153833	0.408241853	0.192065814
1702	0.299134833	0.406950472	0.191319195
1703	0.2980465	0.405565138	0.190527862
1704	0.297078333	0.404358929	0.189797737
1705	0.296145667	0.403204065	0.189087268
1706	0.295146667	0.401960853	0.18833248
1707	0.294129667	0.400704757	0.187554577
1708	0.293215167	0.399532967	0.186897367
1709	0.292321833	0.398359391	0.186284276
1710	0.291418167	0.397201117	0.185635217
1711	0.290487833	0.396025643	0.184950024
1712	0.289623833	0.394997898	0.184249769
1713	0.288768833	0.393995615	0.183542051
1714	0.287922333	0.392877221	0.182967445
1715	0.2870805	0.391746528	0.182414472
1716	0.2864195	0.390900284	0.181938716
1717	0.285746667	0.390037727	0.181455607
1718	0.2850985	0.389159137	0.181037863
1719	0.284466	0.388323843	0.180608157
1720	0.283776	0.387528353	0.180023647
1721	0.283072	0.386701314	0.179442686
1722	0.282486	0.385959258	0.179012742
1723	0.28191	0.385237009	0.178582991
1724	0.281494667	0.384730472	0.178258862
1725	0.281113833	0.384233655	0.177994012
1726	0.28088	0.383841941	0.177918059
1727	0.2807055	0.3835838	0.1778272
1728	0.280671	0.383630653	0.177711347
1729	0.280697833	0.383709799	0.177685867
1730	0.280896833	0.383936289	0.177857377
1731	0.281180833	0.384291811	0.178069856
1732	0.2817335	0.38498876	0.17847824
1733	0.282329	0.385746485	0.178911515
1734	0.282909	0.386540859	0.179277141
1735	0.2836025	0.387466779	0.179738221
1736	0.284496	0.388577421	0.180414579
1737	0.285108667	0.389319998	0.180897336
1738	0.2853855	0.389673045	0.181097955
1739	0.285755333	0.390227074	0.181283593
1740	0.286221667	0.39093403	0.181509303
1741	0.286497333	0.391277219	0.181717448
1742	0.286622	0.391380337	0.181863663
1743	0.286774833	0.391614019	0.181935648
1744	0.286917667	0.391872991	0.181962342
1745	0.286950667	0.39195013	0.181951204
1746	0.286959333	0.391963328	0.181955339
1747	0.2868375	0.391758733	0.181916267
1748	0.2866575	0.391480321	0.181834679
1749	0.2865365	0.391315748	0.181757252
1750	0.286440833	0.391186476	0.181695191
1751	0.286385833	0.391242196	0.181529471
1752	0.286332833	0.391344721	0.181320945
1753	0.2863975	0.391386447	0.181408553
1754	0.286441333	0.391356314	0.181526352
1755	0.286382667	0.39136757	0.181397763
1756	0.2863695	0.391438498	0.181300502
1757	0.286628833	0.391554098	0.181703569
1758	0.286896	0.391680923	0.182111077
1759	0.287102667	0.392121483	0.18208385
1760	0.2873185	0.392595322	0.182041678
1761	0.287765333	0.393226248	0.182304418
1762	0.288210333	0.393858397	0.18256227
1763	0.288546	0.394287675	0.182804325
1764	0.288958167	0.394791991	0.183124342
1765	0.289679	0.395690504	0.183667496
1766	0.290405	0.396534299	0.184275701
1767	0.291045167	0.397176602	0.184913732
1768	0.291685833	0.397953654	0.185418013
1769	0.292306167	0.398856285	0.185756048
1770	0.292832833	0.399549822	0.186115844
1771	0.293242833	0.400001368	0.186484299
1772	0.29367	0.400610516	0.186729484
1773	0.2941235	0.401394526	0.186852474
1774	0.294571167	0.402064828	0.187077505
1775	0.295057667	0.402701625	0.187413708
1776	0.295396	0.403101595	0.187690405
1777	0.295565167	0.403230281	0.187900052
1778	0.295857	0.403550833	0.188163167
1779	0.2962385	0.404025186	0.188451814
1780	0.2966815	0.404446494	0.188916506
1781	0.297182333	0.404893241	0.189471426
1782	0.297527667	0.405428492	0.189626841
1783	0.297797167	0.4059488	0.189645534
1784	0.298058833	0.406478216	0.18963945
1785	0.298375	0.407088341	0.189661659
1786	0.298529833	0.407154503	0.189905164
1787	0.298628333	0.407130038	0.190126629
1788	0.2986865	0.407106932	0.190266068
1789	0.2987655	0.407084161	0.190446839
1790	0.298851167	0.407217132	0.190485202
1791	0.298838333	0.407270017	0.19040665
1792	0.298447667	0.4068885	0.190006833
1793	0.298140833	0.40658069	0.189700977
1794	0.298262333	0.406817308	0.189707359
1795	0.298364333	0.406981045	0.189747621
1796	0.298308833	0.406712021	0.189905645
1797	0.2981945	0.406467461	0.189921539
1798	0.2979845	0.406293315	0.189675685
1799	0.297906833	0.406162354	0.189651313
1800	0.2981825	0.406125364	0.190239636
1801	0.287194667	0.402432625	0.171956709
1802	0.286147167	0.401509852	0.170784481
1803	0.285074667	0.396597065	0.173552268
1804	0.2821825	0.38845449	0.17591051
1805	0.2787095	0.38215579	0.17526321
1806	0.277227	0.380338389	0.174115611
1807	0.278494333	0.379316596	0.177672071
1808	0.2790325	0.375647735	0.182417265
1809	0.2778195	0.371501116	0.184137884
1810	0.280657167	0.375390292	0.185924041
1811	0.285189667	0.381036891	0.189342442
1812	0.286506667	0.381445704	0.19156763
1813	0.286996	0.381625807	0.192366193
1814	0.287139333	0.388362995	0.185915672
1815	0.2829965	0.397137168	0.168855832
1816	0.275594167	0.399270375	0.151917958
1817	0.279841333	0.400329473	0.159353193
1818	0.285498	0.398999629	0.171996371
1819	0.290313167	0.407118241	0.173508092
1820	0.291909833	0.416118346	0.167701321
1821	0.283577	0.416006565	0.151147435
1822	0.272449333	0.407278468	0.137620198
1823	0.273420167	0.395762611	0.151077722
1824	0.285555833	0.392909971	0.178201695
1825	0.274208667	0.385283234	0.1631341
1826	0.2581195	0.398947914	0.117291086
1827	0.278848333	0.467639549	0.090057118
1828	0.308874667	0.54008193	0.077667403
1829	0.327746667	0.587273378	0.068219955
1830	0.323026667	0.586943257	0.059110076
1831	0.310847	0.574229039	0.047464961
1832	0.331247333	0.650034606	0.012460061
1833	0.429412667	0.873652943	-0.01482761
1834	0.454148667	0.966536705	-0.058239372
1835	0.3761145	0.890005542	-0.137776542
1836	0.4620995	0.944567139	-0.020368139
1837	0.49488	0.865295776	0.124464224
1838	0.326116333	0.602773821	0.049458846
1839	0.270824333	0.570654409	-0.029005742
1840	0.301616667	0.61481535	-0.011582016
1841	0.353528833	0.597781104	0.109276562
1842	0.312934167	0.690456986	-0.064588653
1843	0.253981333	0.505733594	0.002229073
1844	0.204987333	0.365816487	0.04415818
1845	0.237631167	0.427149192	0.048113141
1846	0.351754	0.615517937	0.087990063
1847	0.638309	1.076357414	0.200260586
1848	1.085003167	2.058016816	0.111989517
1849	1.469478667	2.856376917	0.082580416
1850	2.138445167	3.824754583	0.45213575
1851	2.6547235	4.821836452	0.487610548
1852	3.994224167	8.376344398	-0.387896065
1853	38.728361	94.14087366	-16.68415166
1854	0	0	0
1855	0	0	0
1856	23.22691917	48.53929604	-2.085457704
1857	11.743498	22.2242086	1.262787403
1858	2.516945833	4.607169204	0.426722463
1859	0.962502	1.82632747	0.09867653
1860	0.512038167	0.873010003	0.15106633
1861	0.308973333	0.567523794	0.050422873
1862	0.192234	0.444441099	-0.059973099
1863	0.187663167	0.355303007	0.020023326
1864	0.155682833	0.292751556	0.018614111
1865	0.193572833	0.281715088	0.105430579
1866	0.312533	0.400284143	0.224781857
1867	0.424254167	0.633774846	0.214733487
1868	0.381979833	0.66285146	0.101108206
1869	0.325168167	0.551415807	0.098920526
1870	0.303549	0.582002108	0.025095892
1871	0.338666333	0.81948577	-0.142153104
1872	0.336910833	0.767449234	-0.093627567
1873	0.2934155	0.621925238	-0.035094238
1874	0.308358333	0.60646896	0.010247707
1875	0.346293333	0.689046542	0.003540125
1876	0.473889	0.764953999	0.182824001
1877	0.632379667	0.899927636	0.364831697
1878	0.497526	0.66461533	0.33043667
1879	0.2781275	0.409492137	0.146762863
1880	0.177126667	0.307811989	0.046441345
1881	0.173761667	0.302976258	0.044547076
1882	0.184739167	0.340065813	0.029412521
1883	0.1774535	0.37181884	-0.01691184
1884	0.162861667	0.371153954	-0.045430621
1885	0.1649695	0.326712789	0.003226211
1886	0.183189	0.319036553	0.047341447
1887	0.192275667	0.312406701	0.072144632
1888	0.182522833	0.279259177	0.08578649
1889	0.1698295	0.261090375	0.078568625
1890	0.1583195	0.261597774	0.055041226
1891	0.1572915	0.283630625	0.030952375
1892	0.180868167	0.317875414	0.043860919
1893	0.203464667	0.357498967	0.049430367
1894	0.209479	0.351513074	0.067444926
1895	0.217631833	0.345750794	0.089512873
1896	0.204086333	0.330183393	0.077989274
1897	0.171753333	0.335538185	0.007968481
1898	0.147387	0.323259032	-0.028485032
1899	0.117968167	0.245555531	-0.009619198
1900	0.095107167	0.194402417	-0.004188084
1901	0.115859	0.213361225	0.018356775
1902	0.1403765	0.275385098	0.005367902
1903	0.1792855	0.336304112	0.022266888
1904	0.225022833	0.444372036	0.00567363
1905	0.229309333	0.434613016	0.02400565
1906	0.240656167	0.430773863	0.05053847
1907	0.2113275	0.363472413	0.059182587
1908	0.159724333	0.282429619	0.037019048
1909	0.142346	0.245959301	0.038732699
1910	0.146618167	0.259758177	0.033478157
1911	0.145125	0.29152315	-0.00127315
1912	0.135685667	0.247960134	0.0234112
1913	0.1295715	0.226399862	0.032743138
1914	0.144238333	0.2079755	0.080501166
1915	0.157154167	0.200920894	0.113387439
1916	0.158407667	0.215400116	0.101415218
1917	0.1576385	0.232252047	0.083024953
1918	0.154528833	0.246179825	0.062877842
1919	0.150304833	0.258107659	0.042502007
1920	0.146527833	0.26339133	0.029664337
1921	0.143643	0.25244443	0.03484157
1922	0.142792	0.245504957	0.040079043
1923	0.151862833	0.242938266	0.060787401
1924	0.1603285	0.241386621	0.079270379
1925	0.167663333	0.243398575	0.091928092
1926	0.173675	0.251447756	0.095902244
1927	0.171361333	0.257948742	0.084773925
1928	0.165042333	0.261932318	0.068152349
1929	0.159975333	0.260708192	0.059242475
1930	0.159682833	0.258843545	0.060522122
1931	0.161472667	0.261559427	0.061385906
1932	0.167574833	0.258530858	0.076618808
1933	0.172979333	0.256661878	0.089296788
1934	0.171623167	0.251805876	0.091440457
1935	0.169727667	0.247544941	0.091910392
1936	0.164428	0.24500796	0.08384804
1937	0.158691333	0.243392398	0.073990268
1938	0.155620667	0.240781308	0.070460026
1939	0.1544035	0.238010807	0.070796193
1940	0.154298	0.236395963	0.072200037
1941	0.1577655	0.23867137	0.07685963
1942	0.160778333	0.241343175	0.080213491
1943	0.1612275	0.238233746	0.084221254
1944	0.161606167	0.235728144	0.087484189
1945	0.164179	0.237305245	0.091052755
1946	0.167056667	0.239966862	0.094146471
1947	0.167655333	0.243428035	0.091882631
1948	0.166940333	0.247253906	0.086626761
1949	0.166184167	0.248824473	0.08354386
1950	0.165394667	0.246856358	0.083932975
1951	0.165248167	0.245968799	0.084527534
1952	0.167752333	0.249283654	0.086221013
1953	0.170224	0.252790584	0.087657416
1954	0.170727833	0.255940065	0.085515602
1955	0.171139	0.259047423	0.083230577
1956	0.173504	0.260381655	0.086626345
1957	0.176196667	0.26116573	0.091227603
1958	0.178306	0.263296142	0.093315858
1959	0.179914167	0.266185767	0.093642566
1960	0.181095	0.268078072	0.094111928
1961	0.181742167	0.268757947	0.094726387
1962	0.1822635	0.26942162	0.09510538
1963	0.182544333	0.26969584	0.095392827
1964	0.182785167	0.269966963	0.09560337
1965	0.184899167	0.271585198	0.098213135
1966	0.186835	0.273162819	0.100507181
1967	0.187654167	0.274581963	0.10072637
1968	0.188050667	0.275844431	0.100256902
1969	0.188047	0.276493223	0.099600777
1970	0.1878425	0.27671313	0.09897187
1971	0.1883565	0.277554261	0.099158739
1972	0.1902115	0.279649492	0.100773508
1973	0.191951833	0.281655408	0.102248259
1974	0.193538	0.283387934	0.103688066
1975	0.1950005	0.284998482	0.105002518
1976	0.195787	0.285924538	0.105649462
1977	0.196489333	0.286797888	0.106180779
1978	0.197462167	0.288075036	0.106849298
1979	0.198510833	0.289438957	0.10758271
1980	0.199543667	0.290722948	0.108364385
1981	0.200485833	0.291854215	0.109117452
1982	0.201002333	0.292492866	0.1095118
1983	0.200841833	0.292291829	0.109391837
1984	0.2007935	0.292223148	0.109363852
1985	0.201553	0.293172111	0.109933889
1986	0.202304333	0.294121596	0.110487071
1987	0.202932167	0.294685722	0.111178612
1988	0.2035765	0.295228077	0.111924923
1989	0.204417833	0.296291203	0.112544464
1990	0.205293	0.297549476	0.113036524
1991	0.2059355	0.298753858	0.113117142
1992	0.2064115	0.30004864	0.11277436
1993	0.206828833	0.301253551	0.112404116
1994	0.2068535	0.302156068	0.111550932
1995	0.206871833	0.303166809	0.110576858
1996	0.207456	0.303744693	0.111167307
1997	0.208115833	0.304373889	0.111857777
1998	0.208370833	0.304362459	0.112379207
1999	0.208676333	0.304485432	0.112867234
2000	0.210491167	0.306522345	0.114459988
2001	0.2127615	0.309173456	0.116349544
2002	0.213486	0.309884434	0.117087566
2003	0.213109167	0.308524666	0.117693667
2004	0.212883167	0.307240246	0.118526087
2005	0.212536667	0.305984885	0.119088449
2006	0.211989	0.304497955	0.119480045
2007	0.212335833	0.305760836	0.118910831
2008	0.212493667	0.306870811	0.118116522
2009	0.211633333	0.305404846	0.117861821
2010	0.2108345	0.30379766	0.11787134
2011	0.211312333	0.304224685	0.118399982
2012	0.211424167	0.304734731	0.118113602
2013	0.210992667	0.304283161	0.117702172
2014	0.210453	0.303722761	0.117183239
2015	0.21064	0.304368709	0.116911291
2016	0.211937667	0.306301555	0.117573778
2017	0.212728167	0.307748854	0.117707479
2018	0.213275	0.309170845	0.117379155
2019	0.213720833	0.310388498	0.117053169
2020	0.2133845	0.310012129	0.116756871
2021	0.213059	0.309591246	0.116526754
2022	0.2128465	0.309017044	0.116675956
2023	0.212595667	0.308473558	0.116717776
2024	0.2118875	0.306704595	0.117070405
2025	0.210986833	0.304646031	0.117327635
2026	0.210549	0.30379791	0.11730009
2027	0.210244333	0.303674333	0.116814333
2028	0.2094405	0.303148214	0.115732786
2029	0.2076645	0.301935474	0.113393526
2030	0.205935	0.300831325	0.111038675
2031	0.205304167	0.299920281	0.110688052
2032	0.204736	0.298964092	0.110507908
2033	0.204029	0.297525226	0.110532774
2034	0.203277833	0.296117935	0.110437732
2035	0.202530833	0.294930673	0.110130994
2036	0.201901	0.293934676	0.109867324
2037	0.201237167	0.292868541	0.109605793
2038	0.200308	0.291481226	0.109134774
2039	0.199501	0.290163324	0.108838676
2040	0.198881833	0.28885221	0.108911457
2041	0.198006167	0.287459129	0.108553205
2042	0.1972055	0.286839677	0.107571323
2043	0.196404333	0.286175181	0.106633486
2044	0.195379333	0.284887064	0.105871603
2045	0.194280667	0.283470436	0.105090897
2046	0.1931455	0.281758226	0.104532774
2047	0.1919655	0.279953482	0.103977518
2048	0.190819667	0.279103037	0.102536296
2049	0.189507833	0.278454789	0.100560878
2050	0.188448333	0.277629685	0.099266981
2051	0.1872435	0.276323098	0.098163902
2052	0.1859585	0.274865694	0.097051306
2053	0.185258	0.273785128	0.096730872
2054	0.184738667	0.272727569	0.096749765
2055	0.184970333	0.272385121	0.097555546
2056	0.185085	0.272113683	0.098056317
2057	0.183839667	0.270247086	0.097432247
2058	0.1824575	0.268082993	0.096832007
2059	0.1817045	0.266236606	0.097172394
2060	0.181153833	0.264654039	0.097653628
2061	0.180457333	0.263648819	0.097265848
2062	0.179499833	0.262825789	0.096173878
2063	0.178031167	0.261414823	0.094647511
2064	0.176649333	0.260022226	0.09327644
2065	0.176224833	0.259431415	0.093018252
2066	0.177322167	0.260113199	0.094531134
2067	0.178228833	0.26095406	0.095503606
2068	0.17777	0.260730725	0.094809275
2069	0.177211167	0.260365358	0.094056976
2070	0.175523833	0.258479326	0.092568341
2071	0.173801	0.256465332	0.091136668
2072	0.173218167	0.255697649	0.090738684
2073	0.1730305	0.255507535	0.090553465
2074	0.173071833	0.255004492	0.091139174
2075	0.173144167	0.254563892	0.091724442
2076	0.173352667	0.254607332	0.092098001
2077	0.173608167	0.25468511	0.092531224
2078	0.173653333	0.25472932	0.092577346
2079	0.173597667	0.254541139	0.092654194
2080	0.1735125	0.254232481	0.092792519
2081	0.173147333	0.254042117	0.092252549
2082	0.1727995	0.253784615	0.091814385
2083	0.172499833	0.253454303	0.091545364
2084	0.172175167	0.253138972	0.091211361
2085	0.171613833	0.25251255	0.090715116
2086	0.17101	0.251773429	0.090246571
2087	0.170532667	0.251293257	0.089772076
2088	0.170190167	0.251013816	0.089366517
2089	0.169690167	0.250437773	0.08894256
2090	0.168851	0.249347998	0.088354002
2091	0.168606167	0.248858337	0.088353997
2092	0.168899167	0.248893586	0.088904748
2093	0.1689685	0.248697934	0.089239066
2094	0.169010333	0.248277362	0.089743305
2095	0.168885667	0.24771346	0.090057873
2096	0.168399167	0.247095593	0.08970274
2097	0.167983833	0.246614867	0.089352799
2098	0.167820667	0.246915852	0.088725481
2099	0.1677005	0.247430309	0.087970691
2100	0.167785333	0.247715146	0.08785552
2101	0.167901167	0.247651504	0.088150829
2102	0.1677355	0.247273167	0.088197833
2103	0.167452	0.247064854	0.087839146
2104	0.167412	0.246908645	0.087915355
2105	0.167476833	0.246868745	0.088084921
2106	0.1674	0.24659141	0.08820859
2107	0.167392833	0.24637856	0.088407107
2108	0.167429	0.24638898	0.08846902
2109	0.167357833	0.246223963	0.088491704
2110	0.167146667	0.245922656	0.088370678
2111	0.166833	0.245269602	0.088396398
2112	0.166673167	0.244805837	0.088540496
2113	0.167027833	0.245333614	0.088722052
2114	0.1673915	0.245975883	0.088807117
2115	0.167246167	0.246062957	0.088429376
2116	0.166961333	0.246042284	0.087880383
2117	0.166800667	0.245748536	0.087852797
2118	0.166583167	0.245299433	0.0878669
2119	0.1663715	0.245339037	0.087403963
2120	0.166187667	0.245567087	0.086808246
2121	0.165742833	0.245447549	0.086038118
2122	0.165289167	0.245213929	0.085364405
2123	0.165189333	0.244989456	0.08538921
2124	0.165499333	0.244802146	0.086196521
2125	0.165849833	0.244898007	0.086801659
2126	0.166011333	0.245195846	0.086826821
2127	0.1660015	0.245176998	0.086826002
2128	0.165762	0.244460601	0.087063399
2129	0.165589667	0.24384639	0.087332943
2130	0.1657025	0.244160867	0.087244133
2131	0.165958667	0.244873429	0.087043904
2132	0.166131833	0.245209345	0.087054321
2133	0.166133833	0.244922176	0.08734549
2134	0.166141333	0.244748224	0.087534443
2135	0.166098333	0.244958506	0.087238161
2136	0.165754	0.24465214	0.08685586
2137	0.165243667	0.243498967	0.086988366
2138	0.165009667	0.242988366	0.087030968
2139	0.165192667	0.243349646	0.087035687
2140	0.165394667	0.243407661	0.087381672
2141	0.165929333	0.243648346	0.088210321
2142	0.166480833	0.243994969	0.088966697
2143	0.1666655	0.244184776	0.089146224
2144	0.166790333	0.244450048	0.089130619
2145	0.167088333	0.245312746	0.088863921
2146	0.167310167	0.246108131	0.088512202
2147	0.167069667	0.246262199	0.087877135
2148	0.166963833	0.246598595	0.087329072
2149	0.167219	0.247159142	0.087278858
2150	0.167498833	0.247388369	0.087609297
2151	0.167644	0.247229931	0.088058069
2152	0.1674505	0.246381357	0.088519643
2153	0.1673155	0.245583375	0.089047625
2154	0.1676955	0.245660639	0.089730361
2155	0.168095333	0.245800113	0.090390553
2156	0.168583667	0.246691058	0.090476275
2157	0.1690285	0.24767159	0.09038541
2158	0.168980333	0.248042184	0.089918483
2159	0.168928167	0.248404127	0.089452206
2160	0.169304	0.249239691	0.089368309
2161	0.169733667	0.250040738	0.089426596
2162	0.170396333	0.250621091	0.090171576
2163	0.171268167	0.25121783	0.091318504
2164	0.171524167	0.250918418	0.092129916
2165	0.171529333	0.250228509	0.092830158
2166	0.171861	0.250537951	0.093184049
2167	0.172426	0.251513532	0.093338468
2168	0.172948	0.252195476	0.093700524
2169	0.173779667	0.253360277	0.094199056
2170	0.174788	0.254482401	0.095093599
2171	0.175296833	0.25485918	0.095734486
2172	0.1756205	0.25536908	0.09587192
2173	0.175851167	0.255999292	0.095703041
2174	0.175942833	0.256367274	0.095518393
2175	0.175719667	0.256375761	0.095063573
2176	0.1756015	0.256525872	0.094677128
2177	0.176001333	0.25695082	0.095051847
2178	0.17651	0.257336785	0.095683215
2179	0.177153333	0.257524675	0.096781992
2180	0.1777355	0.257585628	0.097885372
2181	0.178291833	0.258210297	0.09837337
2182	0.179026833	0.259329406	0.098724261
2183	0.179246167	0.259844024	0.098648309
2184	0.17898	0.259789209	0.098170791
2185	0.179061667	0.259713378	0.098409955
2186	0.179537833	0.259652035	0.099423631
2187	0.179842	0.259948307	0.099735693
2188	0.180146333	0.260465119	0.099827548
2189	0.180383833	0.260682299	0.100085368
2190	0.180348	0.260891279	0.099804721
2191	0.180519333	0.261371639	0.099667027
2192	0.180860333	0.26242698	0.099293687
2193	0.181120333	0.263644782	0.098595885
2194	0.181474667	0.264821342	0.098127992
2195	0.181960333	0.265901993	0.098018674
2196	0.182831667	0.267181175	0.098482158
2197	0.1838635	0.268519976	0.099207024
2198	0.184339667	0.268697699	0.099981634
2199	0.184489833	0.268640179	0.100339488
2200	0.184555	0.268625465	0.100484535
2201	0.184690167	0.268782528	0.100597806
2202	0.184852167	0.269163321	0.100541012
2203	0.185443833	0.269516055	0.101371612
2204	0.186072333	0.270106362	0.102038305
2205	0.1864055	0.270878364	0.101932636
2206	0.186979167	0.271612419	0.102345914
2207	0.1869835	0.271488391	0.102478609
2208	0.186843167	0.271287858	0.102398476
2209	0.187066333	0.271555942	0.102576724
2210	0.1874625	0.271998349	0.102926651
2211	0.188305	0.27322971	0.10338029
2212	0.189291167	0.274657687	0.103924647
2213	0.190258667	0.275671229	0.104846104
2214	0.1910305	0.276357635	0.105703365
2215	0.191278667	0.276474305	0.106083028
2216	0.191442833	0.276477098	0.106408569
2217	0.190984	0.275728922	0.106239078
2218	0.190410667	0.274697238	0.106124095
2219	0.190063167	0.274144757	0.105981576
2220	0.189672667	0.273624048	0.105721285
2221	0.189113	0.273017999	0.105208001
2222	0.188801	0.272893326	0.104708674
2223	0.188896167	0.273122638	0.104669696
2224	0.189224	0.273562569	0.104885431
2225	0.189590167	0.273881512	0.105298822
2226	0.189746667	0.27353965	0.105953683
2227	0.189986333	0.273482654	0.106490013
2228	0.189990833	0.273863111	0.106118556
2229	0.189611	0.273720963	0.105501037
2230	0.188925833	0.273220934	0.104630732
2231	0.188408167	0.273087963	0.10372837
2232	0.188017167	0.272946506	0.103087828
2233	0.187570333	0.272397595	0.102743071
2234	0.186763	0.27047177	0.10305423
2235	0.185697333	0.268096895	0.103297772
2236	0.184623667	0.266072536	0.103174798
2237	0.183832667	0.264543906	0.103121428
2238	0.183375333	0.264041812	0.102708855
2239	0.183016333	0.263899485	0.102133181
2240	0.181814833	0.262710438	0.100919228
2241	0.180064333	0.261052541	0.099076125
2242	0.178601	0.259641352	0.097560648
2243	0.1771465	0.257901195	0.096391805
2244	0.175929333	0.256267281	0.095591386
2245	0.175432167	0.254877472	0.095986862
2246	0.174869833	0.253340848	0.096398819
2247	0.174261667	0.252041745	0.096481588
2248	0.173719167	0.250816768	0.096621565
2249	0.172829167	0.249249472	0.096408862
2250	0.171584833	0.247398273	0.095771394
2251	0.170052333	0.245814251	0.094290416
2252	0.1685655	0.244274226	0.092856774
2253	0.166742667	0.241891765	0.091593568
2254	0.164929	0.239498653	0.090359347
2255	0.163635667	0.237864344	0.08940699
2256	0.162398333	0.236214626	0.088582041
2257	0.161586	0.234744845	0.088427155
2258	0.16104	0.233599688	0.088480312
2259	0.1606445	0.233111308	0.088177692
2260	0.160118333	0.232673272	0.087563394
2261	0.158782667	0.230915122	0.086650212
2262	0.15727	0.228671182	0.085868818
2263	0.155947167	0.227026141	0.084868192
2264	0.155120833	0.226248548	0.083993118
2265	0.154339833	0.225090913	0.083588753
2266	0.1530255	0.222869299	0.083181701
2267	0.151872833	0.220866135	0.082879532
2268	0.1509815	0.21968549	0.08227751
2269	0.150143833	0.21885031	0.081437357
2270	0.149521	0.217864356	0.081177644
2271	0.148898667	0.217017475	0.080779858
2272	0.148506833	0.216871029	0.080142637
2273	0.148287333	0.216732705	0.079841962
2274	0.147849167	0.216375108	0.079323226
2275	0.147175833	0.215728797	0.07862287
2276	0.146454	0.214421295	0.078486705
2277	0.145717667	0.213083314	0.078352019
2278	0.144749833	0.211758189	0.077741477
2279	0.143794667	0.210364403	0.077224931
2280	0.142847833	0.208791776	0.076903891
2281	0.1419105	0.207292852	0.076528148
2282	0.141443	0.206268491	0.076617509
2283	0.141054333	0.205438477	0.07667019
2284	0.140607667	0.204864346	0.076350987
2285	0.1401975	0.20414563	0.07624937
2286	0.139849333	0.203592435	0.076106232
2287	0.139341333	0.202987954	0.075694712
2288	0.138699333	0.201996911	0.075401756
2289	0.138189667	0.200947712	0.075431621
2290	0.1374015	0.199756143	0.075046857
2291	0.136366667	0.198766918	0.073966415
2292	0.135530333	0.197922167	0.0731385
2293	0.134317	0.196466196	0.072167804
2294	0.133145667	0.194881146	0.071410188
2295	0.132807	0.193711388	0.071902612
2296	0.132416667	0.193071674	0.071761659
2297	0.131715167	0.193331811	0.070098522
2298	0.131028	0.193356526	0.068699474
2299	0.130403	0.1922366	0.0685694
2300	0.129889	0.191144172	0.068633828
2301	0.1298235	0.191060609	0.068586391
2302	0.129792833	0.190905202	0.068680465
2303	0.129329667	0.189929546	0.068729787
2304	0.128769667	0.189132607	0.068406726
2305	0.128666	0.189453228	0.067878772
2306	0.128736667	0.18991755	0.067555783
2307	0.128598	0.190197644	0.066998356
2308	0.128279167	0.190253562	0.066304772
2309	0.127992167	0.189138863	0.06684547
2310	0.127952333	0.188014822	0.067889845
2311	0.128795667	0.189277486	0.068313848
2312	0.1301505	0.191452257	0.068848743
2313	0.131125667	0.193190388	0.069060945
2314	0.131769667	0.194624678	0.068914655
2315	0.132734	0.195618776	0.069849224
2316	0.133625167	0.195919559	0.071330774
2317	0.134206667	0.196210405	0.072202928
2318	0.134603333	0.19653325	0.072673417
2319	0.1351825	0.19791245	0.07245255
2320	0.136032167	0.199919229	0.072145104
2321	0.136616	0.20059587	0.07263613
2322	0.136999667	0.200611379	0.073387954
2323	0.1372635	0.200448093	0.074078907
2324	0.136908	0.199985773	0.073830227
2325	0.136754833	0.200021387	0.07348828
2326	0.1366955	0.200418282	0.072972718
2327	0.1367195	0.20121977	0.07221923
2328	0.1365345	0.201858094	0.071210906
2329	0.136143	0.201957426	0.070328574
2330	0.136163833	0.201856301	0.070471365
2331	0.136269167	0.201593117	0.070945216
2332	0.136408333	0.200346096	0.072470571
2333	0.136502333	0.198950833	0.074053833
2334	0.135418667	0.196816086	0.074021248
2335	0.134149	0.194540737	0.073757263
2336	0.133810833	0.193591832	0.074029834
2337	0.133398167	0.19300259	0.073793744
2338	0.132574333	0.192929736	0.07221893
2339	0.131651833	0.19298694	0.070316727
2340	0.130517167	0.192868522	0.068165812
2341	0.129737833	0.19281397	0.066661697
2342	0.129328	0.192173285	0.066482715
2343	0.129076333	0.19122658	0.066926086
2344	0.129086	0.190843686	0.067328314
2345	0.128903333	0.190569897	0.067236769
2346	0.128802667	0.190372712	0.067232621
2347	0.129236833	0.190567019	0.067906648
2348	0.130111667	0.191286908	0.068936426
2349	0.130509	0.191506767	0.069511233
2350	0.130310667	0.191290307	0.069331026
2351	0.130361333	0.191687657	0.069035009
2352	0.130680667	0.192014205	0.069347129
2353	0.131141	0.192695949	0.069586051
2354	0.131709	0.193530997	0.069887003
2355	0.132147667	0.193564779	0.070730554
2356	0.13259	0.193879263	0.071300737
2357	0.133044667	0.193932659	0.072156674
2358	0.133293333	0.19352763	0.073059037
2359	0.132659667	0.193202244	0.072117089
2360	0.132408833	0.193380959	0.071436708
2361	0.132736333	0.193792614	0.071680052
2362	0.132938333	0.19405428	0.071822386
2363	0.133227667	0.193977207	0.072478127
2364	0.133252833	0.193866955	0.072638711
2365	0.132739833	0.194098978	0.071380688
2366	0.132318833	0.194316401	0.070321265
2367	0.132581	0.194678929	0.070483071
2368	0.1331855	0.195071571	0.071299429
2369	0.134317667	0.194879063	0.073756271
2370	0.135420833	0.194807466	0.076034201
2371	0.135860667	0.194825967	0.076895366
2372	0.136044	0.194896378	0.077191622
2373	0.135724333	0.196106572	0.075342095
2374	0.135277667	0.196983475	0.073571858
2375	0.135250833	0.197432655	0.073069012
2376	0.134916	0.197585414	0.072246586
2377	0.134078	0.196600941	0.071555059
2378	0.133453167	0.195927998	0.070978336
2379	0.133139667	0.195856402	0.070422932
2380	0.133340833	0.196480426	0.07020124
2381	0.1331935	0.195207823	0.071179177
2382	0.132702333	0.192975908	0.072428759
2383	0.132456333	0.192718969	0.072193698
2384	0.131667333	0.19287292	0.070461746
2385	0.131848667	0.192705127	0.070992206
2386	0.133402	0.192717226	0.074086774
2387	0.1344545	0.1935324	0.0753766
2388	0.135144667	0.195303236	0.074986097
2389	0.1354655	0.197396614	0.073534386
2390	0.1356385	0.199412915	0.071864085
2391	0.1349135	0.199661867	0.070165133
2392	0.132589667	0.197326878	0.067852455
2393	0.130782833	0.195356008	0.066209659
2394	0.130391	0.194790029	0.065991971
2395	0.130662	0.195236258	0.066087742
2396	0.1314885	0.196015193	0.066961807
2397	0.131479833	0.194822378	0.068137289
2398	0.130964333	0.193241968	0.068686698
2399	0.131377667	0.193563782	0.069191551
2400	0.132213	0.195544258	0.068881742
2401	0.132391667	0.196970503	0.06781283
2402	0.131773	0.195520896	0.068025104
2403	0.131589833	0.194046382	0.069133284
2404	0.131187667	0.193142442	0.069232891
2405	0.130622	0.19211182	0.06913218
2406	0.131243	0.192601654	0.069884346
2407	0.131962667	0.193605668	0.070319665
2408	0.132148667	0.193905205	0.070392128
2409	0.132339833	0.194093351	0.070586316
2410	0.131636167	0.19300404	0.070268294
2411	0.130580333	0.191644618	0.069516048
2412	0.130537167	0.191530995	0.069543338
2413	0.130914167	0.191659929	0.070168405
2414	0.131189833	0.192026111	0.070353556
2415	0.131218167	0.192989032	0.069447302
2416	0.130169	0.191212245	0.069125755
2417	0.128893	0.188288524	0.069497476
2418	0.128450833	0.18724968	0.069651986
2419	0.128653333	0.18718662	0.070120047
2420	0.128216833	0.184638294	0.071795372
2421	0.1270685	0.181220916	0.072916084
2422	0.126705667	0.181087991	0.072323342
2423	0.126686333	0.182414966	0.070957701
2424	0.125894333	0.182791261	0.068997406
2425	0.124495	0.182467714	0.066522286
2426	0.123187333	0.17988208	0.066492586
2427	0.122240167	0.177186939	0.067293394
2428	0.123373333	0.180048455	0.066698212
2429	0.126242833	0.184876052	0.067609615
2430	0.128424167	0.1878147	0.069033634
2431	0.1296235	0.190497173	0.068749827
2432	0.128538833	0.190995403	0.066082263
2433	0.1249925	0.187792077	0.062192923
2434	0.1211105	0.18270927	0.05951173
2435	0.117102333	0.178415606	0.055789061
2436	0.114981833	0.174850521	0.055113146
2437	0.115680667	0.173073378	0.058287955
2438	0.1167025	0.172255031	0.061149969
2439	0.117611167	0.172127417	0.063094916
2440	0.117976	0.172902858	0.063049142
2441	0.118830167	0.175850224	0.061810109
2442	0.119252833	0.179112383	0.059393284
2443	0.11811	0.179976047	0.056243953
2444	0.115658167	0.177835536	0.053480797
2445	0.1124885	0.174090435	0.050886565
2446	0.112017167	0.174285224	0.04974911
2447	0.111060833	0.174010717	0.04811095
2448	0.108613667	0.169942611	0.047284722
2449	0.108681667	0.165968832	0.051394501
2450	0.108150833	0.161266904	0.055034763
2451	0.106043333	0.154015788	0.058070879
2452	0.106254667	0.152354696	0.060154637
2453	0.108524	0.154790461	0.062257539
2454	0.107695833	0.153855717	0.061535949
2455	0.105605167	0.155378158	0.055832176
2456	0.105673167	0.157630869	0.053715465
2457	0.107287	0.158338383	0.056235617
2458	0.108547333	0.158823362	0.058271305
2459	0.106922	0.155124194	0.058719806
2460	0.1043345	0.151986115	0.056682885
2461	0.103294667	0.152963254	0.053626079
2462	0.104176167	0.155357392	0.052994941
2463	0.105634167	0.158625567	0.052642767
2464	0.105441	0.159221251	0.051660749
2465	0.105325667	0.156553672	0.054097661
2466	0.105704333	0.153948572	0.057460095
2467	0.105466167	0.151752709	0.059179624
2468	0.105639833	0.152371432	0.058908235
2469	0.101679167	0.152396652	0.050961681
2470	0.097409833	0.150590018	0.044229648
2471	0.098996167	0.14750567	0.050486663
2472	0.098891	0.144100886	0.053681114
2473	0.099637167	0.146985083	0.052289251
2474	0.101543333	0.152518678	0.050567989
2475	0.099704167	0.154946568	0.044461765
2476	0.099836	0.158309991	0.041362009
2477	0.1029535	0.154924733	0.050982267
2478	0.102447833	0.147236518	0.057659149
2479	0.094451833	0.137215241	0.051688425
2480	0.087289833	0.128204417	0.046375249
2481	0.083636833	0.129541499	0.037732168
2482	0.082540333	0.136769569	0.028311098
2483	0.086086333	0.144134763	0.028037904
2484	0.086439333	0.152861723	0.020016944
2485	0.091345167	0.175938303	0.00675203
2486	0.105195333	0.209207552	0.001183115
2487	0.116984833	0.215415251	0.018554416
2488	0.126138167	0.225924846	0.026351487
2489	0.124156333	0.204370175	0.043942492
2490	0.1153125	0.175631584	0.054993416
2491	0.104456333	0.154755882	0.054156785
2492	0.095466167	0.14655063	0.044381703
2493	0.090669167	0.156600556	0.024737778
2494	0.0885095	0.168782159	0.008236841
2495	0.085450333	0.144365314	0.026535352
2496	0.075262667	0.130105465	0.020419868
2497	0.056115167	0.091555944	0.020674389
2498	0.045513667	0.070025366	0.021001967
2499	0.058372333	0.089834051	0.026910616
2500	0.074334333	0.116616003	0.032052663
