Wavelength	Mean	Std+	Std-
350	0.114442975	0.120317723	0.108568227
351	0.1147328	0.120572707	0.108892893
352	0.114785175	0.120610137	0.108960213
353	0.114974475	0.120861175	0.109087775
354	0.115129475	0.121042298	0.109216652
355	0.115254225	0.121149848	0.109358602
356	0.11559775	0.121513015	0.109682485
357	0.115791275	0.121741135	0.109841415
358	0.115963975	0.121937614	0.109990336
359	0.116391625	0.122312432	0.110470818
360	0.1166487	0.122555754	0.110741646
361	0.116877475	0.12281969	0.11093526
362	0.117153225	0.123208606	0.111097844
363	0.1172721	0.123311269	0.111232931
364	0.11752205	0.123523538	0.111520562
365	0.11793025	0.123890791	0.111969709
366	0.118359275	0.12431328	0.11240527
367	0.118656575	0.124692601	0.112620549
368	0.1189182	0.125077057	0.112759343
369	0.11937865	0.125564447	0.113192853
370	0.119890575	0.126039928	0.113741222
371	0.12041515	0.126551178	0.114279122
372	0.12092445	0.127137531	0.114711369
373	0.1214771	0.127698091	0.115256109
374	0.122036775	0.128254495	0.115819055
375	0.122602725	0.128816292	0.116389158
376	0.123368025	0.129726734	0.117009316
377	0.124034775	0.130441438	0.117628112
378	0.124668325	0.13106244	0.11827421
379	0.1254496	0.131872505	0.119026695
380	0.12619345	0.132702665	0.119684235
381	0.126876675	0.133460173	0.120293177
382	0.127452425	0.134032514	0.120872336
383	0.128075875	0.134777127	0.121374623
384	0.128825925	0.135604382	0.122047468
385	0.129725275	0.13650312	0.12294743
386	0.13053375	0.137416966	0.123650534
387	0.13136715	0.138329302	0.124404998
388	0.132194225	0.139214239	0.125174211
389	0.132913475	0.139984688	0.125842262
390	0.1335034	0.140653157	0.126353643
391	0.134046475	0.14128419	0.12680876
392	0.1346193	0.141943328	0.127295272
393	0.135396825	0.142758897	0.128034753
394	0.13624555	0.143646473	0.128844627
395	0.13711715	0.144566057	0.129668243
396	0.138031825	0.145516231	0.130547419
397	0.138774075	0.14631883	0.13122932
398	0.139381425	0.147002399	0.131760451
399	0.139913075	0.147617066	0.132209084
400	0.140475625	0.14821223	0.13273902
401	0.141041475	0.148803747	0.133279203
402	0.1416378	0.149460104	0.133815496
403	0.14216675	0.149996998	0.134336502
404	0.1426871	0.150541985	0.134832215
405	0.143227375	0.151142533	0.135312217
406	0.1438417	0.151799825	0.135883575
407	0.144461125	0.152459486	0.136462764
408	0.1450766	0.153115997	0.137037203
409	0.145653725	0.153753162	0.137554288
410	0.146231725	0.154375705	0.138087745
411	0.146815625	0.155000476	0.138630774
412	0.147435175	0.155671489	0.139198861
413	0.14802175	0.15628514	0.13975836
414	0.148594775	0.156894099	0.140295451
415	0.149169075	0.157527016	0.140811134
416	0.1497894	0.158178466	0.141400334
417	0.150399325	0.158823174	0.141975476
418	0.151002075	0.159468225	0.142535925
419	0.15164665	0.160188964	0.143104336
420	0.152315225	0.16091747	0.14371298
421	0.153000475	0.161651152	0.144349798
422	0.1537093	0.162399106	0.145019494
423	0.1544129	0.163167173	0.145658627
424	0.155134575	0.163951728	0.146317422
425	0.155896325	0.164764019	0.147028631
426	0.15657645	0.165508371	0.147644529
427	0.157315725	0.166315902	0.148315548
428	0.15812535	0.167197802	0.149052898
429	0.158988475	0.168140106	0.149836844
430	0.159858725	0.16909485	0.1506226
431	0.1607409	0.170057577	0.151424223
432	0.161675575	0.171050304	0.152300846
433	0.162576175	0.172042013	0.153110337
434	0.16344015	0.172994035	0.153886265
435	0.164268975	0.173891132	0.154646818
436	0.165104125	0.174809095	0.155399155
437	0.16593185	0.175711245	0.156152455
438	0.166755525	0.176600383	0.156910667
439	0.167557425	0.177472712	0.157642138
440	0.168385075	0.178373784	0.158396366
441	0.16922005	0.179282594	0.159157506
442	0.170039875	0.180172432	0.159907318
443	0.17078725	0.180993509	0.160580991
444	0.1715042	0.181778773	0.161229627
445	0.17220865	0.182538426	0.161878874
446	0.17289175	0.183283902	0.162499598
447	0.1735629	0.184001252	0.163124548
448	0.17422595	0.184692236	0.163759664
449	0.17486625	0.185375099	0.164357401
450	0.175463175	0.186027057	0.164899293
451	0.17602235	0.186644951	0.165399749
452	0.1765303	0.187190047	0.165870553
453	0.17705265	0.187743756	0.166361544
454	0.1775625	0.188280002	0.166844998
455	0.17803365	0.18877119	0.16729611
456	0.178480325	0.189237609	0.167723041
457	0.178924675	0.189704622	0.168144728
458	0.179365025	0.190170403	0.168559647
459	0.179753875	0.190572855	0.168934895
460	0.180108575	0.190941442	0.169275708
461	0.180435475	0.191281496	0.169589454
462	0.1807337	0.191587506	0.169879894
463	0.181068875	0.191940212	0.170197538
464	0.181404925	0.192294254	0.170515596
465	0.18170915	0.192607787	0.170810513
466	0.181991825	0.192911739	0.171071911
467	0.1822883	0.193215021	0.171361579
468	0.182607875	0.193519366	0.171696384
469	0.182882575	0.193819396	0.171945754
470	0.1831863	0.194138772	0.172233828
471	0.183509675	0.194469853	0.172549497
472	0.1838289	0.194794417	0.172863383
473	0.18414075	0.195127989	0.173153511
474	0.1844599	0.195469349	0.173450451
475	0.184806475	0.195823333	0.173789617
476	0.185158175	0.196183911	0.174132439
477	0.1855235	0.196568802	0.174478198
478	0.185907575	0.196986495	0.174828655
479	0.18634625	0.197451629	0.175240871
480	0.1867884	0.197922185	0.175654615
481	0.1872307	0.198395716	0.176065684
482	0.18766345	0.198865993	0.176460907
483	0.18812425	0.199351893	0.176896607
484	0.1886157	0.199866166	0.177365234
485	0.189145625	0.200428388	0.177862862
486	0.1896802	0.201006839	0.178353561
487	0.1902393	0.201616736	0.178861864
488	0.19083165	0.202266262	0.179397038
489	0.1914389	0.20291571	0.17996209
490	0.192021075	0.203541782	0.180500368
491	0.1925813	0.20414813	0.18101447
492	0.193200125	0.204823007	0.181577243
493	0.193835975	0.20550031	0.18217164
494	0.194485125	0.206188267	0.182781983
495	0.195152025	0.206906529	0.183397521
496	0.195815675	0.207618804	0.184012546
497	0.196475625	0.208331937	0.184619313
498	0.197136275	0.209054451	0.185218099
499	0.197812125	0.209794161	0.185830089
500	0.198484375	0.210521467	0.186447283
501	0.199157025	0.21124122	0.18707283
502	0.199879625	0.212017194	0.187742056
503	0.200613175	0.212801911	0.188424439
504	0.20134045	0.21358354	0.18909736
505	0.202042825	0.214355818	0.189729832
506	0.2027492	0.215122302	0.190376098
507	0.2034613	0.215892896	0.191029704
508	0.2041878	0.216679386	0.191696214
509	0.204928	0.217467532	0.192388468
510	0.205661425	0.218257061	0.193065789
511	0.20639085	0.21905059	0.19373111
512	0.207139375	0.219849996	0.194428754
513	0.207871325	0.220636815	0.195105835
514	0.208598475	0.221420366	0.195776584
515	0.209325625	0.222200023	0.196451227
516	0.210083675	0.223019524	0.197147826
517	0.210858325	0.223853791	0.197862859
518	0.211640825	0.224686895	0.198594755
519	0.2124155	0.22553037	0.19930063
520	0.213180675	0.226361144	0.200000206
521	0.2139306	0.227170627	0.200690573
522	0.214695875	0.227998343	0.201393407
523	0.215445125	0.228809454	0.202080796
524	0.21619635	0.229618878	0.202773822
525	0.21698005	0.230446411	0.203513689
526	0.21774215	0.231261999	0.204222301
527	0.218498375	0.232075191	0.204921559
528	0.219264825	0.232899948	0.205629702
529	0.2200105	0.233690126	0.206330874
530	0.22075775	0.23448755	0.20702795
531	0.2215079	0.235295402	0.207720398
532	0.222238175	0.236072347	0.208404003
533	0.22298285	0.236865257	0.209100443
534	0.223735175	0.237666983	0.209803367
535	0.22446955	0.238450178	0.210488922
536	0.2252007	0.239226213	0.211175187
537	0.22592445	0.239996007	0.211852893
538	0.2266394	0.240763271	0.212515529
539	0.227353375	0.241507813	0.213198937
540	0.2280667	0.24225717	0.21387623
541	0.2287752	0.243011713	0.214538687
542	0.229500725	0.243779439	0.215222011
543	0.2302102	0.244528077	0.215892323
544	0.23090455	0.245259205	0.216549895
545	0.231598375	0.245988479	0.217208271
546	0.23229735	0.246724835	0.217869865
547	0.23299735	0.247460345	0.218534355
548	0.23369685	0.248188353	0.219205347
549	0.23438025	0.248905492	0.219855008
550	0.235055975	0.24961382	0.22049813
551	0.23572445	0.250312386	0.221136514
552	0.236404175	0.251010621	0.221797729
553	0.237074175	0.251707218	0.222441132
554	0.237735275	0.252399543	0.223071007
555	0.238379175	0.25306411	0.22369424
556	0.23901825	0.253721118	0.224315382
557	0.239656275	0.254379761	0.224932789
558	0.240290775	0.255044791	0.225536759
559	0.240916	0.255678324	0.226153676
560	0.2415486	0.256321851	0.226775349
561	0.2421919	0.256985799	0.227398001
562	0.242781175	0.257582072	0.227980278
563	0.243374025	0.258183896	0.228564154
564	0.24397035	0.258791855	0.229148845
565	0.24455185	0.259386969	0.229716731
566	0.245137775	0.259980801	0.230294749
567	0.245713275	0.260561627	0.230864923
568	0.24624725	0.261100683	0.231393817
569	0.246794725	0.26166213	0.23192732
570	0.24734735	0.262224023	0.232470677
571	0.24790145	0.262776759	0.233026141
572	0.24845795	0.263338756	0.233577144
573	0.24898525	0.263877828	0.234092672
574	0.2494909	0.264398599	0.234583201
575	0.25002825	0.264930739	0.235125761
576	0.2505537	0.265456722	0.235650678
577	0.251072225	0.265975814	0.236168636
578	0.251577725	0.266471629	0.236683821
579	0.252071225	0.266963797	0.237178653
580	0.252565025	0.267461807	0.237668243
581	0.253061825	0.267968616	0.238155034
582	0.253553775	0.268460038	0.238647512
583	0.25402225	0.268927979	0.239116521
584	0.2544689	0.269374383	0.239563417
585	0.254894025	0.269797015	0.239991035
586	0.255294925	0.270196913	0.240392937
587	0.255675875	0.270574843	0.240776907
588	0.25601835	0.27090383	0.24113287
589	0.2564135	0.271288695	0.241538305
590	0.25681895	0.271687285	0.241950615
591	0.25721035	0.272076331	0.242344369
592	0.257588675	0.272465868	0.242711482
593	0.257977225	0.272855949	0.243098501
594	0.258379275	0.273249766	0.243508784
595	0.258765725	0.273644328	0.243887122
596	0.259162025	0.274043808	0.244280242
597	0.25956005	0.27444152	0.24467858
598	0.259937775	0.274818108	0.245057442
599	0.2603165	0.275197274	0.245435726
600	0.260678125	0.275562395	0.245793855
601	0.261001625	0.275894652	0.246108598
602	0.26133585	0.276226941	0.246444759
603	0.261658275	0.276545028	0.246771522
604	0.261966525	0.276847776	0.247085274
605	0.262278375	0.277153232	0.247403518
606	0.262580275	0.277445988	0.247714562
607	0.262869975	0.277727174	0.248012776
608	0.2631204	0.277978873	0.248261927
609	0.263403325	0.278263098	0.248543552
610	0.26369615	0.278554396	0.248837904
611	0.263980875	0.278830302	0.249131448
612	0.26424375	0.279088183	0.249399317
613	0.264503975	0.279338922	0.249669028
614	0.26476555	0.279585012	0.249946088
615	0.265050125	0.27986662	0.25023363
616	0.2653403	0.280158946	0.250521654
617	0.26564265	0.28046767	0.25081763
618	0.265987625	0.280822148	0.251153102
619	0.26626435	0.281105517	0.251423183
620	0.266522775	0.281363291	0.251682259
621	0.266793475	0.28161897	0.25196798
622	0.267089625	0.281929666	0.252249584
623	0.267382075	0.282226069	0.252538081
624	0.26766245	0.282491103	0.252833797
625	0.267953825	0.28281401	0.25309364
626	0.2682604	0.283131119	0.253389681
627	0.268578925	0.283444167	0.253713683
628	0.268911475	0.283768355	0.254054595
629	0.2692629	0.284110899	0.254414901
630	0.269598075	0.28444188	0.25475427
631	0.26987865	0.284729141	0.255028159
632	0.270231	0.285073777	0.255388223
633	0.270572525	0.285406735	0.255738315
634	0.270886	0.285713414	0.256058586
635	0.271209175	0.286035108	0.256383242
636	0.27154065	0.286369879	0.256711421
637	0.271872875	0.28670847	0.25703728
638	0.272169975	0.28700691	0.25733304
639	0.272495575	0.287337325	0.257653825
640	0.272824075	0.287669608	0.257978542
641	0.273129625	0.28797285	0.2582864
642	0.27343625	0.288283109	0.258589391
643	0.2737405	0.288590766	0.258890234
644	0.27404395	0.288895851	0.259192049
645	0.274323225	0.289181618	0.259464832
646	0.274609325	0.289470335	0.259748315
647	0.274900475	0.28976184	0.26003911
648	0.275183175	0.290050275	0.260316075
649	0.275486425	0.290355005	0.260617845
650	0.27579345	0.290660259	0.260926641
651	0.27608715	0.290948271	0.261226029
652	0.27639485	0.29125366	0.26153604
653	0.2766888	0.291545745	0.261831855
654	0.276961725	0.291816412	0.262107038
655	0.277248725	0.292094678	0.262402772
656	0.27755275	0.292401033	0.262704467
657	0.277861525	0.292719695	0.263003355
658	0.27818225	0.29303249	0.26333201
659	0.2785187	0.293375775	0.263661625
660	0.27886045	0.293730335	0.263990565
661	0.2791962	0.294076236	0.264316164
662	0.279504425	0.294393433	0.264615417
663	0.279813475	0.294708648	0.264918302
664	0.280134225	0.295031314	0.265237136
665	0.280484975	0.295381515	0.265588435
666	0.2808128	0.29571214	0.26591346
667	0.281119075	0.296024879	0.266213271
668	0.2814444	0.296359163	0.266529637
669	0.28176135	0.296672008	0.266850692
670	0.282074575	0.296978515	0.267170635
671	0.28238765	0.297300561	0.267474739
672	0.28270625	0.29762108	0.26779142
673	0.283017525	0.297935549	0.268099501
674	0.283313825	0.298241385	0.268386265
675	0.28360985	0.298547043	0.268672657
676	0.283919475	0.298863479	0.268975471
677	0.284242	0.299189222	0.269294778
678	0.2845489	0.299490484	0.269607316
679	0.2848556	0.299797099	0.269914101
680	0.2851595	0.300105742	0.270213258
681	0.2854521	0.30040952	0.27049468
682	0.285742125	0.300711184	0.270773066
683	0.286031225	0.301013245	0.271049205
684	0.2863231	0.301320404	0.271325796
685	0.286531575	0.301543299	0.271519851
686	0.2867532	0.301775875	0.271730525
687	0.286998225	0.302027436	0.271969014
688	0.287317825	0.30235406	0.27228159
689	0.2876778	0.302723875	0.272631725
690	0.2880481	0.303103501	0.272992699
691	0.288373575	0.303430028	0.273317122
692	0.28875655	0.303811653	0.273701447
693	0.28914645	0.304204305	0.274088595
694	0.289508225	0.304579231	0.274437219
695	0.289903975	0.305013281	0.274794669
696	0.29027995	0.305421683	0.275138217
697	0.290632775	0.305796198	0.275469352
698	0.290961675	0.30613541	0.27578794
699	0.291300475	0.306498803	0.276102147
700	0.291648025	0.306879738	0.276416312
701	0.2920052	0.307264481	0.276745919
702	0.292385275	0.307657907	0.277112643
703	0.292769	0.308059838	0.277478162
704	0.2931487	0.308480739	0.277816661
705	0.293510925	0.308869499	0.278152351
706	0.29388215	0.309270661	0.278493639
707	0.2942683	0.30969365	0.27884295
708	0.29466415	0.310103775	0.279224525
709	0.295039525	0.310495996	0.279583054
710	0.295402925	0.310880973	0.279924877
711	0.2957836	0.311299684	0.280267516
712	0.296118325	0.311665655	0.280570995
713	0.2964354	0.312007448	0.280863352
714	0.296755875	0.312343102	0.281168648
715	0.29698815	0.31256824	0.28140806
716	0.2971888	0.312763582	0.281614018
717	0.297361925	0.312939412	0.281784438
718	0.297691375	0.313290609	0.282092141
719	0.2981119	0.313751858	0.282471942
720	0.298573725	0.314264257	0.282883193
721	0.299034975	0.314760521	0.283309429
722	0.299370625	0.315111037	0.283630213
723	0.299678825	0.31542899	0.28392866
724	0.300019475	0.315786434	0.284252516
725	0.300372975	0.316177653	0.284568297
726	0.300730825	0.316573833	0.284887817
727	0.30109645	0.316972775	0.285220125
728	0.301475225	0.317381222	0.285569228
729	0.301851925	0.317783561	0.285920289
730	0.30222915	0.318185395	0.286272905
731	0.3026646	0.318667732	0.286661468
732	0.30313355	0.319184093	0.287083007
733	0.30358105	0.319675993	0.287486107
734	0.3039351	0.32006542	0.28780478
735	0.304275	0.320432065	0.288117935
736	0.304614875	0.320795979	0.288433771
737	0.30495965	0.321163397	0.288755903
738	0.305338375	0.321572473	0.289104277
739	0.30569835	0.321960226	0.289436474
740	0.3060374	0.32232478	0.28975002
741	0.306364925	0.322684198	0.290045652
742	0.306687575	0.323038993	0.290336157
743	0.30700725	0.323384509	0.290629991
744	0.30732915	0.323710592	0.290947708
745	0.3076521	0.324049806	0.291254394
746	0.3079674	0.324386611	0.291548189
747	0.308270875	0.324716148	0.291825602
748	0.308550975	0.325019756	0.292082194
749	0.308835925	0.325323901	0.292347949
750	0.3091195	0.325623189	0.292615811
751	0.309329425	0.325856215	0.292802635
752	0.309596225	0.326131403	0.293061047
753	0.30988315	0.326423733	0.293342567
754	0.310127275	0.326693383	0.293561167
755	0.310430725	0.327017246	0.293844204
756	0.310720675	0.327327439	0.294113911
757	0.310967525	0.32759844	0.29433661
758	0.31074355	0.327418561	0.294068539
759	0.310357525	0.327060279	0.293654771
760	0.3099221	0.326608278	0.293235922
761	0.31009965	0.326801428	0.293397872
762	0.310405625	0.327125049	0.293686201
763	0.310826475	0.327563005	0.294089945
764	0.311367625	0.328112734	0.294622516
765	0.311966575	0.328740519	0.295192631
766	0.31249745	0.329294817	0.295700083
767	0.31294485	0.329748987	0.296140713
768	0.31332445	0.33014421	0.29650469
769	0.3136619	0.33048813	0.29683567
770	0.3139614	0.330784308	0.297138492
771	0.314193325	0.331035048	0.297351602
772	0.31444195	0.331298595	0.297585305
773	0.314685675	0.331554118	0.297817232
774	0.31485365	0.33173142	0.29797588
775	0.315053975	0.331947482	0.298160468
776	0.3152621	0.332177832	0.298346368
777	0.31546515	0.332412751	0.298517549
778	0.315664675	0.332630492	0.298698858
779	0.315879875	0.332856706	0.298903044
780	0.316113725	0.33309535	0.2991321
781	0.3163094	0.333310455	0.299308345
782	0.31649885	0.333519192	0.299478508
783	0.316681175	0.333721994	0.299640356
784	0.316844525	0.333911113	0.299777937
785	0.3170153	0.334099187	0.299931413
786	0.31718405	0.334279035	0.300089065
787	0.317338925	0.334438431	0.300239419
788	0.31751785	0.334628321	0.300407379
789	0.31771135	0.334825599	0.300597101
790	0.317918725	0.335025977	0.300811473
791	0.318104325	0.335254812	0.300953838
792	0.318307425	0.335480025	0.301134825
793	0.318510475	0.335691626	0.301329324
794	0.318635175	0.335842168	0.301428182
795	0.3187914	0.336033037	0.301549763
796	0.318963675	0.33623445	0.3016929
797	0.319142875	0.33641813	0.30186762
798	0.319313125	0.336592789	0.302033461
799	0.31947735	0.336769431	0.302185269
800	0.319632825	0.336948559	0.302317091
801	0.319778825	0.337105613	0.302452037
802	0.319944925	0.33728945	0.3026004
803	0.3201338	0.33750239	0.30276521
804	0.320367875	0.337762655	0.302973095
805	0.320561975	0.33796529	0.30315866
806	0.32072605	0.33813576	0.30331634
807	0.320856325	0.338289206	0.303423444
808	0.320961375	0.33840238	0.30352037
809	0.32104655	0.338500307	0.303592793
810	0.3211084	0.338586826	0.303629974
811	0.321239625	0.338712346	0.303766904
812	0.32133095	0.338801961	0.303859939
813	0.321381725	0.338853722	0.303909728
814	0.32140435	0.338859715	0.303948985
815	0.32148675	0.338958177	0.304015323
816	0.3216198	0.33911907	0.30412053
817	0.3218158	0.339330223	0.304301377
818	0.3220074	0.339555574	0.304459226
819	0.322222525	0.33980325	0.3046418
820	0.32248145	0.340086575	0.304876325
821	0.32251965	0.340126257	0.304913043
822	0.322607625	0.34022716	0.30498809
823	0.322756775	0.340402718	0.305110832
824	0.32298245	0.340683952	0.305280948
825	0.323159125	0.340877115	0.305441135
826	0.32330545	0.341026432	0.305584468
827	0.3234115	0.34115425	0.30566875
828	0.323527075	0.341269497	0.305784653
829	0.323681425	0.341439771	0.305923079
830	0.32390045	0.341713943	0.306086957
831	0.324053875	0.34191134	0.30619641
832	0.324206675	0.342085703	0.306327647
833	0.32436785	0.342248491	0.306487209
834	0.3245999	0.342509535	0.306690265
835	0.32477155	0.342713287	0.306829813
836	0.32491475	0.342886389	0.306943111
837	0.325074475	0.343059253	0.307089697
838	0.32523305	0.343246421	0.307219679
839	0.325389025	0.343427966	0.307350084
840	0.3255412	0.343591729	0.307490671
841	0.32571115	0.343754162	0.307668138
842	0.32583105	0.34389327	0.30776883
843	0.32590095	0.344010725	0.307791175
844	0.3260689	0.34418527	0.30795253
845	0.326229725	0.344363769	0.308095681
846	0.3263813	0.344537295	0.308225305
847	0.326510975	0.344678228	0.308343722
848	0.326665275	0.344852531	0.308478019
849	0.326821	0.34503041	0.30861159
850	0.326956175	0.34518531	0.30872704
851	0.3270614	0.345310912	0.308811888
852	0.327176025	0.345442323	0.308909727
853	0.3273077	0.345587129	0.309028271
854	0.327412975	0.345705605	0.309120345
855	0.3275535	0.345861306	0.309245694
856	0.32770255	0.346028328	0.309376772
857	0.327814575	0.346168086	0.309461064
858	0.327958575	0.346339407	0.309577743
859	0.32809835	0.346505063	0.309691637
860	0.328199875	0.346629123	0.309770627
861	0.328293625	0.346735572	0.309851678
862	0.3284352	0.34688658	0.30998382
863	0.328639	0.34709815	0.31017985
864	0.328786925	0.347272716	0.310301134
865	0.328917025	0.347432267	0.310401783
866	0.32903635	0.347581246	0.310491454
867	0.329168075	0.34773367	0.31060248
868	0.329280225	0.347846406	0.310714044
869	0.3294143	0.347986881	0.310841719
870	0.329623525	0.348235272	0.311011778
871	0.329753075	0.348395488	0.311110662
872	0.329877875	0.348541181	0.311214569
873	0.3300141	0.348686842	0.311341358
874	0.330150825	0.348869729	0.311431921
875	0.33027245	0.349004251	0.311540649
876	0.33040035	0.349123197	0.311677503
877	0.3306407	0.349379709	0.311901691
878	0.330756725	0.349505954	0.312007496
879	0.33086025	0.349621977	0.312098523
880	0.33106485	0.34985099	0.31227871
881	0.33122195	0.350063281	0.312380619
882	0.33136555	0.350246083	0.312485017
883	0.33150075	0.350388336	0.312613164
884	0.331616875	0.350511082	0.312722668
885	0.331794125	0.350698233	0.312890017
886	0.332002875	0.350919812	0.313085938
887	0.332057725	0.350989113	0.313126337
888	0.3322097	0.351172927	0.313246473
889	0.332388925	0.351390734	0.313387116
890	0.332517875	0.351553852	0.313481898
891	0.33266085	0.351692778	0.313628922
892	0.332791375	0.351813023	0.313769727
893	0.332897175	0.351911738	0.313882612
894	0.332890725	0.351897678	0.313883772
895	0.3329389	0.351955063	0.313922737
896	0.333055275	0.352096715	0.314013835
897	0.3332674	0.352332742	0.314202058
898	0.33344385	0.352525013	0.314362687
899	0.33360705	0.352699569	0.314514531
900	0.333784525	0.352885674	0.314683376
901	0.333949525	0.353077537	0.314821513
902	0.3341484	0.353306832	0.314989968
903	0.334406775	0.353594627	0.315218923
904	0.334620025	0.353819632	0.315420418
905	0.33482405	0.354062154	0.315585946
906	0.335023125	0.354320656	0.315725594
907	0.335188	0.35447963	0.31589637
908	0.3352994	0.354605505	0.315993295
909	0.335385275	0.354707578	0.316062972
910	0.335486525	0.354787899	0.316185151
911	0.3356985	0.355033432	0.316363568
912	0.335933025	0.355299906	0.316566144
913	0.3361528	0.355521877	0.316783723
914	0.3364265	0.355816367	0.317036633
915	0.336571225	0.355968751	0.317173699
916	0.3366031	0.355998442	0.317207758
917	0.336973	0.356435925	0.317510075
918	0.33723615	0.356739967	0.317732333
919	0.337442975	0.356970005	0.317915945
920	0.337666325	0.357207815	0.318124835
921	0.33787225	0.357424747	0.318319753
922	0.3380483	0.357620504	0.318476096
923	0.338175975	0.357787041	0.318564909
924	0.33842075	0.358039956	0.318801544
925	0.338597725	0.35821752	0.31897793
926	0.33868445	0.358299632	0.319069268
927	0.33878755	0.358399294	0.319175806
928	0.338863	0.358458954	0.319267046
929	0.33891035	0.358491955	0.319328745
930	0.338904825	0.358519179	0.319290471
931	0.338901725	0.358537254	0.319266196
932	0.338911775	0.358553559	0.319269991
933	0.338953725	0.35857482	0.31933263
934	0.33895915	0.358612792	0.319305508
935	0.339089125	0.358768524	0.319409726
936	0.33937095	0.359053757	0.319688143
937	0.3393296	0.359052178	0.319607022
938	0.33955415	0.359274346	0.319833954
939	0.339864225	0.359565765	0.320162685
940	0.33981755	0.359547858	0.320087242
941	0.34011975	0.35988591	0.32035359
942	0.34045555	0.360260048	0.320651052
943	0.340606925	0.360446589	0.320767261
944	0.340633975	0.360447707	0.320820243
945	0.34064855	0.360471149	0.320825951
946	0.340670225	0.360556303	0.320784147
947	0.340812325	0.360654654	0.320969996
948	0.340909575	0.360756584	0.321062566
949	0.34102225	0.360901102	0.321143398
950	0.3414131	0.361279011	0.321547189
951	0.341604075	0.361494051	0.321714099
952	0.34170465	0.361613687	0.321795613
953	0.341772975	0.361651189	0.321894761
954	0.3417153	0.361654308	0.321776292
955	0.341863	0.361840299	0.321885701
956	0.342312725	0.362276312	0.322349138
957	0.34233225	0.362313626	0.322350874
958	0.34241645	0.362411643	0.322421257
959	0.342551675	0.362554884	0.322548466
960	0.342705875	0.362694429	0.322717321
961	0.342896975	0.36292904	0.32286491
962	0.3431481	0.36326136	0.32303484
963	0.3435189	0.363747484	0.323290316
964	0.3436369	0.363787081	0.323486719
965	0.343841875	0.363941118	0.323742632
966	0.3442329	0.364367215	0.324098585
967	0.34434845	0.364590141	0.324106759
968	0.344537125	0.364810983	0.324263267
969	0.344804	0.365052892	0.324555108
970	0.3451832	0.365447816	0.324918584
971	0.34548945	0.365783137	0.325195763
972	0.3456537	0.365996409	0.325310991
973	0.345485325	0.365917646	0.325053004
974	0.345634775	0.366013334	0.325256216
975	0.34585865	0.36621308	0.32550422
976	0.3460887	0.366516236	0.325661164
977	0.34632365	0.366773832	0.325873468
978	0.3465421	0.366982519	0.326101681
979	0.346734675	0.367151025	0.326318325
980	0.346839875	0.367352417	0.326327333
981	0.34691025	0.367459165	0.326361335
982	0.3470292	0.367591659	0.326466741
983	0.347358525	0.367957783	0.326759267
984	0.347464825	0.368078264	0.326851386
985	0.34763585	0.368275952	0.326995748
986	0.34800135	0.368697717	0.327304983
987	0.348291575	0.368967355	0.327615795
988	0.348451975	0.369074439	0.327829511
989	0.348509225	0.369067012	0.327951438
990	0.3487937	0.369460556	0.328126844
991	0.3488894	0.369579673	0.328199127
992	0.34891415	0.369598039	0.328230261
993	0.349059625	0.369802921	0.328316329
994	0.34932595	0.370083255	0.328568645
995	0.3495738	0.37034653	0.32880107
996	0.349724425	0.370536487	0.328912363
997	0.349994525	0.370749645	0.329239405
998	0.35007655	0.370828712	0.329324388
999	0.3499717	0.37078805	0.32915535
1000	0.3502069	0.371124715	0.329289085
1001	0.35245715	0.373590908	0.331323392
1002	0.35246805	0.373606822	0.331329278
1003	0.35252665	0.373711935	0.331341365
1004	0.352710225	0.373976647	0.331443803
1005	0.35299675	0.374313968	0.331679532
1006	0.35323775	0.374564767	0.331910733
1007	0.3534063	0.374688737	0.332123863
1008	0.353528075	0.374773157	0.332282993
1009	0.353633625	0.374898495	0.332368755
1010	0.3537882	0.375096715	0.332479685
1011	0.3540105	0.375351806	0.332669194
1012	0.354219675	0.375591432	0.332847918
1013	0.354383975	0.375778536	0.332989414
1014	0.354560975	0.375962029	0.333159921
1015	0.354740825	0.376149243	0.333332407
1016	0.35489335	0.37630308	0.33348362
1017	0.355085225	0.376519735	0.333650715
1018	0.35532165	0.376821128	0.333822172
1019	0.35549975	0.377040571	0.333958929
1020	0.355598475	0.37714169	0.33405526
1021	0.355748125	0.377279332	0.334216918
1022	0.3559138	0.37744379	0.33438381
1023	0.3560246	0.377577087	0.334472113
1024	0.35613525	0.377710164	0.334560336
1025	0.356287975	0.377866558	0.334709392
1026	0.3564167	0.378003817	0.334829583
1027	0.35648355	0.378110192	0.334856908
1028	0.3565661	0.378241112	0.334891088
1029	0.3567534	0.378446403	0.335060397
1030	0.356994375	0.378673487	0.335315263
1031	0.357134775	0.378820873	0.335448677
1032	0.357169375	0.378883006	0.335455744
1033	0.357262825	0.378981912	0.335543738
1034	0.357406575	0.379120246	0.335692904
1035	0.357563175	0.379282179	0.335844171
1036	0.35775695	0.37951361	0.33600029
1037	0.357910825	0.37971873	0.33610292
1038	0.3579717	0.379814735	0.336128665
1039	0.3580145	0.379882815	0.336146185
1040	0.3581085	0.379995856	0.336221144
1041	0.35823655	0.38013401	0.33633909
1042	0.358337825	0.38024777	0.33642788
1043	0.358395575	0.380326878	0.336464272
1044	0.358527725	0.380463668	0.336591782
1045	0.3587513	0.380716917	0.336785683
1046	0.35894765	0.380987503	0.336907797
1047	0.3590674	0.381146988	0.336987812
1048	0.3591158	0.381203998	0.337027602
1049	0.3591455	0.381210587	0.337080413
1050	0.3592134	0.381256432	0.337170368
1051	0.35929805	0.381363807	0.337232293
1052	0.359414225	0.381517607	0.337310843
1053	0.35963745	0.381768158	0.337506742
1054	0.3598599	0.382020199	0.337699601
1055	0.359914775	0.382110147	0.337719403
1056	0.3598895	0.382099718	0.337679282
1057	0.359935475	0.382122804	0.337748146
1058	0.3600728	0.382257257	0.337888343
1059	0.3602343	0.382481161	0.337987439
1060	0.360353725	0.382674729	0.338032721
1061	0.360456575	0.382773062	0.338140088
1062	0.3605803	0.382856081	0.338304519
1063	0.3607009	0.382972204	0.338429596
1064	0.36078065	0.383047168	0.338514132
1065	0.360869	0.383139652	0.338598348
1066	0.3610259	0.383325506	0.338726294
1067	0.361162275	0.383477731	0.338846819
1068	0.361219625	0.383545303	0.338893947
1069	0.361285875	0.383632377	0.338939373
1070	0.36140835	0.383786429	0.339030271
1071	0.36153295	0.38394061	0.33912529
1072	0.36166205	0.384095469	0.339228631
1073	0.361811825	0.384269341	0.339354309
1074	0.36195855	0.384427899	0.339489201
1075	0.362061475	0.384539841	0.339583109
1076	0.362126725	0.384606003	0.339647447
1077	0.36218905	0.384674508	0.339703592
1078	0.36221875	0.38470874	0.33972876
1079	0.362271475	0.384771541	0.339771409
1080	0.362374425	0.384880717	0.339868133
1081	0.36250645	0.384992885	0.340020015
1082	0.362634775	0.38510579	0.34016376
1083	0.3627131	0.385164136	0.340262064
1084	0.3627778	0.38522832	0.34032728
1085	0.3629077	0.385430226	0.340385174
1086	0.363061325	0.385651168	0.340471482
1087	0.36320255	0.385804142	0.340600958
1088	0.363334325	0.385942635	0.340726015
1089	0.363462775	0.386060385	0.340865165
1090	0.3635651	0.386140865	0.340989335
1091	0.3636417	0.386211685	0.341071715
1092	0.363772925	0.386365806	0.341180044
1093	0.363838475	0.386445401	0.341231549
1094	0.36383575	0.386439949	0.341231551
1095	0.3638737	0.386504556	0.341242844
1096	0.3639269	0.386596795	0.341257005
1097	0.363965075	0.386673192	0.341256958
1098	0.3640319	0.386776095	0.341287705
1099	0.3641306	0.386889102	0.341372098
1100	0.36426185	0.387014343	0.341509357
1101	0.364372725	0.387122638	0.341622812
1102	0.36442695	0.387151525	0.341702375
1103	0.3644985	0.387197165	0.341799835
1104	0.3647222	0.387432888	0.342011512
1105	0.364965825	0.387696402	0.342235248
1106	0.36502195	0.387755037	0.342288863
1107	0.365010775	0.387734411	0.342287139
1108	0.365041725	0.387770138	0.342313312
1109	0.36513915	0.387881937	0.342396363
1110	0.36525925	0.387995376	0.342523124
1111	0.3654082	0.388139199	0.342677201
1112	0.3655381	0.388285034	0.342791166
1113	0.365580725	0.388350357	0.342811093
1114	0.365564775	0.388329844	0.342799706
1115	0.365480275	0.388204882	0.342755668
1116	0.36539195	0.388110333	0.342673567
1117	0.365400675	0.388178738	0.342622612
1118	0.36543355	0.388259875	0.342607225
1119	0.365577225	0.388385478	0.342768972
1120	0.36573585	0.388528226	0.342943474
1121	0.3657995	0.388605247	0.342993753
1122	0.36584245	0.388667265	0.343017635
1123	0.366087	0.388907157	0.343266843
1124	0.366398	0.389207495	0.343588505
1125	0.366558375	0.389378655	0.343738095
1126	0.3666178	0.389456584	0.343779016
1127	0.36668985	0.38954584	0.34383386
1128	0.3667808	0.389649319	0.343912281
1129	0.36688255	0.389773433	0.343991667
1130	0.367038025	0.38997492	0.34410113
1131	0.36724115	0.390226845	0.344255455
1132	0.367472525	0.390501526	0.344443524
1133	0.3676607	0.390727759	0.344593641
1134	0.3677456	0.390810069	0.344681131
1135	0.36783335	0.390885076	0.344781624
1136	0.367970675	0.390988694	0.344952656
1137	0.36810165	0.391093813	0.345109487
1138	0.36835655	0.391402532	0.345310568
1139	0.368611825	0.391714434	0.345509216
1140	0.3688601	0.391954815	0.345765385
1141	0.369098525	0.392178644	0.346018406
1142	0.3691758	0.392260795	0.346090805
1143	0.3691975	0.392291429	0.346103571
1144	0.369334425	0.392444911	0.346223939
1145	0.369537375	0.3926706	0.34640415
1146	0.3696967	0.39285072	0.34654268
1147	0.369829875	0.393003624	0.346656126
1148	0.370019175	0.393198769	0.346839581
1149	0.3702808	0.393449438	0.347112162
1150	0.370521975	0.393690313	0.347353637
1151	0.370718625	0.39390511	0.34753214
1152	0.3709055	0.394106466	0.347704534
1153	0.371108425	0.394312298	0.347904552
1154	0.3712991	0.394508142	0.348090058
1155	0.371472925	0.394702482	0.348243368
1156	0.37163305	0.394882673	0.348383427
1157	0.371891525	0.39519537	0.34858768
1158	0.372139	0.39549583	0.34878217
1159	0.372336825	0.395724883	0.348948767
1160	0.372513	0.395927334	0.349098666
1161	0.37273475	0.396172726	0.349296774
1162	0.3729635	0.396422663	0.349504337
1163	0.373224425	0.396699513	0.349749337
1164	0.373504025	0.396992932	0.350015118
1165	0.373709825	0.397211757	0.350207893
1166	0.373842575	0.39735659	0.35032856
1167	0.373984525	0.397516825	0.350452225
1168	0.3741455	0.397706659	0.350584341
1169	0.374304075	0.397892292	0.350715858
1170	0.374465175	0.398075528	0.350854822
1171	0.374621725	0.398253572	0.350989878
1172	0.37476665	0.398419507	0.351113793
1173	0.37491215	0.39858637	0.35123793
1174	0.3750945	0.398798867	0.351390133
1175	0.3752758	0.399010681	0.351540919
1176	0.375480225	0.399226157	0.351734293
1177	0.375685125	0.399440957	0.351929293
1178	0.3758883	0.399658362	0.352118238
1179	0.37609145	0.399876508	0.352306392
1180	0.376256275	0.400059272	0.352453278
1181	0.37640625	0.400228726	0.352583774
1182	0.376548825	0.400393065	0.352704585
1183	0.376685525	0.400552504	0.352818546
1184	0.376863925	0.400751778	0.352976072
1185	0.37708215	0.400988352	0.353175948
1186	0.37727525	0.401199249	0.353351251
1187	0.3774344	0.401375903	0.353492897
1188	0.3776122	0.401570255	0.353654145
1189	0.377836725	0.401811349	0.353862101
1190	0.378052775	0.402043745	0.354061805
1191	0.37824205	0.402246269	0.354237831
1192	0.378426125	0.402444142	0.354408108
1193	0.3785435	0.40258343	0.35450357
1194	0.3786601	0.402721638	0.354598562
1195	0.378764025	0.402819768	0.354708282
1196	0.378869175	0.402918703	0.354819647
1197	0.379046825	0.403102753	0.354990897
1198	0.379233725	0.403298033	0.355169417
1199	0.37941785	0.40350378	0.35533192
1200	0.379599775	0.403710711	0.355488839
1201	0.379763325	0.403880796	0.355645854
1202	0.3799271	0.404043864	0.355810336
1203	0.3800745	0.404209375	0.355939625
1204	0.380195875	0.404359888	0.356031862
1205	0.3803554	0.404539443	0.356171357
1206	0.3805601	0.404759066	0.356361134
1207	0.380756475	0.404966459	0.356546491
1208	0.3809402	0.40515023	0.35673017
1209	0.381121375	0.4053402	0.35690255
1210	0.381306675	0.405559199	0.357054151
1211	0.38148285	0.405765571	0.357200129
1212	0.3816203	0.405914701	0.357325899
1213	0.381752525	0.406056066	0.357448984
1214	0.381825	0.406126721	0.357523279
1215	0.381896125	0.406197024	0.357595226
1216	0.3820034	0.406324596	0.357682204
1217	0.38211235	0.406452002	0.357772698
1218	0.38223635	0.406568554	0.357904146
1219	0.38236195	0.406683327	0.358040573
1220	0.382450475	0.406784152	0.358116798
1221	0.382519775	0.406875817	0.358163733
1222	0.38261005	0.406986304	0.358233796
1223	0.3827188	0.407113368	0.358324232
1224	0.38279035	0.407191584	0.358389116
1225	0.382828175	0.407224154	0.358432196
1226	0.382896925	0.407295784	0.358498066
1227	0.383003075	0.407416271	0.358589879
1228	0.3830864	0.407508217	0.358664583
1229	0.38313735	0.407562967	0.358711733
1230	0.383199525	0.407633129	0.358765921
1231	0.383279225	0.407721055	0.358837395
1232	0.38335365	0.407802112	0.358905188
1233	0.383414975	0.407870041	0.358959909
1234	0.383476175	0.407936772	0.359015578
1235	0.3835373	0.407998387	0.359076213
1236	0.383597125	0.408058875	0.359135375
1237	0.3836448	0.408105921	0.359183679
1238	0.383692775	0.408153097	0.359232453
1239	0.383756725	0.408238158	0.359275292
1240	0.38382515	0.40832976	0.35932054
1241	0.38389525	0.408403985	0.359386515
1242	0.3839543	0.408459098	0.359449502
1243	0.384017975	0.408514947	0.359521003
1244	0.384093675	0.408587099	0.359600251
1245	0.384177825	0.408686633	0.359669017
1246	0.384260475	0.408797598	0.359723352
1247	0.38431535	0.408872894	0.359757806
1248	0.384352825	0.408918135	0.359787515
1249	0.384417275	0.408987496	0.359847054
1250	0.3845119	0.409090369	0.359933431
1251	0.384581475	0.409171532	0.359991418
1252	0.384612675	0.40921874	0.36000661
1253	0.3846627	0.409285413	0.360039987
1254	0.3847635	0.409389401	0.360137599
1255	0.3848638	0.409492652	0.360234948
1256	0.3849193	0.409573114	0.360265486
1257	0.384969825	0.409647778	0.360291872
1258	0.38501465	0.409685361	0.360343939
1259	0.385063875	0.409724586	0.360403164
1260	0.385130375	0.409779997	0.360480753
1261	0.385198325	0.409837183	0.360559467
1262	0.38528965	0.409941652	0.360637648
1263	0.38538265	0.410051795	0.360713505
1264	0.38545535	0.410135508	0.360775192
1265	0.3855193	0.410209975	0.360828625
1266	0.385567475	0.41025731	0.36087764
1267	0.385622725	0.410305614	0.360939836
1268	0.3857471	0.410439828	0.361054372
1269	0.385905925	0.410618894	0.361192956
1270	0.3860403	0.410757329	0.361323271
1271	0.3861474	0.4108609	0.3614339
1272	0.386247225	0.410964962	0.361529488
1273	0.386344325	0.411063362	0.361625288
1274	0.38643325	0.411158807	0.361707693
1275	0.38651925	0.411269621	0.361768879
1276	0.38660365	0.411373479	0.361833821
1277	0.38668425	0.411455341	0.361913159
1278	0.38677955	0.411553344	0.362005756
1279	0.3869313	0.411722399	0.362140201
1280	0.38707335	0.411884155	0.362262545
1281	0.3871406	0.411961052	0.362320148
1282	0.38720735	0.412033875	0.362380825
1283	0.387325475	0.412164642	0.362486308
1284	0.38744675	0.412301352	0.362592148
1285	0.38750355	0.412348198	0.362658902
1286	0.387553425	0.412382076	0.362724774
1287	0.387645775	0.412484002	0.362807548
1288	0.387745175	0.412600733	0.362889617
1289	0.387853725	0.412712497	0.362994953
1290	0.387954875	0.412809391	0.363100359
1291	0.388041325	0.41289489	0.36318776
1292	0.388151325	0.413008384	0.363294266
1293	0.388232325	0.41309279	0.36337186
1294	0.388278575	0.413148303	0.363408847
1295	0.388330675	0.413208246	0.363453104
1296	0.38837945	0.413254959	0.363503941
1297	0.38843075	0.413301817	0.363559683
1298	0.38847515	0.41334128	0.36360902
1299	0.388520325	0.413385822	0.363654828
1300	0.388621925	0.413494023	0.363749827
1301	0.38871375	0.413591338	0.363836162
1302	0.388730875	0.413620871	0.363840879
1303	0.3887622	0.413666439	0.363857961
1304	0.3888078	0.413706143	0.363909457
1305	0.3888582	0.413754504	0.363961896
1306	0.388926825	0.41384302	0.36401063
1307	0.388994625	0.413926208	0.364063042
1308	0.389041975	0.41395488	0.36412907
1309	0.389088975	0.413983649	0.364194301
1310	0.38913945	0.414045547	0.364233353
1311	0.389194125	0.41411607	0.36427218
1312	0.389245675	0.414171451	0.364319899
1313	0.389303575	0.414228911	0.364378239
1314	0.389297775	0.41421099	0.36438456
1315	0.38926875	0.414171414	0.364366086
1316	0.389345625	0.414240775	0.364450475
1317	0.389441825	0.414325889	0.364557761
1318	0.389476825	0.414354982	0.364598668
1319	0.389518975	0.414397016	0.364640934
1320	0.38962865	0.414509826	0.364747474
1321	0.389763325	0.414644223	0.364882427
1322	0.38980865	0.414679473	0.364937827
1323	0.3897834	0.414640311	0.364926489
1324	0.389745875	0.414596912	0.364894838
1325	0.3896851	0.414546109	0.364824091
1326	0.3896796	0.414552536	0.364806664
1327	0.38976275	0.414641868	0.364883632
1328	0.3898312	0.414709419	0.364952981
1329	0.389853025	0.414705859	0.365000191
1330	0.3898722	0.414705242	0.365039158
1331	0.3899306	0.414763564	0.365097636
1332	0.389994	0.41482676	0.36516124
1333	0.389980625	0.414803132	0.365158118
1334	0.389977375	0.4147912	0.36516355
1335	0.390094	0.414913488	0.365274512
1336	0.390200925	0.415022921	0.365378929
1337	0.39025215	0.415063101	0.365441199
1338	0.390324325	0.415130091	0.365518559
1339	0.39038445	0.415190517	0.365578383
1340	0.390435025	0.41523551	0.36563454
1341	0.3903669	0.415143688	0.365590112
1342	0.390262775	0.415020353	0.365505197
1343	0.39017885	0.414947936	0.365409764
1344	0.390076375	0.414861949	0.365290801
1345	0.389862375	0.414640845	0.365083905
1346	0.389535975	0.414294794	0.364777156
1347	0.389380625	0.41418847	0.36457278
1348	0.38939285	0.414307155	0.364478545
1349	0.3892957	0.414225195	0.364366205
1350	0.388861275	0.413725491	0.363997059
1351	0.3885188	0.41338992	0.36364768
1352	0.388327475	0.413245634	0.363409316
1353	0.387694625	0.412642362	0.362746888
1354	0.386460225	0.411439282	0.361481168
1355	0.385128375	0.41003568	0.36022107
1356	0.385230775	0.409965583	0.360495967
1357	0.38542375	0.410206031	0.360641469
1358	0.384180525	0.409260057	0.359100993
1359	0.381427	0.40738556	0.35546844
1360	0.378751	0.405692566	0.351809434
1361	0.373480575	0.402990968	0.343970182
1362	0.36340465	0.391778953	0.335030347
1363	0.3501359	0.381674993	0.318596807
1364	0.349431375	0.381175348	0.317687402
1365	0.351935925	0.389704592	0.314167258
1366	0.3644791	0.403130637	0.325827563
1367	0.376089575	0.420755812	0.331423338
1368	0.38959105	0.43161063	0.34757147
1369	0.4030004	0.446495062	0.359505738
1370	0.405414525	0.43917675	0.3716523
1371	0.405446575	0.439095984	0.371797166
1372	0.40118105	0.433474131	0.368887969
1373	0.39694465	0.428526873	0.365362427
1374	0.395057575	0.425883407	0.364231743
1375	0.392951625	0.42444803	0.36145522
1376	0.388654375	0.419288928	0.358019822
1377	0.387121425	0.41790249	0.35634036
1378	0.389436075	0.420541157	0.358330993
1379	0.3916423	0.422842973	0.360441627
1380	0.3946238	0.425469394	0.363778206
1381	0.396559425	0.427167212	0.365951638
1382	0.394063575	0.423558738	0.364568412
1383	0.391971825	0.421709236	0.362234414
1384	0.39198235	0.421866765	0.362097935
1385	0.389730025	0.418274017	0.361186033
1386	0.38582315	0.413743737	0.357902563
1387	0.383149925	0.412230219	0.354069631
1388	0.384518	0.415098032	0.353937968
1389	0.39028635	0.421221465	0.359351235
1390	0.391929525	0.422223621	0.361635429
1391	0.386262775	0.415549925	0.356975625
1392	0.38294895	0.412182057	0.353715843
1393	0.3834816	0.412422519	0.354540681
1394	0.3833486	0.411839634	0.354857566
1395	0.38375375	0.411847516	0.355659984
1396	0.384186775	0.412159751	0.356213799
1397	0.383544225	0.41097829	0.35611016
1398	0.383200625	0.410134191	0.356267059
1399	0.3857877	0.412680829	0.358894571
1400	0.38791005	0.415010565	0.360809535
1401	0.385288175	0.412338175	0.358238175
1402	0.382765175	0.409898325	0.355632025
1403	0.382218125	0.409349478	0.355086772
1404	0.381759025	0.408840969	0.354677081
1405	0.380804625	0.407575338	0.354033912
1406	0.379984375	0.406556951	0.353411799
1407	0.3796985	0.405918559	0.353478441
1408	0.379597025	0.405504611	0.353689439
1409	0.3789837	0.404633894	0.353333506
1410	0.3784378	0.404024796	0.352850804
1411	0.378502625	0.40399946	0.35300579
1412	0.37870195	0.4041158	0.3532881
1413	0.3788579	0.404293683	0.353422117
1414	0.37902415	0.40453371	0.35351459
1415	0.379560375	0.405200605	0.353920145
1416	0.379962325	0.405702944	0.354221706
1417	0.380134025	0.405775686	0.354492364
1418	0.380339225	0.405882616	0.354795834
1419	0.380769575	0.406295041	0.355244109
1420	0.381287925	0.406783456	0.355792394
1421	0.381866575	0.407327984	0.356405166
1422	0.38242025	0.407873187	0.356967313
1423	0.383007175	0.408396504	0.357617846
1424	0.383579	0.40885582	0.35830218
1425	0.384008325	0.409223905	0.358792745
1426	0.384438325	0.409655379	0.359221271
1427	0.38478085	0.410022501	0.359539199
1428	0.385059025	0.410352356	0.359765694
1429	0.38537915	0.410694555	0.360063745
1430	0.38563645	0.410904921	0.360367979
1431	0.385885075	0.411140694	0.360629456
1432	0.3861188	0.411447722	0.360789878
1433	0.386341675	0.411719526	0.360963824
1434	0.386559125	0.411880906	0.361237344
1435	0.386756775	0.412010208	0.361503342
1436	0.38696675	0.412149538	0.361783962
1437	0.387178325	0.412333359	0.362023291
1438	0.38746665	0.412708046	0.362225254
1439	0.38779635	0.413111051	0.362481649
1440	0.3881317	0.413449776	0.362813624
1441	0.3884011	0.413699866	0.363102334
1442	0.38853695	0.41380739	0.36326651
1443	0.38862985	0.413893635	0.363366065
1444	0.38849845	0.413779339	0.363217561
1445	0.388404275	0.413703091	0.363105459
1446	0.38867635	0.413990444	0.363362256
1447	0.3889605	0.414290942	0.363630058
1448	0.389270375	0.414633816	0.363906934
1449	0.38955165	0.414946599	0.364156701
1450	0.389680325	0.415062947	0.364297703
1451	0.3897834	0.415149985	0.364416815
1452	0.38992555	0.415268012	0.364583088
1453	0.390055225	0.415378405	0.364732045
1454	0.3901423	0.415486753	0.364797847
1455	0.390222925	0.415590742	0.364855108
1456	0.390393325	0.415780272	0.365006378
1457	0.39057895	0.41598763	0.36517027
1458	0.390715375	0.416144341	0.365286409
1459	0.390831325	0.416277363	0.365385287
1460	0.39081985	0.416274171	0.365365529
1461	0.3907955	0.416256918	0.365334082
1462	0.390851475	0.416292595	0.365410355
1463	0.39091155	0.41631712	0.36550598
1464	0.39095695	0.4163367	0.3655772
1465	0.39100555	0.416363209	0.365647891
1466	0.3910319	0.416403194	0.365660606
1467	0.39100905	0.416413408	0.365604692
1468	0.390969575	0.416382531	0.365556619
1469	0.390935025	0.416341185	0.365528865
1470	0.391009375	0.416387452	0.365631298
1471	0.391133275	0.416481131	0.365785419
1472	0.391135575	0.41648584	0.36578531
1473	0.391094825	0.416462801	0.365726849
1474	0.391156375	0.416538195	0.365774555
1475	0.39129825	0.416689754	0.365906746
1476	0.39146325	0.416881102	0.366045398
1477	0.3916502	0.417124376	0.366176024
1478	0.3917807	0.417290097	0.366271303
1479	0.391831275	0.417335065	0.366327485
1480	0.391896025	0.417387976	0.366404074
1481	0.3919954	0.417477167	0.366513633
1482	0.39212215	0.417604989	0.366639311
1483	0.392244225	0.417738727	0.366749723
1484	0.392328175	0.417831462	0.366824888
1485	0.3924134	0.417928313	0.366898487
1486	0.392519025	0.418052538	0.366985512
1487	0.39267865	0.418246108	0.367111192
1488	0.3928416	0.418431714	0.367251486
1489	0.392991825	0.418569659	0.367413991
1490	0.393140375	0.418717799	0.367562951
1491	0.39334725	0.418969294	0.367725206
1492	0.393532075	0.419193452	0.367870698
1493	0.3936306	0.419303998	0.367957202
1494	0.393715825	0.419399401	0.368032249
1495	0.393822375	0.419499741	0.368145009
1496	0.393917675	0.419589059	0.368246291
1497	0.39399025	0.419678711	0.368301789
1498	0.394078675	0.419785856	0.368371494
1499	0.394180475	0.419916798	0.368444152
1500	0.39427265	0.420041154	0.368504146
1501	0.394372325	0.420170377	0.368574273
1502	0.394469525	0.420295443	0.368643607
1503	0.394533675	0.420375748	0.368691602
1504	0.394599875	0.420457348	0.368742402
1505	0.3947006	0.420569569	0.368831631
1506	0.394801325	0.420681653	0.368920997
1507	0.394875075	0.42077801	0.36897214
1508	0.394942425	0.420865728	0.369019122
1509	0.39500755	0.420922073	0.369093027
1510	0.395071025	0.420978547	0.369163503
1511	0.3951166	0.421036779	0.369196421
1512	0.3951684	0.421100872	0.369235928
1513	0.39534755	0.42129453	0.36940057
1514	0.395530675	0.421492526	0.369568824
1515	0.39564815	0.421627246	0.369669054
1516	0.39575575	0.421753238	0.369758262
1517	0.39583725	0.421840801	0.369833699
1518	0.3959185	0.421925139	0.369911861
1519	0.3960177	0.422055931	0.369979469
1520	0.396121675	0.422198232	0.370045118
1521	0.396239525	0.422309184	0.370169866
1522	0.396352625	0.422407904	0.370297346
1523	0.3964016	0.422452068	0.370351132
1524	0.396442975	0.422491213	0.370394737
1525	0.3965463	0.422591315	0.370501285
1526	0.396658275	0.422697712	0.370618838
1527	0.39670415	0.422747838	0.370660462
1528	0.396735625	0.422787782	0.370683468
1529	0.39682775	0.42289532	0.37076018
1530	0.3969368	0.423021085	0.370852515
1531	0.396963675	0.423074164	0.370853186
1532	0.396968125	0.423106159	0.370830091
1533	0.3970081	0.423172152	0.370844048
1534	0.3970547	0.423242069	0.370867331
1535	0.39713955	0.423343052	0.370936048
1536	0.397245225	0.423468586	0.371021864
1537	0.3972925	0.423539373	0.371045627
1538	0.397314	0.423581835	0.371046165
1539	0.397346	0.423614665	0.371077335
1540	0.3973854	0.423649871	0.371120929
1541	0.3974653	0.423743847	0.371186753
1542	0.397560325	0.423855604	0.371265046
1543	0.3976227	0.423917736	0.371327664
1544	0.397658675	0.423950872	0.371366478
1545	0.397686975	0.423977944	0.371396006
1546	0.39773425	0.424025085	0.371443415
1547	0.397811425	0.424104092	0.371518758
1548	0.397895225	0.424188969	0.371601481
1549	0.3979471	0.424244998	0.371649202
1550	0.3979714	0.424277347	0.371665453
1551	0.397987975	0.424293661	0.371682289
1552	0.39801125	0.424308957	0.371713543
1553	0.398059775	0.424374238	0.371745312
1554	0.398117825	0.424463501	0.371772149
1555	0.3981516	0.424521496	0.371781704
1556	0.398177375	0.424566478	0.371788272
1557	0.398280825	0.424675661	0.371885989
1558	0.3984231	0.424820482	0.372025718
1559	0.398517825	0.424926409	0.372109241
1560	0.39859015	0.425011443	0.372168857
1561	0.398664425	0.425086696	0.372242154
1562	0.398732225	0.425148976	0.372315474
1563	0.398798	0.425230573	0.372365427
1564	0.398869225	0.425330163	0.372408287
1565	0.398895875	0.425358878	0.372432872
1566	0.398894525	0.425345488	0.372443562
1567	0.3989568	0.425410156	0.372503444
1568	0.399056275	0.425517167	0.372595383
1569	0.399077225	0.42553998	0.37261447
1570	0.39905205	0.425514968	0.372589132
1571	0.399103975	0.42557287	0.37263508
1572	0.399207575	0.425686976	0.372728174
1573	0.39928045	0.425770391	0.372790509
1574	0.39933025	0.425832601	0.372827899
1575	0.399401625	0.425919504	0.372883746
1576	0.399490025	0.426022347	0.372957703
1577	0.39956795	0.426105426	0.373030474
1578	0.3996357	0.426174574	0.373096826
1579	0.399730025	0.426278412	0.373181638
1580	0.399844725	0.426407581	0.373281869
1581	0.399899475	0.426451255	0.373347695
1582	0.39991545	0.426437498	0.373393402
1583	0.39999765	0.426516171	0.373479129
1584	0.40011685	0.426651501	0.373582199
1585	0.4002201	0.426777302	0.373662898
1586	0.400321375	0.42690483	0.37373792
1587	0.400385375	0.426982134	0.373788616
1588	0.40042185	0.427020581	0.373823119
1589	0.40049475	0.427083766	0.373905734
1590	0.40059085	0.427164853	0.374016847
1591	0.4006819	0.427257884	0.374105916
1592	0.40077165	0.427360404	0.374182896
1593	0.400875475	0.42747194	0.37427901
1594	0.40098675	0.427589297	0.374384203
1595	0.401059325	0.427669185	0.374449465
1596	0.4011095	0.427726752	0.374492248
1597	0.401157725	0.427796507	0.374518943
1598	0.4011985	0.427867158	0.374529842
1599	0.40124995	0.427928466	0.374571434
1600	0.401315775	0.427992303	0.374639247
1601	0.40139585	0.428080885	0.374710815
1602	0.40148245	0.428182442	0.374782458
1603	0.40158055	0.428280921	0.374880179
1604	0.40168575	0.428377276	0.374994224
1605	0.4017484	0.428442198	0.375054602
1606	0.401786675	0.428490559	0.375082791
1607	0.4019056	0.428634252	0.375176948
1608	0.4020731	0.428834826	0.375311374
1609	0.40219875	0.428978699	0.375418801
1610	0.4022998	0.429089881	0.375509719
1611	0.402422075	0.429227056	0.375617094
1612	0.402552875	0.429375406	0.375730344
1613	0.402629275	0.429461261	0.375797289
1614	0.4026803	0.429517643	0.375842957
1615	0.40277745	0.429622388	0.375932512
1616	0.402896775	0.429750434	0.376043116
1617	0.40301195	0.429881212	0.376142688
1618	0.403125425	0.430013264	0.376237586
1619	0.403203325	0.430077342	0.376329308
1620	0.403264225	0.430109927	0.376418523
1621	0.4033528	0.430209605	0.376495995
1622	0.403453775	0.430338688	0.376568862
1623	0.403576875	0.43047911	0.37667464
1624	0.403709075	0.430624652	0.376793498
1625	0.403814375	0.430725764	0.376902986
1626	0.403909625	0.430810068	0.377009182
1627	0.4039898	0.430902969	0.377076631
1628	0.40406455	0.430999632	0.377129468
1629	0.4041784	0.431125606	0.377231194
1630	0.40430635	0.431262339	0.377350361
1631	0.404385575	0.431326882	0.377444268
1632	0.404449975	0.431369016	0.377530934
1633	0.404556775	0.431495795	0.377617755
1634	0.40467735	0.431649528	0.377705172
1635	0.404774925	0.431755029	0.377794821
1636	0.4048665	0.431848315	0.377884685
1637	0.404924775	0.431901547	0.377948003
1638	0.40497505	0.431945067	0.378005033
1639	0.404992125	0.431985161	0.377999089
1640	0.4050019	0.432025446	0.377978354
1641	0.405083	0.432116213	0.378049787
1642	0.405179175	0.432218174	0.378140176
1643	0.405280125	0.43231491	0.37824534
1644	0.405383	0.432411534	0.378354466
1645	0.405502875	0.43254487	0.37846088
1646	0.405623325	0.432681707	0.378564943
1647	0.40571695	0.432760224	0.378673676
1648	0.405809375	0.432835362	0.378783388
1649	0.4058904	0.432941146	0.378839654
1650	0.40597005	0.433048137	0.378891963
1651	0.4060411	0.433112177	0.378970023
1652	0.40611235	0.433175159	0.379049541
1653	0.406106275	0.433184781	0.379027769
1654	0.406097375	0.43319187	0.37900288
1655	0.406135725	0.433225055	0.379046395
1656	0.406173025	0.433258008	0.379088042
1657	0.4062313	0.433336469	0.379126131
1658	0.40628935	0.433414159	0.379164541
1659	0.406306	0.433459808	0.379152192
1660	0.406322925	0.433506154	0.379139696
1661	0.40642125	0.433592324	0.379250176
1662	0.4065223	0.433682297	0.379362303
1663	0.406602075	0.43376975	0.3794344
1664	0.406691025	0.433865761	0.379516289
1665	0.40683255	0.434013651	0.379651449
1666	0.40695225	0.434140655	0.379763845
1667	0.406927575	0.434118401	0.379736749
1668	0.406934975	0.434128352	0.379741598
1669	0.407137725	0.434339607	0.379935843
1670	0.407325425	0.434538439	0.380112411
1671	0.407425125	0.434663651	0.380186599
1672	0.407508625	0.434761816	0.380255434
1673	0.407529325	0.434748094	0.380310556
1674	0.407574175	0.434769432	0.380378918
1675	0.40770745	0.434920571	0.380494329
1676	0.407844025	0.435071833	0.380616217
1677	0.4079809	0.435209918	0.380751882
1678	0.4081305	0.435361341	0.380899659
1679	0.40831065	0.435543797	0.381077503
1680	0.408453875	0.435703938	0.381203812
1681	0.40852455	0.435823317	0.381225783
1682	0.408652725	0.435986557	0.381318893
1683	0.408889425	0.436235263	0.381543587
1684	0.4090839	0.436449306	0.381718494
1685	0.4091988	0.436589876	0.381807724
1686	0.4092999	0.436705654	0.381894146
1687	0.40938065	0.43679022	0.38197108
1688	0.409449075	0.436863866	0.382034284
1689	0.40950565	0.436926663	0.382084637
1690	0.409581225	0.437007622	0.382154828
1691	0.40966275	0.437095653	0.382229847
1692	0.409737075	0.437176291	0.382297859
1693	0.4098208	0.437264346	0.382377254
1694	0.40991835	0.437367053	0.382469647
1695	0.410023175	0.437475986	0.382570364
1696	0.410093925	0.437564293	0.382623557
1697	0.410147925	0.437647314	0.382648536
1698	0.410290225	0.437807625	0.382772825
1699	0.410477	0.438004926	0.382949074
1700	0.4105505	0.438077799	0.383023201
1701	0.4105673	0.43809102	0.38304358
1702	0.410628225	0.438161025	0.383095425
1703	0.41070475	0.438246504	0.383162996
1704	0.4107785	0.438313766	0.383243234
1705	0.410859225	0.43838975	0.3833287
1706	0.410914775	0.43845993	0.38336962
1707	0.410959775	0.438518885	0.383400665
1708	0.411022	0.438585102	0.383458898
1709	0.41109625	0.438664158	0.383528342
1710	0.411189125	0.438747355	0.383630895
1711	0.411271275	0.438819584	0.383722966
1712	0.411324675	0.438881457	0.383767893
1713	0.41138035	0.438944497	0.383816203
1714	0.41149	0.439080543	0.383899457
1715	0.41161425	0.439238039	0.383990461
1716	0.4116486	0.439292677	0.384004523
1717	0.411667425	0.439326427	0.384008423
1718	0.411690675	0.439325101	0.384056249
1719	0.411712075	0.439325862	0.384098288
1720	0.411605475	0.439242018	0.383968932
1721	0.41151315	0.439167972	0.383858328
1722	0.411665625	0.439272569	0.384058681
1723	0.411799975	0.439366348	0.384233602
1724	0.411763825	0.439369554	0.384158096
1725	0.4117154	0.439346656	0.384084144
1726	0.41165185	0.439231948	0.384071752
1727	0.41160865	0.439166506	0.384050794
1728	0.411635725	0.43925816	0.38401329
1729	0.411660775	0.439328647	0.383992903
1730	0.411637675	0.439308098	0.383967252
1731	0.41163035	0.439315661	0.383945039
1732	0.411678375	0.439391186	0.383965564
1733	0.411678425	0.439407123	0.383949727
1734	0.411612925	0.439340267	0.383885583
1735	0.4115638	0.43927728	0.38385032
1736	0.411520675	0.43920429	0.38383706
1737	0.411414775	0.439061894	0.383767656
1738	0.411218025	0.438829405	0.383606645
1739	0.411140225	0.438750412	0.383530038
1740	0.411190675	0.43881958	0.38356177
1741	0.411146225	0.438779181	0.383513269
1742	0.41103615	0.438671027	0.383401273
1743	0.411021375	0.438667736	0.383375014
1744	0.411062475	0.438718949	0.383406001
1745	0.4110479	0.438710315	0.383385485
1746	0.410999275	0.438668284	0.383330266
1747	0.41093165	0.438579822	0.383283478
1748	0.41087415	0.438491074	0.383257226
1749	0.41081005	0.438437569	0.383182531
1750	0.410737575	0.43839232	0.38308283
1751	0.410626775	0.438261802	0.382991748
1752	0.410491225	0.438093358	0.382889092
1753	0.4105414	0.43812391	0.38295889
1754	0.410637125	0.438208499	0.383065751
1755	0.410711325	0.438355628	0.383067022
1756	0.41076805	0.438491326	0.383044774
1757	0.410741125	0.438418615	0.383063635
1758	0.410716425	0.438340176	0.383092674
1759	0.410783175	0.438410911	0.383155439
1760	0.4108441	0.438471706	0.383216494
1761	0.410872125	0.43852719	0.38321706
1762	0.41092605	0.438614713	0.383237387
1763	0.410916225	0.438598987	0.383233463
1764	0.410869325	0.43852796	0.38321069
1765	0.4108725	0.438509082	0.383235918
1766	0.4108878	0.438518575	0.383257025
1767	0.41085655	0.438487317	0.383225783
1768	0.4108405	0.438460557	0.383220443
1769	0.410874175	0.438471031	0.383277319
1770	0.4108865	0.438490045	0.383282955
1771	0.410835675	0.438481455	0.383189895
1772	0.4107077	0.438361632	0.383053768
1773	0.4105055	0.438125759	0.382885241
1774	0.4104012	0.438015288	0.382787112
1775	0.41042025	0.438060687	0.382779813
1776	0.410348975	0.437990112	0.382707838
1777	0.410144925	0.437762891	0.382526959
1778	0.41003885	0.437668223	0.382409477
1779	0.410018175	0.437677401	0.382358949
1780	0.409982725	0.437629433	0.382336017
1781	0.409954725	0.437577174	0.382332276
1782	0.410015475	0.437590906	0.382440044
1783	0.410085375	0.437612441	0.382558309
1784	0.410125975	0.437656334	0.382595616
1785	0.410148875	0.437677798	0.382619952
1786	0.410136175	0.43760565	0.3826667
1787	0.410164725	0.437584581	0.382744869
1788	0.41012565	0.437605439	0.382645861
1789	0.41007615	0.437626188	0.382526112
1790	0.410041975	0.437577578	0.382506372
1791	0.409954125	0.437460261	0.382447989
1792	0.4099043	0.437348598	0.382460002
1793	0.4098802	0.437276417	0.382483983
1794	0.409795275	0.437177889	0.382412661
1795	0.40977305	0.437128784	0.382417316
1796	0.409992075	0.437309665	0.382674485
1797	0.410106175	0.437424705	0.382787645
1798	0.40987415	0.437288405	0.382459895
1799	0.4096497	0.437117481	0.382181919
1800	0.409600325	0.437016986	0.382183664
1801	0.405994475	0.433226027	0.378762923
1802	0.40533805	0.432365392	0.378310708
1803	0.403754425	0.431912475	0.375596375
1804	0.402176325	0.431147794	0.373204856
1805	0.3988681	0.426630228	0.371105972
1806	0.39419825	0.420972571	0.367423929
1807	0.394676925	0.421575037	0.367778813
1808	0.401563675	0.432102124	0.371025226
1809	0.404353375	0.437040054	0.371666696
1810	0.396339625	0.428342377	0.364336873
1811	0.389543025	0.42133525	0.3577508
1812	0.3916245	0.423888103	0.359360897
1813	0.396524425	0.429243195	0.363805655
1814	0.393993175	0.427026586	0.360959764
1815	0.3827883	0.418269329	0.347307271
1816	0.36968925	0.405882598	0.333495902
1817	0.357897125	0.390464368	0.325329882
1818	0.35772405	0.392692981	0.322755119
1819	0.367105975	0.409086686	0.325125264
1820	0.375059325	0.420432779	0.329685871
1821	0.382658525	0.428609638	0.336707412
1822	0.38895935	0.440653674	0.337265026
1823	0.383227375	0.445224249	0.321230501
1824	0.370411325	0.443599854	0.297222796
1825	0.371836325	0.456044722	0.287627928
1826	0.3457085	0.441020641	0.250396359
1827	0.293836825	0.402614374	0.185059276
1828	0.265492875	0.393311191	0.137674559
1829	0.263471275	0.414845	0.11209755
1830	0.292866825	0.493571667	0.092161983
1831	0.37771725	0.696486237	0.058948263
1832	0.673696475	1.345709733	0.001683217
1833	4.829348325	12.53107773	-2.872381075
1834	0.35723325	0.887891999	-0.173425499
1835	0.142318275	0.410683308	-0.126046758
1836	0.159485025	0.48668297	-0.16771292
1837	0.37262035	1.264047127	-0.518806427
1838	0.027870675	0.110811193	-0.055069843
1839	1.122024725	3.692730276	-1.448680826
1840	0.3656821	1.108480384	-0.377116184
1841	0.21030365	0.579940306	-0.159333006
1842	0.121493425	0.387836782	-0.144849932
1843	0.13279735	0.436087467	-0.170492767
1844	0.358134625	1.31863766	-0.60236841
1845	0.18639325	0.543754072	-0.170967572
1846	0.134028225	0.391543232	-0.123486782
1847	0.149523675	0.425752174	-0.126704824
1848	0.270088475	0.762598984	-0.222422034
1849	0.528118775	1.605490572	-0.549253022
1850	0.26021695	0.71778049	-0.19734659
1851	0.15680055	0.477370518	-0.163769418
1852	0.0808031	0.2550727	-0.0934665
1853	0.0454304	0.150676413	-0.059815613
1854	0.068680325	0.207638844	-0.070278194
1855	0.10742505	0.311307956	-0.096457856
1856	0.11108905	0.291819304	-0.069641204
1857	0.12009415	0.300529361	-0.060341061
1858	0.133662625	0.302387423	-0.035062173
1859	0.132344125	0.309008125	-0.044319875
1860	0.17906335	0.470948315	-0.112821615
1861	0.2445479	0.562089048	-0.072993248
1862	0.2588465	0.700776345	-0.183083345
1863	0.170882275	0.408489104	-0.066724554
1864	0.1400087	0.348093487	-0.068076087
1865	0.190243025	0.485804286	-0.105318236
1866	0.796892	2.322470408	-0.728686408
1867	0.024804675	0.075150969	-0.025541619
1868	0.05216045	0.178763614	-0.074442714
1869	1.166456275	3.159873001	-0.826960451
1870	2.352303675	7.787033983	-3.082426633
1871	0.546239025	1.541034736	-0.448556686
1872	0.43881575	0.970433858	-0.092802358
1873	2.025328925	5.847167814	-1.796509964
1874	0.046119425	0.130715686	-0.038476836
1875	3.49547245	10.24121196	-3.25026706
1876	0.5047044	1.310689191	-0.301280391
1877	0.285401825	0.697538181	-0.126734531
1878	0.306363875	0.649486726	-0.036758976
1879	0.4978541	0.99356171	0.00214649
1880	0.5333268	1.025440474	0.041213126
1881	0.315816025	0.517025307	0.114606743
1882	0.279531675	0.438079127	0.120984223
1883	0.317980725	0.468471235	0.167490215
1884	0.35785915	0.526776791	0.188941509
1885	0.353080975	0.487306421	0.218855529
1886	0.345227575	0.461090497	0.229364653
1887	0.3158447	0.419830793	0.211858607
1888	0.28689765	0.376899371	0.196895929
1889	0.268859925	0.355345011	0.182374839
1890	0.282587175	0.380605161	0.184569189
1891	0.318355975	0.440760313	0.195951637
1892	0.3390316	0.482981864	0.195081336
1893	0.36255395	0.549503688	0.175604212
1894	0.355805775	0.541043547	0.170568003
1895	0.34011345	0.516625145	0.163601755
1896	0.34610765	0.518730014	0.173485286
1897	0.3434296	0.526197977	0.160661223
1898	0.32075075	0.524481665	0.117019835
1899	0.3453642	0.605898993	0.084829407
1900	0.3576204	0.79009624	-0.07485544
1901	0.436993475	0.984165756	-0.110178806
1902	2.054620325	5.260546159	-1.151305509
1903	0.520588525	1.353989412	-0.312812362
1904	0.258951225	0.775035326	-0.257132876
1905	0.19158065	0.596001283	-0.212839983
1906	0.140816525	0.458465734	-0.176832684
1907	0.142298125	0.339279538	-0.054683288
1908	0.2339708	0.467247223	0.000694377
1909	0.3133231	0.578107936	0.048538264
1910	0.262026525	0.437773763	0.086279287
1911	0.256452175	0.404597195	0.108307155
1912	0.31552535	0.454974994	0.176075706
1913	0.358920075	0.518847518	0.198992632
1914	0.329869175	0.435707553	0.224030797
1915	0.314949575	0.396667764	0.233231386
1916	0.30796645	0.378260652	0.237672248
1917	0.304453425	0.370229942	0.238676908
1918	0.31165285	0.376308504	0.246997196
1919	0.321056025	0.383851484	0.258260566
1920	0.324896325	0.384709244	0.265083406
1921	0.33078035	0.382317207	0.279243493
1922	0.3370468	0.385646214	0.288447386
1923	0.333450875	0.37701399	0.28988776
1924	0.32887005	0.369760511	0.287979589
1925	0.335179525	0.37408853	0.29627052
1926	0.34433135	0.383112977	0.305549723
1927	0.345724825	0.383040637	0.308409013
1928	0.3436927	0.379182368	0.308203032
1929	0.34541155	0.379149832	0.311673268
1930	0.348454675	0.379988585	0.316920765
1931	0.350622825	0.384230102	0.317015548
1932	0.358497525	0.389814979	0.327180071
1933	0.365396225	0.396424028	0.334368422
1934	0.368663425	0.399077732	0.338249118
1935	0.37043545	0.401094306	0.339776594
1936	0.37283325	0.402554258	0.343112242
1937	0.375535475	0.4048571	0.34621385
1938	0.377598425	0.407049483	0.348147367
1939	0.3778204	0.407426327	0.348214473
1940	0.376636125	0.406376269	0.346895981
1941	0.373575875	0.402830423	0.344321327
1942	0.370882975	0.40004559	0.34172036
1943	0.370605775	0.398922438	0.342289112
1944	0.370430325	0.398501567	0.342359083
1945	0.3711684	0.398631566	0.343705234
1946	0.371937475	0.399079615	0.344795335
1947	0.37505755	0.402243399	0.347871701
1948	0.3795881	0.407033993	0.352142207
1949	0.38249385	0.410155755	0.354831945
1950	0.3829527	0.410672376	0.355233024
1951	0.383221175	0.411147805	0.355294545
1952	0.3825824	0.410649091	0.354515709
1953	0.381979025	0.410338172	0.353619878
1954	0.3833893	0.41162936	0.35514924
1955	0.384778025	0.413028389	0.356527661
1956	0.3861297	0.414571645	0.357687755
1957	0.3873684	0.416125416	0.358611384
1958	0.3885378	0.417304441	0.359771159
1959	0.389598725	0.418183571	0.361013879
1960	0.390146775	0.418630248	0.361663302
1961	0.38998275	0.418454655	0.361510845
1962	0.38980435	0.418279942	0.361328758
1963	0.389576075	0.417753301	0.361398849
1964	0.3893794	0.417347932	0.361410868
1965	0.3891597	0.417131942	0.361187458
1966	0.388952075	0.416973715	0.360930435
1967	0.389163475	0.417241046	0.361085904
1968	0.389460525	0.417602888	0.361318162
1969	0.390398775	0.418499621	0.362297929
1970	0.391862225	0.419844725	0.363879725
1971	0.392923025	0.420913637	0.364932413
1972	0.393342025	0.421571001	0.365113049
1973	0.39368425	0.422148914	0.365219586
1974	0.39374545	0.422209709	0.365281191
1975	0.393802425	0.422275427	0.365329423
1976	0.39388455	0.422156233	0.365612867
1977	0.393958125	0.422025729	0.365890521
1978	0.394114925	0.422146786	0.366083064
1979	0.394253925	0.422348709	0.366159141
1980	0.39462525	0.422887785	0.366362715
1981	0.3952321	0.423686115	0.366778085
1982	0.39567435	0.424303511	0.367045189
1983	0.395864675	0.424697187	0.367032163
1984	0.3959364	0.424956062	0.366916738
1985	0.395504075	0.424492052	0.366516098
1986	0.3950795	0.424043629	0.366115371
1987	0.39513155	0.424001032	0.366262068
1988	0.395136025	0.423902185	0.366369865
1989	0.3951753	0.42401287	0.36633773
1990	0.39523325	0.424207677	0.366258823
1991	0.395648975	0.424757583	0.366540367
1992	0.39652035	0.425820575	0.367220125
1993	0.397297725	0.42681476	0.36778069
1994	0.397743975	0.427365184	0.368122766
1995	0.39809995	0.427803685	0.368396215
1996	0.397590875	0.427254339	0.367927411
1997	0.39702695	0.4266525	0.3674014
1998	0.39720185	0.426909353	0.367494347
1999	0.397516625	0.42739088	0.36764237
2000	0.397851	0.427757383	0.367944617
2001	0.39813755	0.427991814	0.368283286
2002	0.398955475	0.428631688	0.369279262
2003	0.4004426	0.429849383	0.371035817
2004	0.40118495	0.430242414	0.372127486
2005	0.399834625	0.428458732	0.371210518
2006	0.39854595	0.426827584	0.370264316
2007	0.39835845	0.42637337	0.37034353
2008	0.398194125	0.426005022	0.370383228
2009	0.39861685	0.426810454	0.370423246
2010	0.39910105	0.427819875	0.370382225
2011	0.399426025	0.428460286	0.370391764
2012	0.39955525	0.428776637	0.370333863
2013	0.400028925	0.429090283	0.370967567
2014	0.400755075	0.429625233	0.371884917
2015	0.4012128	0.430107745	0.372317855
2016	0.401630075	0.430654047	0.372606103
2017	0.401965525	0.431070243	0.372860807
2018	0.4018718	0.430845378	0.372898222
2019	0.401972175	0.430840961	0.373103389
2020	0.403013775	0.431742141	0.374285409
2021	0.40397405	0.43259313	0.37535497
2022	0.404207925	0.432937165	0.375478685
2023	0.404232925	0.433113733	0.375352117
2024	0.404288075	0.433248999	0.375327151
2025	0.40465025	0.433736433	0.375564067
2026	0.405007575	0.434034422	0.375980728
2027	0.405080275	0.433857548	0.376303002
2028	0.4050942	0.433796453	0.376391947
2029	0.4053251	0.43411271	0.37653749
2030	0.405476825	0.434305953	0.376647697
2031	0.405421075	0.434300232	0.376541918
2032	0.405366225	0.434281042	0.376451408
2033	0.40547095	0.434362236	0.376579664
2034	0.40561095	0.434495544	0.376726356
2035	0.40595345	0.434920683	0.376986217
2036	0.40617415	0.435203809	0.377144491
2037	0.406267525	0.43533941	0.37719564
2038	0.406214825	0.435331716	0.377097934
2039	0.4063589	0.435521368	0.377196432
2040	0.406893875	0.436079611	0.377708139
2041	0.4074693	0.436720738	0.378217862
2042	0.407893725	0.437248884	0.378538566
2043	0.4081835	0.437591176	0.378775824
2044	0.4079329	0.437114289	0.378751511
2045	0.407637075	0.436559699	0.378714451
2046	0.40741045	0.436078215	0.378742685
2047	0.407244625	0.435705346	0.378783904
2048	0.407355725	0.43585794	0.37885351
2049	0.407369875	0.435888112	0.378851638
2050	0.40720345	0.435786732	0.378620168
2051	0.40723035	0.435948167	0.378512533
2052	0.407284125	0.436008605	0.378559645
2053	0.407520675	0.436221591	0.378819759
2054	0.4080157	0.43675826	0.37927314
2055	0.40871475	0.437551079	0.379878421
2056	0.40922945	0.438180344	0.380278556
2057	0.4088385	0.437825636	0.379851364
2058	0.408460025	0.437473482	0.379446568
2059	0.408546775	0.437673421	0.379420129
2060	0.4086032	0.437896177	0.379310223
2061	0.408509225	0.437829042	0.379189408
2062	0.40857875	0.437880007	0.379277493
2063	0.4088293	0.438092901	0.379565699
2064	0.409250725	0.438414227	0.380087223
2065	0.40932255	0.438431148	0.380213952
2066	0.408928575	0.438032188	0.379824962
2067	0.408662025	0.437748765	0.379575285
2068	0.408532825	0.43776729	0.37929836
2069	0.40846345	0.437867666	0.379059234
2070	0.40832105	0.437663254	0.378978846
2071	0.408171775	0.437395856	0.378947694
2072	0.408303925	0.437435658	0.379172192
2073	0.408507925	0.437622381	0.379393469
2074	0.4090661	0.43834969	0.37978251
2075	0.4097753	0.439233247	0.380317353
2076	0.410064525	0.439435456	0.380693594
2077	0.41003695	0.439132502	0.380941398
2078	0.40983775	0.438797422	0.380878078
2079	0.4093717	0.438358672	0.380384728
2080	0.40890185	0.437889417	0.379914283
2081	0.409110125	0.438125302	0.380094948
2082	0.409366925	0.438430187	0.380303663
2083	0.40947315	0.438567335	0.380378965
2084	0.40958515	0.438710914	0.380459386
2085	0.409712975	0.438866331	0.380559619
2086	0.4097728	0.438948875	0.380596725
2087	0.409693525	0.438878879	0.380508171
2088	0.4096178	0.438832642	0.380402958
2089	0.409624925	0.438832733	0.380417117
2090	0.409786125	0.438978438	0.380593812
2091	0.41006785	0.439312974	0.380822726
2092	0.4101885	0.439511648	0.380865352
2093	0.41026675	0.43961623	0.38091727
2094	0.410444925	0.439826464	0.381063386
2095	0.410670325	0.440141284	0.381199366
2096	0.4109572	0.440653935	0.381260465
2097	0.411097975	0.440957714	0.381238236
2098	0.410777825	0.440472185	0.381083465
2099	0.4104343	0.439957868	0.380910732
2100	0.410078725	0.439586761	0.380570689
2101	0.409685675	0.439185621	0.380185729
2102	0.409291975	0.438801655	0.379782295
2103	0.40913095	0.43866296	0.37959894
2104	0.4093873	0.438936111	0.379838489
2105	0.409595925	0.439143142	0.380048708
2106	0.409834625	0.439402003	0.380267247
2107	0.41003865	0.439715094	0.380362206
2108	0.4102059	0.439939925	0.380471875
2109	0.41055575	0.440267196	0.380844304
2110	0.410868675	0.440559152	0.381178198
2111	0.410931875	0.440591859	0.381271891
2112	0.410946425	0.440550589	0.381342261
2113	0.411002375	0.440455075	0.381549675
2114	0.411086575	0.440407701	0.381765449
2115	0.4111632	0.440523298	0.381803102
2116	0.4112825	0.440720234	0.381844766
2117	0.41132395	0.440873217	0.381774683
2118	0.4112266	0.440869971	0.381583229
2119	0.411265475	0.440989128	0.381541822
2120	0.411471475	0.441282368	0.381660582
2121	0.411682875	0.441537888	0.381827862
2122	0.41186625	0.441734882	0.381997618
2123	0.41203895	0.441956985	0.382120915
2124	0.4122279	0.442141635	0.382314165
2125	0.412460875	0.442343327	0.382578423
2126	0.41239265	0.442177774	0.382607526
2127	0.412212575	0.441888001	0.382537149
2128	0.4119215	0.441392973	0.382450027
2129	0.411626825	0.440884146	0.382369504
2130	0.411653975	0.440874255	0.382433695
2131	0.411968175	0.441246605	0.382689745
2132	0.41235995	0.441687859	0.383032041
2133	0.4127104	0.442055107	0.383365693
2134	0.41305365	0.442426572	0.383680728
2135	0.413469175	0.442939395	0.383998955
2136	0.413806675	0.443428362	0.384184988
2137	0.41401865	0.443645781	0.384391519
2138	0.41418465	0.443714336	0.384654964
2139	0.413870925	0.443224571	0.384517279
2140	0.413518225	0.442702653	0.384333797
2141	0.41316725	0.442281685	0.384052815
2142	0.412885225	0.442007361	0.383763089
2143	0.4128377	0.442142658	0.383532742
2144	0.412813825	0.442293426	0.383334224
2145	0.412818925	0.442294417	0.383343433
2146	0.412897825	0.442365109	0.383430541
2147	0.4128883	0.442320363	0.383456237
2148	0.41273205	0.442056475	0.383407625
2149	0.4126171	0.441852667	0.383381533
2150	0.412573575	0.441842949	0.383304201
2151	0.412467775	0.441775741	0.383159809
2152	0.41214345	0.441519365	0.382767535
2153	0.411736025	0.441227105	0.382244945
2154	0.411561975	0.440980226	0.382143724
2155	0.4113006	0.440622857	0.381978343
2156	0.41085745	0.440102102	0.381612798
2157	0.410400675	0.439598479	0.381202871
2158	0.409867625	0.439141186	0.380594064
2159	0.409455875	0.438834233	0.380077517
2160	0.4094847	0.438885282	0.380084118
2161	0.409498325	0.438861645	0.380135005
2162	0.40936345	0.438617844	0.380109056
2163	0.4092232	0.438413701	0.380032699
2164	0.408563925	0.43779219	0.37933566
2165	0.407774425	0.437017466	0.378531384
2166	0.40726875	0.436399772	0.378137728
2167	0.406925425	0.435862763	0.377988087
2168	0.406383325	0.435193121	0.377573529
2169	0.405918075	0.434663427	0.377172723
2170	0.405551575	0.434258305	0.376844845
2171	0.405045825	0.433786376	0.376305274
2172	0.4046023	0.433376803	0.375827797
2173	0.4041906	0.433102457	0.375278743
2174	0.403747625	0.43278573	0.37470952
2175	0.403344025	0.432409751	0.374278299
2176	0.402932275	0.432000824	0.373863726
2177	0.402498375	0.431454189	0.373542561
2178	0.4021234	0.430943414	0.373303386
2179	0.40167455	0.430470897	0.372878203
2180	0.40106525	0.429849963	0.372280537
2181	0.400818675	0.429701438	0.371935912
2182	0.4006407	0.42965794	0.37162346
2183	0.400243225	0.429302911	0.371183539
2184	0.399783275	0.428862754	0.370703796
2185	0.399148975	0.428286653	0.370011297
2186	0.398277175	0.427466954	0.369087396
2187	0.39728285	0.426482261	0.368083439
2188	0.396579375	0.425753712	0.367405038
2189	0.3958888	0.425022012	0.366755588
2190	0.39515415	0.424307331	0.366000969
2191	0.394514675	0.423679004	0.365350346
2192	0.3940108	0.423153895	0.364867705
2193	0.393389875	0.422539298	0.364240452
2194	0.392447775	0.42166784	0.36322771
2195	0.39153005	0.42083233	0.36222777
2196	0.390708725	0.420005062	0.361412388
2197	0.389733325	0.418952275	0.360514375
2198	0.3885448	0.417677738	0.359411862
2199	0.3874349	0.416541471	0.358328329
2200	0.3866587	0.415668333	0.357649067
2201	0.385928375	0.414840008	0.357016742
2202	0.38523885	0.414188409	0.356289291
2203	0.38475955	0.413812388	0.355706712
2204	0.38431115	0.413403241	0.355219059
2205	0.38378895	0.412856967	0.354720933
2206	0.383170875	0.412291997	0.354049753
2207	0.3823291	0.411483444	0.353174756
2208	0.381644375	0.410829407	0.352459343
2209	0.38137555	0.410684058	0.352067042
2210	0.38114725	0.410579096	0.351715404
2211	0.381048225	0.410507217	0.351589233
2212	0.38084265	0.410301917	0.351383383
2213	0.37990595	0.40922429	0.35058761
2214	0.37890125	0.408050555	0.349751945
2215	0.378723475	0.407939215	0.349507735
2216	0.37879	0.408188714	0.349391286
2217	0.3788707	0.408440853	0.349300547
2218	0.378837275	0.408620967	0.349053583
2219	0.378787425	0.408840868	0.348733982
2220	0.378929	0.409147884	0.348710116
2221	0.3786051	0.408755385	0.348454815
2222	0.378153025	0.408119708	0.348186342
2223	0.37816925	0.407973254	0.348365246
2224	0.37855265	0.408178167	0.348927133
2225	0.3790191	0.408578682	0.349459518
2226	0.3795601	0.40929522	0.34982498
2227	0.380179275	0.410062529	0.350296021
2228	0.38115815	0.411145421	0.351170879
2229	0.382175175	0.412181713	0.352168637
2230	0.3826237	0.41238869	0.35285871
2231	0.38282785	0.412371341	0.353284359
2232	0.38315225	0.412684891	0.353619609
2233	0.38360785	0.41316082	0.35405488
2234	0.3836716	0.41317345	0.35416975
2235	0.383519025	0.412987532	0.354050518
2236	0.383453375	0.41310425	0.3538025
2237	0.383507375	0.413395201	0.353619549
2238	0.383727825	0.413642152	0.353813498
2239	0.3839396	0.413773315	0.354105885
2240	0.38392475	0.413721812	0.354127688
2241	0.3837193	0.413572606	0.353865994
2242	0.383327175	0.413281896	0.353372454
2243	0.383065425	0.41313467	0.35299618
2244	0.3831979	0.413340742	0.353055058
2245	0.383466775	0.413519904	0.353413646
2246	0.383654625	0.413641583	0.353667667
2247	0.38348955	0.413316865	0.353662235
2248	0.3834248	0.413049922	0.353799678
2249	0.3834813	0.412952812	0.354009788
2250	0.383372575	0.412720436	0.354024714
2251	0.3832482	0.412614811	0.353881589
2252	0.383327325	0.412727004	0.353927646
2253	0.38429735	0.413748365	0.354846335
2254	0.385407425	0.41493325	0.3558816
2255	0.38582455	0.415350795	0.356298305
2256	0.3859786	0.415461216	0.356495984
2257	0.386264	0.415763442	0.356764558
2258	0.386575825	0.416144995	0.357006655
2259	0.3864659	0.416065227	0.356866573
2260	0.3863468	0.416001163	0.356692437
2261	0.386244075	0.4158547	0.35663345
2262	0.386048925	0.415486772	0.356611078
2263	0.38629955	0.415549203	0.357049897
2264	0.3870141	0.41608063	0.35794757
2265	0.387582025	0.416611794	0.358552256
2266	0.387778875	0.416889893	0.358667857
2267	0.388053	0.417268537	0.358837463
2268	0.388289775	0.417614903	0.358964647
2269	0.3886612	0.418087155	0.359235245
2270	0.3889741	0.418398398	0.359549802
2271	0.388971775	0.418264505	0.359679045
2272	0.38891665	0.417987313	0.359845987
2273	0.388828125	0.417738999	0.359917251
2274	0.38880505	0.41782051	0.35978959
2275	0.388821625	0.418036035	0.359607215
2276	0.3886579	0.418004529	0.359311271
2277	0.388569975	0.418004398	0.359135552
2278	0.38899735	0.418487314	0.359507386
2279	0.389382725	0.418906266	0.359859184
2280	0.389196475	0.418731913	0.359661037
2281	0.388955275	0.418534606	0.359375944
2282	0.388805225	0.418335988	0.359274462
2283	0.3886352	0.418090156	0.359180244
2284	0.3884177	0.417877514	0.358957886
2285	0.388319025	0.417809742	0.358828308
2286	0.38829455	0.417828585	0.358760515
2287	0.388197675	0.41778453	0.35861082
2288	0.3880856	0.417681927	0.358489273
2289	0.387892475	0.417502378	0.358282572
2290	0.387798275	0.417271579	0.358324971
2291	0.3877119	0.416974119	0.358449681
2292	0.387219175	0.416443739	0.357994611
2293	0.3861803	0.415374575	0.356986025
2294	0.3855389	0.414756035	0.356321765
2295	0.385430975	0.414771308	0.356090642
2296	0.385152425	0.414552141	0.355752709
2297	0.38464895	0.414166008	0.355131892
2298	0.384167725	0.413815599	0.354519851
2299	0.38429705	0.413976511	0.354617589
2300	0.384408925	0.414085853	0.354731997
2301	0.384368175	0.413941658	0.354794692
2302	0.384476725	0.413918165	0.355035285
2303	0.384624525	0.413964532	0.355284518
2304	0.3846095	0.413939907	0.355279093
2305	0.384465175	0.413923153	0.355007197
2306	0.384317575	0.413876093	0.354759057
2307	0.383795725	0.413268332	0.354323118
2308	0.38312215	0.412466817	0.353777483
2309	0.382496125	0.411723599	0.353268651
2310	0.38197395	0.4111499	0.352798
2311	0.381535425	0.410676394	0.352394456
2312	0.381092	0.41022123	0.35196277
2313	0.381119075	0.410541185	0.351696965
2314	0.381497925	0.411318184	0.351677666
2315	0.3815078	0.411549395	0.351466205
2316	0.381251275	0.411415602	0.351086948
2317	0.380997525	0.411142202	0.350852848
2318	0.38067355	0.410634442	0.350712658
2319	0.3802693	0.410220774	0.350317826
2320	0.379551575	0.409688935	0.349414215
2321	0.3789461	0.409244278	0.348647922
2322	0.37872305	0.409101542	0.348344558
2323	0.378472275	0.408758891	0.348185659
2324	0.3783568	0.408465701	0.348247899
2325	0.37818715	0.40830184	0.34807246
2326	0.3777046	0.40806237	0.34734683
2327	0.37734	0.407923997	0.346756003
2328	0.377195275	0.407916665	0.346473885
2329	0.37695565	0.407765461	0.346145839
2330	0.3767327	0.407430795	0.346034605
2331	0.3765763	0.407137148	0.346015452
2332	0.376400825	0.406710762	0.346090888
2333	0.3761529	0.406258426	0.346047374
2334	0.375419675	0.405495569	0.345343781
2335	0.374645675	0.40470504	0.34458631
2336	0.37461225	0.404652722	0.344571778
2337	0.374603125	0.404661719	0.344544531
2338	0.374257275	0.404345637	0.344168913
2339	0.373912075	0.404050963	0.343773187
2340	0.37335425	0.40353046	0.34317804
2341	0.373085775	0.403336777	0.342834773
2342	0.37302435	0.403253526	0.342795174
2343	0.372748925	0.402858645	0.342639205
2344	0.37253845	0.402722441	0.342354459
2345	0.3726391	0.402962147	0.342316053
2346	0.373003475	0.403476223	0.342530727
2347	0.373207275	0.403871979	0.342542571
2348	0.373483575	0.404350866	0.342616284
2349	0.3736639	0.404710091	0.342617709
2350	0.373682175	0.404887805	0.342476545
2351	0.373920125	0.405235145	0.342605105
2352	0.374351725	0.405548345	0.343155105
2353	0.374469625	0.405493155	0.343446095
2354	0.374227725	0.405007522	0.343447928
2355	0.3736779	0.403935313	0.343420487
2356	0.373185125	0.403029037	0.343341213
2357	0.373189775	0.403070925	0.343308625
2358	0.3734541	0.403438864	0.343469336
2359	0.37383725	0.403716814	0.343957686
2360	0.374132525	0.4039297	0.34433535
2361	0.374191525	0.403906438	0.344476612
2362	0.374282925	0.403963611	0.344602239
2363	0.374791925	0.404520811	0.345063039
2364	0.375433975	0.405257856	0.345610094
2365	0.376298875	0.406275849	0.346321901
2366	0.3771263	0.407328187	0.346924413
2367	0.377962575	0.408519852	0.347405298
2368	0.3788488	0.409658959	0.348038641
2369	0.37857745	0.40917775	0.34797715
2370	0.377910475	0.408325387	0.347495563
2371	0.3774062	0.407794104	0.347018296
2372	0.37702065	0.407513951	0.346527349
2373	0.3772711	0.407818549	0.346723651
2374	0.377549025	0.408060557	0.347037493
2375	0.378066775	0.408893975	0.347239575
2376	0.379194725	0.410433504	0.347955946
2377	0.3795245	0.410782457	0.348266543
2378	0.37905455	0.410412772	0.347696328
2379	0.377787725	0.409042517	0.346532933
2380	0.376391325	0.407256783	0.345525867
2381	0.3759546	0.406769999	0.345139201
2382	0.376290825	0.407200741	0.345380909
2383	0.3772956	0.408302177	0.346289023
2384	0.37857295	0.409886269	0.347259631
2385	0.379240525	0.410412943	0.348068107
2386	0.37893355	0.409708334	0.348158766
2387	0.379153775	0.409944889	0.348362661
2388	0.380288875	0.411458957	0.349118793
2389	0.38040725	0.411588328	0.349226172
2390	0.379069425	0.40964532	0.34849353
2391	0.3779869	0.408282587	0.347691213
2392	0.377776175	0.408179954	0.347372396
2393	0.378023925	0.408442508	0.347605342
2394	0.378821825	0.409167393	0.348476257
2395	0.379361975	0.409711664	0.349012286
2396	0.378883075	0.409066018	0.348700132
2397	0.3783934	0.408622576	0.348164224
2398	0.37765425	0.408282446	0.347026054
2399	0.3768256	0.407549406	0.346101794
2400	0.3759561	0.406488724	0.345423476
2401	0.375206025	0.405604449	0.344807601
2402	0.37518265	0.405338844	0.345026456
2403	0.37511185	0.40539975	0.34482395
2404	0.37605315	0.406962295	0.345144005
2405	0.377110875	0.408501231	0.345720519
2406	0.3770177	0.408400878	0.345634522
2407	0.3763121	0.407597728	0.345026472
2408	0.374236625	0.405103339	0.343369911
2409	0.372357075	0.402822138	0.341892012
2410	0.3716211	0.401930056	0.341312144
2411	0.370943625	0.401337099	0.340550151
2412	0.37026005	0.400755298	0.339764802
2413	0.369624875	0.400046089	0.339203661
2414	0.369849375	0.400007341	0.339691409
2415	0.3700037	0.399892905	0.340114495
2416	0.36908275	0.398833625	0.339331875
2417	0.3685103	0.398475077	0.338545523
2418	0.369588325	0.400194555	0.338982095
2419	0.370574525	0.401878512	0.339270538
2420	0.370324225	0.401379093	0.339269357
2421	0.37002935	0.400613822	0.339444878
2422	0.371001	0.401681847	0.340320153
2423	0.371821075	0.402862038	0.340780112
2424	0.3721531	0.403441048	0.340865152
2425	0.372556525	0.404104415	0.341008635
2426	0.37288155	0.404253677	0.341509423
2427	0.37318885	0.40442767	0.34195003
2428	0.37140195	0.402394494	0.340409406
2429	0.369339125	0.399912778	0.338765472
2430	0.36891765	0.399677492	0.338157808
2431	0.36904645	0.400392938	0.337699962
2432	0.369041425	0.400369608	0.337713242
2433	0.3684911	0.399671472	0.337310728
2434	0.366839225	0.397787645	0.335890805
2435	0.365467475	0.396155841	0.334779109
2436	0.365566925	0.39606811	0.33506574
2437	0.366052375	0.396287448	0.335817302
2438	0.366737875	0.396792672	0.336683078
2439	0.36710755	0.397415757	0.336799343
2440	0.367023925	0.397403083	0.336644767
2441	0.36674175	0.396515785	0.336967715
2442	0.3659285	0.39534318	0.33651382
2443	0.363445725	0.392652348	0.334239102
2444	0.3620628	0.390832499	0.333293101
2445	0.362335675	0.390675142	0.333996208
2446	0.361278525	0.389546247	0.333010803
2447	0.36060925	0.38914277	0.33207573
2448	0.357754775	0.386871989	0.328637561
2449	0.354871175	0.38527872	0.32446363
2450	0.353586025	0.384402341	0.322769709
2451	0.35233115	0.382896471	0.321765829
2452	0.3543191	0.384939488	0.323698712
2453	0.3585024	0.388678576	0.328326224
2454	0.36241135	0.392558929	0.332263771
2455	0.36494245	0.395790167	0.334094733
2456	0.36522075	0.396752215	0.333689285
2457	0.363681125	0.39405325	0.333309
2458	0.36202945	0.39143496	0.33262394
2459	0.358362525	0.387548623	0.329176427
2460	0.355420425	0.384609548	0.326231302
2461	0.354191025	0.383482008	0.324900042
2462	0.35329125	0.382680993	0.323901507
2463	0.356915225	0.386902855	0.326927595
2464	0.360001925	0.391044704	0.328959146
2465	0.3584722	0.389953869	0.326990531
2466	0.35626645	0.387700244	0.324832656
2467	0.353566475	0.383920702	0.323212248
2468	0.351619675	0.381620518	0.321618832
2469	0.35379195	0.384528845	0.323055055
2470	0.35708245	0.388834884	0.325330016
2471	0.35979975	0.391597942	0.328001558
2472	0.361614425	0.393852125	0.329376725
2473	0.35919075	0.390256697	0.328124803
2474	0.35558355	0.385520686	0.325646414
2475	0.353728275	0.38424506	0.32321149
2476	0.35178795	0.384030148	0.319545752
2477	0.346906275	0.380597544	0.313215006
2478	0.34280885	0.377368882	0.308248818
2479	0.343538625	0.376665896	0.310411354
2480	0.344744275	0.378793502	0.310695048
2481	0.340066825	0.374234793	0.305898857
2482	0.332656375	0.371853089	0.293459661
2483	0.32675975	0.366704309	0.286815191
2484	0.32229285	0.363413629	0.281172071
2485	0.3203118	0.365250837	0.275372763
2486	0.315548675	0.370892205	0.260205145
2487	0.30574455	0.36137058	0.25011852
2488	0.29627745	0.352542646	0.240012254
2489	0.283127575	0.336266797	0.229988353
2490	0.273429675	0.325179189	0.221680161
2491	0.27399425	0.327494537	0.220493963
2492	0.2747039	0.335730379	0.213677421
2493	0.274873825	0.334666675	0.215080975
2494	0.27717985	0.338446486	0.215913214
2495	0.28465025	0.342129758	0.227170742
2496	0.287892075	0.345411983	0.230372167
2497	0.281858425	0.340855537	0.222861313
2498	0.281582225	0.346054039	0.217110411
2499	0.290652	0.348043756	0.233260244
2500	0.297746625	0.35118171	0.24431154
