Wavelength	Mean	Std+	Std-
350	0.1447907	0.186813739	0.102767661
351	0.1452261	0.187309424	0.103142776
352	0.14579645	0.187948792	0.103644108
353	0.14572825	0.187964129	0.103492371
354	0.1459409	0.188260269	0.103621531
355	0.14648975	0.188891208	0.104088292
356	0.14711795	0.189595043	0.104640857
357	0.14730625	0.189927207	0.104685293
358	0.1474277	0.190207215	0.104648185
359	0.1482693	0.191114453	0.105424147
360	0.14878535	0.191710026	0.105860674
361	0.1492914	0.192296902	0.106285898
362	0.14997125	0.193052486	0.106890014
363	0.1503477	0.193584625	0.107110775
364	0.1507624	0.194127718	0.107397082
365	0.151236	0.194690454	0.107781546
366	0.15138	0.194931795	0.107828205
367	0.15182465	0.195449506	0.108199794
368	0.15242675	0.196112069	0.108741431
369	0.15289565	0.196650927	0.109140373
370	0.15349215	0.197355181	0.109629119
371	0.15399285	0.197959116	0.110026584
372	0.15419025	0.198221839	0.110158661
373	0.154917	0.199093701	0.110740299
374	0.155623	0.19992854	0.11131746
375	0.1562195	0.200622822	0.111816178
376	0.1566075	0.201131994	0.112083006
377	0.1571067	0.201748498	0.112464902
378	0.1577181	0.202468984	0.112967216
379	0.15848035	0.203304567	0.113656133
380	0.15888555	0.203848203	0.113922897
381	0.1593163	0.204425096	0.114207504
382	0.16011405	0.2053283	0.1148998
383	0.1609014	0.20618438	0.11561842
384	0.1614278	0.206800292	0.116055308
385	0.16163905	0.207134391	0.116143709
386	0.1625069	0.208132505	0.116881295
387	0.1631023	0.208855477	0.117349123
388	0.16358275	0.209453662	0.117711838
389	0.16457345	0.210522469	0.118624431
390	0.16502165	0.211064531	0.118978769
391	0.16535355	0.211494433	0.119212667
392	0.1659333	0.212170511	0.119696089
393	0.1664787	0.212808929	0.120148471
394	0.16718555	0.213623032	0.120748068
395	0.16808035	0.214640423	0.121520277
396	0.1685699	0.215266874	0.121872926
397	0.1690607	0.21586386	0.12225754
398	0.16956945	0.21645944	0.12267946
399	0.1702158	0.217204825	0.123226775
400	0.170604	0.217665467	0.123542533
401	0.1709371	0.218060519	0.123813681
402	0.1714169	0.218607212	0.124226588
403	0.1719044	0.219167586	0.124641214
404	0.1723652	0.219689571	0.125040829
405	0.17280015	0.220170381	0.125429919
406	0.173138	0.220607405	0.125668595
407	0.17363655	0.221187676	0.126085424
408	0.1742443	0.221863341	0.126625259
409	0.1747046	0.222401097	0.127008103
410	0.17523455	0.223020412	0.127448688
411	0.17576415	0.22363828	0.12789002
412	0.1762249	0.224172046	0.128277754
413	0.1766098	0.224632845	0.128586755
414	0.17702355	0.225120028	0.128927072
415	0.1775136	0.225679881	0.129347319
416	0.1780158	0.226260115	0.129771485
417	0.1785409	0.226864899	0.130216901
418	0.1790801	0.22748444	0.13067576
419	0.1795735	0.228059155	0.131087845
420	0.1800438	0.228598352	0.131489248
421	0.18052245	0.229144264	0.131900636
422	0.18107205	0.229775702	0.132368398
423	0.1815671	0.230355843	0.132778357
424	0.1820731	0.2309459	0.1332003
425	0.1826259	0.231580563	0.133671237
426	0.1831681	0.232182809	0.134153391
427	0.18370595	0.232799062	0.134612838
428	0.1842417	0.233433154	0.135050246
429	0.1847703	0.234054434	0.135486166
430	0.185341	0.234721946	0.135960054
431	0.1859382	0.235417646	0.136458754
432	0.18656305	0.236142763	0.136983337
433	0.18718545	0.236864764	0.137506136
434	0.18775915	0.237536746	0.137981554
435	0.18825715	0.238132968	0.138381332
436	0.1888155	0.238763289	0.138867711
437	0.1893588	0.239381804	0.139335796
438	0.18988865	0.239992645	0.139784655
439	0.19046305	0.240645747	0.140280353
440	0.1910491	0.241311431	0.140786769
441	0.19162	0.241964186	0.141275814
442	0.1921123	0.24254706	0.14167754
443	0.1926257	0.243149889	0.142101511
444	0.19314155	0.243746637	0.142536463
445	0.1936511	0.244321816	0.142980384
446	0.19417335	0.244927567	0.143419133
447	0.1946701	0.245504353	0.143835847
448	0.19513945	0.246047642	0.144231258
449	0.19560485	0.246581518	0.144628182
450	0.1960695	0.247116393	0.145022607
451	0.196524	0.247641911	0.145406089
452	0.19693	0.248118168	0.145741832
453	0.19733945	0.24859066	0.14608824
454	0.1977552	0.24906894	0.14644146
455	0.19818275	0.249562943	0.146802557
456	0.19865035	0.250103476	0.147197224
457	0.1990651	0.250589011	0.147541189
458	0.19940565	0.25099661	0.14781469
459	0.19982775	0.251469968	0.148185532
460	0.2002221	0.251924565	0.148519635
461	0.20060005	0.252367694	0.148832406
462	0.2009866	0.25281301	0.14916019
463	0.2013309	0.253212788	0.149449012
464	0.2016797	0.25361673	0.14974267
465	0.2020739	0.254067528	0.150080272
466	0.20247225	0.254522088	0.150422412
467	0.2028359	0.254940858	0.150730942
468	0.2031514	0.255309783	0.150993017
469	0.20349425	0.255712076	0.151276424
470	0.20384575	0.256122003	0.151569497
471	0.20421025	0.256543275	0.151877225
472	0.20462655	0.257014199	0.152238901
473	0.2049869	0.257430417	0.152543383
474	0.2053581	0.257858978	0.152857222
475	0.20581545	0.258376191	0.153254709
476	0.20613995	0.258760611	0.153519289
477	0.20645675	0.259133946	0.153779554
478	0.20679565	0.259525172	0.154066128
479	0.20723695	0.26001841	0.15445549
480	0.20765985	0.26049433	0.15482537
481	0.2080575	0.26094479	0.15517021
482	0.20839185	0.261321709	0.155461991
483	0.2087981	0.261774945	0.155821255
484	0.2092181	0.262245786	0.156190414
485	0.2095721	0.262655369	0.156488831
486	0.21000945	0.263162896	0.156856004
487	0.2104504	0.263671928	0.157228872
488	0.2108692	0.264151176	0.157587224
489	0.21130485	0.264657086	0.157952614
490	0.21175815	0.26517667	0.15833963
491	0.2122089	0.265688276	0.158729524
492	0.212563	0.266091572	0.159034428
493	0.21299625	0.266585005	0.159407495
494	0.2134481	0.267097503	0.159798697
495	0.2138429	0.267537756	0.160148044
496	0.2143132	0.268065441	0.160560959
497	0.21477065	0.268578812	0.160962488
498	0.2151829	0.269040173	0.161325627
499	0.21565185	0.269577486	0.161726214
500	0.2161039	0.270093115	0.162114685
501	0.21653705	0.270584797	0.162489303
502	0.21696735	0.271084249	0.162850451
503	0.21743495	0.27161657	0.16325333
504	0.21791655	0.27216155	0.16367155
505	0.21839165	0.272704485	0.164078815
506	0.21883325	0.273199527	0.164466973
507	0.21927415	0.273692053	0.164856247
508	0.21973305	0.274207424	0.165258676
509	0.2201531	0.274679244	0.165626956
510	0.2205768	0.275157038	0.165996562
511	0.22101105	0.275648347	0.166373753
512	0.2214824	0.276177663	0.166787137
513	0.22191395	0.276659173	0.167168727
514	0.22233945	0.277132347	0.167546553
515	0.22281805	0.277665728	0.167970372
516	0.2232749	0.278181	0.1683688
517	0.22372675	0.278692551	0.168760949
518	0.22417455	0.279200288	0.169148812
519	0.2247131	0.279828921	0.169597279
520	0.22522825	0.280427313	0.170029187
521	0.22570325	0.280973388	0.170433112
522	0.2261302	0.281455058	0.170805342
523	0.22660465	0.281985168	0.171224132
524	0.2270997	0.282537463	0.171661937
525	0.2275557	0.283054008	0.172057392
526	0.2280675	0.283629944	0.172505056
527	0.2285778	0.284206145	0.172949455
528	0.2290559	0.284751387	0.173360413
529	0.2295048	0.285274505	0.173735095
530	0.2299727	0.285807764	0.174137636
531	0.2304637	0.286353053	0.174574347
532	0.2308968	0.286849252	0.174944348
533	0.23135875	0.287372092	0.175345408
534	0.23184	0.287914578	0.175765422
535	0.23231715	0.288458521	0.176175779
536	0.23276535	0.288966222	0.176564478
537	0.2332198	0.289476556	0.176963044
538	0.2337138	0.290024004	0.177403596
539	0.2341483	0.290518671	0.177777929
540	0.2345801	0.2910135	0.1781467
541	0.2350171	0.291515169	0.178519031
542	0.2355142	0.292080368	0.178948032
543	0.23598375	0.292617302	0.179350198
544	0.2364303	0.293128803	0.179731797
545	0.23687085	0.293625952	0.180115748
546	0.2372972	0.2941044	0.18049
547	0.23771885	0.294581121	0.180856579
548	0.23814435	0.295073402	0.181215298
549	0.23862035	0.295608376	0.181632324
550	0.239071	0.296117431	0.182024569
551	0.2394771	0.296582893	0.182371307
552	0.23989435	0.297060432	0.182728268
553	0.24031785	0.297541374	0.183094326
554	0.2407463	0.298024837	0.183467763
555	0.2411728	0.29850265	0.18384295
556	0.241627	0.29901244	0.18424156
557	0.24207435	0.299518069	0.184630631
558	0.2424681	0.299973121	0.184963079
559	0.24288885	0.300461849	0.185315851
560	0.243317	0.300959089	0.185674911
561	0.2437453	0.301455051	0.186035549
562	0.244185	0.301954103	0.186415897
563	0.24460555	0.302432637	0.186778463
564	0.24501345	0.302898349	0.187128551
565	0.2454351	0.303384932	0.187485268
566	0.24585925	0.303872084	0.187846416
567	0.2462894	0.304367135	0.188211665
568	0.2467305	0.30487928	0.18858172
569	0.24712255	0.305338335	0.188906765
570	0.2475321	0.305815514	0.189248686
571	0.24798395	0.306336156	0.189631744
572	0.24839015	0.30681064	0.18996966
573	0.24879735	0.307276375	0.190318325
574	0.2492037	0.307732987	0.190674413
575	0.24957355	0.308158879	0.190988221
576	0.2499432	0.308586257	0.191300143
577	0.25031475	0.309014659	0.191614841
578	0.25068455	0.309434112	0.191934988
579	0.2510437	0.309840985	0.192246415
580	0.25139665	0.310236108	0.192557192
581	0.2517429	0.310615925	0.192869875
582	0.2520228	0.310931929	0.193113671
583	0.25233675	0.311283577	0.193389923
584	0.252684	0.311669674	0.193698326
585	0.25297335	0.311986741	0.193959959
586	0.25325905	0.312305336	0.194212764
587	0.2535491	0.312633405	0.194464795
588	0.253851	0.312978386	0.194723614
589	0.25413975	0.313309774	0.194969726
590	0.2544145	0.313628678	0.195200322
591	0.254666	0.313926011	0.195405989
592	0.2549587	0.314244465	0.195672935
593	0.2552001	0.3145033	0.1958969
594	0.25539415	0.314709616	0.196078684
595	0.25565205	0.314994627	0.196309473
596	0.25589975	0.315268171	0.196531329
597	0.2561423	0.315535768	0.196748832
598	0.2563863	0.315805101	0.196967499
599	0.2566346	0.316082896	0.197186304
600	0.2568865	0.316366447	0.197406553
601	0.25714055	0.31665373	0.19762737
602	0.25736225	0.316914697	0.197809803
603	0.25758925	0.317176577	0.198001923
604	0.2578251	0.317441458	0.198208742
605	0.25804835	0.317690181	0.198406519
606	0.2582951	0.317958405	0.198631795
607	0.2585509	0.318234378	0.198867422
608	0.25877155	0.318479172	0.199063928
609	0.2589786	0.318706415	0.199250785
610	0.25919035	0.318934863	0.199445837
611	0.2594194	0.319175414	0.199663386
612	0.2596603	0.31942343	0.19989717
613	0.25992775	0.319704557	0.200150943
614	0.26022455	0.320023777	0.200425323
615	0.2604433	0.320256108	0.200630492
616	0.26069935	0.320526562	0.200872138
617	0.26097305	0.32081706	0.20112904
618	0.2612084	0.321077012	0.201339788
619	0.26143695	0.321310039	0.201563861
620	0.26167845	0.321554289	0.201802611
621	0.26195435	0.321845609	0.202063091
622	0.2621715	0.322073826	0.202269174
623	0.26239095	0.32231299	0.20246891
624	0.26262485	0.322578711	0.202670989
625	0.26291825	0.322882786	0.202953714
626	0.2631963	0.323177702	0.203214898
627	0.2634604	0.323465713	0.203455087
628	0.26371585	0.323758416	0.203673284
629	0.26397805	0.324056712	0.203899388
630	0.26423245	0.324339638	0.204125262
631	0.26446365	0.324583389	0.204343911
632	0.26471105	0.324865574	0.204556526
633	0.2649606	0.325150761	0.204770439
634	0.26520995	0.325432061	0.204987839
635	0.26550425	0.32576948	0.20523902
636	0.26578105	0.32608779	0.20547431
637	0.26604435	0.326391055	0.205697645
638	0.26631185	0.326692993	0.205930707
639	0.2665607	0.326980257	0.206141143
640	0.26681965	0.327279045	0.206360255
641	0.2671269	0.327625937	0.206627863
642	0.26739485	0.327942856	0.206846844
643	0.26765005	0.32824407	0.20705603
644	0.2679002	0.328534151	0.207266249
645	0.26827205	0.328955259	0.207588841
646	0.2686006	0.329342111	0.207859089
647	0.2688905	0.329694924	0.208086076
648	0.26915715	0.330001727	0.208312573
649	0.2694448	0.330338932	0.208550668
650	0.2697386	0.330681805	0.208795395
651	0.27002665	0.331005076	0.209048224
652	0.2702759	0.33128424	0.20926756
653	0.27052365	0.331550249	0.209497051
654	0.27078755	0.331816632	0.209758468
655	0.27106085	0.332128283	0.209993417
656	0.27134315	0.332471175	0.210215125
657	0.27162375	0.332822107	0.210425393
658	0.27191215	0.33312634	0.21069796
659	0.27222805	0.333460993	0.210995107
660	0.2725513	0.333807416	0.211295184
661	0.2728594	0.334147696	0.211571104
662	0.27313885	0.334456822	0.211820878
663	0.2734342	0.33478406	0.21208434
664	0.2737674	0.335153961	0.212380839
665	0.27401975	0.335444491	0.212595009
666	0.2743102	0.335771376	0.212849024
667	0.27463595	0.336132263	0.213139637
668	0.27488815	0.336423954	0.213352346
669	0.27518785	0.336753787	0.213621913
670	0.2755101	0.337106196	0.213914004
671	0.2758181	0.337462244	0.214173956
672	0.27607085	0.337753247	0.214388453
673	0.27632855	0.338047209	0.214609891
674	0.2766226	0.338378784	0.214866416
675	0.27693535	0.33872551	0.21514519
676	0.27722975	0.339057915	0.215401585
677	0.27750865	0.339379643	0.215637657
678	0.2778608	0.339770929	0.215950671
679	0.27818	0.34013077	0.21622923
680	0.27847995	0.340470084	0.216489816
681	0.2787802	0.340801376	0.216759024
682	0.27906665	0.341118079	0.217015221
683	0.27937185	0.341454965	0.217288735
684	0.27972785	0.341846166	0.217609534
685	0.28007	0.342216522	0.217923478
686	0.2804438	0.342653084	0.218234516
687	0.2808425	0.343156091	0.218528909
688	0.2810941	0.34347256	0.21871564
689	0.28137305	0.343782753	0.218963347
690	0.28167685	0.344099329	0.219254371
691	0.28204005	0.344484724	0.219595376
692	0.2823899	0.344861921	0.219917879
693	0.28272485	0.345225672	0.220224028
694	0.28303405	0.345562385	0.220505715
695	0.28333125	0.345872006	0.220790494
696	0.2836226	0.346180492	0.221064708
697	0.28391685	0.346499878	0.221333822
698	0.2843103	0.346924303	0.221696297
699	0.2846938	0.347338765	0.222048835
700	0.28505665	0.347732318	0.222380982
701	0.28534115	0.348047821	0.222634479
702	0.28566435	0.348400668	0.222928032
703	0.28600315	0.348768273	0.223238027
704	0.28635165	0.349145241	0.223558059
705	0.28671735	0.349534367	0.223900333
706	0.2870997	0.349944543	0.224254857
707	0.28749945	0.350378472	0.224620428
708	0.2878308	0.350730932	0.224930668
709	0.288125	0.351046708	0.225203292
710	0.2883992	0.351343358	0.225455042
711	0.288712	0.351678465	0.225745535
712	0.2891089	0.35210581	0.22611199
713	0.2895292	0.352565312	0.226493088
714	0.28992865	0.353018344	0.226838956
715	0.29042935	0.353583514	0.227275186
716	0.2909557	0.354197532	0.227713868
717	0.2914837	0.354846525	0.228120875
718	0.29182885	0.355282981	0.228374719
719	0.2921219	0.355624928	0.228618872
720	0.2923574	0.355867558	0.228847242
721	0.2926081	0.356081425	0.229134775
722	0.2929997	0.356498337	0.229501063
723	0.29346465	0.357025069	0.229904231
724	0.29390625	0.357550561	0.230261939
725	0.29427545	0.35796316	0.23058774
726	0.294618	0.358337618	0.230898382
727	0.29494725	0.358694516	0.231199984
728	0.29524435	0.35902951	0.23145919
729	0.295553	0.359376839	0.231729161
730	0.29586255	0.359720535	0.232004565
731	0.2961305	0.359991079	0.232269921
732	0.2963959	0.360248356	0.232543444
733	0.2966757	0.360526477	0.232824923
734	0.2970142	0.36089494	0.23313346
735	0.2973215	0.361238101	0.233404899
736	0.29762165	0.361571593	0.233671707
737	0.29792025	0.361897208	0.233943292
738	0.29827435	0.36229307	0.23425563
739	0.2986104	0.362668503	0.234552297
740	0.29892685	0.363021488	0.234832212
741	0.29923915	0.363373571	0.235104729
742	0.299565	0.363734407	0.235395593
743	0.29990025	0.364104969	0.235695531
744	0.3002489	0.364497931	0.235999869
745	0.30058025	0.364878267	0.236282233
746	0.3009036	0.365243503	0.236563697
747	0.3012229	0.365590743	0.236855057
748	0.30152325	0.365938304	0.237108196
749	0.30183655	0.366299335	0.237373765
750	0.3021592	0.366669366	0.237649034
751	0.30244485	0.367001982	0.237887718
752	0.30275605	0.367361828	0.238150272
753	0.30307345	0.367726586	0.238420314
754	0.30336355	0.368055346	0.238671754
755	0.30366765	0.368409607	0.238925693
756	0.30399245	0.368769171	0.239215729
757	0.3043716	0.369147224	0.239595976
758	0.30465	0.369417594	0.239882406
759	0.3054805	0.370470598	0.240490402
760	0.30715775	0.372780975	0.241534525
761	0.30699605	0.372606686	0.241385414
762	0.30708365	0.372714577	0.241452723
763	0.30723335	0.37287439	0.24159231
764	0.3071941	0.372761755	0.241626445
765	0.30717845	0.37266042	0.24169648
766	0.30725765	0.372680502	0.241834798
767	0.3074938	0.372896906	0.242090694
768	0.30775625	0.37315853	0.24235397
769	0.3080079	0.373431752	0.242584048
770	0.3082522	0.373720199	0.242784201
771	0.3085793	0.374083681	0.243074919
772	0.3088906	0.374435553	0.243345647
773	0.3091831	0.374772547	0.243593653
774	0.30943115	0.375070933	0.243791367
775	0.30964395	0.375317574	0.243970326
776	0.3098872	0.375592712	0.244181688
777	0.3102231	0.375967892	0.244478308
778	0.3105189	0.37631282	0.24472498
779	0.31081315	0.376656865	0.244969435
780	0.31111165	0.377004275	0.245219025
781	0.31138035	0.377324243	0.245436457
782	0.3116829	0.377672727	0.245693073
783	0.31201035	0.378045708	0.245974992
784	0.31233265	0.378429058	0.246236242
785	0.3126493	0.378805416	0.246493184
786	0.31296575	0.379181157	0.246750343
787	0.3132828	0.379557265	0.247008335
788	0.3136109	0.379943041	0.247278759
789	0.31393365	0.380319905	0.247547395
790	0.3142445	0.380679321	0.247809679
791	0.31444585	0.380904359	0.247987341
792	0.31467895	0.381170476	0.248187424
793	0.3149466	0.381480426	0.248412774
794	0.31527885	0.38187018	0.24868752
795	0.3155916	0.38225207	0.24893113
796	0.31588485	0.382607371	0.249162329
797	0.31614485	0.382896657	0.249393043
798	0.31647365	0.383280067	0.249667233
799	0.31679115	0.383654899	0.249927401
800	0.3170699	0.383987865	0.250151935
801	0.3174103	0.384375903	0.250444697
802	0.3176843	0.384698558	0.250670042
803	0.3179082	0.384969895	0.250846505
804	0.3181545	0.385248996	0.251060004
805	0.3183867	0.385507882	0.251265518
806	0.31862815	0.385776324	0.251479976
807	0.31891755	0.386101475	0.251733625
808	0.3192371	0.386482334	0.251991866
809	0.3195453	0.386862868	0.252227732
810	0.31982305	0.38722139	0.25242471
811	0.32023535	0.387725828	0.252744872
812	0.3206292	0.388215018	0.253043382
813	0.32101335	0.388696916	0.253329784
814	0.3214054	0.389164514	0.253646286
815	0.32175975	0.389583381	0.253936119
816	0.3220445	0.389921415	0.254167585
817	0.3221669	0.390078052	0.254255748
818	0.32240295	0.390333869	0.254472031
819	0.3226328	0.39057946	0.25468614
820	0.3228187	0.390780295	0.254857105
821	0.32325275	0.391287541	0.255217959
822	0.3236607	0.391768637	0.255552763
823	0.32396245	0.392125662	0.255799238
824	0.3239672	0.392108948	0.255825452
825	0.32410605	0.392280302	0.255931798
826	0.32434815	0.392584319	0.256111981
827	0.3247031	0.393009004	0.256397196
828	0.325022	0.393370667	0.256673333
829	0.3253317	0.393716905	0.256946495
830	0.3256415	0.394065444	0.257217556
831	0.32594495	0.394443683	0.257446217
832	0.32622995	0.394788815	0.257671085
833	0.3264887	0.395090307	0.257887093
834	0.32668485	0.395333739	0.258035961
835	0.32692195	0.395600364	0.258243536
836	0.32717225	0.395868509	0.258475991
837	0.3273838	0.396089073	0.258678527
838	0.32762555	0.396371709	0.258879391
839	0.3278783	0.396666889	0.259089711
840	0.3281363	0.396953754	0.259318846
841	0.32832205	0.397169443	0.259474657
842	0.32853785	0.39742539	0.25965031
843	0.3287906	0.397728258	0.259852942
844	0.3290144	0.397992871	0.260035929
845	0.3292509	0.398274807	0.260226993
846	0.3294926	0.398561362	0.260423838
847	0.3297215	0.39882282	0.26062018
848	0.3299911	0.399142669	0.260839531
849	0.33026445	0.399464526	0.261064374
850	0.3305067	0.399737271	0.261276129
851	0.33071375	0.400005538	0.261421962
852	0.33098815	0.400332853	0.261643447
853	0.33135255	0.400737551	0.261967549
854	0.33163175	0.401056538	0.262206962
855	0.3318844	0.401355122	0.262413678
856	0.33210425	0.401624408	0.262584092
857	0.3322954	0.401871039	0.262719761
858	0.3325074	0.402126928	0.262887872
859	0.33275	0.402413242	0.263086758
860	0.3330408	0.402756141	0.263325459
861	0.33326195	0.403038119	0.263485781
862	0.33350925	0.403340805	0.263677695
863	0.33380465	0.403683747	0.263925553
864	0.33410835	0.404045454	0.264171246
865	0.3344175	0.404399567	0.264435433
866	0.33472365	0.404744395	0.264702905
867	0.3349862	0.40506571	0.26490669
868	0.33516475	0.405298402	0.265031098
869	0.3353357	0.405519377	0.265152023
870	0.3355699	0.405798969	0.265340831
871	0.33588425	0.406165914	0.265602586
872	0.3361852	0.406517353	0.265853047
873	0.3364493	0.406827333	0.266071267
874	0.3366554	0.40708844	0.26622236
875	0.3368936	0.407380569	0.266406631
876	0.3371524	0.407694285	0.266610515
877	0.3373851	0.407993308	0.266776892
878	0.33766865	0.408325032	0.267012268
879	0.3379588	0.40865761	0.26725999
880	0.3382069	0.408952165	0.267461635
881	0.3384694	0.409278033	0.267660767
882	0.33876075	0.409629154	0.267892346
883	0.33908935	0.410007709	0.268170991
884	0.3392909	0.410297081	0.268284719
885	0.33954415	0.410624601	0.268463699
886	0.33986415	0.411005987	0.268722313
887	0.3403327	0.411526274	0.269139126
888	0.34059495	0.411848904	0.269340996
889	0.34080995	0.412130716	0.269489184
890	0.34116315	0.412557482	0.269768818
891	0.34141995	0.412883933	0.269955967
892	0.3416721	0.413222604	0.270121596
893	0.34195015	0.413615637	0.270284663
894	0.3424638	0.414206082	0.270721518
895	0.3428634	0.414696185	0.271030615
896	0.34315325	0.415089892	0.271216608
897	0.3435434	0.415558453	0.271528347
898	0.3439384	0.416032566	0.271844234
899	0.34431745	0.41648627	0.27214863
900	0.34461915	0.416843868	0.272394432
901	0.3448632	0.417131174	0.272595226
902	0.3450134	0.417334166	0.272692634
903	0.3450397	0.417433315	0.272646085
904	0.34542505	0.417901812	0.272948288
905	0.3456806	0.418234693	0.273126507
906	0.3458405	0.41846747	0.27321353
907	0.34639515	0.419093099	0.273697201
908	0.34685225	0.419611859	0.274092641
909	0.34720795	0.420036706	0.274379194
910	0.34737705	0.420319504	0.274434596
911	0.34775895	0.420770067	0.274747833
912	0.34811095	0.421181901	0.275039999
913	0.3482993	0.421436206	0.275162394
914	0.3485279	0.421711554	0.275344246
915	0.34881995	0.422064775	0.275575125
916	0.3491661	0.422483348	0.275848852
917	0.34943675	0.422771177	0.276102323
918	0.34951055	0.422897057	0.276124043
919	0.3495627	0.423004431	0.276120969
920	0.34994145	0.423380053	0.276502847
921	0.35018915	0.423664331	0.276713969
922	0.3504156	0.423949873	0.276881327
923	0.350679	0.424293066	0.277064934
924	0.3510221	0.424733062	0.277311138
925	0.3513142	0.425135108	0.277493292
926	0.3515469	0.425491576	0.277602224
927	0.35190655	0.425948043	0.277865057
928	0.3522654	0.426413276	0.278117524
929	0.3526199	0.426892226	0.278347574
930	0.3528855	0.427319373	0.278451627
931	0.35321345	0.427738954	0.278687946
932	0.3535751	0.428156175	0.278994025
933	0.35390155	0.428501682	0.279301418
934	0.35443725	0.429062149	0.279812351
935	0.3549007	0.429633764	0.280167636
936	0.35519095	0.430126972	0.280254928
937	0.35602265	0.430917429	0.281127871
938	0.35626245	0.431225036	0.281299864
939	0.3561608	0.431245245	0.281076355
940	0.3562007	0.431353142	0.281048258
941	0.3565001	0.431728102	0.281272098
942	0.35673915	0.432025294	0.281453006
943	0.3566547	0.43195537	0.28135403
944	0.3574103	0.432779438	0.282041162
945	0.35786435	0.433310957	0.282417743
946	0.35776465	0.433289653	0.282239647
947	0.357576	0.43312997	0.28202203
948	0.35767645	0.433277085	0.282075815
949	0.35807055	0.433719002	0.282422098
950	0.3589071	0.434536965	0.283277235
951	0.35890275	0.434671177	0.283134323
952	0.3588257	0.434723343	0.282928057
953	0.35937	0.435223186	0.283516814
954	0.35986825	0.435790553	0.283945947
955	0.3602037	0.436219383	0.284188017
956	0.36033285	0.436449916	0.284215784
957	0.36062585	0.436725298	0.284526402
958	0.3609315	0.43706198	0.28480102
959	0.36120945	0.437410136	0.285008764
960	0.3612538	0.437550304	0.284957296
961	0.3613584	0.437752535	0.284964265
962	0.3615092	0.437963202	0.285055198
963	0.36171575	0.438128418	0.285303082
964	0.36184445	0.438253861	0.285435039
965	0.36188225	0.4383305	0.285434
966	0.36181635	0.438350991	0.285281709
967	0.3625647	0.43917559	0.28595381
968	0.3629893	0.439658113	0.286320487
969	0.36309475	0.439816503	0.286372997
970	0.3627806	0.439617964	0.285943236
971	0.3630959	0.439991512	0.286200288
972	0.3635763	0.440498068	0.286654532
973	0.36371565	0.440643029	0.286788271
974	0.3641054	0.441060379	0.287150421
975	0.36433835	0.441374591	0.287302109
976	0.3642262	0.441423242	0.287029158
977	0.3645058	0.441678994	0.287332606
978	0.3650152	0.442233357	0.287797043
979	0.3656379	0.442961328	0.288314472
980	0.3655155	0.442848399	0.288182601
981	0.36567745	0.443040866	0.288314034
982	0.3659065	0.443320627	0.288492373
983	0.3659001	0.443396179	0.288404021
984	0.36611545	0.443660725	0.288570175
985	0.36637875	0.443973415	0.288784085
986	0.366636	0.444293309	0.288978691
987	0.3668877	0.44465706	0.28911834
988	0.36694175	0.444735876	0.289147624
989	0.36686035	0.444599615	0.289121085
990	0.36744495	0.445235591	0.289654309
991	0.3675128	0.4453915	0.2896341
992	0.36744325	0.44541395	0.28947255
993	0.3679117	0.445913812	0.289909588
994	0.36786035	0.445959519	0.289761181
995	0.3679671	0.446151463	0.289782737
996	0.3686284	0.446841774	0.290415026
997	0.36885405	0.447219214	0.290488886
998	0.3690024	0.447402421	0.290602379
999	0.36911635	0.447427752	0.290804948
1000	0.369422	0.447798982	0.291045018
1001	0.36906025	0.447785035	0.290335465
1002	0.36936985	0.448141822	0.290597878
1003	0.3696891	0.448518855	0.290859345
1004	0.3699923	0.448856791	0.291127809
1005	0.37018535	0.449066611	0.291304089
1006	0.3703593	0.449288498	0.291430102
1007	0.37058995	0.449601717	0.291578183
1008	0.3707943	0.449872484	0.291716116
1009	0.37101165	0.450156013	0.291867287
1010	0.37134345	0.450584692	0.292102208
1011	0.37171935	0.451062973	0.292375727
1012	0.37196125	0.451376623	0.292545877
1013	0.3721263	0.451602961	0.292649639
1014	0.3723943	0.451942024	0.292846576
1015	0.3727419	0.452339602	0.293144198
1016	0.37291645	0.452485749	0.293347151
1017	0.37303775	0.452574139	0.293501361
1018	0.37340185	0.453014316	0.293789384
1019	0.3737368	0.453466134	0.294007466
1020	0.3739331	0.453763721	0.294102479
1021	0.3741374	0.454044003	0.294230797
1022	0.37438755	0.454366712	0.294408388
1023	0.3745761	0.454627018	0.294525182
1024	0.3746543	0.454737924	0.294570676
1025	0.37474135	0.454815492	0.294667208
1026	0.3749969	0.455078618	0.294915182
1027	0.3754648	0.455614442	0.295315158
1028	0.3759655	0.456221677	0.295709323
1029	0.37622935	0.45656608	0.29589262
1030	0.3762698	0.456628572	0.295911028
1031	0.3761724	0.456511364	0.295833436
1032	0.3762146	0.45653738	0.29589182
1033	0.37658675	0.456994348	0.296179152
1034	0.3769159	0.457452896	0.296378904
1035	0.37706305	0.457664798	0.296461302
1036	0.3772584	0.45790363	0.29661317
1037	0.37749625	0.458195569	0.296796931
1038	0.3777215	0.458471553	0.296971447
1039	0.37796035	0.458758021	0.297162679
1040	0.3782435	0.459082386	0.297404614
1041	0.3785302	0.459398579	0.297661821
1042	0.378773	0.459676193	0.297869807
1043	0.37896475	0.459924064	0.298005436
1044	0.379205	0.460250609	0.298159391
1045	0.3795055	0.460655362	0.298355638
1046	0.3796934	0.460921103	0.298465697
1047	0.37977455	0.461022875	0.298526225
1048	0.37983325	0.461083364	0.298583136
1049	0.37996425	0.461222712	0.298705788
1050	0.3801326	0.461414743	0.298850457
1051	0.38030245	0.461626995	0.298977905
1052	0.3804661	0.461828511	0.299103689
1053	0.3806524	0.462073263	0.299231537
1054	0.38085825	0.462364832	0.299351668
1055	0.3810321	0.462614834	0.299449366
1056	0.38117565	0.462800539	0.299550761
1057	0.3813646	0.463015632	0.299713568
1058	0.3815939	0.46328271	0.29990509
1059	0.3817797	0.463490813	0.300068587
1060	0.38197375	0.463742401	0.300205099
1061	0.38231785	0.464198713	0.300436987
1062	0.382563	0.464497622	0.300628378
1063	0.38268095	0.464659189	0.300702711
1064	0.38284145	0.464890733	0.300792167
1065	0.38296365	0.465065417	0.300861883
1066	0.3831014	0.465240625	0.300962175
1067	0.38329975	0.465477439	0.301122061
1068	0.3835444	0.465775079	0.301313721
1069	0.3837614	0.466052485	0.301470315
1070	0.3839404	0.46628224	0.30159856
1071	0.38412855	0.46651602	0.30174108
1072	0.38434265	0.466783923	0.301901377
1073	0.3845594	0.467052444	0.302066356
1074	0.3847549	0.467266092	0.302243708
1075	0.3848918	0.467420743	0.302362857
1076	0.38508155	0.467663257	0.302499843
1077	0.3854045	0.468070419	0.302738581
1078	0.3857215	0.468486443	0.302956557
1079	0.3859198	0.468748207	0.303091393
1080	0.38605805	0.468914295	0.303201805
1081	0.38628805	0.469199591	0.303376509
1082	0.38657885	0.469560194	0.303597506
1083	0.38674345	0.4697367	0.3037502
1084	0.38689075	0.469902366	0.303879134
1085	0.38711515	0.470183419	0.304046881
1086	0.3873629	0.470483123	0.304242677
1087	0.3877573	0.470949581	0.304565019
1088	0.38819855	0.471482461	0.304914639
1089	0.38845995	0.471785749	0.305134151
1090	0.3886051	0.471930852	0.305279348
1091	0.38871775	0.472104205	0.305331295
1092	0.3888848	0.472376265	0.305393335
1093	0.3891201	0.472701168	0.305539032
1094	0.38942605	0.473076675	0.305775425
1095	0.38978045	0.473502975	0.306057925
1096	0.3901197	0.473932134	0.306307266
1097	0.3904627	0.474374033	0.306551367
1098	0.390806	0.474813629	0.306798371
1099	0.3911448	0.475247259	0.307042341
1100	0.39141175	0.475580084	0.307243416
1101	0.39167285	0.475905005	0.307440695
1102	0.39197335	0.476264301	0.307682399
1103	0.3922691	0.476623983	0.307914217
1104	0.39246105	0.476915684	0.308006416
1105	0.3926587	0.477219124	0.308098276
1106	0.3930744	0.477733592	0.308415208
1107	0.3934918	0.478254308	0.308729292
1108	0.3936667	0.478496661	0.308836739
1109	0.3938399	0.47872959	0.30895021
1110	0.39406505	0.47902677	0.30910333
1111	0.3942595	0.479291416	0.309227584
1112	0.39458145	0.479715588	0.309447312
1113	0.3950874	0.480396329	0.309778471
1114	0.39558725	0.481088415	0.310086085
1115	0.3960238	0.481696403	0.310351197
1116	0.3965024	0.482362574	0.310642226
1117	0.39723435	0.483345578	0.311123122
1118	0.39798925	0.484352119	0.311626381
1119	0.3982991	0.484744999	0.311853201
1120	0.3986665	0.485213106	0.312119894
1121	0.39930635	0.485984601	0.312628099
1122	0.39997345	0.486777274	0.313169626
1123	0.40081405	0.487839981	0.313788119
1124	0.4017038	0.48899256	0.31441504
1125	0.4019425	0.489321253	0.314563747
1126	0.4019634	0.489358838	0.314567962
1127	0.40223775	0.489732484	0.314743016
1128	0.40260335	0.49023538	0.31497132
1129	0.4029559	0.490665611	0.315246189
1130	0.4032924	0.491026574	0.315558226
1131	0.40360695	0.491378488	0.315835412
1132	0.40390515	0.491723711	0.316086589
1133	0.4041706	0.492020629	0.316320571
1134	0.40446655	0.492353402	0.316579698
1135	0.4047604	0.492694798	0.316826002
1136	0.40521645	0.493267212	0.317165688
1137	0.40565025	0.493812465	0.317488035
1138	0.40578305	0.493959414	0.317606686
1139	0.40587445	0.494053656	0.317695244
1140	0.40593715	0.494212481	0.317661819
1141	0.40601215	0.494407988	0.317616312
1142	0.40629905	0.494789272	0.317808828
1143	0.4066677	0.495243229	0.318092171
1144	0.40702275	0.495711844	0.318333656
1145	0.40737035	0.496194611	0.318546089
1146	0.4077328	0.496675731	0.318789869
1147	0.4081042	0.497142721	0.319065679
1148	0.4084281	0.497541733	0.319314467
1149	0.40867945	0.497843833	0.319515067
1150	0.4089391	0.498160463	0.319717737
1151	0.4092582	0.49854266	0.31997374
1152	0.4095091	0.498835922	0.320182278
1153	0.40959745	0.498928356	0.320266544
1154	0.40968575	0.499021466	0.320350034
1155	0.4097054	0.49899634	0.32041446
1156	0.40972315	0.498974084	0.320472216
1157	0.4098887	0.499163827	0.320613573
1158	0.4100401	0.499338907	0.320741293
1159	0.41029455	0.499625988	0.320963112
1160	0.41054745	0.499912117	0.321182783
1161	0.4106186	0.499985703	0.321251497
1162	0.4106368	0.499996103	0.321277497
1163	0.4107697	0.500161588	0.321377812
1164	0.41095545	0.50040086	0.32151004
1165	0.4111463	0.500639295	0.321653305
1166	0.41135005	0.500887956	0.321812144
1167	0.4115716	0.501158751	0.321984449
1168	0.41182035	0.501464128	0.322176572
1169	0.41207225	0.501778904	0.322365596
1170	0.41235345	0.502143806	0.322563094
1171	0.4126199	0.502483225	0.322756575
1172	0.41283535	0.502724903	0.322945797
1173	0.4130473	0.502964782	0.323129818
1174	0.4132485	0.503238056	0.323258944
1175	0.41344795	0.503508559	0.323387341
1176	0.41358305	0.503695337	0.323470763
1177	0.4137129	0.503875365	0.323550435
1178	0.4140327	0.50428593	0.32377947
1179	0.41439095	0.504743132	0.324038768
1180	0.4146505	0.505070207	0.324230793
1181	0.4148721	0.505347695	0.324396505
1182	0.41518645	0.505748249	0.324624651
1183	0.41555895	0.506224844	0.324893056
1184	0.41581365	0.506549879	0.325077421
1185	0.4159515	0.506725541	0.325177459
1186	0.4161154	0.506929244	0.325301556
1187	0.4163179	0.507173693	0.325462107
1188	0.41651485	0.507411561	0.325618139
1189	0.4167178	0.507658978	0.325776622
1190	0.41692625	0.507918459	0.325934041
1191	0.4171219	0.508185945	0.326057855
1192	0.4173125	0.508445494	0.326179506
1193	0.4175302	0.508712373	0.326348027
1194	0.41774705	0.508978315	0.326515785
1195	0.41802625	0.50933905	0.32671345
1196	0.41830635	0.509700737	0.326911963
1197	0.41840245	0.509837783	0.326967117
1198	0.41847	0.509942202	0.326997798
1199	0.41865315	0.510169042	0.327137258
1200	0.4188733	0.510433941	0.327312659
1201	0.4191054	0.510727083	0.327483717
1202	0.4193491	0.511039612	0.327658588
1203	0.4195352	0.511273257	0.327797143
1204	0.4196692	0.511440031	0.327898369
1205	0.4198653	0.511681481	0.328049119
1206	0.42012655	0.512002895	0.328250205
1207	0.42037125	0.512304904	0.328437596
1208	0.42060065	0.512582606	0.328618694
1209	0.42079665	0.512822504	0.328770796
1210	0.42091345	0.512974374	0.328852526
1211	0.42105815	0.513158006	0.328958294
1212	0.4212798	0.513439144	0.329120456
1213	0.4214964	0.51371506	0.32927774
1214	0.42176165	0.514037569	0.329485731
1215	0.42202395	0.514356463	0.329691437
1216	0.42212905	0.514517853	0.329740247
1217	0.42222535	0.51466891	0.32978179
1218	0.42238795	0.514856113	0.329919787
1219	0.4225552	0.515044198	0.330066202
1220	0.42266575	0.51517173	0.33015977
1221	0.42276595	0.51528655	0.33024535
1222	0.42283985	0.515381377	0.330298323
1223	0.4229057	0.515472494	0.330338906
1224	0.4229866	0.515570905	0.330402295
1225	0.42305705	0.51565412	0.33045998
1226	0.42316915	0.515800647	0.330537653
1227	0.4233447	0.516033873	0.330655527
1228	0.42347345	0.516199952	0.330746948
1229	0.42351375	0.516242565	0.330784935
1230	0.42359305	0.516334535	0.330851565
1231	0.42378765	0.516562322	0.331012978
1232	0.42397385	0.516779181	0.331168519
1233	0.4241095	0.516940376	0.331278624
1234	0.4242324	0.517086714	0.331378086
1235	0.42422045	0.517095137	0.331345763
1236	0.42421095	0.517107836	0.331314064
1237	0.42433715	0.517271166	0.331403134
1238	0.42447195	0.517441768	0.331502132
1239	0.4246673	0.517665627	0.331668973
1240	0.42487695	0.517905073	0.331848827
1241	0.4250319	0.518106415	0.331957385
1242	0.4251728	0.518300071	0.332045529
1243	0.42529795	0.518464703	0.332131197
1244	0.42542655	0.518628859	0.332224241
1245	0.4255643	0.518807096	0.332321504
1246	0.4256926	0.518977691	0.332407509
1247	0.4258234	0.519156875	0.332489925
1248	0.4259526	0.51934066	0.33256454
1249	0.4260854	0.519520921	0.332649879
1250	0.4262265	0.519694379	0.332758621
1251	0.426363	0.519859972	0.332866028
1252	0.42648935	0.520008052	0.332970648
1253	0.4266073	0.520154063	0.333060537
1254	0.4266952	0.520304954	0.333085446
1255	0.42679755	0.520469514	0.333125586
1256	0.427033	0.520764589	0.333301411
1257	0.42727385	0.521066991	0.333480709
1258	0.4274838	0.521336244	0.333631356
1259	0.42769	0.521601995	0.333778005
1260	0.42785265	0.521821355	0.333883945
1261	0.42801785	0.52204471	0.33399099
1262	0.4281239	0.522198294	0.334049506
1263	0.4282127	0.522331731	0.334093669
1264	0.4284612	0.522627696	0.334294704
1265	0.42876095	0.522976774	0.334545126
1266	0.4288941	0.523147961	0.334640239
1267	0.428965	0.523252154	0.334677846
1268	0.4290874	0.523422148	0.334752652
1269	0.42921675	0.523610094	0.334823406
1270	0.4294255	0.523882843	0.334968157
1271	0.42973535	0.524261935	0.335208765
1272	0.42997475	0.524556119	0.335393381
1273	0.43010945	0.524713987	0.335504913
1274	0.43024865	0.524875502	0.335621798
1275	0.43041705	0.525084881	0.335749219
1276	0.4305827	0.525294187	0.335871213
1277	0.43067895	0.525420967	0.335936933
1278	0.43080125	0.525578075	0.336024425
1279	0.4310612	0.525907128	0.336215272
1280	0.43129405	0.526204001	0.336384099
1281	0.4314492	0.526406274	0.336492126
1282	0.431612	0.526616285	0.336607715
1283	0.43178235	0.526832957	0.336731743
1284	0.4319454	0.527042189	0.336848611
1285	0.43214705	0.52730572	0.33698838
1286	0.4323597	0.527581186	0.337138214
1287	0.4326273	0.527940839	0.337313761
1288	0.43294915	0.528366729	0.337531571
1289	0.4331784	0.528664573	0.337692227
1290	0.4333033	0.52883454	0.33777206
1291	0.43349485	0.529086291	0.337903409
1292	0.43377135	0.529442599	0.338100101
1293	0.43398565	0.529718413	0.338252887
1294	0.43411445	0.52988902	0.33833988
1295	0.43424295	0.530060477	0.338425423
1296	0.4344013	0.530257385	0.338545215
1297	0.43459785	0.530511627	0.338684073
1298	0.43486255	0.530881183	0.338843917
1299	0.43513165	0.531253508	0.339009792
1300	0.4353584	0.531548462	0.339168338
1301	0.43557835	0.531830422	0.339326278
1302	0.4357807	0.532094839	0.339466561
1303	0.43598805	0.532368985	0.339607115
1304	0.43616715	0.532633326	0.339700974
1305	0.43633455	0.532886069	0.339783031
1306	0.4365261	0.533143183	0.339909017
1307	0.4367512	0.533437535	0.340064865
1308	0.4369532	0.533686694	0.340219706
1309	0.4371389	0.533915062	0.340362738
1310	0.43749375	0.534377651	0.340609849
1311	0.43791155	0.534926079	0.340897021
1312	0.43813465	0.535235805	0.341033495
1313	0.4383037	0.535473656	0.341133744
1314	0.43846225	0.535661417	0.341263083
1315	0.43866685	0.535903797	0.341429903
1316	0.4389228	0.53619599	0.34164961
1317	0.439144	0.536439537	0.341848463
1318	0.4392283	0.536562952	0.341893648
1319	0.4392478	0.5366323	0.3418633
1320	0.4394427	0.536899985	0.341985415
1321	0.43984845	0.537407711	0.342289189
1322	0.44024845	0.537919787	0.342577113
1323	0.44058245	0.538370436	0.342794464
1324	0.44092815	0.538832804	0.343023496
1325	0.4412217	0.539221367	0.343222033
1326	0.44151945	0.539620058	0.343418842
1327	0.4419029	0.540126713	0.343679087
1328	0.44231865	0.540650964	0.343986336
1329	0.44265645	0.541061409	0.344251491
1330	0.4430019	0.541488775	0.344515025
1331	0.4434164	0.542007622	0.344825178
1332	0.44380465	0.54250889	0.34510041
1333	0.4441112	0.542928426	0.345293974
1334	0.44445505	0.543388802	0.345521298
1335	0.4447728	0.543784685	0.345760915
1336	0.44503155	0.544103402	0.345959698
1337	0.44512985	0.54425089	0.34600881
1338	0.4452778	0.544475922	0.346079678
1339	0.4454656	0.544760442	0.346170758
1340	0.44558665	0.544952754	0.346220546
1341	0.44582205	0.545290631	0.346353469
1342	0.44618925	0.545807178	0.346571322
1343	0.44651095	0.546248722	0.346773178
1344	0.44683695	0.546692248	0.346981652
1345	0.44712935	0.547099221	0.347159479
1346	0.4474511	0.547539051	0.347363149
1347	0.4480024	0.548231445	0.347773355
1348	0.44869625	0.549126741	0.348265759
1349	0.44894565	0.549581726	0.348309574
1350	0.44857375	0.549361338	0.347786162
1351	0.4486326	0.549640008	0.347625192
1352	0.44950215	0.550921014	0.348083286
1353	0.44956065	0.551218762	0.347902538
1354	0.44879745	0.5504191	0.3471758
1355	0.4479228	0.549376268	0.346469332
1356	0.44537325	0.545496089	0.345250411
1357	0.44137395	0.54006187	0.34268603
1358	0.43695675	0.537233781	0.336679719
1359	0.4292267	0.532429379	0.326024021
1360	0.4325595	0.534938235	0.330180765
1361	0.44462165	0.547388036	0.341855264
1362	0.437829	0.534402696	0.341255304
1363	0.4224217	0.514054287	0.330789113
1364	0.4494413	0.554107286	0.344775314
1365	0.50048165	0.640740263	0.360223037
1366	0.4849245	0.614145163	0.355703837
1367	0.4518695	0.570343563	0.333395437
1368	0.42870505	0.537792654	0.319617446
1369	0.4200502	0.530071991	0.310028409
1370	0.41232545	0.513578122	0.311072778
1371	0.39892615	0.501603374	0.296248926
1372	0.425385	0.51855859	0.33221141
1373	0.4667898	0.563645489	0.369934111
1374	0.4809113	0.585535569	0.376287031
1375	0.48419235	0.600211617	0.368173083
1376	0.4730641	0.587218972	0.358909228
1377	0.4684013	0.581150974	0.355651626
1378	0.47045305	0.579756584	0.361149516
1379	0.4591367	0.567332529	0.350940871
1380	0.49039375	0.613232127	0.367555373
1381	0.5574897	0.707008213	0.407971187
1382	0.53143955	0.670467747	0.392411353
1383	0.4433894	0.548993683	0.337785117
1384	0.41705875	0.512622156	0.321495344
1385	0.45348485	0.56334801	0.34362169
1386	0.47087385	0.591111949	0.350635751
1387	0.44758285	0.561580346	0.333585354
1388	0.44095125	0.549515834	0.332386666
1389	0.4566914	0.56346247	0.34992033
1390	0.46653155	0.574265852	0.358797248
1391	0.47303535	0.580518132	0.365552568
1392	0.4772885	0.585828509	0.368748491
1393	0.4698556	0.577921804	0.361789396
1394	0.4684035	0.577143372	0.359663628
1395	0.48071815	0.593699795	0.367736505
1396	0.486524	0.60246064	0.37058736
1397	0.481094	0.597926858	0.364261142
1398	0.47595095	0.593643572	0.358258328
1399	0.47220315	0.587288003	0.357118297
1400	0.47289795	0.586529068	0.359266832
1401	0.477719	0.590793259	0.364644741
1402	0.4784063	0.590381546	0.366431054
1403	0.47625445	0.588399251	0.364109649
1404	0.4762278	0.589258283	0.363197317
1405	0.47416075	0.586000903	0.362320597
1406	0.47164525	0.582313168	0.360977332
1407	0.4696748	0.580776986	0.358572614
1408	0.46800825	0.579699103	0.356317397
1409	0.46692475	0.577820562	0.356028938
1410	0.46591715	0.575877689	0.355956611
1411	0.46483605	0.574281072	0.355391028
1412	0.4647291	0.574127969	0.355330231
1413	0.46458365	0.574481518	0.354685782
1414	0.46383045	0.573978805	0.353682095
1415	0.46242505	0.571811463	0.353038637
1416	0.46131895	0.569905888	0.352732012
1417	0.4623427	0.571131628	0.353553772
1418	0.4639895	0.573310709	0.354668291
1419	0.46404265	0.573512455	0.354572845
1420	0.4630324	0.572382447	0.353682353
1421	0.46252365	0.571566337	0.353480963
1422	0.4629517	0.571881325	0.354022075
1423	0.4629034	0.571810101	0.353996699
1424	0.46195095	0.570637317	0.353264583
1425	0.46157965	0.570172946	0.352986354
1426	0.4617226	0.570381536	0.353063664
1427	0.4612402	0.569894812	0.352585588
1428	0.4603718	0.56906496	0.35167864
1429	0.45992695	0.568566065	0.351287835
1430	0.4601674	0.568510723	0.351824077
1431	0.4605644	0.568771405	0.352357395
1432	0.46071775	0.569026975	0.352408525
1433	0.46092155	0.569345173	0.352497927
1434	0.4617031	0.570360147	0.353046053
1435	0.4623787	0.571264789	0.353492611
1436	0.46268295	0.571782877	0.353583023
1437	0.4629734	0.572241535	0.353705265
1438	0.46283115	0.572072395	0.353589905
1439	0.4626902	0.571932939	0.353447461
1440	0.46266585	0.571886442	0.353445258
1441	0.46261295	0.571754321	0.353471579
1442	0.4625768	0.571543879	0.353609721
1443	0.4625491	0.571396778	0.353701422
1444	0.46238695	0.57126476	0.35350914
1445	0.4622382	0.571142711	0.353333689
1446	0.46206575	0.570850336	0.353281164
1447	0.4618644	0.570512247	0.353216553
1448	0.4616329	0.570178007	0.353087793
1449	0.4614589	0.569932898	0.352984902
1450	0.4613714	0.569834605	0.352908195
1451	0.46131445	0.569773703	0.352855197
1452	0.4613016	0.569633904	0.352969296
1453	0.46127	0.569468189	0.353071811
1454	0.46106285	0.569203587	0.352922113
1455	0.46080975	0.568898192	0.352721308
1456	0.4606932	0.568732239	0.352654161
1457	0.46071685	0.568733677	0.352700023
1458	0.4607144	0.568725942	0.352702858
1459	0.46067615	0.568680283	0.352672017
1460	0.46070085	0.568732528	0.352669172
1461	0.4607527	0.568832246	0.352673154
1462	0.46078875	0.568869959	0.352707541
1463	0.4608073	0.568869167	0.352745433
1464	0.4609974	0.569124245	0.352870555
1465	0.46121635	0.569430589	0.353002111
1466	0.46160105	0.569954032	0.353248068
1467	0.4622088	0.570759716	0.353657884
1468	0.46269095	0.571352095	0.354029805
1469	0.4629161	0.571602202	0.354229998
1470	0.462912	0.571645179	0.354178821
1471	0.4628594	0.571670664	0.354048136
1472	0.4628182	0.571629503	0.354006897
1473	0.46270535	0.571443719	0.353966981
1474	0.4628737	0.571624718	0.354122682
1475	0.46330615	0.572138651	0.354473649
1476	0.4634781	0.572335101	0.354621099
1477	0.4634585	0.572306754	0.354610246
1478	0.46351945	0.57236753	0.35467137
1479	0.46351025	0.572323955	0.354696545
1480	0.46329665	0.572065801	0.354527499
1481	0.4629955	0.57176045	0.35423055
1482	0.46292805	0.571677309	0.354178791
1483	0.46310155	0.571789525	0.354413575
1484	0.46325345	0.571921793	0.354585107
1485	0.4634121	0.572123828	0.354700372
1486	0.4634924	0.57220798	0.35477682
1487	0.4633925	0.572044781	0.354740219
1488	0.46330595	0.571894075	0.354717825
1489	0.46332645	0.57186138	0.35479152
1490	0.46335205	0.571847443	0.354856657
1491	0.4633229	0.571786961	0.354858839
1492	0.4633156	0.571757695	0.354873505
1493	0.463359	0.571767276	0.354950724
1494	0.4633528	0.571709597	0.354996003
1495	0.46327645	0.571556583	0.354996317
1496	0.4632311	0.571450309	0.355011891
1497	0.4633319	0.571553956	0.355109844
1498	0.46339245	0.571608317	0.355176583
1499	0.46333795	0.571521584	0.355154316
1500	0.46334065	0.571505997	0.355175303
1501	0.46340145	0.571564683	0.355238217
1502	0.4634529	0.571614529	0.355291271
1503	0.4634487	0.571602712	0.355294688
1504	0.4634525	0.571597781	0.355307219
1505	0.4637589	0.57195027	0.35556753
1506	0.46406515	0.572306264	0.355824036
1507	0.46417755	0.57243675	0.35591835
1508	0.46428015	0.572554588	0.356005712
1509	0.46436895	0.57265797	0.35607993
1510	0.4644441	0.572744708	0.356143492
1511	0.4645861	0.572915792	0.356256408
1512	0.4647444	0.573108081	0.356380719
1513	0.46490415	0.573290289	0.356518011
1514	0.46505655	0.573462434	0.356650666
1515	0.4651612	0.57360541	0.35671699
1516	0.465256	0.57373976	0.35677224
1517	0.4654641	0.573974082	0.356954118
1518	0.465684	0.574218267	0.357149733
1519	0.465824	0.574371692	0.357276308
1520	0.4659561	0.574517036	0.357395164
1521	0.4660406	0.574624114	0.357457086
1522	0.4661113	0.574713989	0.357508611
1523	0.46622295	0.574832702	0.357613198
1524	0.46636005	0.574983332	0.357736768
1525	0.4664509	0.575104311	0.357797489
1526	0.46652355	0.575205597	0.357841503
1527	0.4666352	0.575339447	0.357930953
1528	0.46672395	0.575442966	0.358004934
1529	0.4668255	0.575559758	0.358091242
1530	0.46696735	0.575724197	0.358210503
1531	0.46709185	0.575875346	0.358308354
1532	0.4671971	0.576004363	0.358389837
1533	0.46733995	0.57618374	0.35849616
1534	0.46749805	0.576386097	0.358610003
1535	0.4676474	0.576585644	0.358709156
1536	0.46779305	0.576778603	0.358807497
1537	0.4679736	0.576994998	0.358952202
1538	0.46816165	0.57722035	0.35910295
1539	0.4683526	0.577465428	0.359239772
1540	0.46853985	0.577706588	0.359373112
1541	0.46866675	0.577852489	0.359481011
1542	0.4687889	0.577988551	0.359589249
1543	0.46893	0.578142987	0.359717013
1544	0.46906115	0.578282216	0.359840084
1545	0.4691368	0.57835155	0.35992205
1546	0.4692008	0.578403979	0.359997621
1547	0.46933565	0.578571319	0.360099981
1548	0.4695033	0.578789684	0.360216916
1549	0.46963815	0.578970707	0.360305593
1550	0.4697465	0.579123339	0.360369661
1551	0.46982225	0.579214355	0.360430145
1552	0.4698741	0.579265112	0.360483088
1553	0.4700102	0.579421278	0.360599122
1554	0.4701944	0.579636661	0.360752139
1555	0.47034335	0.579826754	0.360859946
1556	0.47049425	0.580030659	0.360957841
1557	0.47056605	0.580135816	0.360996284
1558	0.47058745	0.580176685	0.360998215
1559	0.4707387	0.580366083	0.361111317
1560	0.47096205	0.580638906	0.361285194
1561	0.4710861	0.580807413	0.361364787
1562	0.4711491	0.580910749	0.361387451
1563	0.47123825	0.581029009	0.361447491
1564	0.47135215	0.581167806	0.361536494
1565	0.4715186	0.581374116	0.361663084
1566	0.47170755	0.581609535	0.361805565
1567	0.4720093	0.58198877	0.36202983
1568	0.4723907	0.582467158	0.362314242
1569	0.47262965	0.582781575	0.362477725
1570	0.4727731	0.582987436	0.362558764
1571	0.47290255	0.583144487	0.362660613
1572	0.4730195	0.583264619	0.362774381
1573	0.4731497	0.583418552	0.362880848
1574	0.47329605	0.583604175	0.362987925
1575	0.47348665	0.583858794	0.363114506
1576	0.4737082	0.584161008	0.363255392
1577	0.47389905	0.584424715	0.363373385
1578	0.47407025	0.584663615	0.363476885
1579	0.47424515	0.584899729	0.363590571
1580	0.4744249	0.585138036	0.363711764
1581	0.47458415	0.585325306	0.363842994
1582	0.47472525	0.58547305	0.36397745
1583	0.4748313	0.585594255	0.364068345
1584	0.4749057	0.585686046	0.364125354
1585	0.4750876	0.585916771	0.364258429
1586	0.4753531	0.586255827	0.364450373
1587	0.47547275	0.586396293	0.364549207
1588	0.47548095	0.586388128	0.364573772
1589	0.47553925	0.586470578	0.364607922
1590	0.4756435	0.586627583	0.364659417
1591	0.47579345	0.58681132	0.36477558
1592	0.47596725	0.587007659	0.364926841
1593	0.47607475	0.587141035	0.365008465
1594	0.4761431	0.587238205	0.365047995
1595	0.4762211	0.587320907	0.365121293
1596	0.47631035	0.587399159	0.365221541
1597	0.47652945	0.587677373	0.365381527
1598	0.4768283	0.588080229	0.365576371
1599	0.4770359	0.588346626	0.365725174
1600	0.4771889	0.588529648	0.365848152
1601	0.4773722	0.588782925	0.365961475
1602	0.4775674	0.589071596	0.366063204
1603	0.477756	0.589317432	0.366194568
1604	0.477946	0.589543335	0.366348665
1605	0.47810845	0.589757775	0.366459125
1606	0.4782558	0.589968434	0.366543166
1607	0.4784202	0.590175833	0.366664567
1608	0.47859295	0.590378315	0.366807585
1609	0.47867485	0.590473083	0.366876617
1610	0.47870775	0.590511273	0.366904227
1611	0.4788566	0.590702015	0.367011185
1612	0.4790671	0.590972973	0.367161227
1613	0.4792851	0.59124687	0.36732333
1614	0.47950245	0.59151577	0.36748913
1615	0.4795871	0.591623122	0.367551078
1616	0.4796097	0.591654503	0.367564897
1617	0.479707	0.591781381	0.367632619
1618	0.4798431	0.59195804	0.36772816
1619	0.4799965	0.592140442	0.367852558
1620	0.4801537	0.592320719	0.367986681
1621	0.4803054	0.592512841	0.368097959
1622	0.4804553	0.592711028	0.368199572
1623	0.4806805	0.592995402	0.368365598
1624	0.4809382	0.593316879	0.368559521
1625	0.4811263	0.593568211	0.368684389
1626	0.48128745	0.593792722	0.368782178
1627	0.4813394	0.593855979	0.368822821
1628	0.4813512	0.593860109	0.368842291
1629	0.4814723	0.594016641	0.368927959
1630	0.4816317	0.594226141	0.369037259
1631	0.48183845	0.594506667	0.369170233
1632	0.48206095	0.594810725	0.369311175
1633	0.48217315	0.594965814	0.369380486
1634	0.48225465	0.595079311	0.369429989
1635	0.48246995	0.595367363	0.369572537
1636	0.48272555	0.595707973	0.369743127
1637	0.4828926	0.595917822	0.369867378
1638	0.48304075	0.596099253	0.369982247
1639	0.48314005	0.596232676	0.370047424
1640	0.48322815	0.596355571	0.370100729
1641	0.48345095	0.596633441	0.370268459
1642	0.48369825	0.596938858	0.370457642
1643	0.48376185	0.597051898	0.370471802
1644	0.48379805	0.597136922	0.370459178
1645	0.4838361	0.597199779	0.370472421
1646	0.4838731	0.597257336	0.370488864
1647	0.48402985	0.597449806	0.370609894
1648	0.48419925	0.597655906	0.370742594
1649	0.48439965	0.597922651	0.370876649
1650	0.48460535	0.59819902	0.37101168
1651	0.4846226	0.598237404	0.371007796
1652	0.48462625	0.598258112	0.370994388
1653	0.48473775	0.598416038	0.371059462
1654	0.48485595	0.59858176	0.37113014
1655	0.4850727	0.598883558	0.371261842
1656	0.48528355	0.599181435	0.371385665
1657	0.4852896	0.59919889	0.37138031
1658	0.48530435	0.599224403	0.371384297
1659	0.48554325	0.599535921	0.371550579
1660	0.4857784	0.599844031	0.371712769
1661	0.4859349	0.600032448	0.371837352
1662	0.48609605	0.600228062	0.371964038
1663	0.48623475	0.600414469	0.372055031
1664	0.48636495	0.600590751	0.372139149
1665	0.48644695	0.600717254	0.372176646
1666	0.4865276	0.600840381	0.372214819
1667	0.48663735	0.600989132	0.372285568
1668	0.4867562	0.601154323	0.372358077
1669	0.48686475	0.601321828	0.372407672
1670	0.4869865	0.601502798	0.372470202
1671	0.48722365	0.601818679	0.372628621
1672	0.48744535	0.602111847	0.372778853
1673	0.48754295	0.602237959	0.372847941
1674	0.4876239	0.602341472	0.372906328
1675	0.4876804	0.602405402	0.372955398
1676	0.4877616	0.602506005	0.373017195
1677	0.48794165	0.602749555	0.373133745
1678	0.48810875	0.602986924	0.373230576
1679	0.48822075	0.60317795	0.37326355
1680	0.4883982	0.603430713	0.373365687
1681	0.4886923	0.60379168	0.37359292
1682	0.48899195	0.604171705	0.373812195
1683	0.48932095	0.604606739	0.374035161
1684	0.48960675	0.60498369	0.37422981
1685	0.48982285	0.605264073	0.374381627
1686	0.4900746	0.605606628	0.374542572
1687	0.49037635	0.606041028	0.374711672
1688	0.49061765	0.606376741	0.374858559
1689	0.4907789	0.606585505	0.374972295
1690	0.49099	0.606875152	0.375104848
1691	0.49124105	0.607228703	0.375253397
1692	0.4915016	0.607554552	0.375448648
1693	0.4917839	0.607878198	0.375689602
1694	0.49197385	0.608125544	0.375822156
1695	0.4920828	0.608298483	0.375867117
1696	0.4921781	0.60844802	0.37590818
1697	0.49227	0.608594614	0.375945386
1698	0.49238185	0.6087495	0.3760142
1699	0.49250885	0.608909055	0.376108645
1700	0.49263115	0.60911127	0.37615103
1701	0.4927479	0.609332835	0.376162965
1702	0.49282895	0.6094503	0.3762076
1703	0.4928982	0.609526818	0.376269582
1704	0.49291625	0.609580701	0.376251799
1705	0.4929085	0.609620521	0.376196479
1706	0.4930984	0.609901167	0.376295633
1707	0.4933653	0.610272456	0.376458144
1708	0.49344735	0.610415884	0.376478816
1709	0.4934671	0.610482603	0.376451597
1710	0.4935868	0.610653523	0.376520077
1711	0.4937451	0.610871137	0.376619063
1712	0.49376075	0.610907139	0.376614361
1713	0.49374985	0.610911362	0.376588338
1714	0.4938336	0.611039787	0.376627413
1715	0.4939138	0.611164446	0.376663154
1716	0.494132	0.611472891	0.376791109
1717	0.4943615	0.611786272	0.376936728
1718	0.4943289	0.611729458	0.376928342
1719	0.49427005	0.611652879	0.376887221
1720	0.49424645	0.611629599	0.376863301
1721	0.4942345	0.611614032	0.376854968
1722	0.49438395	0.611807446	0.376960454
1723	0.4945439	0.61201514	0.37707266
1724	0.49454215	0.61201699	0.37706731
1725	0.49450665	0.611990053	0.377023247
1726	0.49442705	0.611999128	0.376854972
1727	0.4944074	0.61206072	0.37675408
1728	0.4946349	0.612318663	0.376951137
1729	0.4948036	0.612507028	0.377100172
1730	0.4947614	0.612453742	0.377069058
1731	0.4947982	0.612511465	0.377084935
1732	0.49497675	0.61278068	0.37717282
1733	0.49507085	0.612943708	0.377197992
1734	0.49510475	0.613009879	0.377199621
1735	0.4949913	0.612891616	0.377090984
1736	0.49464035	0.612487937	0.376792763
1737	0.4945366	0.61240132	0.37667188
1738	0.4946566	0.612613536	0.376699664
1739	0.49474395	0.612753039	0.376734861
1740	0.4948282	0.612844019	0.376812381
1741	0.49488965	0.612919097	0.376860203
1742	0.49491505	0.612967865	0.376862235
1743	0.49497265	0.613062621	0.376882679
1744	0.49507435	0.613210364	0.376938336
1745	0.49514545	0.61336443	0.37692647
1746	0.49524245	0.613571991	0.376912909
1747	0.49523015	0.613582552	0.376877748
1748	0.4951603	0.613501115	0.376819485
1749	0.49515355	0.613472891	0.376834209
1750	0.49514775	0.613439102	0.376856398
1751	0.49528435	0.613635062	0.376933638
1752	0.49541275	0.613835654	0.376989846
1753	0.49540815	0.613844191	0.376972109
1754	0.49545505	0.61391073	0.37699937
1755	0.49573225	0.614294718	0.377169782
1756	0.49601055	0.614675086	0.377346014
1757	0.4961263	0.614829201	0.377423399
1758	0.49619375	0.614926523	0.377460977
1759	0.49597735	0.614684383	0.377270317
1760	0.4957593	0.614449548	0.377069052
1761	0.4958184	0.614559418	0.377077382
1762	0.49592385	0.614713113	0.377134587
1763	0.4960275	0.614837343	0.377217657
1764	0.4961543	0.615004095	0.377304505
1765	0.49638445	0.615306871	0.377462029
1766	0.4966666	0.615678876	0.377654324
1767	0.49703745	0.616187947	0.377886953
1768	0.4972882	0.616552014	0.378024386
1769	0.4974561	0.61681134	0.37810086
1770	0.497612	0.617013979	0.378210021
1771	0.4976073	0.61696461	0.37824999
1772	0.4977557	0.617117607	0.378393793
1773	0.49810345	0.617536859	0.378670041
1774	0.49839735	0.61792123	0.37887347
1775	0.4987256	0.618368851	0.379082349
1776	0.49889135	0.618655817	0.379126883
1777	0.49891455	0.618794339	0.379034761
1778	0.4989341	0.618832448	0.379035752
1779	0.4988735	0.618719252	0.379027748
1780	0.49928975	0.619313109	0.379266391
1781	0.49999295	0.6203285	0.3796574
1782	0.49988195	0.620187893	0.379576007
1783	0.49952445	0.619676536	0.379372364
1784	0.49955695	0.619715983	0.379397917
1785	0.4996718	0.619896696	0.379446904
1786	0.49956685	0.619808826	0.379324874
1787	0.49944475	0.619682854	0.379206646
1788	0.4999635	0.620300365	0.379626635
1789	0.5004559	0.620876415	0.380035385
1790	0.50005875	0.620428917	0.379688583
1791	0.4997562	0.620110197	0.379402203
1792	0.5005199	0.621220036	0.379819764
1793	0.50112195	0.622162939	0.380080961
1794	0.5006283	0.62159606	0.37966054
1795	0.5002034	0.621113801	0.379292999
1796	0.50051055	0.621588172	0.379432928
1797	0.5012269	0.622593144	0.379860656
1798	0.50201885	0.623779636	0.380258064
1799	0.5022875	0.624224038	0.380350962
1800	0.5023659	0.624153589	0.380578211
1801	0.4934322	0.614044903	0.372819497
1802	0.4930317	0.612343174	0.373720226
1803	0.49471075	0.615379078	0.374042422
1804	0.5008159	0.625040362	0.376591438
1805	0.5085161	0.637168989	0.379863211
1806	0.5106845	0.642600083	0.378768917
1807	0.49965015	0.629245011	0.370055289
1808	0.4982389	0.627446871	0.369030929
1809	0.5020204	0.631491746	0.372549054
1810	0.4896909	0.613162754	0.366219046
1811	0.485679	0.60676619	0.36459181
1812	0.4954059	0.61853098	0.37228082
1813	0.50684875	0.633642881	0.380054619
1814	0.51802695	0.64916443	0.38688947
1815	0.54098795	0.681439036	0.400536864
1816	0.5564505	0.707298463	0.405602537
1817	0.5457021	0.702006204	0.389397996
1818	0.5512407	0.712771587	0.389709813
1819	0.5596442	0.729040003	0.390248397
1820	0.5507999	0.727869568	0.373730232
1821	0.5429979	0.733778888	0.352216912
1822	0.5391049	0.747702881	0.330506919
1823	0.5057224	0.710246626	0.301198174
1824	0.445046	0.633656128	0.256435872
1825	0.4389149	0.642929261	0.234900539
1826	0.4373792	0.649124289	0.225634111
1827	0.4286282	0.629310072	0.227946328
1828	0.48373865	0.703160548	0.264316752
1829	0.64073335	0.93794825	0.34351845
1830	0.9753444	1.498475678	0.452213122
1831	1.4519358	2.404063135	0.499808465
1832	2.40471785	4.126273668	0.683162032
1833	8.91151255	15.38914286	2.433882243
1834	0.7745322	1.389199695	0.159864705
1835	0.33233615	0.653545044	0.011127256
1836	0.2637971	0.515653312	0.011940888
1837	0.25563845	0.469921063	0.041355837
1838	0.3329762	0.568520098	0.097432302
1839	0.5720292	1.003274889	0.140783511
1840	0.71150335	1.229483524	0.193523176
1841	0.40903655	0.657910032	0.160163068
1842	0.2854715	0.479250458	0.091692542
1843	0.3816151	0.691260062	0.071970138
1844	0.5242007	1.080582182	-0.032180782
1845	0.5634886	1.094545735	0.032431465
1846	0.60457335	1.137216517	0.071930183
1847	0.83159555	1.475865852	0.187325248
1848	1.62543925	2.746572486	0.504306014
1849	1.836964	3.084680626	0.589247374
1850	1.15591365	2.107392081	0.204435219
1851	1.71097225	3.363191723	0.058752777
1852	1.29279295	2.398412965	0.187172935
1853	0.79406895	1.492785772	0.095352128
1854	0.7830067	1.481531587	0.084481813
1855	0.86176975	1.706968905	0.016570595
1856	0.5394666	1.058332104	0.020601096
1857	0.33007575	0.700925278	-0.040773778
1858	0.33070725	0.6875156	-0.0261011
1859	0.63248145	1.232356957	0.032605943
1860	1.8087724	3.390777475	0.226767325
1861	3.5872473	7.275997523	-0.101502923
1862	115.5363117	238.4891427	-7.416519295
1863	0	0	0
1864	0	0	0
1865	0	0	0
1866	0	0	0
1867	0	0	0
1868	0	0	0
1869	0	0	0
1870	0	0	0
1871	0	0	0
1872	0	0	0
1873	0	0	0
1874	0	0	0
1875	0	0	0
1876	9.17644445	14.98800693	3.364881969
1877	3.10697695	5.388340401	0.825613499
1878	0.69562025	1.161723093	0.229517407
1879	0.41632555	0.633057381	0.199593719
1880	0.43826785	0.658710194	0.217825506
1881	0.54899465	0.831604386	0.266384914
1882	0.69143245	1.100314399	0.282550501
1883	0.63513005	0.954199653	0.316060447
1884	0.5500004	0.802412982	0.297587818
1885	0.5465152	0.776178799	0.316851601
1886	0.63239725	0.973262121	0.291532379
1887	0.5781576	0.855180522	0.301134678
1888	0.4106067	0.592008541	0.229204859
1889	0.37274205	0.558441469	0.187042631
1890	0.59439	0.919068133	0.269711867
1891	1.14280675	1.864342122	0.421271378
1892	1.14855055	1.87223233	0.42486877
1893	1.08407235	1.861017036	0.307127664
1894	1.0493722	1.862337476	0.236406924
1895	1.0672784	2.041938352	0.092618448
1896	2.30066285	4.377774604	0.223551096
1897	10.6220003	19.70225312	1.541747479
1898	19.74910935	34.60587629	4.89234241
1899	3.99250195	6.901683347	1.083320553
1900	1.13068865	2.279771983	-0.018394683
1901	0.4440442	0.877042955	0.011045445
1902	0.2914525	0.596407244	-0.013502244
1903	0.29814305	0.583937316	0.012348784
1904	0.31041005	0.619238383	0.001581717
1905	0.2895287	0.542609826	0.036447574
1906	0.286924	0.530387475	0.043460525
1907	0.2424746	0.444954186	0.039995014
1908	0.1864571	0.354126238	0.018787962
1909	0.1713313	0.323835991	0.018826609
1910	0.1823749	0.325459806	0.039289994
1911	0.1907764	0.355147607	0.026405193
1912	0.1999109	0.350705258	0.049116542
1913	0.21143885	0.36285627	0.06002143
1914	0.30707735	0.457449958	0.156704742
1915	0.4565234	0.645750581	0.267296219
1916	0.53325685	0.745957595	0.320556105
1917	0.5299815	0.744683088	0.315279912
1918	0.49865315	0.689406467	0.307899833
1919	0.43585955	0.581600702	0.290118398
1920	0.40387155	0.531811387	0.275931713
1921	0.4611529	0.60125162	0.32105418
1922	0.51226295	0.681793258	0.342732642
1923	0.51529	0.698174084	0.332405916
1924	0.5177576	0.718861765	0.316653435
1925	0.47356915	0.642235012	0.304903288
1926	0.4273253	0.565170534	0.289480066
1927	0.39078055	0.508751409	0.272809691
1928	0.36320325	0.469483098	0.256923402
1929	0.359838	0.464870544	0.254805456
1930	0.3879954	0.501950618	0.274040182
1931	0.4161003	0.540459049	0.291741551
1932	0.4427274	0.567856098	0.317598702
1933	0.46584285	0.593225233	0.338460467
1934	0.479183	0.608929624	0.349436376
1935	0.4895418	0.622828178	0.356255422
1936	0.4990083	0.633635345	0.364381255
1937	0.50792245	0.643394352	0.372450548
1938	0.50327555	0.636896603	0.369654497
1939	0.48870625	0.618250471	0.359162029
1940	0.478564	0.605552864	0.351575136
1941	0.4736938	0.599741209	0.347646391
1942	0.4699713	0.595645258	0.344297342
1943	0.46871195	0.595988413	0.341435487
1944	0.46759315	0.596443994	0.338742306
1945	0.47029625	0.599628433	0.340964067
1946	0.47342115	0.603162571	0.343679729
1947	0.47104785	0.60033662	0.34175908
1948	0.46540725	0.593733636	0.337080864
1949	0.46252355	0.59051718	0.33452992
1950	0.4636351	0.592178727	0.335091473
1951	0.4652516	0.594293897	0.336209303
1952	0.47021655	0.599516616	0.340916484
1953	0.47497615	0.604666781	0.345285519
1954	0.47232465	0.601686958	0.342962342
1955	0.4696976	0.598850455	0.340544745
1956	0.47353555	0.603495217	0.343575883
1957	0.4786181	0.609599928	0.347636272
1958	0.48000575	0.610962361	0.349049139
1959	0.47895635	0.609246169	0.348666531
1960	0.4767056	0.60595347	0.34745773
1961	0.472536	0.600050193	0.345021807
1962	0.4697552	0.596026944	0.343483456
1963	0.4704839	0.596441312	0.344526488
1964	0.4710973	0.59682164	0.34537296
1965	0.4721919	0.597616621	0.346767179
1966	0.47324235	0.598435587	0.348049113
1967	0.4751159	0.600887799	0.349344001
1968	0.477099	0.603671052	0.350526948
1969	0.47789755	0.604691024	0.351104076
1970	0.47773775	0.604302843	0.351172657
1971	0.47705295	0.603460606	0.350645294
1972	0.4754021	0.601744835	0.349059365
1973	0.47394585	0.600218399	0.347673301
1974	0.47345405	0.599643777	0.347264323
1975	0.47300355	0.599127907	0.346879193
1976	0.4735651	0.599590401	0.347539799
1977	0.47404695	0.59994344	0.34815046
1978	0.47444655	0.600327008	0.348566092
1979	0.4749498	0.600893859	0.349005741
1980	0.47562235	0.601680619	0.349564081
1981	0.47627995	0.602482754	0.350077146
1982	0.47691935	0.60322446	0.35061424
1983	0.4774768	0.603791466	0.351162134
1984	0.47780165	0.604137709	0.351465591
1985	0.477332	0.603783752	0.350880248
1986	0.47687165	0.603440993	0.350302307
1987	0.4774791	0.604251437	0.350706763
1988	0.47811815	0.605098732	0.351137568
1989	0.4787382	0.605870647	0.351605753
1990	0.4794143	0.606689029	0.352139571
1991	0.47944815	0.606595827	0.352300473
1992	0.478884	0.605690655	0.352077345
1993	0.47851065	0.605021009	0.352000291
1994	0.47841775	0.604616544	0.352218956
1995	0.47845135	0.604397731	0.352504969
1996	0.47947555	0.605846176	0.353104924
1997	0.48054485	0.607378264	0.353711436
1998	0.479964	0.606880181	0.353047819
1999	0.47936335	0.606418039	0.352308661
2000	0.4808	0.608261776	0.353338224
2001	0.48319845	0.61129689	0.35510001
2002	0.48538885	0.614520614	0.356257086
2003	0.48591725	0.615846365	0.355988135
2004	0.48604125	0.616453406	0.355629094
2005	0.4863354	0.61671794	0.35595286
2006	0.486398	0.616619903	0.356176097
2007	0.486609	0.616635861	0.356582139
2008	0.48702515	0.616916423	0.357133877
2009	0.4890314	0.619793184	0.358269616
2010	0.49099685	0.622725486	0.359268214
2011	0.49193295	0.623364895	0.360501005
2012	0.49249345	0.623352451	0.361634449
2013	0.4925687	0.623246567	0.361890833
2014	0.49240825	0.623044103	0.361772397
2015	0.4924659	0.62315047	0.36178133
2016	0.49302105	0.62398693	0.36205517
2017	0.4938884	0.625253657	0.362523143
2018	0.49488835	0.626385773	0.363390927
2019	0.49552925	0.627003787	0.364054713
2020	0.49599835	0.627164642	0.364832058
2021	0.49643085	0.627338666	0.365523034
2022	0.49639485	0.626907505	0.365882195
2023	0.4963969	0.626575362	0.366218438
2024	0.496439	0.626840167	0.366037833
2025	0.4963781	0.62716596	0.36559024
2026	0.4964539	0.627556489	0.365351311
2027	0.4965761	0.627879122	0.365273078
2028	0.4966544	0.627997101	0.365311699
2029	0.49641405	0.627445365	0.365382735
2030	0.4962549	0.626965189	0.365544611
2031	0.4968239	0.627364732	0.366283068
2032	0.497231	0.627592952	0.366869048
2033	0.4966658	0.626910421	0.366421179
2034	0.49605635	0.626223671	0.365889029
2035	0.4953319	0.625408195	0.365255605
2036	0.4944667	0.624406209	0.364527191
2037	0.4950819	0.625250095	0.364913705
2038	0.49639005	0.626872315	0.365907785
2039	0.49799595	0.628820069	0.367171831
2040	0.50023315	0.631536408	0.368929892
2041	0.501995	0.633672209	0.370317791
2042	0.5019208	0.633577693	0.370263907
2043	0.5016598	0.633255754	0.370063846
2044	0.50146525	0.633143171	0.369787329
2045	0.5014217	0.633248376	0.369595024
2046	0.5025337	0.634667343	0.370400057
2047	0.5038782	0.636306764	0.371449636
2048	0.50379095	0.636075088	0.371506812
2049	0.5031677	0.635183612	0.371151788
2050	0.50242655	0.634326345	0.370526755
2051	0.5019877	0.634063613	0.369911787
2052	0.50257825	0.63511815	0.37003835
2053	0.50380675	0.636839074	0.370774426
2054	0.5048457	0.638114504	0.371576896
2055	0.50593505	0.63918231	0.37268779
2056	0.50706075	0.640326664	0.373794836
2057	0.5070512	0.640087759	0.374014641
2058	0.5067842	0.639534463	0.374033937
2059	0.50625375	0.638874112	0.373633388
2060	0.5058097	0.638392907	0.373226493
2061	0.50536755	0.638063636	0.372671464
2062	0.50513375	0.637887253	0.372380247
2063	0.505193	0.637932039	0.372453961
2064	0.505249	0.638034479	0.372463521
2065	0.505137	0.63797425	0.37229975
2066	0.50488855	0.637805537	0.371971563
2067	0.5047586	0.637670547	0.371846653
2068	0.5054724	0.63821121	0.37273359
2069	0.50640985	0.639112264	0.373707436
2070	0.5068329	0.639447775	0.374218025
2071	0.5068401	0.639272286	0.374407914
2072	0.50626755	0.638558812	0.373976288
2073	0.50598385	0.638263643	0.373704057
2074	0.50678155	0.639306697	0.374256403
2075	0.5074435	0.640220771	0.374666229
2076	0.50765885	0.640663952	0.374653748
2077	0.50774795	0.640999168	0.374496732
2078	0.50787585	0.641296098	0.374455602
2079	0.5077333	0.641108823	0.374357777
2080	0.5077476	0.641022352	0.374472848
2081	0.5080934	0.641249995	0.374936805
2082	0.5082625	0.641349	0.375176
2083	0.5090248	0.6423266	0.375723
2084	0.50974435	0.643240655	0.376248045
2085	0.5091854	0.642571415	0.375799385
2086	0.5083879	0.641617033	0.375158767
2087	0.50798215	0.641012303	0.374951997
2088	0.50760395	0.640417904	0.374789996
2089	0.50749595	0.640198959	0.374792941
2090	0.50745935	0.640059088	0.374859612
2091	0.5073599	0.639908671	0.374811129
2092	0.5071003	0.639618841	0.374581759
2093	0.50747845	0.64008804	0.37486886
2094	0.50822755	0.641099918	0.375355182
2095	0.5089229	0.642103695	0.375742105
2096	0.50978155	0.643318721	0.376244379
2097	0.51025815	0.644023515	0.376492785
2098	0.5098739	0.643548805	0.376198995
2099	0.5096145	0.643211981	0.376017019
2100	0.50990575	0.64345664	0.37635486
2101	0.5102002	0.643667742	0.376732658
2102	0.51040495	0.643871618	0.376938282
2103	0.51034475	0.643789101	0.376900399
2104	0.5098241	0.643072224	0.376575976
2105	0.50962495	0.642798625	0.376451275
2106	0.5096628	0.642913363	0.376412237
2107	0.50989635	0.643357833	0.376434867
2108	0.51016845	0.643800718	0.376536182
2109	0.5106334	0.644256841	0.377009959
2110	0.51149855	0.645153012	0.377844088
2111	0.51231	0.645925776	0.378694224
2112	0.51285205	0.646426484	0.379277616
2113	0.51286845	0.646523857	0.379213043
2114	0.5127549	0.646503029	0.379006771
2115	0.5117547	0.645379471	0.378129929
2116	0.510673	0.644125847	0.377220153
2117	0.51081405	0.644340036	0.377288064
2118	0.51123625	0.644856647	0.377615853
2119	0.5111035	0.64476116	0.37744584
2120	0.51089425	0.644574166	0.377214334
2121	0.51091865	0.644605263	0.377232037
2122	0.51105085	0.644901989	0.377199711
2123	0.5106699	0.644520547	0.376819253
2124	0.50983135	0.643504017	0.376158683
2125	0.509437	0.643048472	0.375825528
2126	0.50998175	0.64365735	0.37630615
2127	0.5106653	0.644420623	0.376909977
2128	0.5112266	0.645015341	0.377437859
2129	0.51161835	0.645384199	0.377852501
2130	0.51236065	0.646283249	0.378438051
2131	0.51342865	0.64768306	0.37917424
2132	0.5136233	0.647997602	0.379248998
2133	0.5134746	0.647809656	0.379139544
2134	0.5138535	0.648249688	0.379457312
2135	0.51436005	0.648758657	0.379961443
2136	0.51434005	0.648724976	0.379955124
2137	0.5137815	0.648311479	0.379251521
2138	0.5131115	0.647691447	0.378531553
2139	0.5125491	0.646939569	0.378158631
2140	0.51202815	0.646279248	0.377777052
2141	0.511394	0.645512999	0.377275001
2142	0.51079165	0.644744557	0.376838743
2143	0.5108618	0.644768852	0.376954748
2144	0.5111427	0.645055332	0.377230068
2145	0.51086535	0.644562328	0.377168372
2146	0.5101693	0.643567197	0.376771403
2147	0.50888985	0.642105108	0.375674592
2148	0.5076773	0.640751669	0.374602931
2149	0.50761245	0.640679982	0.374544918
2150	0.5079998	0.641194977	0.374804623
2151	0.50768675	0.640876445	0.374497055
2152	0.50719855	0.640273725	0.374123375
2153	0.5070185	0.64011668	0.37392032
2154	0.50647675	0.639430102	0.373523398
2155	0.50626765	0.639122592	0.373412708
2156	0.50620095	0.639135266	0.373266634
2157	0.5059285	0.638873546	0.372983454
2158	0.5061211	0.639158413	0.373083787
2159	0.50640915	0.639574719	0.373243581
2160	0.5063946	0.639564526	0.373224674
2161	0.5064845	0.639676852	0.373292148
2162	0.5068357	0.640234364	0.373437036
2163	0.5069941	0.640512334	0.373475866
2164	0.50764395	0.641314555	0.373973345
2165	0.5084179	0.642334798	0.374501002
2166	0.50825355	0.642085379	0.374421721
2167	0.50726125	0.640701013	0.373821487
2168	0.5055859	0.638521104	0.372650696
2169	0.5041207	0.636646585	0.371594815
2170	0.50326135	0.635535074	0.370987626
2171	0.50238305	0.634368438	0.370397662
2172	0.5012415	0.632923154	0.369559846
2173	0.5004546	0.631994011	0.368915189
2174	0.50012425	0.631575902	0.368672598
2175	0.50042955	0.631778534	0.369080566
2176	0.500735	0.631954107	0.369515893
2177	0.50117705	0.63234508	0.37000902
2178	0.50165155	0.632833178	0.370469922
2179	0.5013892	0.632513794	0.370264606
2180	0.50073335	0.631687172	0.369779528
2181	0.5010698	0.631976461	0.370163139
2182	0.50173255	0.632634324	0.370830776
2183	0.5015801	0.632376484	0.370783716
2184	0.501188	0.632012069	0.370363931
2185	0.5007969	0.631586591	0.370007209
2186	0.5004465	0.631204491	0.369688509
2187	0.49985655	0.630560599	0.369152501
2188	0.49927085	0.629778754	0.368762946
2189	0.49915555	0.629614714	0.368696386
2190	0.49967685	0.630311871	0.369041829
2191	0.500042	0.630894231	0.369189769
2192	0.5001492	0.631282201	0.369016199
2193	0.50025695	0.631645443	0.368868457
2194	0.4999743	0.631391384	0.368557216
2195	0.49952835	0.630872395	0.368184305
2196	0.4991526	0.630230745	0.368074455
2197	0.4987316	0.629527512	0.367935688
2198	0.49768615	0.628210397	0.367161903
2199	0.49642735	0.626655201	0.366199499
2200	0.49578305	0.625958003	0.365608097
2201	0.4956483	0.625946253	0.365350347
2202	0.4953897	0.625758629	0.365020771
2203	0.4949656	0.625444738	0.364486462
2204	0.4943144	0.62483672	0.36379208
2205	0.49341205	0.623787911	0.363036189
2206	0.4928457	0.62313332	0.36255808
2207	0.49283295	0.623042705	0.362623195
2208	0.4927569	0.622849235	0.362664565
2209	0.4926311	0.62258119	0.36268101
2210	0.4926532	0.622450247	0.362856153
2211	0.4927315	0.622363765	0.363099235
2212	0.49263135	0.622102423	0.363160277
2213	0.492342	0.621736307	0.362947693
2214	0.49220155	0.621615751	0.362787349
2215	0.4923434	0.62191465	0.36277215
2216	0.4923195	0.621925067	0.362713933
2217	0.490667	0.619848833	0.361485167
2218	0.4887305	0.617462368	0.359998632
2219	0.48789065	0.616261276	0.359520024
2220	0.48709125	0.615017895	0.359164605
2221	0.48669305	0.614394878	0.358991222
2222	0.4869712	0.614799165	0.359143235
2223	0.4871122	0.614954139	0.359270261
2224	0.48737455	0.615184252	0.359564848
2225	0.48764335	0.615474198	0.359812502
2226	0.4879639	0.615682875	0.360244925
2227	0.4882201	0.615837924	0.360602276
2228	0.48859615	0.616260945	0.360931355
2229	0.4888679	0.616600561	0.361135239
2230	0.4873589	0.614931517	0.359786283
2231	0.48564645	0.61295995	0.35833295
2232	0.48445855	0.611441647	0.357475453
2233	0.4835507	0.610292189	0.356809211
2234	0.4838751	0.610823565	0.356926635
2235	0.4844299	0.611674419	0.357185381
2236	0.48387505	0.611151199	0.356598901
2237	0.483254	0.610515384	0.355992616
2238	0.48256685	0.609723129	0.355410571
2239	0.48170045	0.608622284	0.354778616
2240	0.4812422	0.607986028	0.354498372
2241	0.4810685	0.607706047	0.354430953
2242	0.4810248	0.607728287	0.354321313
2243	0.480864	0.607739496	0.353988504
2244	0.479866	0.606607562	0.353124438
2245	0.478557	0.605018464	0.352095536
2246	0.4777406	0.604029529	0.351451671
2247	0.4773186	0.603514649	0.351122551
2248	0.4766028	0.602673674	0.350531926
2249	0.4754613	0.601257357	0.349665243
2250	0.47472235	0.600321728	0.349122972
2251	0.4749684	0.600608878	0.349327922
2252	0.47530035	0.600974665	0.349626035
2253	0.4749087	0.600431346	0.349386054
2254	0.4741865	0.599503453	0.348869547
2255	0.4729355	0.597946821	0.347924179
2256	0.4716422	0.596354648	0.346929752
2257	0.47117895	0.595801003	0.346556897
2258	0.4709532	0.595522436	0.346383964
2259	0.47031595	0.594952124	0.345679776
2260	0.46972165	0.594457102	0.344986198
2261	0.46882275	0.593367664	0.344277836
2262	0.46772015	0.592064419	0.343375881
2263	0.4663807	0.590317844	0.342443556
2264	0.46523515	0.588670942	0.341799358
2265	0.4642605	0.587425582	0.341095418
2266	0.46373125	0.58686322	0.34059928
2267	0.46339015	0.58651185	0.34026845
2268	0.46268865	0.585660863	0.339716437
2269	0.4618418	0.584516137	0.339167463
2270	0.4606498	0.582963757	0.338335843
2271	0.4595461	0.581589132	0.337503068
2272	0.45834205	0.580126375	0.336557725
2273	0.45732275	0.57898063	0.33566487
2274	0.45671885	0.578444395	0.334993305
2275	0.4560291	0.577764823	0.334293377
2276	0.45527615	0.576985857	0.333566443
2277	0.4544384	0.576096953	0.332779847
2278	0.45346215	0.574958319	0.331965981
2279	0.45247685	0.573791763	0.331161937
2280	0.45078175	0.571660974	0.329902526
2281	0.44900125	0.569419588	0.328582912
2282	0.4478543	0.568096834	0.327611766
2283	0.44658405	0.566650763	0.326517337
2284	0.44669335	0.56676916	0.32661754
2285	0.44733295	0.567527136	0.327138764
2286	0.4467228	0.566815155	0.326630445
2287	0.4455579	0.565348687	0.325767113
2288	0.4447262	0.564343484	0.325108916
2289	0.4441343	0.563691821	0.324576779
2290	0.4432775	0.562583548	0.323971452
2291	0.44232635	0.561325971	0.323326729
2292	0.44140225	0.560101266	0.322703234
2293	0.44047075	0.558860376	0.322081124
2294	0.44000335	0.55824655	0.32176015
2295	0.4398259	0.557928627	0.321723173
2296	0.439539	0.557515856	0.321562144
2297	0.4391639	0.55721728	0.32111052
2298	0.43847455	0.556518508	0.320430592
2299	0.43710735	0.554943355	0.319271345
2300	0.4358094	0.553424925	0.318193875
2301	0.43451705	0.551746379	0.317287721
2302	0.43348625	0.550427374	0.316545126
2303	0.4334927	0.550562118	0.316423282
2304	0.4333707	0.550512389	0.316229011
2305	0.4328127	0.549852107	0.315773293
2306	0.43239855	0.549384144	0.315412956
2307	0.43132155	0.547981351	0.314661749
2308	0.43024815	0.546597304	0.313898996
2309	0.42959765	0.545927152	0.313268148
2310	0.4285474	0.544768749	0.312326051
2311	0.42825415	0.544332245	0.312176055
2312	0.42846	0.544491586	0.312428414
2313	0.42838215	0.544430701	0.312333599
2314	0.4280524	0.544055797	0.312049003
2315	0.42727945	0.543445058	0.311113842
2316	0.42612995	0.542519015	0.309740885
2317	0.42446625	0.54063238	0.30830012
2318	0.42256735	0.538272333	0.306862367
2319	0.42133095	0.536636868	0.306025032
2320	0.42051175	0.535615968	0.305407532
2321	0.41986095	0.534948425	0.304773475
2322	0.4189502	0.533862992	0.304037408
2323	0.4175904	0.532300235	0.302880565
2324	0.4168084	0.531486282	0.302130518
2325	0.41621205	0.530834345	0.301589755
2326	0.41596035	0.530761293	0.301159407
2327	0.4159572	0.531032486	0.300881914
2328	0.4165938	0.532124591	0.301063009
2329	0.4171398	0.533183219	0.301096381
2330	0.4169195	0.533267068	0.300571932
2331	0.41653665	0.533067623	0.300005677
2332	0.41652965	0.53303442	0.30002488
2333	0.4166788	0.533173256	0.300184344
2334	0.41587855	0.532446832	0.299310268
2335	0.41476735	0.531419368	0.298115332
2336	0.41522935	0.532236518	0.298222182
2337	0.416204	0.533791954	0.298616046
2338	0.41748905	0.535841592	0.299136508
2339	0.41925695	0.538415523	0.300098377
2340	0.42116245	0.541172179	0.301152721
2341	0.4227387	0.543461499	0.302015901
2342	0.42451165	0.545832341	0.303190959
2343	0.4263147	0.548323739	0.304305661
2344	0.4268415	0.54924278	0.30444022
2345	0.42683845	0.549548943	0.304127957
2346	0.4277456	0.550820637	0.304670563
2347	0.4294466	0.552970471	0.305922729
2348	0.43213855	0.556509958	0.307767142
2349	0.4361558	0.561575502	0.310736098
2350	0.44040335	0.567023287	0.313783413
2351	0.44357595	0.571284443	0.315867457
2352	0.44530795	0.573219545	0.317396355
2353	0.4459802	0.573459529	0.318500871
2354	0.44797605	0.575561782	0.320390318
2355	0.45169875	0.580243602	0.323153898
2356	0.45489835	0.584167791	0.325628909
2357	0.45686355	0.585777928	0.327949172
2358	0.45854665	0.58721557	0.32987773
2359	0.4605745	0.589385631	0.331763369
2360	0.46294265	0.591930039	0.333955261
2361	0.4634303	0.592454032	0.334406568
2362	0.4632388	0.592309445	0.334168155
2363	0.4639434	0.593465112	0.334421688
2364	0.4652839	0.595415246	0.335152554
2365	0.4690086	0.600238277	0.337778923
2366	0.47296425	0.605251615	0.340676885
2367	0.47411915	0.606441667	0.341796633
2368	0.47496675	0.607178325	0.342755175
2369	0.47601205	0.607975251	0.344048849
2370	0.4769842	0.608766923	0.345201477
2371	0.479744	0.612359127	0.347128873
2372	0.48245195	0.615907103	0.348996797
2373	0.482822	0.616141992	0.349502008
2374	0.48317945	0.616313069	0.350045831
2375	0.48224865	0.614832676	0.349664624
2376	0.48095645	0.612758731	0.349154169
2377	0.4818965	0.6136038	0.3501892
2378	0.4832115	0.615086608	0.351336392
2379	0.4824666	0.614408729	0.350524471
2380	0.48161305	0.613837387	0.349388713
2381	0.4814651	0.614013877	0.348916323
2382	0.4821955	0.615209675	0.349181325
2383	0.48453315	0.61810172	0.35096458
2384	0.4866428	0.620661376	0.352624224
2385	0.48791005	0.622180037	0.353640063
2386	0.4889469	0.623253354	0.354640446
2387	0.4898337	0.624634374	0.355033026
2388	0.48926555	0.624495992	0.354035108
2389	0.4870929	0.621969271	0.352216529
2390	0.4850443	0.619549875	0.350538725
2391	0.48431135	0.618149278	0.350473422
2392	0.48584535	0.619068709	0.352621991
2393	0.48784795	0.621513732	0.354182168
2394	0.48782415	0.622180934	0.353467366
2395	0.4862418	0.620672615	0.351810985
2396	0.48408255	0.61795634	0.35020876
2397	0.48240085	0.615717126	0.349084574
2398	0.48200105	0.614980888	0.349021212
2399	0.48171065	0.614519128	0.348902172
2400	0.4803237	0.612870232	0.347777168
2401	0.4789369	0.611240211	0.346633589
2402	0.4801962	0.613148829	0.347243571
2403	0.4822107	0.616141296	0.348280104
2404	0.483265	0.617711235	0.348818765
2405	0.48365135	0.61809311	0.34920959
2406	0.48294675	0.61683572	0.34905778
2407	0.4818215	0.615196214	0.348446786
2408	0.4806085	0.613522961	0.347694039
2409	0.4802642	0.612970688	0.347557712
2410	0.4795789	0.611598641	0.347559159
2411	0.4775806	0.608519489	0.346641711
2412	0.4750803	0.605708455	0.344452145
2413	0.47357065	0.60425002	0.34289128
2414	0.47714595	0.608671561	0.345620339
2415	0.48235965	0.615412741	0.349306559
2416	0.4865581	0.621384824	0.351731376
2417	0.4890639	0.625053843	0.353073957
2418	0.4843864	0.619016851	0.349755949
2419	0.4787982	0.611557812	0.346038588
2420	0.47751105	0.609741241	0.345280859
2421	0.4773609	0.609739954	0.344981846
2422	0.47590705	0.608489578	0.343324522
2423	0.47397675	0.606656066	0.341297434
2424	0.4700622	0.601807761	0.338316639
2425	0.46549975	0.596104252	0.334895248
2426	0.46132915	0.590696295	0.331962005
2427	0.4587211	0.587217314	0.330224886
2428	0.45837185	0.587191455	0.329552245
2429	0.45753205	0.587261919	0.327802181
2430	0.4570322	0.58676901	0.32729539
2431	0.4565701	0.585367838	0.327772362
2432	0.4559907	0.584614316	0.327367084
2433	0.4556734	0.584195927	0.327150873
2434	0.4525383	0.579485012	0.325591588
2435	0.4486269	0.574308473	0.322945327
2436	0.44867075	0.573865087	0.323476413
2437	0.44963525	0.574333027	0.324937473
2438	0.4486921	0.573371612	0.324012588
2439	0.4485139	0.573222688	0.323805112
2440	0.4474968	0.572338641	0.322654959
2441	0.4459304	0.57097073	0.32089007
2442	0.44608855	0.571548589	0.320628511
2443	0.44447435	0.570346492	0.318602208
2444	0.44390165	0.570271034	0.317532266
2445	0.4449614	0.571922926	0.317999874
2446	0.44208605	0.568145023	0.316027077
2447	0.43912155	0.563851285	0.314391815
2448	0.43837935	0.56358566	0.31317304
2449	0.44071615	0.5687467	0.3126856
2450	0.44253745	0.571747939	0.313326961
2451	0.4327898	0.557909906	0.307669694
2452	0.4211624	0.541164471	0.301160329
2453	0.41521265	0.530290435	0.300134865
2454	0.41199495	0.5248292	0.2991607
2455	0.41504915	0.530512101	0.299586199
2456	0.41880115	0.53695337	0.30064893
2457	0.4205551	0.539221958	0.301888242
2458	0.4199797	0.538318785	0.301640615
2459	0.4111127	0.52854379	0.29368161
2460	0.40576785	0.522853859	0.288681841
2461	0.4067764	0.523633029	0.289919771
2462	0.40486775	0.520762871	0.288972629
2463	0.40795125	0.523391458	0.292511042
2464	0.4134633	0.529590057	0.297336543
2465	0.4139903	0.529712368	0.298268232
2466	0.4131896	0.527751578	0.298627622
2467	0.4082105	0.521733099	0.294687901
2468	0.40220035	0.514854812	0.289545888
2469	0.39881085	0.510588097	0.287033603
2470	0.39843465	0.51095899	0.28591031
2471	0.39965905	0.514071178	0.285246922
2472	0.39863375	0.51382278	0.28344472
2473	0.40337715	0.521460319	0.285293981
2474	0.4078531	0.530225992	0.285480208
2475	0.40755665	0.533182916	0.281930384
2476	0.4138792	0.54560291	0.28215549
2477	0.4261738	0.565233659	0.287113941
2478	0.42851665	0.569510296	0.287523004
2479	0.426209	0.56525567	0.28716233
2480	0.4411466	0.586383536	0.295909664
2481	0.460018	0.610202007	0.309833993
2482	0.4581936	0.607011023	0.309376177
2483	0.4390119	0.5809137	0.2971101
2484	0.428414	0.568121752	0.288706248
2485	0.43553165	0.580309901	0.290753399
2486	0.46033535	0.615519321	0.305151379
2487	0.53691895	0.715664576	0.358173324
2488	0.6253682	0.840777336	0.409959064
2489	0.575561	0.772479089	0.378642911
2490	0.5224722	0.712846068	0.332098332
2491	0.4537648	0.636183183	0.271346417
2492	0.388813	0.562276328	0.215349672
2493	0.4145787	0.584297693	0.244859707
2494	0.4411772	0.606400039	0.275954361
2495	0.392864	0.53831873	0.24740927
2496	0.36551295	0.503397444	0.227628456
2497	0.3944559	0.536401608	0.252510192
2498	0.45821965	0.624361637	0.292077663
2499	0.5112042	0.705469116	0.316939284
2500	0.51003785	0.718599021	0.301476679
