Wavelength	Mean	Std+	Std-
350	0.1177105	0.15536516	0.08005584
351	0.1183284	0.156207399	0.080449401
352	0.1185505	0.156666372	0.080434628
353	0.1190328	0.157157278	0.080908322
354	0.1193096	0.157545609	0.081073591
355	0.1194306	0.157895059	0.080966141
356	0.1205639	0.159219447	0.081908353
357	0.1212065	0.160016596	0.082396404
358	0.1216664	0.160624808	0.082707992
359	0.1225007	0.161663591	0.083337809
360	0.123113	0.16251775	0.08370825
361	0.1236666	0.163359305	0.083973895
362	0.1242413	0.164289936	0.084192664
363	0.1248197	0.165192061	0.084447339
364	0.125419	0.166127152	0.084710848
365	0.1260045	0.167054118	0.084954882
366	0.1258686	0.167064157	0.084673043
367	0.1263879	0.167799226	0.084976574
368	0.1272594	0.168913279	0.085605521
369	0.1278958	0.169714706	0.086076894
370	0.1285908	0.170593458	0.086588142
371	0.1292094	0.171400832	0.087017968
372	0.1296162	0.171991633	0.087240767
373	0.130552	0.173395998	0.087708002
374	0.1310699	0.174377495	0.087762305
375	0.1310417	0.174765168	0.087318232
376	0.1328386	0.176967208	0.088709992
377	0.1337806	0.178371853	0.089189347
378	0.1342284	0.179293724	0.089163076
379	0.1351554	0.180514163	0.089796637
380	0.136195	0.181855657	0.090534343
381	0.1371894	0.183193606	0.091185194
382	0.1379871	0.184422364	0.091551836
383	0.1387942	0.185597435	0.091990965
384	0.1396562	0.186930561	0.092381839
385	0.1405881	0.188476767	0.092699433
386	0.1416139	0.190377791	0.092850009
387	0.1427259	0.192167766	0.093284034
388	0.1438204	0.193794064	0.093846736
389	0.1445183	0.195023337	0.094013263
390	0.1453666	0.196319309	0.094413891
391	0.1461549	0.197530725	0.094779075
392	0.1466817	0.198515923	0.094847477
393	0.1475312	0.199836506	0.095225894
394	0.1486955	0.201525264	0.095865736
395	0.1501439	0.203544504	0.096743296
396	0.1507729	0.205082696	0.096463104
397	0.1513932	0.206433368	0.096353032
398	0.1520574	0.207676872	0.096437928
399	0.153047	0.209099076	0.096994924
400	0.1536216	0.20997322	0.09726998
401	0.1540592	0.210610766	0.097507634
402	0.1545994	0.211251295	0.097947505
403	0.1550397	0.211802472	0.098276928
404	0.1554447	0.21229829	0.09859111
405	0.1558398	0.212757635	0.098921965
406	0.1564441	0.213551283	0.099336917
407	0.1570124	0.21435409	0.09967071
408	0.157535	0.215142632	0.099927368
409	0.1579655	0.215835235	0.100095765
410	0.1585571	0.21663682	0.10047738
411	0.159167	0.217427402	0.100906598
412	0.1596527	0.218083566	0.101221834
413	0.1601349	0.218717506	0.101552294
414	0.1605744	0.219283335	0.101865465
415	0.1609589	0.219764463	0.102153337
416	0.1614332	0.220351219	0.102515181
417	0.1619675	0.220989895	0.102945105
418	0.1625372	0.221663676	0.103410724
419	0.1629849	0.22228457	0.10368523
420	0.1634487	0.22290618	0.10399122
421	0.163934	0.223541717	0.104326283
422	0.1644693	0.224228173	0.104710427
423	0.1649	0.224824	0.104976
424	0.1653903	0.225444787	0.105335813
425	0.1660293	0.226152267	0.105906333
426	0.1664639	0.226661009	0.106266791
427	0.1669728	0.227271294	0.106674306
428	0.1675684	0.227998927	0.107137873
429	0.1681293	0.228740155	0.107518445
430	0.1687017	0.229535629	0.107867771
431	0.1692979	0.230383941	0.108211859
432	0.1699723	0.231333804	0.108610796
433	0.1704853	0.232116037	0.108854563
434	0.1709936	0.232836503	0.109150697
435	0.1715799	0.23354071	0.10961909
436	0.1720595	0.234024902	0.110094098
437	0.1725416	0.234513772	0.110569428
438	0.1730364	0.235033287	0.111039513
439	0.1734947	0.235617151	0.111372249
440	0.1739217	0.236159036	0.111684364
441	0.174354	0.236703362	0.112004638
442	0.1748976	0.237372759	0.112422441
443	0.1752796	0.237889666	0.112669534
444	0.1756236	0.238340467	0.112906733
445	0.1759941	0.238758686	0.113229514
446	0.17638	0.239237577	0.113522423
447	0.1767739	0.239753149	0.113794651
448	0.1771735	0.240301452	0.114045548
449	0.1775012	0.240785511	0.114216889
450	0.1779336	0.241346084	0.114521116
451	0.1783879	0.241906059	0.114869741
452	0.1786401	0.242242883	0.115037317
453	0.1789365	0.242682744	0.115190256
454	0.1792537	0.243175768	0.115331632
455	0.1795838	0.243707657	0.115459943
456	0.179886	0.244205282	0.115566718
457	0.1802166	0.244721335	0.115711865
458	0.1805817	0.245257331	0.115906069
459	0.1808499	0.245635302	0.116064498
460	0.1810954	0.24602023	0.11617057
461	0.1813322	0.24640603	0.11625837
462	0.1816032	0.246765389	0.116441011
463	0.1818424	0.247108898	0.116575902
464	0.1820612	0.247427639	0.116694761
465	0.1822588	0.247701343	0.116816257
466	0.1825797	0.248128818	0.117030582
467	0.1828268	0.248510985	0.117142615
468	0.1829475	0.248797104	0.117097896
469	0.1832641	0.249251224	0.117276976
470	0.1835122	0.249627959	0.117396441
471	0.1837176	0.249956186	0.117479014
472	0.1839821	0.2503537	0.1176105
473	0.1842421	0.25073112	0.11775308
474	0.1844898	0.251081547	0.117898053
475	0.184713	0.251385462	0.118040538
476	0.1849241	0.251705803	0.118142397
477	0.1851817	0.252077404	0.118285996
478	0.1855054	0.25251522	0.11849558
479	0.1857966	0.252891624	0.118701576
480	0.1860246	0.25320797	0.11884123
481	0.1862113	0.253476319	0.118946281
482	0.1864632	0.253739957	0.119186443
483	0.1867108	0.254015955	0.119405645
484	0.1869843	0.254332921	0.119635679
485	0.1873324	0.254744821	0.119919979
486	0.1876432	0.255214922	0.120071478
487	0.1879658	0.255743154	0.120188446
488	0.1883157	0.256337576	0.120293824
489	0.188699	0.256871443	0.120526557
490	0.1889958	0.257271005	0.120720595
491	0.1892224	0.257558571	0.120886229
492	0.1894917	0.257861129	0.121122271
493	0.1898063	0.258234674	0.121377926
494	0.1901182	0.258618381	0.121618019
495	0.1903551	0.258928222	0.121781978
496	0.1906759	0.259318143	0.122033657
497	0.1910005	0.259694027	0.122306973
498	0.1913025	0.26002048	0.12258452
499	0.1916385	0.260424927	0.122852073
500	0.1920206	0.260908825	0.123132375
501	0.1924353	0.261454818	0.123415782
502	0.1927688	0.261935134	0.123602466
503	0.1931441	0.262423145	0.123865055
504	0.1935247	0.262898007	0.124151393
505	0.1938592	0.263324961	0.124393439
506	0.194174	0.263701427	0.124646573
507	0.1945034	0.264082504	0.124924296
508	0.1948711	0.26449968	0.12524252
509	0.1951767	0.264884312	0.125469088
510	0.195476	0.265244195	0.125707805
511	0.1957753	0.265585176	0.125965424
512	0.1960764	0.265934649	0.126218151
513	0.1964175	0.266295285	0.126539715
514	0.1967622	0.266648973	0.126875427
515	0.1970265	0.266941634	0.127111366
516	0.1973144	0.267346029	0.127282771
517	0.1976262	0.267804093	0.127448307
518	0.1979684	0.268300024	0.127636776
519	0.1983086	0.268804461	0.127812739
520	0.1986101	0.269224988	0.127995212
521	0.1988696	0.269553007	0.128186193
522	0.1991442	0.269852655	0.128435745
523	0.1994224	0.270133856	0.128710944
524	0.199707	0.270414719	0.128999281
525	0.2000042	0.270733281	0.129275119
526	0.2002947	0.271074186	0.129515214
527	0.2005825	0.271445823	0.129719177
528	0.2008709	0.271867057	0.129874743
529	0.2012236	0.272294383	0.130152817
530	0.2015375	0.272650289	0.130424711
531	0.2017994	0.2729245	0.1306743
532	0.202088	0.273225118	0.130950882
533	0.2024158	0.273624982	0.131206618
534	0.2027668	0.274085354	0.131448246
535	0.2030984	0.274515499	0.131681301
536	0.2033991	0.274880476	0.131917724
537	0.2037185	0.275247093	0.132189907
538	0.2041066	0.275671582	0.132541618
539	0.2044585	0.276106162	0.132810838
540	0.204818	0.2765746	0.1330614
541	0.2051912	0.277080416	0.133301984
542	0.2055808	0.277578062	0.133583538
543	0.2059665	0.278072667	0.133860333
544	0.2063541	0.27856466	0.13414354
545	0.2067762	0.279065477	0.134486923
546	0.207204	0.279592365	0.134815635
547	0.2076358	0.280135326	0.135136274
548	0.2080731	0.280694469	0.135451731
549	0.2085214	0.281262263	0.135780537
550	0.2089852	0.281844031	0.136126369
551	0.2094663	0.282442117	0.136490483
552	0.2100272	0.28312945	0.13692495
553	0.2105461	0.283782544	0.137309656
554	0.2110386	0.284412931	0.137664269
555	0.2115533	0.285049313	0.138057287
556	0.2121185	0.285743248	0.138493752
557	0.2127166	0.286486162	0.138947038
558	0.2133417	0.287290839	0.139392561
559	0.2139923	0.288149128	0.139835472
560	0.2146343	0.289000925	0.140267675
561	0.2152537	0.289825098	0.140682302
562	0.2159299	0.290660357	0.141199443
563	0.2166157	0.291515139	0.141716261
564	0.2173146	0.29239442	0.14223478
565	0.2180487	0.293322558	0.142774842
566	0.2187856	0.294273453	0.143297747
567	0.2195389	0.295244408	0.143833392
568	0.2203291	0.296235897	0.144422303
569	0.2210338	0.297152697	0.144914903
570	0.2217707	0.298126564	0.145414836
571	0.2225823	0.299209935	0.145954665
572	0.2233055	0.300170994	0.146440006
573	0.2240833	0.301157706	0.147008894
574	0.2249023	0.302163639	0.147640961
575	0.225618	0.303086947	0.148149053
576	0.2264389	0.304128185	0.148749615
577	0.2272731	0.305195829	0.149350371
578	0.2279668	0.306140455	0.149793145
579	0.2286993	0.307125134	0.150273466
580	0.2294538	0.308119697	0.150787903
581	0.2302266	0.309112542	0.151340658
582	0.230915	0.309982218	0.151847782
583	0.2315881	0.310828758	0.152347442
584	0.2322506	0.311659217	0.152841983
585	0.2328709	0.312438901	0.153302899
586	0.2334642	0.313186824	0.153741576
587	0.2340539	0.313934403	0.154173397
588	0.2346645	0.314717646	0.154611354
589	0.2352683	0.31556191	0.15497469
590	0.2358445	0.316387831	0.155301169
591	0.2363663	0.317138421	0.155594179
592	0.2368496	0.317772265	0.155926935
593	0.2373251	0.318395825	0.156254375
594	0.2377982	0.31902144	0.15657496
595	0.2382566	0.319637932	0.156875268
596	0.238709	0.320265473	0.157152527
597	0.2391371	0.320871283	0.157402917
598	0.2394775	0.321357737	0.157597263
599	0.2398322	0.321883735	0.157780665
600	0.2402083	0.322449296	0.157967304
601	0.2406143	0.323064385	0.158164215
602	0.2409373	0.323582255	0.158292345
603	0.2412837	0.324111327	0.158456073
604	0.2416582	0.324654296	0.158662104
605	0.2418989	0.325031852	0.158765948
606	0.2421742	0.325440644	0.158907756
607	0.2424644	0.325859916	0.159068884
608	0.2427147	0.326225377	0.159204023
609	0.2429127	0.326521863	0.159303537
610	0.2430985	0.326795355	0.159401645
611	0.2432939	0.327066917	0.159520883
612	0.243482	0.32729552	0.15966848
613	0.2436975	0.327559531	0.159835469
614	0.2439467	0.327872357	0.160021043
615	0.2441537	0.328124882	0.160182518
616	0.2442976	0.328322691	0.160272509
617	0.2444157	0.328499151	0.160332249
618	0.2446216	0.328758833	0.160484367
619	0.2448055	0.328937193	0.160673807
620	0.2449545	0.329074684	0.160834316
621	0.2450408	0.329183101	0.160898499
622	0.2452047	0.329367817	0.161041583
623	0.2453864	0.329581576	0.161191224
624	0.2455739	0.329816531	0.161331269
625	0.2457023	0.329998421	0.161406179
626	0.2458627	0.330210799	0.161514601
627	0.2460435	0.330440662	0.161646338
628	0.2462121	0.330652841	0.161771359
629	0.2462985	0.33079673	0.16180027
630	0.2463895	0.330946636	0.161832364
631	0.2465679	0.331174245	0.161961555
632	0.2466679	0.331314236	0.162021564
633	0.2467661	0.331448072	0.162084128
634	0.2468787	0.331592822	0.162164578
635	0.2470075	0.331787288	0.162227712
636	0.2471914	0.332022026	0.162360774
637	0.2473939	0.332266574	0.162521226
638	0.2474393	0.332372834	0.162505766
639	0.247524	0.332531569	0.162516431
640	0.2476295	0.332717087	0.162541913
641	0.2477471	0.332916108	0.162578092
642	0.2478797	0.33312611	0.16263329
643	0.2480199	0.333332433	0.162707367
644	0.2481684	0.333532335	0.162804465
645	0.2482647	0.333719642	0.162809758
646	0.2483624	0.333923346	0.162801454
647	0.2484691	0.3341485	0.1627897
648	0.2486244	0.334427109	0.162821691
649	0.2487608	0.334707298	0.162814302
650	0.2488968	0.334984814	0.162808786
651	0.2490589	0.335255711	0.162862089
652	0.2492083	0.335494697	0.162921903
653	0.2493433	0.335701185	0.162985415
654	0.2494618	0.335871244	0.163052356
655	0.2496219	0.336202648	0.163041152
656	0.2497923	0.336595441	0.162989159
657	0.2499554	0.336991272	0.162919528
658	0.2500368	0.337103082	0.162970518
659	0.2501669	0.337272847	0.163060953
660	0.2503216	0.337473382	0.163169818
661	0.2504848	0.337689547	0.163280053
662	0.2506637	0.337923887	0.163403513
663	0.2508164	0.338147692	0.163485108
664	0.2509177	0.33834584	0.16348956
665	0.2510488	0.338520691	0.163576909
666	0.2511785	0.338707557	0.163649443
667	0.2513016	0.338902285	0.163700915
668	0.2513875	0.339041489	0.163733511
669	0.2515267	0.339222546	0.163830854
670	0.2516865	0.33942659	0.16394641
671	0.2518163	0.339628971	0.164003629
672	0.2519696	0.339849819	0.164089381
673	0.2521112	0.340057215	0.164165185
674	0.2522202	0.340231294	0.164209106
675	0.2523656	0.340438184	0.164293016
676	0.2525043	0.340635471	0.164373129
677	0.2526318	0.340817659	0.164445941
678	0.2527369	0.340954917	0.164518883
679	0.2528796	0.34113488	0.16462432
680	0.2530399	0.341333326	0.164746474
681	0.2531823	0.341507537	0.164857063
682	0.2533035	0.341661376	0.164945624
683	0.2534388	0.341813222	0.165064378
684	0.2536169	0.341974226	0.165259574
685	0.2537299	0.341992721	0.165467079
686	0.2538482	0.342139817	0.165556583
687	0.2539756	0.342457823	0.165493377
688	0.2540641	0.342664831	0.165463369
689	0.2541807	0.342840253	0.165521147
690	0.254309	0.342987172	0.165630828
691	0.254426	0.343105216	0.165746784
692	0.2545949	0.343267106	0.165922694
693	0.2547665	0.343438687	0.166094313
694	0.2549093	0.343601027	0.166217573
695	0.2550441	0.343764979	0.166323221
696	0.2551896	0.343929963	0.166449237
697	0.2553509	0.344097511	0.166604289
698	0.2555122	0.344226702	0.166797698
699	0.2556515	0.344352566	0.166950434
700	0.2557838	0.344487635	0.167079965
701	0.2559564	0.344682441	0.167230359
702	0.2561106	0.344856546	0.167364654
703	0.2562679	0.345028289	0.167507511
704	0.2564503	0.345215206	0.167685394
705	0.2566249	0.345392305	0.167857495
706	0.2568052	0.345581197	0.168029203
707	0.2569946	0.345786654	0.168202546
708	0.2571658	0.345956942	0.168374658
709	0.2573223	0.346102236	0.168542364
710	0.2574716	0.346234906	0.168708294
711	0.2576377	0.346397263	0.168878137
712	0.2578042	0.346549685	0.169058715
713	0.2579583	0.346677614	0.169238986
714	0.2580821	0.346753124	0.169411076
715	0.2582031	0.34678105	0.16962515
716	0.2583079	0.346815469	0.169800331
717	0.2583853	0.346872312	0.169898288
718	0.2585149	0.347083242	0.169946558
719	0.2587126	0.347373029	0.170052171
720	0.2589472	0.347678036	0.170216364
721	0.2591709	0.347819874	0.170521926
722	0.2593027	0.347900783	0.170704617
723	0.259421	0.348000752	0.170841248
724	0.2595955	0.348216481	0.170974519
725	0.2597889	0.348422943	0.171154857
726	0.2599744	0.348616017	0.171332783
727	0.2601451	0.348794478	0.171495722
728	0.2603528	0.349041709	0.171663891
729	0.260578	0.349307985	0.171848015
730	0.260813	0.349587119	0.172038881
731	0.2610375	0.34988003	0.17219497
732	0.2612504	0.350126153	0.172374647
733	0.2614626	0.350355994	0.172569206
734	0.2616944	0.35060721	0.17278159
735	0.2619139	0.350864782	0.172963018
736	0.2621257	0.351125912	0.173125488
737	0.2623309	0.351391397	0.173270403
738	0.2625688	0.35167558	0.17346202
739	0.2627853	0.351935244	0.173635356
740	0.2629818	0.352175017	0.173788583
741	0.2631975	0.352455211	0.173939789
742	0.2634016	0.352707741	0.174095459
743	0.2635957	0.352939467	0.174251933
744	0.263778	0.353152095	0.174403905
745	0.2639749	0.353382919	0.174566881
746	0.2641878	0.353642705	0.174732895
747	0.2644224	0.353944515	0.174900285
748	0.2646148	0.354208187	0.175021413
749	0.264795	0.354449498	0.175140502
750	0.2649628	0.354667875	0.175257725
751	0.2650947	0.354852655	0.175336745
752	0.2652613	0.355069199	0.175453401
753	0.2654517	0.355311369	0.175592031
754	0.2656585	0.355583584	0.175733416
755	0.2658267	0.355813515	0.175839885
756	0.2659859	0.355982493	0.175989307
757	0.2661649	0.356063983	0.176265817
758	0.2661815	0.35576854	0.17659446
759	0.2662445	0.355750359	0.176738641
760	0.2664107	0.356458086	0.176363314
761	0.2664297	0.356562239	0.176297161
762	0.2666136	0.356881751	0.176345449
763	0.2668695	0.357296522	0.176442478
764	0.267087	0.357652154	0.176521846
765	0.2672914	0.357925592	0.176657208
766	0.2674818	0.358153898	0.176809702
767	0.2676831	0.358376264	0.176989936
768	0.2678518	0.358617105	0.177086495
769	0.268004	0.358821551	0.177186449
770	0.2681446	0.358988543	0.177300657
771	0.2682964	0.359211078	0.177381722
772	0.2684695	0.359438926	0.177500074
773	0.2686417	0.359663322	0.177620078
774	0.2687416	0.359849405	0.177633795
775	0.2688505	0.360010238	0.177690762
776	0.2689504	0.360149578	0.177751222
777	0.2690253	0.360263538	0.177787062
778	0.2691593	0.360436826	0.177881774
779	0.2693246	0.360642511	0.178006689
780	0.2695161	0.360875959	0.178156241
781	0.26954	0.360944696	0.178135304
782	0.2695841	0.361036478	0.178131722
783	0.2696455	0.361147975	0.178143025
784	0.2697256	0.361279224	0.178171976
785	0.2698278	0.36140352	0.17825208
786	0.2698998	0.361490242	0.178309358
787	0.2698789	0.361491451	0.178266349
788	0.2699178	0.361545856	0.178289744
789	0.2699663	0.361622522	0.178310078
790	0.2700156	0.361718255	0.178312945
791	0.2701124	0.361878738	0.178346062
792	0.2702037	0.362009117	0.178398283
793	0.2702865	0.36211237	0.17846063
794	0.2703429	0.362194237	0.178491563
795	0.2703791	0.362258395	0.178499805
796	0.2704083	0.362316799	0.178499801
797	0.2704402	0.362379879	0.178500521
798	0.2704236	0.36239738	0.17844982
799	0.2704279	0.362427554	0.178428246
800	0.2704752	0.362489182	0.178461218
801	0.2704646	0.362479327	0.178449873
802	0.270473	0.362503497	0.178442503
803	0.2704949	0.362551127	0.178438673
804	0.2705064	0.362573914	0.178438886
805	0.2704739	0.362574615	0.178373185
806	0.270431	0.362566809	0.178295191
807	0.2704153	0.362563977	0.178266623
808	0.2703369	0.362465503	0.178208297
809	0.2702723	0.362386239	0.178158361
810	0.2702505	0.362368335	0.178132665
811	0.2700986	0.362207976	0.177989224
812	0.269997	0.362081985	0.177912015
813	0.2699409	0.361990283	0.177891517
814	0.2698501	0.361898773	0.177801427
815	0.2697872	0.361819319	0.177755081
816	0.2697218	0.361739878	0.177703722
817	0.2696035	0.361641219	0.177565781
818	0.2695429	0.361580229	0.177505571
819	0.2694901	0.361544426	0.177435774
820	0.269427	0.361533415	0.177320585
821	0.2692748	0.361296991	0.177252609
822	0.2692088	0.361211127	0.177206473
823	0.2692369	0.361292331	0.177181469
824	0.269248	0.361376558	0.177119442
825	0.2691499	0.361277289	0.177022511
826	0.2690135	0.36110231	0.17692469
827	0.2689462	0.360995526	0.176896874
828	0.268814	0.36087007	0.17675793
829	0.2686672	0.360740044	0.176594356
830	0.2685237	0.360610542	0.176436858
831	0.2685808	0.360662098	0.176499502
832	0.2685467	0.36063176	0.17646164
833	0.2684192	0.360518249	0.176320151
834	0.2684622	0.360571978	0.176352422
835	0.2684081	0.360530447	0.176285753
836	0.2683135	0.360454185	0.176172815
837	0.2682722	0.360446594	0.176097806
838	0.2682112	0.360394925	0.176027475
839	0.2681088	0.360282361	0.175935239
840	0.2679398	0.360079705	0.175799895
841	0.2678116	0.359930651	0.175692549
842	0.2677132	0.359810897	0.175615503
843	0.26764	0.359714894	0.175565106
844	0.2675091	0.359558778	0.175459422
845	0.2674611	0.359512885	0.175409315
846	0.2674278	0.35949668	0.17535892
847	0.267233	0.359314678	0.175151322
848	0.2671624	0.359198961	0.175125839
849	0.2671068	0.3591004	0.1751132
850	0.2669999	0.358997808	0.175001992
851	0.2669212	0.358952087	0.174890313
852	0.2668397	0.358840014	0.174839386
853	0.2667512	0.358641247	0.174861153
854	0.2667248	0.358580836	0.174868764
855	0.2666654	0.358533159	0.174797641
856	0.266571	0.358468187	0.174673813
857	0.2663936	0.35827224	0.17451496
858	0.2663623	0.358255535	0.174469065
859	0.2663668	0.358276501	0.174457099
860	0.2663362	0.358239885	0.174432515
861	0.2662541	0.35816812	0.17434008
862	0.2661637	0.358087229	0.174240171
863	0.2660743	0.358003718	0.174144882
864	0.266151	0.358066259	0.174235741
865	0.2661772	0.358070569	0.174283831
866	0.266158	0.358029399	0.174286601
867	0.2660991	0.357977421	0.174220779
868	0.266013	0.357908928	0.174117072
869	0.2659691	0.357873223	0.174064977
870	0.2660513	0.357931559	0.174171041
871	0.2659593	0.357898818	0.174019782
872	0.2658744	0.357852179	0.173896621
873	0.2658383	0.357807367	0.173869233
874	0.2658885	0.357889398	0.173887602
875	0.2659286	0.357940622	0.173916578
876	0.2659515	0.357954816	0.173948184
877	0.2659174	0.357886899	0.173947901
878	0.265952	0.357912028	0.173991972
879	0.2659725	0.357923446	0.174021554
880	0.2658786	0.357794913	0.173962287
881	0.2657935	0.357746152	0.173840848
882	0.265765	0.357729528	0.173800472
883	0.2658171	0.357737914	0.173896286
884	0.2656283	0.357571367	0.173685233
885	0.2656407	0.357596786	0.173684614
886	0.2657928	0.357755364	0.173830236
887	0.2656859	0.357677966	0.173693834
888	0.2656566	0.357669365	0.173643835
889	0.2656942	0.3577225	0.1736659
890	0.2658233	0.357863087	0.173783513
891	0.2657958	0.357836162	0.173755438
892	0.2657534	0.357804464	0.173702336
893	0.2657402	0.357822201	0.173658199
894	0.2658401	0.357912175	0.173768025
895	0.2658089	0.357899228	0.173718572
896	0.2656762	0.357803365	0.173549035
897	0.2658518	0.357908819	0.173794781
898	0.2659083	0.357933113	0.173883487
899	0.2658866	0.357902182	0.173871018
900	0.2658203	0.357833027	0.173807573
901	0.2661529	0.358106679	0.174199121
902	0.2664139	0.358405686	0.174422114
903	0.266418	0.358620882	0.174215118
904	0.2664185	0.358750769	0.174086231
905	0.2664425	0.358827569	0.174057431
906	0.2665033	0.358867576	0.174139024
907	0.2667095	0.358978037	0.174440963
908	0.2667386	0.358964844	0.174512356
909	0.2667187	0.358962809	0.174474591
910	0.2668965	0.359266053	0.174526947
911	0.2670709	0.35947036	0.17467144
912	0.2672377	0.359632103	0.174843297
913	0.2673926	0.359766561	0.175018639
914	0.2672939	0.359721775	0.174866025
915	0.2672227	0.359691179	0.174754221
916	0.2672266	0.359719897	0.174733303
917	0.2675717	0.360150447	0.174992953
918	0.2678328	0.360481676	0.175183924
919	0.2679841	0.360717916	0.175250284
920	0.2679042	0.360810864	0.174997536
921	0.2682429	0.361157437	0.175328363
922	0.26844	0.361364094	0.175515906
923	0.2681073	0.361142186	0.175072414
924	0.2684074	0.361398656	0.175416144
925	0.2686478	0.361666316	0.175629284
926	0.2687428	0.361888235	0.175597365
927	0.2687539	0.361984077	0.175523723
928	0.2687807	0.362047607	0.175513793
929	0.2688203	0.362090311	0.175550289
930	0.2688621	0.362130257	0.175593943
931	0.2686462	0.361809755	0.175482645
932	0.2685887	0.361566841	0.175610559
933	0.2692223	0.361929784	0.176514816
934	0.2690338	0.361702973	0.176364627
935	0.268701	0.361357112	0.176044888
936	0.2683868	0.361023182	0.175750418
937	0.268794	0.361500471	0.176087529
938	0.2693353	0.362167592	0.176503008
939	0.2698196	0.362831856	0.176807344
940	0.2697134	0.363009594	0.176417206
941	0.2699126	0.363244154	0.176581046
942	0.2700542	0.363398898	0.176709502
943	0.2698344	0.3633324	0.1763364
944	0.2696121	0.362996598	0.176227602
945	0.2698517	0.363115041	0.176588359
946	0.2706888	0.363872028	0.177505572
947	0.2703327	0.363590403	0.177074997
948	0.270575	0.36395946	0.17719054
949	0.2711861	0.364691792	0.177680408
950	0.271394	0.364777126	0.178010874
951	0.2715896	0.365123726	0.178055474
952	0.2717152	0.365395347	0.178035053
953	0.2716774	0.36522898	0.17812582
954	0.2719101	0.365518895	0.178301305
955	0.2720525	0.36575193	0.17835307
956	0.2720156	0.365809561	0.178221639
957	0.2721751	0.365913605	0.178436595
958	0.2721415	0.365886806	0.178396194
959	0.2719866	0.365776724	0.178196476
960	0.2719834	0.365762064	0.178204736
961	0.2724269	0.366331181	0.178522619
962	0.2728615	0.366900002	0.178822998
963	0.272779	0.366822384	0.178735616
964	0.2728804	0.366950281	0.178810519
965	0.2730376	0.367100736	0.178974464
966	0.2732251	0.367229936	0.179220264
967	0.2731372	0.36740239	0.17887201
968	0.2736757	0.368066655	0.179284745
969	0.2745189	0.368943224	0.180094576
970	0.2739547	0.368543146	0.179366254
971	0.2741681	0.368805613	0.179530587
972	0.2745612	0.369227722	0.179894678
973	0.2744474	0.369234207	0.179660593
974	0.2743062	0.369242195	0.179370205
975	0.2743356	0.369323676	0.179347524
976	0.2746544	0.369524561	0.179784239
977	0.2751679	0.369984012	0.180351788
978	0.2750993	0.369957334	0.180241266
979	0.2746125	0.369591207	0.179633793
980	0.2752769	0.370310736	0.180243064
981	0.2754553	0.370544599	0.180366001
982	0.2755136	0.370654402	0.180372798
983	0.2759623	0.371139634	0.180784966
984	0.2756805	0.370775912	0.180585088
985	0.2755615	0.370639022	0.180483978
986	0.275998	0.37120949	0.18078651
987	0.2761698	0.371496202	0.180843398
988	0.2761636	0.371574657	0.180752543
989	0.2760179	0.371471124	0.180564676
990	0.2761004	0.371421587	0.180779213
991	0.2761874	0.371504265	0.180870535
992	0.2763699	0.371748989	0.180990811
993	0.276887	0.372309762	0.181464238
994	0.2768733	0.37237311	0.18137349
995	0.2766046	0.372118979	0.181090221
996	0.276133	0.37152721	0.18073879
997	0.2765943	0.372111557	0.181077043
998	0.2770172	0.372556627	0.181477773
999	0.2772747	0.372719552	0.181829848
1000	0.2767339	0.372240696	0.181227104
1001	0.2781179	0.37520875	0.18102705
1002	0.2781492	0.375195278	0.181103122
1003	0.2782694	0.375302638	0.181236162
1004	0.2784614	0.375541422	0.181381378
1005	0.278521	0.375607286	0.181434714
1006	0.2784671	0.375479174	0.181455026
1007	0.2785023	0.375440579	0.181564021
1008	0.2785752	0.375467467	0.181682933
1009	0.2785337	0.375412987	0.181654413
1010	0.2785026	0.375404029	0.181601171
1011	0.2786157	0.375567188	0.181664212
1012	0.2786749	0.375674255	0.181675545
1013	0.2785633	0.375586796	0.181539804
1014	0.2784938	0.375478484	0.181509116
1015	0.2784509	0.375371103	0.181530697
1016	0.2783148	0.375132383	0.181497217
1017	0.2782772	0.37499805	0.18155635
1018	0.2782979	0.375053376	0.181542424
1019	0.278205	0.374989639	0.181420361
1020	0.2780136	0.374720223	0.181306977
1021	0.277893	0.374502369	0.181283631
1022	0.2779052	0.374511342	0.181299058
1023	0.2779204	0.374565593	0.181275207
1024	0.2778286	0.374434274	0.181222926
1025	0.2776604	0.374172451	0.181148349
1026	0.2774804	0.373920217	0.181040583
1027	0.2773039	0.373623235	0.180984565
1028	0.2772291	0.373392842	0.181065358
1029	0.2773683	0.373560531	0.181176069
1030	0.2774891	0.373812862	0.181165338
1031	0.277398	0.373708781	0.181087219
1032	0.2772306	0.37341589	0.18104531
1033	0.2770456	0.373193174	0.180898026
1034	0.2768407	0.372989435	0.180691965
1035	0.2766635	0.372765181	0.180561819
1036	0.2764845	0.372512795	0.180456205
1037	0.2763605	0.37232512	0.18039588
1038	0.276387	0.372352511	0.180421489
1039	0.2764122	0.372376179	0.180448221
1040	0.2763092	0.37219696	0.18042144
1041	0.2761966	0.372002852	0.180390348
1042	0.276156	0.371949362	0.180362638
1043	0.276074	0.37187575	0.18027225
1044	0.2759331	0.37174467	0.18012153
1045	0.2758153	0.37159967	0.18003093
1046	0.275738	0.371470211	0.180005789
1047	0.2757221	0.371387133	0.180057067
1048	0.2756529	0.371260809	0.180044991
1049	0.2753755	0.371060064	0.179690936
1050	0.2751637	0.370908122	0.179419278
1051	0.2752087	0.370840268	0.179577132
1052	0.2752589	0.370799817	0.179717983
1053	0.2751709	0.3707733	0.1795685
1054	0.275024	0.370672801	0.179375199
1055	0.274906	0.370461912	0.179350088
1056	0.2748384	0.370292459	0.179384341
1057	0.274743	0.37016646	0.17931954
1058	0.2745829	0.369968852	0.179196948
1059	0.2745066	0.369842481	0.179170719
1060	0.2744998	0.369826496	0.179173104
1061	0.2743947	0.369685937	0.179103463
1062	0.2742238	0.369449666	0.178997934
1063	0.2741094	0.369323292	0.178895508
1064	0.2740587	0.369285541	0.178831859
1065	0.2739961	0.369218868	0.178773332
1066	0.2738935	0.3690838	0.1787032
1067	0.2737724	0.368916741	0.178628059
1068	0.2735635	0.368661962	0.178465038
1069	0.2733381	0.368427115	0.178249085
1070	0.2732593	0.368361044	0.178157556
1071	0.2732662	0.368344996	0.178187404
1072	0.2732598	0.368246356	0.178273244
1073	0.2731705	0.36806908	0.17827192
1074	0.2729912	0.367793938	0.178188462
1075	0.2728362	0.367557055	0.178115345
1076	0.2727334	0.367411486	0.178055314
1077	0.2726837	0.367350785	0.178016615
1078	0.2726728	0.367364839	0.177980761
1079	0.2726263	0.367355479	0.177897121
1080	0.2725335	0.36726059	0.17780641
1081	0.2724609	0.367102691	0.177819109
1082	0.2724396	0.367024574	0.177854626
1083	0.2724147	0.367023182	0.177806218
1084	0.2723312	0.366951581	0.177710819
1085	0.2721507	0.36676564	0.17753576
1086	0.2719943	0.366596917	0.177391683
1087	0.2718908	0.366389221	0.177392379
1088	0.2717774	0.366155446	0.177399354
1089	0.2716386	0.365976977	0.177300223
1090	0.2714923	0.365799958	0.177184642
1091	0.2714297	0.365715447	0.177143953
1092	0.2714085	0.365712027	0.177104973
1093	0.2713235	0.365623261	0.177023739
1094	0.2712481	0.365531317	0.176964883
1095	0.2712185	0.365465575	0.176971425
1096	0.2711779	0.365344668	0.177011132
1097	0.2711321	0.365220564	0.177043636
1098	0.2710709	0.36509742	0.17704438
1099	0.271007	0.364974981	0.177039019
1100	0.2708922	0.364873889	0.176910511
1101	0.2707705	0.364783093	0.176757907
1102	0.2707578	0.364734351	0.176781249
1103	0.2707908	0.364711935	0.176869665
1104	0.2709601	0.364885418	0.177034782
1105	0.2711219	0.365080073	0.177163727
1106	0.2710289	0.36503291	0.17702489
1107	0.2708648	0.364899572	0.176830028
1108	0.2708808	0.36494167	0.17681993
1109	0.2710119	0.365092534	0.176931266
1110	0.2710968	0.365152968	0.177040632
1111	0.2711106	0.365129845	0.177091355
1112	0.2710235	0.364942386	0.177104614
1113	0.2709164	0.364706315	0.177126485
1114	0.2707581	0.364491099	0.177025101
1115	0.2705453	0.364286637	0.176803963
1116	0.2702822	0.363991529	0.176572871
1117	0.2698989	0.363541043	0.176256757
1118	0.2694639	0.363010177	0.175917623
1119	0.26894	0.362221652	0.175658348
1120	0.2683705	0.361386721	0.175354279
1121	0.2679641	0.360912108	0.175016092
1122	0.2675758	0.360449058	0.174702542
1123	0.267433	0.360292881	0.174573119
1124	0.2672577	0.360175688	0.174339712
1125	0.2671157	0.360020739	0.174210661
1126	0.2670606	0.359900277	0.174220923
1127	0.2669407	0.35970074	0.17418066
1128	0.2667299	0.359387522	0.174072278
1129	0.2667348	0.359396145	0.174073455
1130	0.2669328	0.359715665	0.174149935
1131	0.2671227	0.360026222	0.174219178
1132	0.267287	0.360304297	0.174269703
1133	0.2674236	0.36055846	0.17428874
1134	0.2675228	0.360755813	0.174289787
1135	0.2676493	0.360961488	0.174337112
1136	0.2678369	0.36131885	0.17435495
1137	0.267998	0.361644178	0.174351822
1138	0.2680221	0.361728159	0.174316041
1139	0.2680462	0.361796186	0.174296214
1140	0.2681991	0.361981211	0.174416989
1141	0.2683599	0.362180626	0.174539174
1142	0.2684332	0.362286845	0.174579555
1143	0.2684856	0.362365033	0.174606167
1144	0.2683446	0.362245282	0.174443918
1145	0.2681152	0.362040383	0.174190017
1146	0.2678825	0.361805733	0.173959267
1147	0.267668	0.36154991	0.17378609
1148	0.2675631	0.361356116	0.173770084
1149	0.2675855	0.361272101	0.173898899
1150	0.2675554	0.361233326	0.173877474
1151	0.2674182	0.361260246	0.173576154
1152	0.2673497	0.361316835	0.173382565
1153	0.2675259	0.361499034	0.173552766
1154	0.2676908	0.361672036	0.173709564
1155	0.267776	0.361747427	0.173804573
1156	0.2678536	0.361816416	0.173890784
1157	0.2680547	0.362154143	0.173955257
1158	0.2682515	0.362480914	0.174022086
1159	0.2684129	0.362694152	0.174131648
1160	0.2685576	0.362879511	0.174235689
1161	0.2686441	0.363014249	0.174273951
1162	0.2687058	0.363124558	0.174287042
1163	0.2688216	0.363326045	0.174317155
1164	0.2689659	0.363578234	0.174353566
1165	0.2691145	0.363843253	0.174385747
1166	0.269264	0.364113284	0.174414716
1167	0.2693865	0.364274813	0.174498187
1168	0.2694806	0.364292159	0.174669041
1169	0.2695669	0.364353991	0.174779809
1170	0.2696366	0.364529097	0.174744103
1171	0.269704	0.364681155	0.174726845
1172	0.269759	0.364716718	0.174801282
1173	0.2698083	0.364751317	0.174865283
1174	0.2697713	0.364783125	0.174759475
1175	0.2697343	0.364815004	0.174653596
1176	0.2698769	0.36496218	0.17479162
1177	0.2700299	0.365115812	0.174943988
1178	0.2700861	0.365255702	0.174916498
1179	0.2701231	0.365393315	0.174852885
1180	0.270135	0.365414294	0.174855706
1181	0.2701362	0.365389399	0.174883001
1182	0.2701705	0.365414507	0.174926493
1183	0.2702275	0.365472652	0.174982348
1184	0.270301	0.365561693	0.175040307
1185	0.270393	0.365683486	0.175102514
1186	0.2704947	0.365823607	0.175165793
1187	0.2706088	0.365991891	0.175225709
1188	0.2707167	0.366146577	0.175286823
1189	0.2708165	0.366269731	0.175363269
1190	0.2709107	0.366387943	0.175433457
1191	0.2709873	0.366497254	0.175477346
1192	0.2710647	0.366608985	0.175520415
1193	0.271151	0.366770939	0.175531061
1194	0.2712373	0.3669329	0.1755417
1195	0.2713424	0.367057776	0.175627024
1196	0.2714481	0.367177333	0.175718867
1197	0.2714785	0.367238938	0.175718062
1198	0.2714961	0.367292964	0.175699236
1199	0.2715527	0.367321862	0.175783538
1200	0.2716248	0.367346292	0.175903308
1201	0.271646	0.367385953	0.175906047
1202	0.2716411	0.367438648	0.175843552
1203	0.2716658	0.367513032	0.175818568
1204	0.2717046	0.367586114	0.175823086
1205	0.2717175	0.367597674	0.175837326
1206	0.2717057	0.367549349	0.175862051
1207	0.2717283	0.367539156	0.175917444
1208	0.2718064	0.367587234	0.176025566
1209	0.2718498	0.367612056	0.176087544
1210	0.271821	0.367583168	0.176058832
1211	0.2718011	0.367560072	0.176042128
1212	0.2717908	0.367559662	0.176021938
1213	0.2717814	0.367560977	0.176001823
1214	0.2717958	0.367538448	0.176053152
1215	0.2718099	0.367514199	0.176105601
1216	0.2717901	0.367491767	0.176088433
1217	0.2717735	0.367482008	0.176064992
1218	0.2717667	0.367445914	0.176087486
1219	0.2717594	0.367400442	0.176118358
1220	0.2717426	0.367389169	0.176096031
1221	0.271712	0.367372268	0.176051732
1222	0.2716648	0.36729935	0.17603025
1223	0.2716209	0.367215549	0.176026251
1224	0.2715877	0.367148752	0.176026648
1225	0.2715556	0.36709168	0.17601952
1226	0.2715553	0.367073108	0.176037492
1227	0.2715877	0.367078893	0.176096507
1228	0.271603	0.367059587	0.176146413
1229	0.271596	0.367016694	0.176175306
1230	0.2716025	0.367007012	0.176197988
1231	0.2716542	0.367083431	0.176224969
1232	0.2716855	0.367121098	0.176249902
1233	0.2716082	0.36700446	0.17621194
1234	0.2715451	0.366910933	0.176179267
1235	0.2716029	0.366955695	0.176250105
1236	0.2716604	0.366996505	0.176324295
1237	0.2716495	0.366959298	0.176339702
1238	0.2716338	0.366921	0.1763466
1239	0.2716115	0.366867097	0.176355903
1240	0.2715894	0.366812743	0.176366057
1241	0.2715443	0.366766359	0.176322241
1242	0.2714937	0.366721624	0.176265776
1243	0.2715065	0.366755541	0.176257459
1244	0.2715399	0.366812475	0.176267325
1245	0.2715502	0.366794828	0.176305572
1246	0.2715596	0.366750242	0.176368958
1247	0.2715851	0.366736431	0.176433769
1248	0.2716236	0.366739622	0.176507578
1249	0.271663	0.366766974	0.176559026
1250	0.2716933	0.366824436	0.176562164
1251	0.2717209	0.366866327	0.176575473
1252	0.2717637	0.366888127	0.176639273
1253	0.2718109	0.36691651	0.17670529
1254	0.2718404	0.366958189	0.176722611
1255	0.2718695	0.367005155	0.176733845
1256	0.2718785	0.366995393	0.176761607
1257	0.2718858	0.366978475	0.176793125
1258	0.2719122	0.367010812	0.176813588
1259	0.2719433	0.367057487	0.176829113
1260	0.2719723	0.367104153	0.176840447
1261	0.2719982	0.36714194	0.17685446
1262	0.272008	0.367135937	0.176880063
1263	0.2720026	0.367110251	0.176894949
1264	0.27196	0.366993294	0.176926706
1265	0.2719387	0.366890347	0.176987053
1266	0.2719383	0.366884196	0.176992404
1267	0.2719175	0.366880727	0.176954273
1268	0.2719107	0.366865505	0.176955895
1269	0.2719157	0.366846005	0.176985395
1270	0.2719635	0.366854128	0.177072872
1271	0.2720774	0.366922604	0.177232196
1272	0.2721726	0.367006876	0.177338324
1273	0.2722441	0.367110617	0.177377583
1274	0.2723215	0.367201147	0.177441853
1275	0.2723764	0.367224835	0.177527965
1276	0.2724281	0.367254168	0.177602032
1277	0.2724932	0.367336506	0.177649894
1278	0.2725564	0.367409355	0.177703445
1279	0.2726363	0.367498509	0.177774091
1280	0.2727177	0.36759469	0.17784071
1281	0.2727383	0.36762411	0.17785249
1282	0.27274	0.367630062	0.177849938
1283	0.2727472	0.367659524	0.177834876
1284	0.2727736	0.367713147	0.177834053
1285	0.2728449	0.367795026	0.177894774
1286	0.2729155	0.36787877	0.17795223
1287	0.2729591	0.367938857	0.177979343
1288	0.2729702	0.367935038	0.178005362
1289	0.2730169	0.368024663	0.178009137
1290	0.2731086	0.36819236	0.17802484
1291	0.2731982	0.368283506	0.178112894
1292	0.2732578	0.368318109	0.178197491
1293	0.2732804	0.36833896	0.17822184
1294	0.2732937	0.368355483	0.178231917
1295	0.2733418	0.368422315	0.178261285
1296	0.2734272	0.368555894	0.178298506
1297	0.2735027	0.368665328	0.178340072
1298	0.2735315	0.368692768	0.178370232
1299	0.2735762	0.36873952	0.17841288
1300	0.273682	0.3688625	0.1785015
1301	0.2737551	0.368948548	0.178561652
1302	0.2737818	0.368971351	0.178592249
1303	0.2738412	0.369026251	0.178656149
1304	0.2739038	0.369101735	0.178705865
1305	0.2739454	0.369159687	0.178731113
1306	0.2739659	0.369185835	0.178745965
1307	0.2740129	0.369232731	0.178793069
1308	0.274096	0.369286334	0.178905666
1309	0.274147	0.369303915	0.178990085
1310	0.2740663	0.369183016	0.178949584
1311	0.2740052	0.369081376	0.178929024
1312	0.2741332	0.369199714	0.179066686
1313	0.2742657	0.369323808	0.179207592
1314	0.2743262	0.369387859	0.179264541
1315	0.2743716	0.369429874	0.179313326
1316	0.2744027	0.369430948	0.179374452
1317	0.2744433	0.369464768	0.179421832
1318	0.2744816	0.369525386	0.179437814
1319	0.2745108	0.369562095	0.179459505
1320	0.2745559	0.369597467	0.179514333
1321	0.2745938	0.369612814	0.179574786
1322	0.2745962	0.369567078	0.179625322
1323	0.2746353	0.369586842	0.179683758
1324	0.2747101	0.369732192	0.179688008
1325	0.2747388	0.369852921	0.179624679
1326	0.2747503	0.369842092	0.179658508
1327	0.2748049	0.369749174	0.179860626
1328	0.2748893	0.369728025	0.180050575
1329	0.2749376	0.369769842	0.180105358
1330	0.2749327	0.369769118	0.180096282
1331	0.2747356	0.369507317	0.179963883
1332	0.2745602	0.369249274	0.179871126
1333	0.2746035	0.369208287	0.179998713
1334	0.2746484	0.369174555	0.180122245
1335	0.2747171	0.369335062	0.180099138
1336	0.2748122	0.369565814	0.180058586
1337	0.2749712	0.369858186	0.180084214
1338	0.2751179	0.370109384	0.180126416
1339	0.2750947	0.370075155	0.180114245
1340	0.2750613	0.370028124	0.180094476
1341	0.2751222	0.370046461	0.180197939
1342	0.275175	0.370019075	0.180330925
1343	0.275183	0.370029597	0.180336403
1344	0.2752134	0.370119529	0.180307271
1345	0.2751548	0.370044429	0.180265171
1346	0.2748901	0.36969327	0.18008693
1347	0.2747421	0.369554947	0.179929253
1348	0.2748317	0.369717797	0.179945603
1349	0.2745504	0.369390927	0.179709873
1350	0.2736465	0.368328825	0.178964175
1351	0.2730635	0.36757132	0.17855568
1352	0.2732293	0.367422721	0.179035879
1353	0.2732689	0.366873705	0.179664095
1354	0.2727379	0.365896414	0.179579386
1355	0.2715909	0.364065173	0.179116627
1356	0.2691059	0.360325708	0.177886092
1357	0.2652258	0.355459418	0.174992182
1358	0.2627652	0.35386693	0.17166347
1359	0.2596048	0.353691713	0.165517887
1360	0.2582138	0.358772514	0.157655086
1361	0.251944	0.363905172	0.139982828
1362	0.2426584	0.352004305	0.133312495
1363	0.2362156	0.342992747	0.129438453
1364	0.2384666	0.344492496	0.132440704
1365	0.2357114	0.351049354	0.120373446
1366	0.229004	0.346697981	0.111310019
1367	0.2205554	0.352626571	0.088484229
1368	0.2089061	0.314781338	0.103030862
1369	0.2064252	0.302022564	0.110827836
1370	0.2361241	0.336091182	0.136157018
1371	0.2611041	0.37632377	0.14588443
1372	0.2642967	0.373757741	0.154835659
1373	0.2650285	0.372034506	0.158022494
1374	0.2794247	0.375539824	0.183309576
1375	0.2942076	0.383911045	0.204504155
1376	0.2905673	0.380767818	0.200366782
1377	0.2811193	0.373524067	0.188714533
1378	0.2746932	0.365206588	0.184179812
1379	0.2737408	0.363998821	0.183482779
1380	0.2747048	0.368760178	0.180649422
1381	0.2741893	0.37333501	0.17504359
1382	0.2745401	0.374419081	0.174661119
1383	0.2743144	0.373563246	0.175065554
1384	0.2703881	0.370366851	0.170409349
1385	0.2644981	0.362278078	0.166718122
1386	0.2591835	0.354176382	0.164190618
1387	0.2550816	0.3498453	0.1603179
1388	0.2543784	0.345104262	0.163652538
1389	0.2546502	0.338854225	0.170446175
1390	0.2567743	0.339620821	0.173927779
1391	0.2649783	0.351036511	0.178920089
1392	0.2681728	0.357589946	0.178755654
1393	0.2617737	0.350208538	0.173338862
1394	0.2592793	0.347517924	0.171040676
1395	0.2643259	0.356574665	0.172077135
1396	0.2669436	0.361675461	0.172211739
1397	0.2642205	0.356092072	0.172348928
1398	0.2616409	0.351491138	0.171790662
1399	0.2572961	0.345562235	0.169029965
1400	0.2539059	0.341135297	0.166676503
1401	0.2564955	0.34573612	0.16725488
1402	0.2593356	0.350487446	0.168183754
1403	0.259419	0.349226035	0.169611965
1404	0.2592114	0.348099281	0.170323519
1405	0.2589934	0.348370334	0.169616466
1406	0.2584072	0.348085622	0.168728778
1407	0.2564375	0.344207241	0.168667759
1408	0.2549054	0.341094557	0.168716243
1409	0.2538233	0.340699692	0.166946908
1410	0.2530278	0.340521298	0.165534302
1411	0.2533151	0.340767215	0.165862985
1412	0.253871	0.341281318	0.166460682
1413	0.2556816	0.343648332	0.167714868
1414	0.2576286	0.346527311	0.168729889
1415	0.2583644	0.347437456	0.169291344
1416	0.2584596	0.347079433	0.169839767
1417	0.2583657	0.346796187	0.169935213
1418	0.2583404	0.346898136	0.169782664
1419	0.2593155	0.347988677	0.170642323
1420	0.2606641	0.349352353	0.171975847
1421	0.2613907	0.350111699	0.172669701
1422	0.2616147	0.350500342	0.172729058
1423	0.2624158	0.351821542	0.173010058
1424	0.2636818	0.353849374	0.173514226
1425	0.2642442	0.354953111	0.173535289
1426	0.2642972	0.355246002	0.173348398
1427	0.2646449	0.355710472	0.173579328
1428	0.2652359	0.356447538	0.174024262
1429	0.2658267	0.357390248	0.174263152
1430	0.2664482	0.358523245	0.174373155
1431	0.2669528	0.359340232	0.174565368
1432	0.2674839	0.359868932	0.175098868
1433	0.2679439	0.360348117	0.175539683
1434	0.2680309	0.360524343	0.175537457
1435	0.2681368	0.360828907	0.175444693
1436	0.2683502	0.361540012	0.175160388
1437	0.2686955	0.362232806	0.175158194
1438	0.269353	0.362734131	0.175971869
1439	0.2698802	0.363234433	0.176525967
1440	0.2698992	0.363659357	0.176139043
1441	0.2699306	0.363964593	0.175896607
1442	0.2704131	0.3644132	0.176413
1443	0.2709002	0.36492338	0.17687702
1444	0.2712118	0.365418615	0.177004985
1445	0.2714536	0.365796607	0.177110593
1446	0.2717537	0.366010445	0.177496955
1447	0.2720835	0.366273738	0.177893262
1448	0.2723972	0.366826654	0.177967746
1449	0.2726257	0.367311273	0.177940127
1450	0.27286	0.367675998	0.178044002
1451	0.2731357	0.368036766	0.178234634
1452	0.2734117	0.368385041	0.178438359
1453	0.2736132	0.368649062	0.178577338
1454	0.2738563	0.368955455	0.178757145
1455	0.2741181	0.369292779	0.178943421
1456	0.2743872	0.369646282	0.179128118
1457	0.274647	0.369991979	0.179302021
1458	0.2747802	0.370213618	0.179346782
1459	0.2748549	0.37035102	0.17935878
1460	0.2750621	0.370583692	0.179540508
1461	0.2753139	0.370873244	0.179754556
1462	0.2754342	0.371057214	0.179811186
1463	0.2754862	0.371167977	0.179804423
1464	0.2755121	0.371111645	0.179912555
1465	0.2755448	0.371015365	0.180074235
1466	0.2755977	0.37100579	0.18018961
1467	0.2756337	0.370983146	0.180284254
1468	0.2755666	0.370943232	0.180189968
1469	0.2754563	0.370865877	0.180046723
1470	0.2754975	0.370872785	0.180122215
1471	0.2756892	0.371092784	0.180285616
1472	0.2758515	0.371232574	0.180470426
1473	0.2759989	0.371294477	0.180703323
1474	0.2761553	0.371491003	0.180819597
1475	0.2762813	0.371762529	0.180800071
1476	0.27648	0.372051205	0.180908795
1477	0.2767341	0.372360248	0.181107952
1478	0.2769328	0.372556298	0.181309302
1479	0.2770894	0.372578765	0.181600035
1480	0.277196	0.372645282	0.181746718
1481	0.277267	0.372848583	0.181685417
1482	0.2774617	0.373139583	0.181783817
1483	0.2777888	0.373525311	0.182052289
1484	0.2779702	0.373760768	0.182179632
1485	0.2780164	0.373869225	0.182163575
1486	0.2781417	0.374075251	0.182208149
1487	0.2782992	0.374270724	0.182327676
1488	0.2784443	0.374453904	0.182434696
1489	0.2786905	0.37481245	0.18256855
1490	0.2789406	0.37517064	0.18271056
1491	0.2791856	0.375490949	0.182880251
1492	0.2794182	0.375794147	0.183042253
1493	0.2797192	0.376185409	0.183252991
1494	0.2799989	0.37654044	0.18345736
1495	0.2801557	0.376775381	0.183536019
1496	0.2803187	0.377033162	0.183604238
1497	0.2805276	0.377286555	0.183768645
1498	0.2807159	0.377496324	0.183935476
1499	0.2808948	0.377729024	0.184060576
1500	0.2810624	0.377954742	0.184170058
1501	0.2812004	0.378120931	0.184279869
1502	0.281361	0.37831416	0.18440784
1503	0.2815203	0.378508787	0.184531813
1504	0.2816507	0.378661172	0.184640228
1505	0.2817223	0.378699034	0.184745566
1506	0.2818028	0.378758726	0.184846874
1507	0.2819238	0.3789373	0.1849103
1508	0.2820393	0.379103586	0.184975014
1509	0.2821541	0.379200164	0.185108036
1510	0.2822696	0.379298673	0.185240527
1511	0.2824112	0.379472051	0.185350349
1512	0.2825483	0.379644237	0.185452363
1513	0.2826413	0.379752802	0.185529798
1514	0.2827311	0.379854337	0.185607863
1515	0.2827896	0.37991612	0.18566308
1516	0.2828426	0.379970216	0.185714984
1517	0.2830112	0.380158681	0.185863719
1518	0.2832011	0.380375559	0.186026641
1519	0.2833158	0.380488059	0.186143541
1520	0.2834047	0.380567858	0.186241542
1521	0.2834583	0.380650968	0.186265632
1522	0.2835094	0.38073324	0.18628556
1523	0.2836245	0.380877355	0.186371645
1524	0.2837563	0.381043904	0.186468696
1525	0.2838086	0.381120152	0.186497048
1526	0.2838498	0.38118194	0.18651766
1527	0.2839573	0.381284322	0.186630278
1528	0.2840574	0.381379105	0.186735695
1529	0.2841664	0.381506199	0.186826601
1530	0.2842839	0.381632232	0.186935568
1531	0.2843014	0.381594878	0.187007922
1532	0.2842891	0.381512839	0.187065361
1533	0.2843485	0.381602692	0.187094308
1534	0.2844469	0.381771599	0.187122201
1535	0.284559	0.381891668	0.187226332
1536	0.2846641	0.381982345	0.187345855
1537	0.28476	0.382073128	0.187446872
1538	0.2848523	0.38216571	0.18753889
1539	0.284829	0.382114976	0.187543024
1540	0.2847739	0.382019751	0.187528049
1541	0.2848276	0.382082517	0.187572683
1542	0.2849135	0.382194425	0.187632575
1543	0.2849635	0.382236093	0.187690907
1544	0.285006	0.382255168	0.187756832
1545	0.2849622	0.382194723	0.187729677
1546	0.2848693	0.382092855	0.187645745
1547	0.2848435	0.382031946	0.187655054
1548	0.2848644	0.382014869	0.187713931
1549	0.2848597	0.381980339	0.187739061
1550	0.2848321	0.381909082	0.187755118
1551	0.2848191	0.381828745	0.187809455
1552	0.2848198	0.381760508	0.187879092
1553	0.2848372	0.38172333	0.18795107
1554	0.2848614	0.381700428	0.188022372
1555	0.2849068	0.381747431	0.188066169
1556	0.2849633	0.381824788	0.188101812
1557	0.285016	0.381879824	0.188152176
1558	0.2850549	0.381917547	0.188192253
1559	0.2851238	0.381993433	0.188254167
1560	0.2852214	0.382101525	0.188341275
1561	0.2853243	0.382206364	0.188442236
1562	0.2854272	0.382304143	0.188550257
1563	0.2855136	0.382408955	0.188618245
1564	0.2855948	0.382525074	0.188664526
1565	0.285742	0.382713577	0.188770423
1566	0.2859269	0.382943198	0.188910602
1567	0.2860563	0.383128125	0.188984475
1568	0.2861523	0.38328338	0.18902122
1569	0.2862254	0.383344783	0.189106017
1570	0.2862823	0.383351167	0.189213433
1571	0.2863207	0.383415252	0.189226148
1572	0.2863501	0.383519406	0.189180794
1573	0.2864491	0.383605878	0.189292322
1574	0.2865889	0.383668325	0.189509475
1575	0.2866911	0.38372082	0.18966138
1576	0.2867814	0.383785885	0.189776915
1577	0.2867589	0.383736311	0.189781489
1578	0.2866536	0.383598796	0.189708404
1579	0.2866727	0.383590049	0.189755351
1580	0.2867659	0.383657187	0.189874613
1581	0.2868528	0.383730441	0.189975159
1582	0.2869425	0.383815966	0.190069034
1583	0.2870449	0.383896518	0.190193282
1584	0.2871538	0.383971656	0.190335944
1585	0.2872781	0.384151056	0.190405144
1586	0.2874209	0.384414657	0.190427143
1587	0.287499	0.384530924	0.190467076
1588	0.2875295	0.384538139	0.190520861
1589	0.2876147	0.38464555	0.19058385
1590	0.2877385	0.384828958	0.190648042
1591	0.2878488	0.384959461	0.190738139
1592	0.2879441	0.385039419	0.190848781
1593	0.2880339	0.385151847	0.190915953
1594	0.2881272	0.385295825	0.190958575
1595	0.2882082	0.385402561	0.191013839
1596	0.2882796	0.385484945	0.191074255
1597	0.2883211	0.385468829	0.191173371
1598	0.2883419	0.385386848	0.191296952
1599	0.2884306	0.385479476	0.191381724
1600	0.2885589	0.385678073	0.191439727
1601	0.2886667	0.385786943	0.191546457
1602	0.2887666	0.385846074	0.191687126
1603	0.2888682	0.385937293	0.191799107
1604	0.2889754	0.386055429	0.191895371
1605	0.2890407	0.386141469	0.191939931
1606	0.2890761	0.386201182	0.191951018
1607	0.2891277	0.386236264	0.192019136
1608	0.2891896	0.386256057	0.192123143
1609	0.2892927	0.386408991	0.192176409
1610	0.2894218	0.38664036	0.19220324
1611	0.28951	0.386774208	0.192245792
1612	0.2895726	0.386852719	0.192292481
1613	0.2896204	0.386849942	0.192390858
1614	0.2896586	0.386802644	0.192514556
1615	0.2897349	0.386857585	0.192612215
1616	0.2898324	0.386966609	0.192698191
1617	0.2899794	0.387161202	0.192797598
1618	0.2901488	0.387394988	0.192902612
1619	0.2902415	0.387548867	0.192934133
1620	0.2902999	0.38766883	0.19293097
1621	0.2903186	0.387667305	0.192969895
1622	0.2903203	0.387612427	0.193028173
1623	0.2904138	0.387701645	0.193125955
1624	0.2905451	0.387850669	0.193239531
1625	0.2906249	0.387906391	0.193343409
1626	0.290685	0.387926502	0.193443498
1627	0.2906755	0.387925409	0.193425591
1628	0.2906404	0.387917183	0.193363617
1629	0.2906838	0.387981966	0.193385634
1630	0.2907552	0.388073228	0.193437172
1631	0.2908653	0.388154324	0.193576276
1632	0.2909891	0.388232682	0.193745518
1633	0.2911397	0.388465598	0.193813802
1634	0.2912994	0.388746332	0.193852468
1635	0.2913736	0.388821029	0.193926171
1636	0.2914255	0.388840596	0.194010404
1637	0.2915274	0.388970787	0.194084013
1638	0.2916419	0.389128153	0.194155647
1639	0.2917387	0.389251091	0.194226309
1640	0.2918316	0.389366846	0.194296354
1641	0.2918955	0.389427777	0.194363223
1642	0.2919551	0.389480977	0.194429223
1643	0.2919669	0.389453386	0.194480414
1644	0.29197	0.389410718	0.194529282
1645	0.292052	0.389527939	0.194576061
1646	0.2921468	0.389672045	0.194621555
1647	0.2922532	0.389796235	0.194710165
1648	0.292359	0.389910573	0.194807427
1649	0.2924803	0.390027382	0.194933218
1650	0.2926064	0.390152305	0.195060495
1651	0.2925976	0.39012893	0.19506627
1652	0.2925776	0.390093218	0.195061982
1653	0.2926954	0.390201272	0.195189528
1654	0.2928204	0.39031691	0.19532389
1655	0.2928583	0.390411232	0.195305368
1656	0.2928933	0.390507661	0.195278939
1657	0.2930762	0.390777435	0.195374965
1658	0.293258	0.391038147	0.195477853
1659	0.2933306	0.391134783	0.195526417
1660	0.2934114	0.391244504	0.195578296
1661	0.2935666	0.391436383	0.195696817
1662	0.2937257	0.391640592	0.195810808
1663	0.2939404	0.392000055	0.195880745
1664	0.294155	0.39234801	0.19596199
1665	0.2943655	0.39255295	0.19617805
1666	0.2945746	0.392752998	0.196396202
1667	0.2947728	0.392959453	0.196586147
1668	0.2949749	0.393192783	0.196757017
1669	0.2951668	0.393513762	0.196819838
1670	0.2953649	0.393819419	0.196910381
1671	0.2955658	0.394022902	0.197108698
1672	0.295758	0.394231873	0.197284127
1673	0.2959389	0.394493472	0.197384328
1674	0.2961281	0.394764242	0.197491958
1675	0.2963308	0.395052161	0.197609439
1676	0.2965025	0.395294779	0.197710221
1677	0.2965814	0.395389323	0.197773477
1678	0.2966615	0.395475234	0.197847766
1679	0.2967695	0.39558035	0.19795865
1680	0.2968959	0.395714957	0.198076843
1681	0.2970595	0.395913529	0.198205471
1682	0.2972046	0.396102679	0.198306521
1683	0.2972967	0.396238914	0.198354486
1684	0.2974229	0.396413505	0.198432295
1685	0.2976142	0.396655483	0.198572917
1686	0.2977435	0.396802751	0.198684249
1687	0.2977886	0.396842262	0.198734938
1688	0.2979292	0.397002967	0.198855433
1689	0.2981615	0.397271285	0.199051715
1690	0.2983194	0.397482885	0.199155915
1691	0.2984231	0.397671247	0.199174953
1692	0.2985436	0.397848222	0.199238978
1693	0.2986675	0.397995956	0.199339044
1694	0.2988102	0.398149784	0.199470616
1695	0.2989716	0.398316198	0.199627002
1696	0.2990979	0.398464833	0.199730967
1697	0.2991958	0.398580696	0.199810904
1698	0.2994297	0.398838777	0.200020623
1699	0.2997492	0.399196883	0.200301517
1700	0.2998281	0.399320534	0.200335666
1701	0.2997977	0.399349079	0.200246321
1702	0.2999645	0.399583664	0.200345336
1703	0.3001981	0.399872254	0.200523946
1704	0.3002096	0.399889139	0.200530061
1705	0.3001602	0.399840464	0.200479936
1706	0.3003058	0.40002645	0.20058515
1707	0.3004912	0.400260091	0.200722309
1708	0.3005918	0.400367077	0.200816523
1709	0.3006878	0.40044768	0.20092792
1710	0.3008173	0.400607122	0.201027478
1711	0.3009448	0.400781434	0.201108166
1712	0.3010818	0.400908124	0.201255476
1713	0.3012196	0.401028258	0.201410942
1714	0.3012987	0.401113651	0.201483749
1715	0.3013707	0.401210927	0.201530473
1716	0.3014693	0.401411634	0.201526966
1717	0.3015711	0.401598651	0.201543549
1718	0.301473	0.401463079	0.201482921
1719	0.3013755	0.401334061	0.201416939
1720	0.3014164	0.401368966	0.201463834
1721	0.3014441	0.40138591	0.20150229
1722	0.3014351	0.401305012	0.201565188
1723	0.3014388	0.40125255	0.20162505
1724	0.3014221	0.401282094	0.201562106
1725	0.3014009	0.401280739	0.201521061
1726	0.3014242	0.40118662	0.20166178
1727	0.3014291	0.401086714	0.201771486
1728	0.3013225	0.400948577	0.201696423
1729	0.3012078	0.400846884	0.201568716
1730	0.3011181	0.400894824	0.201341376
1731	0.301128	0.400988077	0.201267923
1732	0.3013261	0.401145562	0.201506638
1733	0.3013961	0.401182346	0.201609854
1734	0.3012134	0.400984922	0.201441878
1735	0.3010419	0.400760483	0.201323317
1736	0.3009338	0.400527584	0.201340016
1737	0.3009101	0.400441865	0.201378335
1738	0.3009702	0.400519262	0.201421138
1739	0.3009622	0.400532858	0.201391542
1740	0.3008867	0.400497965	0.201275435
1741	0.3008423	0.400430053	0.201254547
1742	0.3008192	0.400316304	0.201322096
1743	0.3008772	0.400361406	0.201392994
1744	0.3009626	0.40046864	0.20145656
1745	0.3010133	0.400565647	0.201460953
1746	0.3010772	0.400708409	0.201445991
1747	0.3010669	0.400628444	0.201505356
1748	0.3010158	0.40044229	0.20158931
1749	0.3010826	0.400504341	0.201660859
1750	0.3011913	0.400673984	0.201708616
1751	0.301082	0.400648537	0.201515463
1752	0.3009339	0.400571663	0.201296137
1753	0.3011094	0.400696457	0.201522343
1754	0.3013133	0.40080818	0.20181842
1755	0.3012826	0.400762701	0.201802499
1756	0.3012399	0.400727845	0.201751955
1757	0.3012081	0.400646519	0.201769681
1758	0.3011692	0.400576008	0.201762392
1759	0.3010889	0.400551535	0.201626265
1760	0.3010064	0.400520078	0.201492722
1761	0.3011445	0.4006757	0.2016133
1762	0.3012426	0.400779699	0.201705501
1763	0.3011605	0.400790934	0.201530066
1764	0.3011413	0.400848103	0.201434497
1765	0.3011539	0.400712307	0.201595493
1766	0.3011334	0.400546015	0.201720785
1767	0.3011282	0.400511018	0.201745382
1768	0.3010577	0.400406272	0.201709128
1769	0.3008906	0.400132981	0.201648219
1770	0.3008016	0.400007707	0.201595493
1771	0.3007661	0.400083953	0.201448247
1772	0.3006647	0.399998291	0.201331109
1773	0.3005769	0.399812357	0.201341443
1774	0.3005241	0.399602589	0.201445611
1775	0.3004435	0.399296623	0.201590377
1776	0.3002194	0.398982045	0.201456755
1777	0.2998585	0.398634554	0.201082446
1778	0.2996772	0.398505978	0.200848422
1779	0.2996379	0.398506228	0.200769572
1780	0.299527	0.398409474	0.200644526
1781	0.2993978	0.398325453	0.200470147
1782	0.2993204	0.398116416	0.200524384
1783	0.2992068	0.397801684	0.200611916
1784	0.2989973	0.39751043	0.20048417
1785	0.2987749	0.3972083	0.2003415
1786	0.2990239	0.397545179	0.200502621
1787	0.2993368	0.397977902	0.200695698
1788	0.2990476	0.39747333	0.20062187
1789	0.2986704	0.396832323	0.200508477
1790	0.2985439	0.396591801	0.200495999
1791	0.2984251	0.396364066	0.200486134
1792	0.2977524	0.395533684	0.199971116
1793	0.2970801	0.394815558	0.199344642
1794	0.2973828	0.395583088	0.199182512
1795	0.2976488	0.396121189	0.199176411
1796	0.2973208	0.395227784	0.199413816
1797	0.2969125	0.394339098	0.199485902
1798	0.2965538	0.394016342	0.199091258
1799	0.2960829	0.39351058	0.19865522
1800	0.2953227	0.392436883	0.198208517
1801	0.297746	0.402626212	0.192865788
1802	0.2992526	0.405152926	0.193352274
1803	0.3018176	0.406270864	0.197364336
1804	0.304584	0.407655248	0.201512752
1805	0.3052634	0.402900578	0.207626222
1806	0.3049725	0.396580535	0.213364465
1807	0.3078272	0.404185875	0.211468525
1808	0.313892	0.419823345	0.207960655
1809	0.3117201	0.420565707	0.202874493
1810	0.3068673	0.415968901	0.197765699
1811	0.3061309	0.417194413	0.195067387
1812	0.3071026	0.419791172	0.194414028
1813	0.3071721	0.420726445	0.193617755
1814	0.3017853	0.414535039	0.189035561
1815	0.2908765	0.402350844	0.179402156
1816	0.2979155	0.406092055	0.189738945
1817	0.3093573	0.4146061	0.2041085
1818	0.3098848	0.418042104	0.201727496
1819	0.3172915	0.438776047	0.195806953
1820	0.3268092	0.465532134	0.188086266
1821	0.3401244	0.479611034	0.200637766
1822	0.3592458	0.493429273	0.225062327
1823	0.3780285	0.51075734	0.24529966
1824	0.3875256	0.535721941	0.239329259
1825	0.3995815	0.551415404	0.247747596
1826	0.4702959	0.632922663	0.307669137
1827	0.5635343	0.82266598	0.30440262
1828	0.6232571	1.036594508	0.209919692
1829	0.5712238	1.011569449	0.130878151
1830	0.4937014	0.844423276	0.142979524
1831	0.4951176	0.878941501	0.111293699
1832	0.5480704	1.057837925	0.038302875
1833	0.5118234	0.985899547	0.037747253
1834	0.5665841	1.002400975	0.130767225
1835	0.6708541	1.085615762	0.256092438
1836	0.7335912	1.118403052	0.348779348
1837	0.5778409	0.951967985	0.203713815
1838	0.4334054	0.83478601	0.03202479
1839	0.3510014	0.749834598	-0.047831798
1840	0.3326956	0.708607656	-0.043216456
1841	0.3667462	0.777930803	-0.044438403
1842	0.509302	1.018069475	0.000534525
1843	0.5514877	1.081233226	0.021742174
1844	0.7515208	1.44509449	0.05794711
1845	2.2016878	4.116219082	0.287156518
1846	9.3334836	17.82297727	0.843989934
1847	3.5072202	7.086025081	-0.071584681
1848	1.8479534	4.134771845	-0.438865045
1849	0.8428558	1.824764142	-0.139052542
1850	0.4865202	0.953552241	0.019488159
1851	0.339143	0.59802802	0.08025798
1852	0.3278445	0.589464783	0.066224217
1853	0.4678026	0.838795579	0.096809621
1854	1.0070092	1.736613462	0.277404938
1855	2.0722502	3.47163873	0.67286167
1856	0.8625198	1.489807285	0.235232315
1857	0.4829813	0.902829558	0.063133042
1858	0.5133708	0.94569427	0.08104733
1859	1.2367335	2.534690799	-0.061223799
1860	3.708352	6.485702232	0.931001768
1861	2.9766738	4.867889854	1.085457746
1862	3.9859756	6.706642075	1.265309125
1863	9.1414132	15.39872372	2.884102679
1864	250.7894689	422.9747285	78.60420933
1865	0	0	0
1866	0	0	0
1867	0	0	0
1868	0	0	0
1869	3.2928967	4.839216217	1.746577183
1870	1.3439299	2.295552968	0.392306832
1871	1.0399584	1.916279817	0.163636983
1872	0.8930224	1.528436761	0.257608039
1873	0.9247875	1.53692407	0.31265093
1874	0.9311592	1.392755124	0.469563276
1875	0.8688916	1.300294376	0.437488824
1876	0.8112153	1.219202714	0.403227886
1877	0.8506376	1.319764989	0.381510211
1878	0.6918193	1.074804556	0.308834044
1879	0.4892938	0.788444451	0.190143149
1880	0.3826123	0.662684673	0.102539927
1881	0.3795458	0.64560398	0.11348762
1882	0.4322521	0.744523262	0.119980938
1883	0.5836131	0.875142356	0.292083844
1884	0.7263631	1.178596388	0.274129812
1885	0.6449089	1.039717686	0.250100114
1886	0.5503102	0.854338494	0.246281906
1887	0.4054691	0.600726647	0.210211553
1888	0.2970253	0.425664734	0.168385866
1889	0.2816582	0.4216091	0.1417073
1890	0.3852316	0.587042514	0.183420686
1891	0.5167453	0.809120554	0.224370046
1892	0.4612748	0.671229576	0.251320024
1893	0.4320876	0.651662094	0.212513106
1894	0.4061127	0.586315978	0.225909422
1895	0.3572001	0.505274753	0.209125447
1896	0.3185729	0.470256277	0.166889523
1897	0.3125432	0.490306018	0.134780382
1898	0.3135733	0.507830013	0.119316587
1899	0.4068432	0.65993272	0.15375368
1900	0.8132457	1.360570371	0.265921029
1901	0.8268216	1.361750777	0.291892423
1902	0.7105621	1.174260744	0.246863456
1903	0.5374666	0.825464451	0.249468749
1904	0.436753	0.790454232	0.083051768
1905	0.4089829	0.664681307	0.153284493
1906	0.4238069	0.702255506	0.145358294
1907	0.4013657	0.672041548	0.130689852
1908	0.3332211	0.526317	0.1401252
1909	0.3465773	0.552436278	0.140718322
1910	0.51423	0.776062079	0.252397921
1911	0.7391267	1.14977777	0.32847563
1912	0.8258607	1.259149291	0.392572109
1913	0.8872	1.34802634	0.42637366
1914	0.6472745	0.978363185	0.316185815
1915	0.5040328	0.784808546	0.223257054
1916	0.4278699	0.626014249	0.229725551
1917	0.3738124	0.514513813	0.233110987
1918	0.3410828	0.470134547	0.212031053
1919	0.3249087	0.474303024	0.175514376
1920	0.3085647	0.47898415	0.13814525
1921	0.2989805	0.453486361	0.144474639
1922	0.2924985	0.441644468	0.143352532
1923	0.2770822	0.399522631	0.154641769
1924	0.2629203	0.368160777	0.157679823
1925	0.2620552	0.359019637	0.165090763
1926	0.2669764	0.36227924	0.17167356
1927	0.2700863	0.365170109	0.175002491
1928	0.2700251	0.36788798	0.17216222
1929	0.2701628	0.375077554	0.165248046
1930	0.2726774	0.387551903	0.157802897
1931	0.2753343	0.397672099	0.152996501
1932	0.2758836	0.384296808	0.167470392
1933	0.2763335	0.376944359	0.175722641
1934	0.2816615	0.371747422	0.191575578
1935	0.2862924	0.367298086	0.205286714
1936	0.2838728	0.362285134	0.205460466
1937	0.2802755	0.359984618	0.200566382
1938	0.2814685	0.363147005	0.199789995
1939	0.2864017	0.37197403	0.20082937
1940	0.2890566	0.378664396	0.199448804
1941	0.2850145	0.37766773	0.19236127
1942	0.2813577	0.377007886	0.185707514
1943	0.2774019	0.366473227	0.188330573
1944	0.2739146	0.357450162	0.190379038
1945	0.2713092	0.352572232	0.190046168
1946	0.2690183	0.348990333	0.189046267
1947	0.2692045	0.351654733	0.186754267
1948	0.271102	0.358840078	0.183363922
1949	0.2739774	0.364490152	0.183464648
1950	0.2782452	0.367314873	0.189175527
1951	0.2815282	0.369775625	0.193280775
1952	0.2811656	0.370586521	0.191744679
1953	0.2808154	0.371677734	0.189953066
1954	0.2790568	0.371481998	0.186631602
1955	0.2773848	0.371425386	0.183344214
1956	0.2763051	0.373298367	0.179311833
1957	0.2754497	0.375610989	0.175288411
1958	0.2751632	0.374977838	0.175348562
1959	0.2752629	0.372546945	0.177978855
1960	0.275913	0.371654648	0.180171352
1961	0.2773928	0.372742826	0.182042774
1962	0.2788257	0.373927835	0.183723565
1963	0.2810682	0.375955608	0.186180792
1964	0.2829815	0.377746548	0.188216452
1965	0.2826105	0.377926737	0.187294263
1966	0.2821713	0.378037518	0.186305082
1967	0.2825609	0.37942607	0.18569573
1968	0.2831825	0.381158635	0.185206365
1969	0.2838087	0.382513364	0.185104036
1970	0.2844833	0.383553199	0.185413401
1971	0.2844051	0.383387446	0.185422754
1972	0.2829164	0.381052803	0.184779997
1973	0.2817404	0.379200174	0.184280626
1974	0.2816973	0.378836609	0.184557991
1975	0.2816577	0.378522227	0.184793173
1976	0.2823736	0.379186439	0.185560761
1977	0.2831235	0.379949462	0.186297538
1978	0.283962	0.381308891	0.186615109
1979	0.2847529	0.382726967	0.186778833
1980	0.2852012	0.383457481	0.186944919
1981	0.2853596	0.383651298	0.187067902
1982	0.2854202	0.38383558	0.18700482
1983	0.2855506	0.384235751	0.186865449
1984	0.2857328	0.384646208	0.186819392
1985	0.2864045	0.385533876	0.187275124
1986	0.2870693	0.386423554	0.187715046
1987	0.2870796	0.386471976	0.187687224
1988	0.2870105	0.386429868	0.187591132
1989	0.2873728	0.386609451	0.188136149
1990	0.2877928	0.386711629	0.188873971
1991	0.2879943	0.386743361	0.189245239
1992	0.28793	0.38653919	0.18932081
1993	0.2879103	0.386272269	0.189548331
1994	0.2883988	0.386622646	0.190174954
1995	0.289008	0.387189743	0.190826257
1996	0.2894531	0.388173263	0.190732937
1997	0.2899813	0.389371295	0.190591305
1998	0.2907208	0.390222525	0.191219075
1999	0.2916524	0.391203355	0.192101445
2000	0.290405	0.390971294	0.189838706
2001	0.2879199	0.389995159	0.185844641
2002	0.2874388	0.391146685	0.183730915
2003	0.2885973	0.393800848	0.183393752
2004	0.2886785	0.394563048	0.182793952
2005	0.2878407	0.393676009	0.182005391
2006	0.2875657	0.393628033	0.181503367
2007	0.2883361	0.394296475	0.182375725
2008	0.289034	0.394827374	0.183240626
2009	0.2902464	0.394922717	0.185570083
2010	0.2915396	0.395283185	0.187796015
2011	0.2926353	0.394413025	0.190857575
2012	0.2936099	0.393165668	0.194054132
2013	0.29415	0.393759023	0.194540977
2014	0.294477	0.395095229	0.193858771
2015	0.2944632	0.395242809	0.193683591
2016	0.2942876	0.395132528	0.193442672
2017	0.2947733	0.395381356	0.194165244
2018	0.2959833	0.395918866	0.196047734
2019	0.2967608	0.396364439	0.197157161
2020	0.297164	0.396945848	0.197382152
2021	0.2975919	0.397544991	0.197638809
2022	0.298911	0.399540036	0.198281964
2023	0.3001537	0.401459381	0.198848019
2024	0.3002944	0.401983575	0.198605225
2025	0.2999625	0.401942947	0.197982053
2026	0.2997745	0.402298927	0.197250073
2027	0.2995223	0.402570779	0.196473821
2028	0.2993229	0.402579611	0.196066189
2029	0.2995355	0.402675322	0.196395678
2030	0.2996951	0.402695964	0.196694236
2031	0.3002825	0.403438458	0.197126542
2032	0.3008915	0.404176378	0.197606622
2033	0.301459	0.404630912	0.198287088
2034	0.3019535	0.405001057	0.198905943
2035	0.3023437	0.405708026	0.198979374
2036	0.3026848	0.406395912	0.198973688
2037	0.3032286	0.407445742	0.199011458
2038	0.3038819	0.408544688	0.199219112
2039	0.3045612	0.409471891	0.199650509
2040	0.305248	0.410273176	0.200222824
2041	0.3059943	0.410925127	0.201063473
2042	0.3065318	0.411290029	0.201773571
2043	0.3070303	0.411646875	0.202413725
2044	0.3075686	0.412083085	0.203054115
2045	0.307999	0.412472122	0.203525878
2046	0.3077558	0.412135018	0.203376582
2047	0.307597	0.411720326	0.203473674
2048	0.3084286	0.412446775	0.204410425
2049	0.3091714	0.413423975	0.204918825
2050	0.3093602	0.413969798	0.204750602
2051	0.3092338	0.414121215	0.204346385
2052	0.3095042	0.414588816	0.204419584
2053	0.3098977	0.4149358	0.2048596
2054	0.3099273	0.414705269	0.205149331
2055	0.3095247	0.413835753	0.205213647
2056	0.3092298	0.413238236	0.205221364
2057	0.3093632	0.413548677	0.205177723
2058	0.3095038	0.413841784	0.205165816
2059	0.3098708	0.414038145	0.205703455
2060	0.3103857	0.41437312	0.20639828
2061	0.3106238	0.415071706	0.206175894
2062	0.3106241	0.415616953	0.205631247
2063	0.310477	0.415982437	0.204971563
2064	0.3102653	0.416669436	0.203861164
2065	0.3099069	0.416772455	0.203041345
2066	0.30979	0.416663347	0.202916653
2067	0.3100183	0.417000697	0.203035903
2068	0.3102626	0.416647373	0.203877827
2069	0.3103309	0.416085126	0.204576674
2070	0.3102213	0.415412659	0.205029941
2071	0.3102266	0.415046414	0.205406786
2072	0.3102676	0.41562437	0.20491083
2073	0.310137	0.416102237	0.204171763
2074	0.3099713	0.415755217	0.204187383
2075	0.3100272	0.415416016	0.204638384
2076	0.3103919	0.415300172	0.205483628
2077	0.3111855	0.41572217	0.20664883
2078	0.311512	0.415708548	0.207315452
2079	0.3111701	0.415328244	0.207011956
2080	0.3111289	0.41555204	0.20670576
2081	0.3111723	0.415994002	0.206350598
2082	0.3111272	0.416213905	0.206040495
2083	0.3108033	0.415994431	0.205612169
2084	0.3104456	0.415730973	0.205160227
2085	0.3103105	0.415514366	0.205106634
2086	0.3103268	0.415438187	0.205215413
2087	0.3108506	0.416176421	0.205524779
2088	0.3113896	0.416873923	0.205905277
2089	0.3114017	0.416608696	0.206194704
2090	0.3111766	0.41619538	0.20615782
2091	0.3111575	0.416357118	0.205957882
2092	0.3110955	0.41657453	0.20561647
2093	0.3106853	0.416506148	0.204864452
2094	0.3107217	0.416992768	0.204450632
2095	0.3110035	0.417619364	0.204387636
2096	0.3114256	0.418118337	0.204732863
2097	0.3119506	0.418678939	0.205222261
2098	0.3122629	0.418723886	0.205801914
2099	0.3123315	0.418487068	0.206175932
2100	0.3121513	0.418063408	0.206239192
2101	0.3121498	0.417756416	0.206543184
2102	0.312307	0.417735508	0.206878492
2103	0.3124454	0.417919645	0.206971155
2104	0.3127666	0.418597462	0.206935738
2105	0.3133018	0.419832919	0.206770681
2106	0.3132978	0.42006469	0.20653091
2107	0.3129796	0.419555664	0.206403536
2108	0.3128675	0.419376861	0.206358139
2109	0.312972	0.419376466	0.206567534
2110	0.3133255	0.419694861	0.206956139
2111	0.3135783	0.419788849	0.207367751
2112	0.3137187	0.419724448	0.207712952
2113	0.3140588	0.420032901	0.208084699
2114	0.3144583	0.420512631	0.208403969
2115	0.3142997	0.420822958	0.207776442
2116	0.3140962	0.421254961	0.206937439
2117	0.3137719	0.421075075	0.206468725
2118	0.313281	0.420379682	0.206182318
2119	0.3130352	0.420000433	0.206069967
2120	0.3130224	0.420022169	0.206022631
2121	0.3134755	0.420586965	0.206364035
2122	0.3141893	0.421337826	0.207040774
2123	0.3144222	0.421513181	0.207331219
2124	0.3142141	0.421456188	0.206972012
2125	0.3141292	0.421499786	0.206758614
2126	0.3143205	0.421419045	0.207221955
2127	0.3144762	0.42133694	0.20761546
2128	0.3145906	0.421615982	0.207565218
2129	0.3147797	0.422032985	0.207526415
2130	0.3148825	0.422370141	0.207394859
2131	0.3147648	0.422468133	0.207061467
2132	0.3149524	0.422306364	0.207598436
2133	0.3155197	0.422490705	0.208548695
2134	0.3158359	0.422958495	0.208713305
2135	0.3156109	0.423083488	0.208138312
2136	0.315437	0.423209255	0.207664745
2137	0.3152295	0.423383227	0.207075773
2138	0.3149873	0.423456316	0.206518284
2139	0.315087	0.423444464	0.206729536
2140	0.3153739	0.423486976	0.207260824
2141	0.3160286	0.423904018	0.208153182
2142	0.316577	0.424258841	0.208895159
2143	0.316528	0.423874155	0.209181845
2144	0.3163366	0.42331396	0.20935924
2145	0.3161203	0.423090845	0.209149755
2146	0.3159702	0.423073818	0.208866582
2147	0.3153646	0.42248371	0.20824549
2148	0.3145364	0.421686441	0.207386359
2149	0.3142103	0.421369404	0.207051196
2150	0.3140229	0.421039197	0.207006603
2151	0.3141594	0.42095194	0.20736686
2152	0.3146989	0.421061436	0.208336364
2153	0.3145021	0.420501348	0.208502852
2154	0.3135818	0.419674339	0.207489261
2155	0.3128509	0.419018741	0.206683059
2156	0.3128591	0.418863356	0.206854844
2157	0.312958	0.418793904	0.207122096
2158	0.312575	0.418241059	0.206908941
2159	0.3121034	0.417569191	0.206637609
2160	0.3117763	0.416987328	0.206565272
2161	0.3114514	0.416440193	0.206462607
2162	0.311492	0.416691784	0.206292216
2163	0.3116595	0.417333534	0.205985466
2164	0.3114109	0.417367092	0.205454708
2165	0.3109528	0.416852359	0.205053241
2166	0.3102069	0.415674062	0.204739738
2167	0.3096498	0.414586266	0.204713334
2168	0.3088949	0.41364808	0.20414172
2169	0.3081421	0.412953085	0.203331115
2170	0.3078317	0.412449467	0.203213933
2171	0.3070301	0.41136036	0.20269984
2172	0.3060522	0.410200444	0.201903956
2173	0.3056974	0.409821308	0.201573492
2174	0.3054767	0.409546133	0.201407267
2175	0.3049464	0.409075961	0.200816839
2176	0.3043698	0.408580132	0.200159468
2177	0.3039348	0.40770126	0.20016834
2178	0.3034363	0.4065632	0.2003094
2179	0.3028752	0.405436817	0.200313583
2180	0.302449	0.404330958	0.200567042
2181	0.3018086	0.40332627	0.20029093
2182	0.3010551	0.402368967	0.199741233
2183	0.3001234	0.40121215	0.19903465
2184	0.2993211	0.400322548	0.198319652
2185	0.2987459	0.399639281	0.197852519
2186	0.2979046	0.398740511	0.197068689
2187	0.2970459	0.397874182	0.196217618
2188	0.2960104	0.396400936	0.195619864
2189	0.294785	0.39428731	0.19528269
2190	0.293877	0.392597741	0.195156259
2191	0.2929648	0.391031271	0.194898329
2192	0.2913519	0.388677281	0.194026519
2193	0.2897052	0.386385045	0.193025355
2194	0.2887728	0.385187647	0.192357953
2195	0.2879187	0.384068015	0.191769385
2196	0.2866434	0.382284355	0.191002445
2197	0.285334	0.380359671	0.190308329
2198	0.2837212	0.378367791	0.189074609
2199	0.281909	0.376354739	0.187463261
2200	0.2802792	0.374309895	0.186248505
2201	0.2786808	0.372557001	0.184804599
2202	0.2777365	0.371640465	0.183832535
2203	0.2771356	0.370663178	0.183608022
2204	0.276087	0.369330365	0.182843635
2205	0.2750711	0.368414199	0.181728001
2206	0.2737963	0.367151362	0.180441238
2207	0.2720481	0.364631619	0.179464581
2208	0.270511	0.362461007	0.178560993
2209	0.2693939	0.361120153	0.177667647
2210	0.2686152	0.360001372	0.177229028
2211	0.268117	0.359157753	0.177076247
2212	0.2675773	0.35840128	0.17675332
2213	0.2674955	0.358218076	0.176772924
2214	0.2674762	0.358000443	0.176951957
2215	0.2667321	0.356575153	0.176889047
2216	0.2659802	0.355116658	0.176843742
2217	0.265615	0.35437804	0.17685196
2218	0.2652656	0.353727555	0.176803645
2219	0.2653195	0.35356614	0.17707286
2220	0.2654951	0.353461235	0.177528965
2221	0.2658337	0.353715311	0.177952089
2222	0.2661793	0.354355878	0.178002722
2223	0.2665254	0.355073377	0.177977423
2224	0.2667322	0.355551741	0.177912659
2225	0.2665371	0.355540787	0.177533413
2226	0.266176	0.355126912	0.177225088
2227	0.2659802	0.354921486	0.177038914
2228	0.26619	0.355062576	0.177317424
2229	0.2666663	0.355609361	0.177723239
2230	0.2674424	0.356776409	0.178108391
2231	0.26803	0.35764226	0.17841774
2232	0.2678762	0.357572495	0.178179905
2233	0.2676517	0.357443463	0.177859937
2234	0.2678661	0.357781855	0.177950345
2235	0.2681978	0.358345217	0.178050383
2236	0.268488	0.358599129	0.178376871
2237	0.2688486	0.358560451	0.179136749
2238	0.2689682	0.358412105	0.179524295
2239	0.2688318	0.358192285	0.179471315
2240	0.2685037	0.357951222	0.179056178
2241	0.2679563	0.357768381	0.178144219
2242	0.2676195	0.357534653	0.177704347
2243	0.2676575	0.35717107	0.17814393
2244	0.2676977	0.357065835	0.178329565
2245	0.2678928	0.35752739	0.17825821
2246	0.2681657	0.358088105	0.178243295
2247	0.2681598	0.358335041	0.177984559
2248	0.268175	0.358274784	0.178075216
2249	0.2685313	0.358414511	0.178648089
2250	0.2685699	0.358375	0.1787648
2251	0.2677934	0.357571149	0.178015651
2252	0.2671223	0.356941835	0.177302765
2253	0.2670201	0.35710724	0.17693296
2254	0.2671115	0.357461157	0.176761843
2255	0.2680864	0.358553578	0.177619222
2256	0.2692733	0.359785275	0.178761325
2257	0.2699947	0.359950766	0.180038634
2258	0.2706694	0.359916845	0.181421955
2259	0.2716572	0.360923457	0.182390943
2260	0.2723725	0.361674701	0.183070299
2261	0.2732151	0.363045637	0.183384563
2262	0.2745492	0.365382467	0.183715933
2263	0.2752259	0.366608345	0.183843455
2264	0.2754331	0.367286707	0.183579493
2265	0.2761627	0.368647033	0.183678367
2266	0.276983	0.370287952	0.183678048
2267	0.2776838	0.371501871	0.183865729
2268	0.2782666	0.371911393	0.184621807
2269	0.2788404	0.372372894	0.185307906
2270	0.27974	0.373375095	0.186104905
2271	0.2807577	0.374595851	0.186919549
2272	0.2818469	0.375858657	0.187835143
2273	0.2824962	0.37672692	0.18826548
2274	0.2821908	0.376399402	0.187982198
2275	0.2819385	0.376078719	0.187798281
2276	0.281881	0.376329808	0.187432192
2277	0.2819386	0.376779744	0.187097456
2278	0.2821406	0.376839928	0.187441272
2279	0.2822429	0.376540934	0.187944866
2280	0.2824203	0.376201638	0.188638962
2281	0.2826815	0.376128261	0.189234739
2282	0.2829089	0.376180571	0.189637229
2283	0.2831535	0.376215101	0.190091899
2284	0.2829744	0.375939968	0.190008832
2285	0.2824902	0.375421483	0.189558917
2286	0.2825571	0.37597152	0.18914268
2287	0.2831633	0.377521229	0.188805371
2288	0.2829463	0.377669518	0.188223082
2289	0.2820607	0.376460285	0.187661115
2290	0.2808625	0.374742747	0.186982253
2291	0.2799524	0.373224492	0.186680308
2292	0.2795863	0.372549088	0.186623512
2293	0.2793101	0.3722973	0.1863229
2294	0.2788885	0.372242248	0.185534752
2295	0.2785531	0.372751557	0.184354643
2296	0.2783636	0.373066401	0.183660799
2297	0.2787532	0.373770344	0.183736056
2298	0.2790592	0.374432127	0.183686273
2299	0.2783585	0.373247231	0.183469769
2300	0.2778542	0.372243804	0.183464596
2301	0.2777408	0.372218043	0.183263557
2302	0.2774636	0.372005417	0.182921783
2303	0.2770031	0.371077072	0.182929128
2304	0.2765009	0.370045945	0.182955855
2305	0.275943	0.369137171	0.182748829
2306	0.2755827	0.368496519	0.182668881
2307	0.2753633	0.367884216	0.182842384
2308	0.275016	0.367189515	0.182842485
2309	0.2741568	0.366002451	0.182311149
2310	0.2733589	0.364904118	0.181813682
2311	0.2733255	0.365034217	0.181616783
2312	0.2732729	0.364655541	0.181890259
2313	0.2726632	0.363546223	0.181780177
2314	0.2718787	0.362876168	0.180881232
2315	0.2714458	0.362396728	0.180494872
2316	0.2715734	0.362382685	0.180764115
2317	0.2714295	0.362455309	0.180403691
2318	0.2709591	0.362085465	0.179832735
2319	0.2706396	0.361714533	0.179564667
2320	0.2699624	0.361004987	0.178919813
2321	0.2691352	0.360156868	0.178113532
2322	0.2676723	0.358569308	0.176775292
2323	0.2659998	0.356629988	0.175369612
2324	0.2646521	0.35447332	0.17483088
2325	0.2636692	0.352707309	0.174631091
2326	0.2633454	0.351620842	0.175069958
2327	0.2629668	0.350505231	0.175428369
2328	0.2624026	0.349782395	0.175022805
2329	0.2616622	0.349048577	0.174275823
2330	0.2608827	0.348324754	0.173440646
2331	0.2601494	0.347482253	0.172816547
2332	0.2595318	0.346308868	0.172754732
2333	0.2590426	0.345246063	0.172839137
2334	0.2583308	0.343729167	0.172932433
2335	0.2573676	0.341980492	0.172754708
2336	0.2568517	0.341829643	0.171873757
2337	0.256505	0.342098197	0.170911803
2338	0.2562253	0.342467458	0.169983142
2339	0.2561459	0.343155126	0.169136674
2340	0.256485	0.343182617	0.169787383
2341	0.2571374	0.343351172	0.170923628
2342	0.2576964	0.342904429	0.172488371
2343	0.2576449	0.34197068	0.17331912
2344	0.2573171	0.342113445	0.172520755
2345	0.2567364	0.34163042	0.17184238
2346	0.2564409	0.341533014	0.171348786
2347	0.2560211	0.341784886	0.170257314
2348	0.2542898	0.340221689	0.168357911
2349	0.2527667	0.338359976	0.167173424
2350	0.252159	0.336936066	0.167381934
2351	0.2520849	0.336218592	0.167951208
2352	0.2529693	0.337034944	0.168903656
2353	0.254247	0.338555769	0.169938231
2354	0.25457	0.339365789	0.169774211
2355	0.2547149	0.340498518	0.168931282
2356	0.2549488	0.341095382	0.168802218
2357	0.2544457	0.340111061	0.168780339
2358	0.2540754	0.339807503	0.168343297
2359	0.2550242	0.340834304	0.169214096
2360	0.2560572	0.341718806	0.170395594
2361	0.2565187	0.341389577	0.171647823
2362	0.2570317	0.341105875	0.172957525
2363	0.2573166	0.341055782	0.173577418
2364	0.2575981	0.341479039	0.173717161
2365	0.2582069	0.343886047	0.172527753
2366	0.2587635	0.346379598	0.171147402
2367	0.2590457	0.347282703	0.170808697
2368	0.2592287	0.347742291	0.170715109
2369	0.2588651	0.347813691	0.169916509
2370	0.2587212	0.348215809	0.169226591
2371	0.2602844	0.349620556	0.170948244
2372	0.2619801	0.351109344	0.172850856
2373	0.2621369	0.350213758	0.174060042
2374	0.2620811	0.349017847	0.175144353
2375	0.2612922	0.347406418	0.175177982
2376	0.2596337	0.344747896	0.174519504
2377	0.2585856	0.343861687	0.173309513
2378	0.2585652	0.344672717	0.172457683
2379	0.2585726	0.345076445	0.172068755
2380	0.2581604	0.344793129	0.171527671
2381	0.259483	0.34561149	0.17335451
2382	0.261792	0.346804971	0.176779029
2383	0.2623456	0.346840869	0.177850331
2384	0.2622129	0.346550485	0.177875315
2385	0.2621364	0.346649956	0.177622844
2386	0.2615882	0.346468627	0.176707773
2387	0.2612267	0.346100702	0.176352698
2388	0.2620609	0.346774911	0.177346889
2389	0.2627357	0.347373307	0.178098093
2390	0.2627042	0.347576844	0.177831556
2391	0.262836	0.348763452	0.176908548
2392	0.2622459	0.350323755	0.174168045
2393	0.261606	0.350894901	0.172317099
2394	0.2616283	0.350270207	0.172986393
2395	0.2624494	0.34989801	0.17500079
2396	0.2631475	0.3492042	0.1770908
2397	0.2630263	0.348861168	0.177191432
2398	0.2634394	0.350712851	0.176165949
2399	0.2640713	0.352257768	0.175884832
2400	0.2645928	0.352242345	0.176943255
2401	0.2650056	0.352435377	0.177575823
2402	0.2648784	0.35242652	0.17733028
2403	0.2651265	0.351970579	0.178282421
2404	0.2662747	0.351427137	0.181122263
2405	0.2671858	0.351520218	0.182851382
2406	0.2665834	0.350576343	0.182590457
2407	0.2653257	0.34875169	0.18189971
2408	0.2625764	0.346769229	0.178383571
2409	0.2596916	0.345003579	0.174379621
2410	0.2587132	0.344504712	0.172921688
2411	0.2586226	0.344278224	0.172966976
2412	0.2597599	0.344390211	0.175129589
2413	0.2607529	0.345111432	0.176394368
2414	0.2613946	0.345471737	0.177317463
2415	0.2623291	0.346005378	0.178652822
2416	0.2625336	0.347312957	0.177754243
2417	0.2620938	0.347975687	0.176211913
2418	0.2604627	0.346246119	0.174679281
2419	0.2581636	0.344210895	0.172116305
2420	0.2590813	0.343979343	0.174183257
2421	0.2620838	0.34582068	0.17834692
2422	0.26117	0.344737068	0.177602932
2423	0.2586713	0.341821378	0.175521222
2424	0.2561142	0.339808966	0.172419434
2425	0.2537653	0.338439503	0.169091097
2426	0.2537869	0.33802069	0.16955311
2427	0.2537106	0.337717667	0.169703533
2428	0.253389	0.336499839	0.170278161
2429	0.2527926	0.334005434	0.171579766
2430	0.252548	0.331975016	0.173120984
2431	0.2534661	0.332846749	0.174085451
2432	0.2564301	0.336931283	0.175928917
2433	0.259632	0.34133288	0.17793112
2434	0.2610831	0.343658965	0.178507235
2435	0.2624657	0.346070116	0.178861284
2436	0.2610272	0.346143212	0.175911188
2437	0.2577108	0.343379895	0.172041705
2438	0.2553684	0.339922852	0.170813948
2439	0.2527651	0.335398252	0.170131948
2440	0.2508929	0.332272546	0.169513254
2441	0.251754	0.333997411	0.169510589
2442	0.2514991	0.335341529	0.167656671
2443	0.2484761	0.334654993	0.162297207
2444	0.247724	0.335961743	0.159486257
2445	0.248239	0.334213012	0.162264988
2446	0.2476624	0.331771129	0.163553671
2447	0.2469585	0.329801334	0.164115666
2448	0.2461417	0.325134719	0.167148681
2449	0.2447362	0.320263845	0.169208555
2450	0.2411451	0.316953468	0.165336732
2451	0.2379518	0.318766257	0.157137343
2452	0.236748	0.321461238	0.152034762
2453	0.236469	0.320182589	0.152755411
2454	0.238464	0.321139668	0.155788332
2455	0.2400318	0.321686451	0.158377149
2456	0.2392145	0.321018195	0.157410805
2457	0.2419495	0.325486716	0.158412284
2458	0.2465412	0.331843556	0.161238844
2459	0.2490101	0.335379316	0.162640884
2460	0.2514335	0.338680989	0.164186011
2461	0.2538107	0.340299959	0.167321441
2462	0.2551596	0.340771248	0.169547952
2463	0.2563269	0.338600027	0.174053773
2464	0.2567146	0.335702543	0.177726657
2465	0.2549567	0.331547333	0.178366067
2466	0.2553429	0.332148391	0.178537409
2467	0.2590281	0.343069078	0.174987122
2468	0.2606574	0.351077178	0.170237622
2469	0.2613238	0.352052376	0.170595224
2470	0.2622734	0.353149058	0.171397742
2471	0.2579601	0.342477728	0.173442472
2472	0.253235	0.330533818	0.175936182
2473	0.2550854	0.334421663	0.175749137
2474	0.2591115	0.341584838	0.176638162
2475	0.2654893	0.344963753	0.186014847
2476	0.2709322	0.350195355	0.191669045
2477	0.2685774	0.350378284	0.186776516
2478	0.2632351	0.351914459	0.174555741
2479	0.2484839	0.339658115	0.157309685
2480	0.2344492	0.325219295	0.143679105
2481	0.2348695	0.318390455	0.151348545
2482	0.2392903	0.321361524	0.157219076
2483	0.2479003	0.337539041	0.158261559
2484	0.2596643	0.364925114	0.154403486
2485	0.2577868	0.378036677	0.137536923
2486	0.2492811	0.392408523	0.106153677
2487	0.2615182	0.408922792	0.114113608
2488	0.2814476	0.417907185	0.144988015
2489	0.3053129	0.425024372	0.185601428
2490	0.3263456	0.460617188	0.192074012
2491	0.2965221	0.420023902	0.173020298
2492	0.2674724	0.379595216	0.155349584
2493	0.2531965	0.335769524	0.170623476
2494	0.2379311	0.328582802	0.147279398
2495	0.2365287	0.356648773	0.116408627
2496	0.248971	0.407564391	0.090377609
2497	0.2863644	0.450991444	0.121737356
2498	0.3270264	0.501092553	0.152960247
2499	0.3357616	0.5093371	0.1621861
2500	0.338132	0.50531161	0.17095239
