Wavelength	Mean	Std+	Std-
350	0.1273545	0.136958839	0.117750161
351	0.1272711	0.136843322	0.117698878
352	0.12746425	0.13714	0.1177885
353	0.127529125	0.137108427	0.117949823
354	0.127646125	0.13712802	0.11816423
355	0.127810225	0.137219162	0.118401288
356	0.127743975	0.137221822	0.118266128
357	0.127805975	0.137223119	0.118388831
358	0.12795755	0.137292653	0.118622447
359	0.12817685	0.137622946	0.118730754
360	0.12831425	0.137778857	0.118849643
361	0.1284217	0.137893925	0.118949475
362	0.128519575	0.138031627	0.119007523
363	0.128549775	0.138028085	0.119071465
364	0.128667375	0.138145655	0.119189095
365	0.128887	0.138407227	0.119366773
366	0.12913805	0.13863374	0.11964236
367	0.129428675	0.138877623	0.119979727
368	0.129715275	0.139138695	0.120291855
369	0.129863675	0.139424772	0.120302578
370	0.1300073	0.139577354	0.120437246
371	0.1302203	0.139767529	0.120673071
372	0.1305833	0.140130879	0.121035721
373	0.1309421	0.14045354	0.12143066
374	0.131262975	0.140752542	0.121773408
375	0.1315406	0.141031412	0.122049788
376	0.131940925	0.141459061	0.122422789
377	0.13239335	0.141998003	0.122788697
378	0.132888025	0.142604611	0.123171439
379	0.13338325	0.143105205	0.123661295
380	0.13375915	0.14355418	0.12396412
381	0.13409905	0.143932116	0.124265984
382	0.13445945	0.144188111	0.124730789
383	0.13490515	0.144689538	0.125120762
384	0.1353247	0.145174997	0.125474403
385	0.13569955	0.145598932	0.125800168
386	0.136372525	0.146304207	0.126440843
387	0.13689665	0.146846945	0.126946355
388	0.137322075	0.147300541	0.127343609
389	0.137813875	0.147946534	0.127681216
390	0.1382312	0.148374929	0.128087471
391	0.138580675	0.148721976	0.128439374
392	0.138850625	0.14909281	0.12860844
393	0.139404475	0.1496408	0.12916815
394	0.1398835	0.150122945	0.129644055
395	0.140199975	0.15047478	0.12992517
396	0.14059065	0.150960425	0.130220875
397	0.1409559	0.151374896	0.130536904
398	0.1412825	0.15172796	0.13083704
399	0.14150995	0.152029567	0.130990333
400	0.141753975	0.152296722	0.131211228
401	0.1419917	0.152524752	0.131458648
402	0.142219325	0.152710636	0.131728014
403	0.142467925	0.152976487	0.131959363
404	0.142694225	0.153205698	0.132182752
405	0.142892075	0.153372648	0.132411502
406	0.14305315	0.153595238	0.132511062
407	0.1432181	0.153769671	0.132666529
408	0.1433896	0.153916777	0.132862423
409	0.14358335	0.154157872	0.133008828
410	0.143814125	0.154413805	0.133214445
411	0.144045	0.154647377	0.133442623
412	0.1442389	0.154808565	0.133669235
413	0.1444136	0.155001566	0.133825634
414	0.14457045	0.155172305	0.133968595
415	0.1447093	0.155302547	0.134116053
416	0.144913275	0.155513684	0.134312866
417	0.145078675	0.155693193	0.134464157
418	0.145213075	0.15584465	0.1345815
419	0.14540035	0.156026071	0.134774629
420	0.1456132	0.156263993	0.134962407
421	0.1458249	0.156504394	0.135145406
422	0.14599415	0.156663385	0.135324915
423	0.14619915	0.156879276	0.135519024
424	0.14640195	0.157096879	0.135707021
425	0.1465896	0.157297312	0.135881888
426	0.14684815	0.157545034	0.136151266
427	0.14705015	0.157760388	0.136339912
428	0.147192225	0.157939608	0.136444842
429	0.147363675	0.158119933	0.136607417
430	0.147599525	0.15837671	0.13682234
431	0.147855425	0.158660178	0.137050672
432	0.148060725	0.158894913	0.137226537
433	0.148243025	0.159111719	0.137374331
434	0.148426125	0.159323725	0.137528525
435	0.148624925	0.159539337	0.137710513
436	0.1488189	0.15973652	0.13790128
437	0.149014825	0.159932658	0.138096992
438	0.14921245	0.160130636	0.138294264
439	0.14938345	0.160328319	0.138438581
440	0.149540875	0.160503918	0.138577832
441	0.149693525	0.160672385	0.138714665
442	0.149864575	0.160870411	0.138858739
443	0.149991925	0.16102351	0.13896034
444	0.1501062	0.161151958	0.139060442
445	0.150221825	0.161260032	0.139183618
446	0.15034345	0.161404419	0.139282481
447	0.15046425	0.16154312	0.13938538
448	0.1505853	0.161673577	0.139497023
449	0.15073175	0.161833527	0.139629973
450	0.15086265	0.161968007	0.139757293
451	0.150980725	0.162083519	0.139877931
452	0.15108445	0.162185066	0.139983834
453	0.151208	0.16232279	0.14009321
454	0.1513434	0.162472801	0.140213999
455	0.1514899	0.162622026	0.140357774
456	0.15159455	0.162747302	0.140441798
457	0.151683575	0.162850724	0.140516426
458	0.1517603	0.16293064	0.14058996
459	0.151864175	0.163028343	0.140700007
460	0.1519541	0.163128402	0.140779798
461	0.1520347	0.163225381	0.140844019
462	0.1521161	0.163297262	0.140934938
463	0.15216785	0.16334641	0.14098929
464	0.152207975	0.163386829	0.141029121
465	0.152246	0.163425753	0.141066247
466	0.152338425	0.163512629	0.141164221
467	0.1524062	0.163585097	0.141227303
468	0.1524291	0.163627425	0.141230775
469	0.15249025	0.163699873	0.141280627
470	0.152542725	0.163759325	0.141326125
471	0.15258925	0.163809948	0.141368552
472	0.152638775	0.163866013	0.141411537
473	0.152706225	0.163941614	0.141470836
474	0.152768375	0.164016034	0.141520716
475	0.152797975	0.164066813	0.141529137
476	0.152891575	0.164156873	0.141626277
477	0.152984375	0.164256068	0.141712682
478	0.1530615	0.16435838	0.14176462
479	0.15314485	0.164455636	0.141834064
480	0.15323055	0.164555439	0.141905661
481	0.153319725	0.164657888	0.141981562
482	0.153425125	0.164768431	0.142081819
483	0.15353975	0.164879849	0.142199651
484	0.153658975	0.164999542	0.142318408
485	0.153776425	0.165138513	0.142414337
486	0.153899775	0.165295306	0.142504244
487	0.1540006	0.165437227	0.142563973
488	0.1540652	0.16555061	0.14257979
489	0.154183575	0.165703126	0.142664024
490	0.154278125	0.165825551	0.142730699
491	0.1543544	0.16592373	0.14278507
492	0.154466025	0.166050075	0.142881975
493	0.1545836	0.166195831	0.142971369
494	0.154702675	0.166345369	0.143059981
495	0.154818525	0.166478432	0.143158618
496	0.154968825	0.166651721	0.143285929
497	0.15510335	0.166809786	0.143396914
498	0.155200825	0.166930023	0.143471627
499	0.155353075	0.167108861	0.143597289
500	0.1554963	0.167286576	0.143706024
501	0.155630325	0.167461096	0.143799554
502	0.155788275	0.167651468	0.143925082
503	0.155929825	0.167833255	0.144026395
504	0.1560668	0.168011913	0.144121687
505	0.15621995	0.168198419	0.144241481
506	0.156351825	0.168371783	0.144331867
507	0.1564841	0.16853746	0.14443074
508	0.1566285	0.168698103	0.144558897
509	0.156785875	0.168884937	0.144686813
510	0.1569306	0.169061664	0.144799536
511	0.1570658	0.169230402	0.144901198
512	0.1572408	0.169434788	0.145046812
513	0.15739425	0.169616356	0.145172144
514	0.157537675	0.169787202	0.145288148
515	0.157685425	0.169962401	0.145408449
516	0.157802025	0.170122172	0.145481878
517	0.15792825	0.170301239	0.145555261
518	0.158088975	0.170524293	0.145653657
519	0.1582363	0.170732744	0.145739856
520	0.15837615	0.170927408	0.145824892
521	0.158508975	0.171106621	0.145911329
522	0.158653025	0.17127247	0.14603358
523	0.15880615	0.171446213	0.146166087
524	0.158964725	0.171626795	0.146302655
525	0.159121275	0.171812539	0.146430011
526	0.159276775	0.172004166	0.146549384
527	0.1594362	0.172206658	0.146665742
528	0.159605875	0.172428853	0.146782897
529	0.159750175	0.172621516	0.146878834
530	0.15990875	0.172813469	0.147004031
531	0.160085675	0.173007783	0.147163567
532	0.160246425	0.173198967	0.147293883
533	0.16043485	0.173424458	0.147445242
534	0.160638175	0.173670561	0.147605789
535	0.1608229	0.173905904	0.147739896
536	0.1610185	0.17413732	0.14789968
537	0.161212325	0.174360476	0.148064174
538	0.16139575	0.174570275	0.148221225
539	0.16161175	0.174830521	0.148392979
540	0.16184275	0.175106071	0.148579429
541	0.16208515	0.175390845	0.148779455
542	0.162318875	0.175680961	0.148956789
543	0.1625732	0.175985134	0.149161266
544	0.162839925	0.176296125	0.149383725
545	0.16310035	0.176596994	0.149603706
546	0.16337395	0.176912205	0.149835695
547	0.163659725	0.177239706	0.150079744
548	0.163963625	0.177584309	0.150342941
549	0.164296175	0.177962204	0.150630146
550	0.164634375	0.178347504	0.150921246
551	0.1649734	0.178734653	0.151212147
552	0.165324975	0.179134207	0.151515743
553	0.16568795	0.179546545	0.151829355
554	0.16606435	0.17997262	0.15215608
555	0.16646695	0.180421433	0.152512467
556	0.16688145	0.180879498	0.152883402
557	0.167314075	0.181357836	0.153270314
558	0.167778025	0.181876338	0.153679712
559	0.1682278	0.182390177	0.154065423
560	0.168691375	0.182920732	0.154462018
561	0.1691767	0.183474352	0.154879048
562	0.169668725	0.18401354	0.15532391
563	0.1701966	0.184590824	0.155802376
564	0.17075255	0.185199894	0.156305206
565	0.171288025	0.185799182	0.156776868
566	0.171836675	0.186408071	0.157265279
567	0.17240015	0.187031247	0.157769053
568	0.1729838	0.187677373	0.158290227
569	0.173560575	0.188318695	0.158802455
570	0.174146825	0.188972061	0.159321589
571	0.1747482	0.189643399	0.159853001
572	0.175358725	0.190327093	0.160390357
573	0.175973425	0.191006471	0.160940379
574	0.176590675	0.191680936	0.161500414
575	0.17719245	0.192339831	0.162045069
576	0.17782165	0.193035478	0.162607822
577	0.178467325	0.193752072	0.163182578
578	0.1791103	0.194463816	0.163756784
579	0.1797275	0.195158506	0.164296494
580	0.1803401	0.195846622	0.164833578
581	0.180953125	0.196528146	0.165378104
582	0.181539125	0.197176561	0.165901689
583	0.18212765	0.197822462	0.166432838
584	0.182719725	0.198467615	0.166971835
585	0.1832734	0.199072451	0.167474349
586	0.18379435	0.199644869	0.167943831
587	0.184293575	0.200196091	0.168391059
588	0.184760175	0.200714241	0.168806109
589	0.1852533	0.201284186	0.169222414
590	0.18573515	0.201853037	0.169617263
591	0.186175875	0.202385106	0.169966644
592	0.18666525	0.202918804	0.170411696
593	0.187129375	0.203427982	0.170830768
594	0.187566925	0.203916431	0.171217419
595	0.187984225	0.204399892	0.171568558
596	0.188393975	0.20487326	0.17191469
597	0.18879475	0.205337253	0.172252247
598	0.189174375	0.205784584	0.172564166
599	0.189521875	0.206203987	0.172839763
600	0.18986115	0.206616367	0.173105933
601	0.19020005	0.207027103	0.173372997
602	0.1904979	0.207408027	0.173587773
603	0.190778525	0.207765176	0.173791874
604	0.19104615	0.208100429	0.173991871
605	0.191340975	0.208452678	0.174229272
606	0.191601975	0.208770825	0.174433125
607	0.19184465	0.209069373	0.174619927
608	0.192093775	0.209368505	0.174819045
609	0.192328275	0.209655815	0.175000735
610	0.192555675	0.2099333	0.17517805
611	0.192774425	0.210192772	0.175356078
612	0.1929768	0.210444756	0.175508844
613	0.19319235	0.210694613	0.175690087
614	0.19342565	0.210942755	0.175908545
615	0.193614975	0.211172365	0.176057585
616	0.19380535	0.211412423	0.176198277
617	0.193997725	0.211656562	0.176338888
618	0.19419595	0.211885481	0.176506419
619	0.1943532	0.212072656	0.176633744
620	0.194498175	0.212245254	0.176751096
621	0.194648025	0.212418231	0.176877819
622	0.194828475	0.212620892	0.177036058
623	0.19500325	0.212820788	0.177185712
624	0.19516385	0.21301016	0.17731754
625	0.195341475	0.213224638	0.177458312
626	0.19551435	0.213431356	0.177597344
627	0.195678175	0.213627767	0.177728583
628	0.19581545	0.213803868	0.177827032
629	0.195993925	0.214022355	0.177965495
630	0.19616735	0.214240306	0.178094394
631	0.1962922	0.214420167	0.178164233
632	0.19643695	0.214606415	0.178267485
633	0.196570325	0.214786926	0.178353724
634	0.196685525	0.214959339	0.178411711
635	0.196847525	0.215159347	0.178535703
636	0.19699465	0.215347794	0.178641506
637	0.197131275	0.215528521	0.178734029
638	0.197275575	0.215717327	0.178833823
639	0.1974072	0.215890342	0.178924058
640	0.1975276	0.216059966	0.178995234
641	0.197632675	0.216238404	0.179026946
642	0.197757725	0.216416244	0.179099206
643	0.197871825	0.216580308	0.179163342
644	0.197966325	0.216726666	0.179205984
645	0.198073625	0.216899797	0.179247453
646	0.198178475	0.217063598	0.179293352
647	0.19828285	0.217224397	0.179341303
648	0.19840125	0.217423857	0.179378643
649	0.198523	0.217630416	0.179415584
650	0.1986553	0.217845645	0.179464955
651	0.1988161	0.218079637	0.179552563
652	0.198966075	0.218289223	0.179642927
653	0.1991246	0.218488985	0.179760215
654	0.19930345	0.218685636	0.179921264
655	0.199435775	0.21891275	0.1799588
656	0.199570775	0.219161435	0.179980115
657	0.199707025	0.219412045	0.180002005
658	0.19986415	0.219606647	0.180121653
659	0.20006075	0.219846198	0.180275302
660	0.200264825	0.220092931	0.180436719
661	0.20043375	0.220295093	0.180572407
662	0.200597225	0.220502996	0.180691454
663	0.20075825	0.220713214	0.180803286
664	0.200917325	0.220924798	0.180909852
665	0.2010866	0.221147002	0.181026198
666	0.201261825	0.221372577	0.181151073
667	0.2014407	0.221599599	0.181281801
668	0.201599	0.221807634	0.181390366
669	0.20176625	0.222022959	0.181509541
670	0.201934875	0.222241342	0.181628408
671	0.202089475	0.222454652	0.181724298
672	0.20225295	0.222671317	0.181834583
673	0.202417875	0.222890547	0.181945203
674	0.202580975	0.223112247	0.182049703
675	0.202771175	0.223349123	0.182193227
676	0.20294475	0.223574838	0.182314662
677	0.203101675	0.223789725	0.182413625
678	0.20330235	0.224037208	0.182567492
679	0.20347765	0.224264493	0.182690807
680	0.20363995	0.224482584	0.182797316
681	0.203809775	0.224710599	0.182908951
682	0.204012175	0.224954542	0.183069808
683	0.20422065	0.225197366	0.183243934
684	0.204424025	0.225431072	0.183416978
685	0.204534775	0.225539056	0.183530494
686	0.204660025	0.22571346	0.18360659
687	0.20481215	0.225981149	0.183643151
688	0.20498305	0.226242998	0.183723102
689	0.2051997	0.226525494	0.183873906
690	0.205438625	0.22681329	0.18406396
691	0.205666375	0.227085386	0.184247364
692	0.205853475	0.227315839	0.184391111
693	0.206060275	0.227569904	0.184550646
694	0.206335475	0.227901203	0.184769747
695	0.206618925	0.228255557	0.184982293
696	0.206887175	0.228580749	0.185193601
697	0.207138725	0.228872218	0.185405232
698	0.20733195	0.229113796	0.185550104
699	0.20755655	0.22938834	0.18572476
700	0.207804075	0.229689416	0.185918734
701	0.2080563	0.2300077	0.1861049
702	0.208334625	0.230356036	0.186313214
703	0.208614125	0.230697346	0.186530904
704	0.208878875	0.231003394	0.186754356
705	0.2091506	0.231332144	0.186969056
706	0.209424025	0.23166075	0.1871873
707	0.209697875	0.231984625	0.187411125
708	0.2099542	0.232299069	0.187609331
709	0.210224875	0.23262427	0.18782548
710	0.2105027	0.232953081	0.188052319
711	0.210763825	0.233260945	0.188266705
712	0.21101605	0.233562062	0.188470038
713	0.2112549	0.233843769	0.188666031
714	0.21146995	0.234084115	0.188855785
715	0.2115838	0.234192905	0.188974695
716	0.211671875	0.234288937	0.189054813
717	0.2117465	0.234401309	0.189091691
718	0.211946	0.234702822	0.189189178
719	0.212253825	0.235120917	0.189386733
720	0.21262025	0.235582946	0.189657554
721	0.212967675	0.235937362	0.189997988
722	0.213211775	0.236189655	0.190233895
723	0.213420825	0.236425557	0.190416093
724	0.21362605	0.236705939	0.190546161
725	0.213898125	0.2370309	0.19076535
726	0.214184025	0.237362765	0.191005285
727	0.21447485	0.237696295	0.191253405
728	0.21474	0.238026287	0.191453713
729	0.215017325	0.238361388	0.191673262
730	0.215316475	0.238713798	0.191919152
731	0.2157304	0.239202434	0.192258366
732	0.216088775	0.239617746	0.192559804
733	0.216399025	0.239972914	0.192825136
734	0.2166513	0.24025966	0.19304294
735	0.216914875	0.240570059	0.193259691
736	0.217189275	0.24088791	0.19349064
737	0.217476775	0.241209429	0.193744121
738	0.2177736	0.241562961	0.193984239
739	0.218049875	0.24189011	0.19420964
740	0.218305975	0.24219173	0.19442022
741	0.218563175	0.242504135	0.194622215
742	0.21880305	0.24278924	0.19481686
743	0.219034225	0.243057829	0.195010621
744	0.219268525	0.243321038	0.195216012
745	0.2194825	0.243574069	0.195390931
746	0.219700275	0.243830173	0.195570377
747	0.21993435	0.244096788	0.195771912
748	0.220159875	0.244359591	0.195960159
749	0.2203609	0.244599514	0.196122286
750	0.220539625	0.244818085	0.196261165
751	0.2207376	0.24505064	0.19642456
752	0.220930025	0.245274377	0.196585673
753	0.2211227	0.245496065	0.196749335
754	0.221328125	0.245728783	0.196927467
755	0.2215078	0.245943552	0.197072048
756	0.2216767	0.246124377	0.197229023
757	0.221849675	0.246258652	0.197440698
758	0.2217539	0.245985318	0.197522482
759	0.221506925	0.245674559	0.197339291
760	0.2211376	0.245523371	0.196751829
761	0.221295225	0.245731427	0.196859023
762	0.2214977	0.245999516	0.196995884
763	0.221753925	0.246337962	0.197169888
764	0.22207895	0.246762735	0.197395165
765	0.2224514	0.247184453	0.197718347
766	0.2227928	0.247556162	0.198029438
767	0.2231019	0.247888782	0.198315018
768	0.2233468	0.248163042	0.198530558
769	0.22354215	0.248386178	0.198698122
770	0.223690525	0.248560757	0.198820293
771	0.223799675	0.248712065	0.198887285
772	0.223916275	0.248850156	0.198982394
773	0.224035825	0.248981866	0.199089784
774	0.2241463	0.249122338	0.199170262
775	0.224241525	0.249238698	0.199244352
776	0.2243411	0.249358435	0.199323765
777	0.224460925	0.249502308	0.199419542
778	0.224524375	0.249595616	0.199453134
779	0.224595	0.249693688	0.199496312
780	0.2246835	0.249805541	0.199561459
781	0.224731825	0.249870357	0.199593293
782	0.2248048	0.249963424	0.199646176
783	0.224890025	0.25007019	0.19970986
784	0.2249466	0.250142636	0.199750564
785	0.224989925	0.250207683	0.199772167
786	0.2250094	0.250247655	0.199771145
787	0.224982975	0.250232476	0.199733474
788	0.22499525	0.250261812	0.199728688
789	0.225019925	0.250309049	0.199730801
790	0.22505295	0.25037052	0.19973538
791	0.22509125	0.250417142	0.199765358
792	0.2251537	0.250502614	0.199804786
793	0.225216675	0.25059667	0.19983668
794	0.225169425	0.250560405	0.199778445
795	0.225132725	0.250541475	0.199723975
796	0.2251268	0.250557457	0.199696143
797	0.22518965	0.250645049	0.199734251
798	0.225203675	0.250671283	0.199736067
799	0.225202975	0.250687911	0.199718039
800	0.2251932	0.250705857	0.199680543
801	0.225173675	0.250701232	0.199646118
802	0.225173025	0.250718378	0.199627672
803	0.225186075	0.250751828	0.199620322
804	0.2251871	0.250776147	0.199598053
805	0.2252179	0.250828715	0.199607085
806	0.225240475	0.250872049	0.199608901
807	0.225200775	0.250851465	0.199550085
808	0.225116325	0.250792946	0.199439704
809	0.22501555	0.250711041	0.199320059
810	0.22490495	0.250606477	0.199203423
811	0.224815125	0.250511905	0.199118345
812	0.22469005	0.250381368	0.198998732
813	0.22453485	0.250221749	0.198847951
814	0.2244353	0.250131469	0.198739131
815	0.224318375	0.250029744	0.198607006
816	0.224226275	0.249955006	0.198497544
817	0.2242426	0.249986095	0.198499105
818	0.224302625	0.250075324	0.198529926
819	0.2243446	0.250158607	0.198530593
820	0.224343075	0.250212921	0.198473229
821	0.224224925	0.250077521	0.198372329
822	0.224134825	0.24998825	0.1982814
823	0.224101075	0.249980113	0.198222037
824	0.224219825	0.250160032	0.198279618
825	0.224194575	0.25016892	0.19822023
826	0.224104625	0.25009614	0.19811311
827	0.224041425	0.250033093	0.198049757
828	0.223994975	0.250009928	0.197980022
829	0.2239648	0.250009755	0.197919845
830	0.223955325	0.250031754	0.197878896
831	0.22393705	0.250023201	0.197850899
832	0.22391575	0.250019555	0.197811945
833	0.2238939	0.250025356	0.197762444
834	0.2238958	0.250064728	0.197726872
835	0.223886525	0.250087083	0.197685967
836	0.223882525	0.250108385	0.197656665
837	0.223920875	0.25016101	0.19768074
838	0.223860175	0.250121055	0.197599295
839	0.22378075	0.25006776	0.19749374
840	0.22371895	0.250038065	0.197399835
841	0.223718475	0.25005467	0.19738228
842	0.223710225	0.250070249	0.197350201
843	0.2236903	0.250082384	0.197298216
844	0.223716975	0.250133379	0.197300571
845	0.22366895	0.250104403	0.197233497
846	0.22359265	0.250046787	0.197138513
847	0.2235949	0.250079891	0.197109909
848	0.2235682	0.250067734	0.197068666
849	0.2235195	0.250030787	0.197008213
850	0.223445425	0.249972221	0.196918629
851	0.223431025	0.250001441	0.196860609
852	0.2234304	0.250018365	0.196842435
853	0.223437375	0.250008744	0.196866006
854	0.22342635	0.250006448	0.196846252
855	0.223350925	0.249967157	0.196734693
856	0.2232575	0.249922432	0.196592568
857	0.223255425	0.249954493	0.196556357
858	0.2232781	0.250001875	0.196554325
859	0.223296775	0.250042189	0.196551361
860	0.22328615	0.250053287	0.196519013
861	0.2232684	0.250059755	0.196477045
862	0.2232636	0.250082346	0.196444854
863	0.223275125	0.250125142	0.196425108
864	0.22323165	0.250110425	0.196352875
865	0.223250375	0.250128181	0.196372569
866	0.223294875	0.250159383	0.196430367
867	0.223228025	0.250132521	0.196323529
868	0.223216775	0.250167	0.19626655
869	0.22322075	0.250208191	0.196233309
870	0.223213175	0.25021353	0.19621282
871	0.223263575	0.25028609	0.19624106
872	0.2232949	0.250347462	0.196242338
873	0.22328725	0.250378737	0.196195763
874	0.2233391	0.250445874	0.196232326
875	0.223409925	0.250540803	0.196279047
876	0.22348005	0.250642681	0.196317419
877	0.223453775	0.250652479	0.196255071
878	0.223532025	0.250750283	0.196313767
879	0.223619425	0.250854051	0.196384799
880	0.2236149	0.250874226	0.196355574
881	0.2236427	0.250923501	0.196361899
882	0.223651625	0.25096351	0.19633974
883	0.22362405	0.2509814	0.1962667
884	0.22377305	0.251147459	0.196398641
885	0.223834225	0.251225401	0.196443049
886	0.223825675	0.251234825	0.196416525
887	0.223874125	0.251307631	0.196440619
888	0.2239642	0.25143746	0.19649094
889	0.22406965	0.251583878	0.196555422
890	0.224163825	0.251700972	0.196626678
891	0.224151075	0.251713911	0.196588239
892	0.2241249	0.251714818	0.196534982
893	0.224112875	0.251731668	0.196494082
894	0.22417755	0.251794349	0.196560751
895	0.224234725	0.251853311	0.196616139
896	0.224278075	0.251902979	0.196653171
897	0.22427645	0.251905923	0.196646977
898	0.2242773	0.251903736	0.196650864
899	0.224309225	0.251931573	0.196686877
900	0.224437325	0.252065236	0.196809414
901	0.224626825	0.252289147	0.196964503
902	0.224809425	0.25252363	0.19709522
903	0.224959275	0.252742407	0.197176143
904	0.225006525	0.252893977	0.197119073
905	0.225091175	0.25303605	0.1971463
906	0.225220375	0.253174677	0.197266073
907	0.2253766	0.253306555	0.197446645
908	0.225402075	0.253328595	0.197475555
909	0.22538885	0.253326331	0.197451369
910	0.2255108	0.253466204	0.197555396
911	0.225642225	0.253651877	0.197632573
912	0.22578535	0.253843739	0.197726961
913	0.22594435	0.254022068	0.197866632
914	0.226113425	0.254202604	0.198024246
915	0.226222275	0.254333275	0.198111275
916	0.2262691	0.254412284	0.198125916
917	0.226337225	0.254504473	0.198169977
918	0.22661145	0.254828298	0.198394602
919	0.226953625	0.255233095	0.198674155
920	0.22712175	0.255458744	0.198784756
921	0.2273145	0.255694928	0.198934072
922	0.22752165	0.255927873	0.199115427
923	0.227743475	0.256148667	0.199338283
924	0.22781925	0.256271422	0.199367078
925	0.227876525	0.256386917	0.199366133
926	0.227926275	0.256502215	0.199350335
927	0.227901725	0.256514494	0.199288956
928	0.227942725	0.256583712	0.199301738
929	0.227999525	0.256650737	0.199348313
930	0.22789965	0.256498952	0.199300348
931	0.227807775	0.256323896	0.199291654
932	0.2277103	0.256117992	0.199302608
933	0.227604	0.255883389	0.199324611
934	0.22758575	0.255766109	0.199405391
935	0.22768225	0.255803452	0.199561048
936	0.22790975	0.256028782	0.199790718
937	0.228209875	0.256430834	0.199988916
938	0.228433425	0.256776803	0.200090047
939	0.2285991	0.257079686	0.200118514
940	0.228744775	0.257385554	0.200103996
941	0.22907815	0.257802283	0.200354017
942	0.2293925	0.258134836	0.200650164
943	0.22952485	0.2581992	0.2008505
944	0.2293792	0.258056809	0.200701591
945	0.2294137	0.258106375	0.200721025
946	0.229731875	0.258434972	0.201028778
947	0.229635125	0.258365166	0.200905084
948	0.22989385	0.258660305	0.201127395
949	0.23035415	0.259164803	0.201543497
950	0.230472375	0.259333832	0.201610918
951	0.230599975	0.259474548	0.201725402
952	0.230791525	0.259684611	0.201898439
953	0.231130675	0.260091023	0.202170327
954	0.2312098	0.260184515	0.202235085
955	0.2312863	0.260297232	0.202275368
956	0.23141525	0.260505936	0.202324564
957	0.23169465	0.260773738	0.202615562
958	0.23184635	0.260946927	0.202745773
959	0.231953525	0.261095948	0.202811102
960	0.23239935	0.261590294	0.203208406
961	0.232679375	0.261902359	0.203456391
962	0.232860375	0.26211617	0.20360458
963	0.2329666	0.262278591	0.203654609
964	0.233097775	0.262473438	0.203722112
965	0.23327535	0.262697056	0.203853644
966	0.233510475	0.262952214	0.204068736
967	0.234002075	0.26349949	0.20450466
968	0.2343364	0.263900301	0.204772499
969	0.23453875	0.264181793	0.204895707
970	0.2347041	0.264461033	0.204947167
971	0.2349661	0.26478724	0.20514496
972	0.23522455	0.265073736	0.205375364
973	0.235340075	0.26517509	0.20550506
974	0.235339275	0.265193574	0.205484976
975	0.2354663	0.265327158	0.205605442
976	0.235842775	0.265676176	0.206009374
977	0.235901	0.265795797	0.206006203
978	0.235990925	0.265911148	0.206070702
979	0.23611315	0.266032619	0.206193681
980	0.236149025	0.266158348	0.206139702
981	0.23615055	0.266207817	0.206093283
982	0.23624605	0.266334846	0.206157254
983	0.236696	0.266834079	0.206557921
984	0.2371393	0.267310819	0.206967781
985	0.2374138	0.267615306	0.207212294
986	0.237410975	0.267636971	0.207184979
987	0.2374795	0.267734592	0.207224408
988	0.2374453	0.267737536	0.207153064
989	0.237335825	0.267672095	0.206999555
990	0.237585675	0.267957597	0.207213753
991	0.237884525	0.268278297	0.207490753
992	0.238174525	0.268592215	0.207756835
993	0.238325375	0.268801312	0.207849438
994	0.2384315	0.268901675	0.207961325
995	0.2384853	0.268980939	0.207989661
996	0.2384641	0.269070644	0.207857556
997	0.238509275	0.269082924	0.207935626
998	0.238625975	0.269187826	0.208064124
999	0.238801425	0.269387623	0.208215227
1000	0.238797275	0.269448051	0.208146499
1001	0.237937325	0.270950809	0.204923841
1002	0.23793065	0.270959494	0.204901806
1003	0.23802065	0.27107178	0.20496952
1004	0.2381265	0.271195878	0.205057122
1005	0.238263675	0.27136558	0.20516177
1006	0.2383699	0.271493742	0.205246058
1007	0.238389375	0.271512034	0.205266716
1008	0.238423375	0.271554552	0.205292198
1009	0.238513425	0.271680045	0.205346805
1010	0.238576	0.271770661	0.205381339
1011	0.238577275	0.271766854	0.205387696
1012	0.23859605	0.271779204	0.205412896
1013	0.2386423	0.27185123	0.20543337
1014	0.23866565	0.271913075	0.205418225
1015	0.238673925	0.271943725	0.205404125
1016	0.2387057	0.271984677	0.205426723
1017	0.2386883	0.27197596	0.20540064
1018	0.2386204	0.271920425	0.205320375
1019	0.238618075	0.271942229	0.205293921
1020	0.23865335	0.271994293	0.205312407
1021	0.2386782	0.272027785	0.205328615
1022	0.23868425	0.272045742	0.205322758
1023	0.238654025	0.272025844	0.205282206
1024	0.2386365	0.272026492	0.205246508
1025	0.23867705	0.272095555	0.205258545
1026	0.238702125	0.272133197	0.205271053
1027	0.2386421	0.272061153	0.205223047
1028	0.238605125	0.272023359	0.205186891
1029	0.2386404	0.272077188	0.205203612
1030	0.23863305	0.272098628	0.205167472
1031	0.2386252	0.272126348	0.205124052
1032	0.23865305	0.272162681	0.205143419
1033	0.238622675	0.272122112	0.205123238
1034	0.238594975	0.272099292	0.205090658
1035	0.23858645	0.272111173	0.205061727
1036	0.238555425	0.272114519	0.204996331
1037	0.238532625	0.272124717	0.204940533
1038	0.238526475	0.272138036	0.204914914
1039	0.238503825	0.272131172	0.204876478
1040	0.2384574	0.272103018	0.204811782
1041	0.238414075	0.272071752	0.204756398
1042	0.2383522	0.271997669	0.204706731
1043	0.238267175	0.271893567	0.204640783
1044	0.23823245	0.27188611	0.20457879
1045	0.238231175	0.271936791	0.204525559
1046	0.238183975	0.271909787	0.204458163
1047	0.238092475	0.271818696	0.204366254
1048	0.237987175	0.271710572	0.204263778
1049	0.237895425	0.271630586	0.204160264
1050	0.237798225	0.271546872	0.204049578
1051	0.23770365	0.271473764	0.203933536
1052	0.237655525	0.271453183	0.203857867
1053	0.2376693	0.271462645	0.203875955
1054	0.237672625	0.271449828	0.203895422
1055	0.237634425	0.27144978	0.20381907
1056	0.237581775	0.271468926	0.203694624
1057	0.237495175	0.271419022	0.203571328
1058	0.237392975	0.271313042	0.203472908
1059	0.237256475	0.271163698	0.203349252
1060	0.237122725	0.27103234	0.20321311
1061	0.2370625	0.270983963	0.203141037
1062	0.23704675	0.270980903	0.203112597
1063	0.237044525	0.270993472	0.203095578
1064	0.23699305	0.270955522	0.203030578
1065	0.23693945	0.270923077	0.202955823
1066	0.236940425	0.270945133	0.202935717
1067	0.236936275	0.270954213	0.202918337
1068	0.2368894	0.270926138	0.202852662
1069	0.23682925	0.270888929	0.202769571
1070	0.2367572	0.270832132	0.202682268
1071	0.236687175	0.270771933	0.202602417
1072	0.236641125	0.270736225	0.202546025
1073	0.236606575	0.270716517	0.202496633
1074	0.236549275	0.270682758	0.202415792
1075	0.23648615	0.270653106	0.202319194
1076	0.236425275	0.270613597	0.202236953
1077	0.236335225	0.270512523	0.202157927
1078	0.236255575	0.270430435	0.202080715
1079	0.236228125	0.270419074	0.202037176
1080	0.23620135	0.270400935	0.202001765
1081	0.23614205	0.270357007	0.201927093
1082	0.236094	0.270334067	0.201853933
1083	0.236071825	0.270317308	0.201826342
1084	0.2360418	0.270286842	0.201796758
1085	0.236014225	0.270258022	0.201770428
1086	0.23599105	0.270236581	0.201745519
1087	0.235923975	0.270180728	0.201667222
1088	0.235835225	0.270103955	0.201566495
1089	0.235728525	0.269991132	0.201465918
1090	0.235631875	0.269881388	0.201382362
1091	0.23554925	0.269781432	0.201317068
1092	0.235487025	0.269710373	0.201263677
1093	0.23546125	0.269690987	0.201231513
1094	0.2354101	0.269648317	0.201171883
1095	0.2353126	0.26955635	0.20106885
1096	0.2352331	0.269488265	0.200977935
1097	0.235184075	0.269454964	0.200913186
1098	0.235121	0.269389023	0.200852977
1099	0.235058075	0.26931376	0.20080239
1100	0.235012275	0.269269069	0.200755481
1101	0.23496925	0.26923484	0.20070366
1102	0.234896475	0.26916488	0.20062807
1103	0.234812	0.269076936	0.200547064
1104	0.234747075	0.269011874	0.200482276
1105	0.23469785	0.268970109	0.200425591
1106	0.23460145	0.268879101	0.200323799
1107	0.23446875	0.268741571	0.200195929
1108	0.234388625	0.268674238	0.200103012
1109	0.23434485	0.268661174	0.200028526
1110	0.234259525	0.26859666	0.19992239
1111	0.23413895	0.26848706	0.19979084
1112	0.234008725	0.2683752	0.19964225
1113	0.233858175	0.268248987	0.199467363
1114	0.23365245	0.268053351	0.199251549
1115	0.233369125	0.267749645	0.198988605
1116	0.2330808	0.267447882	0.198713718
1117	0.23282585	0.267193036	0.198458664
1118	0.23254875	0.26690353	0.19819397
1119	0.23238325	0.266693206	0.198073294
1120	0.232213375	0.266476884	0.197949866
1121	0.2320852	0.266270878	0.197899522
1122	0.2319574	0.266055265	0.197859535
1123	0.231864925	0.265943641	0.197786209
1124	0.231783775	0.265860859	0.197706691
1125	0.231734975	0.265801807	0.197668143
1126	0.23166745	0.265719784	0.197615116
1127	0.23163745	0.26568319	0.19759171
1128	0.2316855	0.265729885	0.197641115
1129	0.231726425	0.265759102	0.197693748
1130	0.23170185	0.265718569	0.197685131
1131	0.23172045	0.265735407	0.197705493
1132	0.2318355	0.265846481	0.197824519
1133	0.2319501	0.265970266	0.197929934
1134	0.23201855	0.266103753	0.197933347
1135	0.2320848	0.266227832	0.197941768
1136	0.232204325	0.266382333	0.198026317
1137	0.2323104	0.266523063	0.198097737
1138	0.23238145	0.266641547	0.198121353
1139	0.2324519	0.26675832	0.19814548
1140	0.232388225	0.26674263	0.19803382
1141	0.2323022	0.266703885	0.197900515
1142	0.2322708	0.266693901	0.197847699
1143	0.23225145	0.266688511	0.197814389
1144	0.232246375	0.266681926	0.197810824
1145	0.232261925	0.266687805	0.197836045
1146	0.232267875	0.266671517	0.197864233
1147	0.2322669	0.266638835	0.197894965
1148	0.23227995	0.266650265	0.197909635
1149	0.232306725	0.266715902	0.197897548
1150	0.2323422	0.266774771	0.197909629
1151	0.23240935	0.266839868	0.197978832
1152	0.232481175	0.266910861	0.198051489
1153	0.232560375	0.266977563	0.198143187
1154	0.23263675	0.267047299	0.198226201
1155	0.232796225	0.267269146	0.198323304
1156	0.2329428	0.2674733	0.1984123
1157	0.233066975	0.267641808	0.198492142
1158	0.233180125	0.267795114	0.198565136
1159	0.233312225	0.267969321	0.198655129
1160	0.233439625	0.268137839	0.198741411
1161	0.233537375	0.268265904	0.198808846
1162	0.23362065	0.268375038	0.198866262
1163	0.23369155	0.268464129	0.198918971
1164	0.233754225	0.268539636	0.198968814
1165	0.233809275	0.268610084	0.199008466
1166	0.2338599	0.26867897	0.19904083
1167	0.23390285	0.268749113	0.199056587
1168	0.23393335	0.26882153	0.19904517
1169	0.233974025	0.268897693	0.199050357
1170	0.23404355	0.268987438	0.199099662
1171	0.23410315	0.269067037	0.199139263
1172	0.23411835	0.26910113	0.19913557
1173	0.23413365	0.269135086	0.199132214
1174	0.23415205	0.269167306	0.199136794
1175	0.234170275	0.269199215	0.199141335
1176	0.234211975	0.269261346	0.199162604
1177	0.234254875	0.269325046	0.199184704
1178	0.23427585	0.269361466	0.199190234
1179	0.234292525	0.269392481	0.199192569
1180	0.234308975	0.269418598	0.199199352
1181	0.2343252	0.269443109	0.199207291
1182	0.2343329	0.269443287	0.199222513
1183	0.2343358	0.269429013	0.199242587
1184	0.2343379	0.269428521	0.199247279
1185	0.2343382	0.269440113	0.199236287
1186	0.234362525	0.269483165	0.199241885
1187	0.2344203	0.269570577	0.199270023
1188	0.234469775	0.269638267	0.199301283
1189	0.234506225	0.269665512	0.199346938
1190	0.234538225	0.269694167	0.199382283
1191	0.234551175	0.269728172	0.199374178
1192	0.2345646	0.269763911	0.199365289
1193	0.2345847	0.269819656	0.199349744
1194	0.23460475	0.269874815	0.199334685
1195	0.234620525	0.269888992	0.199352058
1196	0.2346359	0.269901954	0.199369846
1197	0.234659825	0.269930957	0.199388693
1198	0.234685475	0.269963097	0.199407853
1199	0.234691325	0.269983833	0.199398817
1200	0.2346904	0.269998734	0.199382066
1201	0.234684025	0.269995759	0.199372291
1202	0.234674925	0.269985445	0.199364405
1203	0.234673	0.269985366	0.199360634
1204	0.234675375	0.26999307	0.19935768
1205	0.2347013	0.270033528	0.199369072
1206	0.2347573	0.27011361	0.19940099
1207	0.234793975	0.270165014	0.199422936
1208	0.234797	0.270167658	0.199426342
1209	0.2348076	0.270178377	0.199436823
1210	0.234847075	0.27021982	0.19947433
1211	0.2348862	0.270263395	0.199509005
1212	0.23489175	0.270277185	0.199506315
1213	0.234898475	0.270291359	0.199505591
1214	0.234938075	0.270328665	0.199547485
1215	0.234977325	0.270365872	0.199588778
1216	0.234975425	0.270376266	0.199574584
1217	0.23497365	0.270388289	0.199559011
1218	0.234951625	0.270376245	0.199527005
1219	0.23492535	0.270360506	0.199490194
1220	0.234944075	0.270385513	0.199502637
1221	0.234980925	0.270425236	0.199536614
1222	0.235024975	0.270473345	0.199576605
1223	0.235060475	0.270516242	0.199604708
1224	0.235068725	0.270537421	0.199600029
1225	0.23506755	0.270551744	0.199583356
1226	0.23507035	0.270561783	0.199578917
1227	0.235076275	0.270565076	0.199587474
1228	0.2350869	0.270578165	0.199595635
1229	0.2351007	0.270600108	0.199601292
1230	0.2351049	0.270609112	0.199600688
1231	0.235076675	0.270582031	0.199571319
1232	0.235050675	0.27055732	0.19954403
1233	0.235051575	0.270555952	0.199547198
1234	0.235050725	0.270551944	0.199549506
1235	0.235027225	0.270532134	0.199522316
1236	0.235003125	0.27051342	0.19949283
1237	0.234971375	0.27048686	0.19945589
1238	0.2349378	0.270456216	0.199419384
1239	0.234929625	0.270446609	0.199412641
1240	0.234927975	0.27044589	0.19941006
1241	0.234921525	0.270441958	0.199401092
1242	0.23491715	0.270439383	0.199394917
1243	0.2349267	0.270450265	0.199403135
1244	0.234936175	0.270459338	0.199413012
1245	0.23493155	0.270454189	0.199408911
1246	0.234925675	0.270450894	0.199400456
1247	0.234922325	0.270452949	0.199391701
1248	0.234912675	0.270449644	0.199375706
1249	0.2349048	0.270442292	0.199367308
1250	0.2348934	0.270426156	0.199360644
1251	0.2348824	0.270414062	0.199350738
1252	0.234880725	0.27042096	0.19934049
1253	0.23487495	0.270423716	0.199326184
1254	0.23485525	0.270409605	0.199300895
1255	0.23483545	0.270396247	0.199274653
1256	0.234823	0.270387684	0.199258316
1257	0.234809525	0.270378349	0.199240701
1258	0.23477955	0.270347506	0.199211594
1259	0.23474965	0.27031618	0.19918312
1260	0.234749375	0.270328241	0.199170509
1261	0.23475075	0.270345064	0.199156436
1262	0.234739325	0.270323718	0.199154932
1263	0.234727	0.270296839	0.199157161
1264	0.23471445	0.27027803	0.19915087
1265	0.234696925	0.270255495	0.199138355
1266	0.23469915	0.27024886	0.19914944
1267	0.234709175	0.270248538	0.199169812
1268	0.234709575	0.270245214	0.199173936
1269	0.2347091	0.270246213	0.199171987
1270	0.234715	0.270253092	0.199176908
1271	0.23473575	0.270275051	0.199196449
1272	0.234763575	0.270305419	0.199221731
1273	0.23479295	0.270337692	0.199248208
1274	0.23481515	0.270363367	0.199266933
1275	0.234818175	0.270371514	0.199264836
1276	0.2348059	0.270364763	0.199247037
1277	0.234781475	0.270342664	0.199220286
1278	0.2347768	0.270343039	0.199210561
1279	0.23480965	0.270407038	0.199212262
1280	0.234839325	0.270465241	0.199213409
1281	0.2348785	0.270519412	0.199237588
1282	0.23491545	0.270571774	0.199259126
1283	0.234893325	0.270553456	0.199233194
1284	0.23486355	0.270524459	0.199202641
1285	0.234823525	0.270494808	0.199152242
1286	0.23478215	0.270467941	0.199096359
1287	0.2347846	0.270482294	0.199086906
1288	0.234801875	0.270509276	0.199094474
1289	0.23481895	0.270548885	0.199089015
1290	0.234823925	0.270581767	0.199066083
1291	0.234816175	0.270593172	0.199039178
1292	0.234816125	0.270608192	0.199024058
1293	0.234799325	0.27060346	0.19899519
1294	0.23476965	0.270584225	0.198955075
1295	0.234768775	0.270599317	0.198938233
1296	0.23478465	0.270635384	0.198933916
1297	0.234778425	0.270644648	0.198912202
1298	0.2347488	0.270624684	0.198872916
1299	0.234723225	0.270612001	0.198834449
1300	0.23468375	0.270588308	0.198779192
1301	0.2346381	0.270551809	0.198724391
1302	0.2346204	0.270531444	0.198709356
1303	0.234600725	0.27051209	0.19868936
1304	0.23455215	0.270461326	0.198642974
1305	0.23450845	0.270411803	0.198605097
1306	0.234530675	0.270417427	0.198643923
1307	0.2345555	0.270429429	0.198681571
1308	0.23449735	0.270379038	0.198615662
1309	0.234421	0.270309156	0.198532844
1310	0.234361725	0.270237192	0.198486258
1311	0.234313225	0.270175867	0.198450583
1312	0.234303175	0.270157842	0.198448508
1313	0.234288975	0.270137049	0.198440901
1314	0.23430355	0.27015276	0.19845434
1315	0.234320125	0.270171137	0.198469113
1316	0.234342975	0.270189683	0.198496267
1317	0.234384175	0.270218129	0.198550221
1318	0.23436565	0.270177878	0.198553422
1319	0.234320475	0.270116909	0.198524041
1320	0.234303775	0.270079177	0.198528373
1321	0.234298075	0.270044898	0.198551252
1322	0.234280775	0.270009722	0.198551828
1323	0.2342523	0.2699611	0.1985435
1324	0.234200075	0.269885344	0.198514806
1325	0.234129075	0.269806904	0.198451246
1326	0.2340722	0.269743015	0.198401385
1327	0.234029075	0.269680201	0.198377949
1328	0.2339985	0.269626146	0.198370854
1329	0.23395655	0.269555051	0.198358049
1330	0.23391155	0.269482836	0.198340264
1331	0.23387175	0.26941632	0.19832718
1332	0.233817275	0.269334186	0.198300364
1333	0.233750425	0.26923293	0.19826792
1334	0.233689275	0.269134949	0.198243601
1335	0.233685025	0.269130987	0.198239063
1336	0.233686	0.269144237	0.198227763
1337	0.23368055	0.269166178	0.198194922
1338	0.233674375	0.269185309	0.198163441
1339	0.233639675	0.269151181	0.198128169
1340	0.233592225	0.269098845	0.198085605
1341	0.23349745	0.268992659	0.198002241
1342	0.233400175	0.268886886	0.197913464
1343	0.233341075	0.268848006	0.197834144
1344	0.233263175	0.268802334	0.197724016
1345	0.233128725	0.268703634	0.197553816
1346	0.232943225	0.268539967	0.197346483
1347	0.23265085	0.268246123	0.197055577
1348	0.232216775	0.267822953	0.196610597
1349	0.2318667	0.267516789	0.196216611
1350	0.23160605	0.267340901	0.195871199
1351	0.23124105	0.267036918	0.195445182
1352	0.230693225	0.266446348	0.194940102
1353	0.230082875	0.265769915	0.194395835
1354	0.229433875	0.265112382	0.193755368
1355	0.228611475	0.264289827	0.192933123
1356	0.227885875	0.263326656	0.192445094
1357	0.2268332	0.262068169	0.191598231
1358	0.22726295	0.26270495	0.19182095
1359	0.227208725	0.26278426	0.19163319
1360	0.2223857	0.257423827	0.187347573
1361	0.215130325	0.250567143	0.179693507
1362	0.212865	0.249673666	0.176056334
1363	0.2082199	0.251919955	0.164519845
1364	0.197425875	0.234101371	0.160750379
1365	0.190097475	0.225750828	0.154444122
1366	0.195908125	0.232393573	0.159422677
1367	0.200174625	0.244700371	0.155648879
1368	0.200532875	0.239665061	0.161400689
1369	0.202110975	0.240125218	0.164096732
1370	0.203175575	0.238313512	0.168037638
1371	0.20393515	0.239471612	0.168398688
1372	0.20968565	0.244293142	0.175078158
1373	0.215032725	0.250286892	0.179778558
1374	0.217845925	0.251832702	0.183859148
1375	0.220674425	0.255385019	0.185963831
1376	0.22161655	0.256674241	0.186558859
1377	0.2206645	0.255937708	0.185391292
1378	0.22109045	0.255697905	0.186482995
1379	0.2228735	0.257519296	0.188227704
1380	0.222899475	0.25739485	0.1884041
1381	0.221151325	0.255903485	0.186399165
1382	0.2166624	0.250516226	0.182808574
1383	0.212699575	0.245524955	0.179874195
1384	0.211907725	0.244889014	0.178926436
1385	0.211416875	0.243790498	0.179043252
1386	0.2106911	0.242906979	0.178475221
1387	0.211128025	0.244250954	0.178005096
1388	0.212689	0.246856894	0.178521106
1389	0.214365575	0.249296434	0.179434716
1390	0.215518175	0.251183994	0.179852356
1391	0.216619375	0.252572796	0.180665954
1392	0.21701925	0.253030113	0.181008387
1393	0.215916125	0.251062147	0.180770103
1394	0.21467145	0.249461631	0.179881269
1395	0.21356055	0.24830511	0.17881599
1396	0.212986125	0.247611946	0.178360304
1397	0.214317425	0.249044924	0.179589926
1398	0.215547175	0.250578131	0.180516219
1399	0.216351525	0.251378515	0.181324535
1400	0.2169099	0.252002468	0.181817332
1401	0.21605065	0.251214085	0.180887215
1402	0.215162575	0.250416118	0.179909032
1403	0.2143144	0.249301063	0.179327737
1404	0.213598125	0.248417658	0.178778592
1405	0.213361875	0.247977271	0.178746479
1406	0.21316095	0.247600999	0.178720901
1407	0.212449975	0.246423371	0.178476579
1408	0.211830225	0.245483882	0.178176568
1409	0.212212075	0.246183165	0.178240985
1410	0.212752025	0.24709926	0.17840479
1411	0.2127473	0.246972072	0.178522528
1412	0.21270085	0.246765266	0.178636434
1413	0.21269015	0.246819438	0.178560862
1414	0.212565175	0.246742772	0.178387578
1415	0.21287145	0.247091561	0.178651339
1416	0.213422925	0.247705333	0.179140517
1417	0.213740125	0.248053926	0.179426324
1418	0.213802975	0.248156342	0.179449608
1419	0.214282625	0.248660341	0.179904909
1420	0.215060825	0.249484825	0.180636825
1421	0.215722625	0.250283226	0.181162024
1422	0.216253025	0.250963812	0.181542238
1423	0.21675045	0.251495861	0.182005039
1424	0.2172132	0.251889789	0.182536611
1425	0.2176481	0.252270779	0.183025421
1426	0.21809855	0.252706046	0.183491054
1427	0.2185823	0.253213871	0.183950729
1428	0.21907335	0.253769515	0.184377185
1429	0.219491275	0.254239699	0.184742851
1430	0.219805475	0.254614967	0.184995983
1431	0.22009225	0.254967671	0.185216829
1432	0.220395625	0.25532399	0.18546726
1433	0.220692725	0.255663195	0.185722255
1434	0.220962725	0.255921485	0.186003965
1435	0.221198575	0.256147491	0.186249659
1436	0.22148995	0.256460341	0.186519559
1437	0.2218373	0.256834682	0.186839918
1438	0.222167375	0.257185924	0.187148826
1439	0.22246405	0.257496461	0.187431639
1440	0.22278195	0.257823557	0.187740343
1441	0.223057175	0.258115109	0.187999241
1442	0.2231437	0.258197754	0.188089646
1443	0.223244425	0.258283733	0.188205117
1444	0.22342595	0.258468929	0.188382971
1445	0.223589925	0.258645038	0.188534812
1446	0.223845025	0.258891791	0.188798259
1447	0.224113125	0.259157274	0.189068976
1448	0.22441655	0.259507045	0.189326055
1449	0.224683	0.25981262	0.18955338
1450	0.22492025	0.260099598	0.189740902
1451	0.22513675	0.260372579	0.189900921
1452	0.225282775	0.260541789	0.190023761
1453	0.225418425	0.260690012	0.190146838
1454	0.2255553	0.260817701	0.190292899
1455	0.225672675	0.260925052	0.190420298
1456	0.22578415	0.26106077	0.19050753
1457	0.225892925	0.261199618	0.190586232
1458	0.22597765	0.261310676	0.190644624
1459	0.2260605	0.26141864	0.19070236
1460	0.226059125	0.261439143	0.190679107
1461	0.226030125	0.261432992	0.190627258
1462	0.2260153	0.261426997	0.190603603
1463	0.22599455	0.261406484	0.190582616
1464	0.22589915	0.261327146	0.190471154
1465	0.2257885	0.261244411	0.190332589
1466	0.2257941	0.261231821	0.190356379
1467	0.225839625	0.261228775	0.190450475
1468	0.2258589	0.261242732	0.190475068
1469	0.22585065	0.261249883	0.190451417
1470	0.22584355	0.261224119	0.190462981
1471	0.22586165	0.261210389	0.190512911
1472	0.225880625	0.261205098	0.190556152
1473	0.22588405	0.26119266	0.19057544
1474	0.2260014	0.261328706	0.190674094
1475	0.226193525	0.261560088	0.190826962
1476	0.226282775	0.261675869	0.190889681
1477	0.226306775	0.261725024	0.190888526
1478	0.2263895	0.261831142	0.190947858
1479	0.226539975	0.261999068	0.191080882
1480	0.2266476	0.262110816	0.191184384
1481	0.2266855	0.262130381	0.191240619
1482	0.2267605	0.262209459	0.191311541
1483	0.22690825	0.262396916	0.191419584
1484	0.227043675	0.262558082	0.191529268
1485	0.2271571	0.262677463	0.191636737
1486	0.227258175	0.262787115	0.191729235
1487	0.227337225	0.26287607	0.19179838
1488	0.22743115	0.262979821	0.191882479
1489	0.227561925	0.263121849	0.192002001
1490	0.22767795	0.263251951	0.192103949
1491	0.227793925	0.263400821	0.192187029
1492	0.227899675	0.263536027	0.192263323
1493	0.227972775	0.263612561	0.192332989
1494	0.2280478	0.263689575	0.192406025
1495	0.228173825	0.26382928	0.19251837
1496	0.228284425	0.26395638	0.19261247
1497	0.228351825	0.264054412	0.192649238
1498	0.228412075	0.264142727	0.192681423
1499	0.22841765	0.264163144	0.192672156
1500	0.228427325	0.264186872	0.192667778
1501	0.22848765	0.26426393	0.19271137
1502	0.228550875	0.264345508	0.192756242
1503	0.228626925	0.264441105	0.192812745
1504	0.228705925	0.264540117	0.192871733
1505	0.2287882	0.264641979	0.192934421
1506	0.2288624	0.264731629	0.192993171
1507	0.228871125	0.264745725	0.192996525
1508	0.22887745	0.264760197	0.192994703
1509	0.228931325	0.264820941	0.193041709
1510	0.228985775	0.264879692	0.193091858
1511	0.228988875	0.264887747	0.193090003
1512	0.228993175	0.264900064	0.193086286
1513	0.229031425	0.264951377	0.193111473
1514	0.229063475	0.264992145	0.193134805
1515	0.2291054	0.265038531	0.193172269
1516	0.2291583	0.265100667	0.193215933
1517	0.2292072	0.265161642	0.193252758
1518	0.229250175	0.265214284	0.193286066
1519	0.2292707	0.265237574	0.193303826
1520	0.22928675	0.265255275	0.193318225
1521	0.229307675	0.265282912	0.193332438
1522	0.229332625	0.26531643	0.19334882
1523	0.229365775	0.265368708	0.193362842
1524	0.22939495	0.265417237	0.193372663
1525	0.22941515	0.265457359	0.193372941
1526	0.2294364	0.265498925	0.193373875
1527	0.22948395	0.265551689	0.193416211
1528	0.22953815	0.265606448	0.193469852
1529	0.229553875	0.265622463	0.193485287
1530	0.229557775	0.265630589	0.193484961
1531	0.229552875	0.265647825	0.193457925
1532	0.2295531	0.265671745	0.193434455
1533	0.229598225	0.265726737	0.193469713
1534	0.22965025	0.265787926	0.193512574
1535	0.2296784	0.265820017	0.193536783
1536	0.22969225	0.265833129	0.193551371
1537	0.22972695	0.265878211	0.193575689
1538	0.229776575	0.265942881	0.193610269
1539	0.2297995	0.265979718	0.193619282
1540	0.229814375	0.266008092	0.193620658
1541	0.22981945	0.266020885	0.193618015
1542	0.229815875	0.266022069	0.193609681
1543	0.229788925	0.265995656	0.193582194
1544	0.229757575	0.265964942	0.193550208
1545	0.2297768	0.265979447	0.193574153
1546	0.22981215	0.266006732	0.193617568
1547	0.229822775	0.266023685	0.193621865
1548	0.22982875	0.266042967	0.193614533
1549	0.229815475	0.266039411	0.193591539
1550	0.229794575	0.266028142	0.193561008
1551	0.22981555	0.266053615	0.193577485
1552	0.229853775	0.266092336	0.193615214
1553	0.22986755	0.266111078	0.193624022
1554	0.229864725	0.266112553	0.193616897
1555	0.229870925	0.266122952	0.193618898
1556	0.229885475	0.266142939	0.193628011
1557	0.229881175	0.266144522	0.193617828
1558	0.229867575	0.266139234	0.193595916
1559	0.229875275	0.266150868	0.193599682
1560	0.2298931	0.266169782	0.193616418
1561	0.229894	0.26617651	0.19361149
1562	0.229884375	0.266173885	0.193594865
1563	0.2298932	0.266190392	0.193596008
1564	0.229919475	0.26622729	0.19361166
1565	0.2299632	0.266281423	0.193644977
1566	0.23001545	0.266341547	0.193689353
1567	0.23008135	0.266423186	0.193739514
1568	0.230151625	0.266513481	0.193789769
1569	0.230189925	0.266556545	0.193823305
1570	0.230208625	0.266570648	0.193846602
1571	0.2302024	0.266569433	0.193835367
1572	0.2301809	0.266561227	0.193800573
1573	0.23018045	0.266567363	0.193793537
1574	0.23019785	0.266586806	0.193808894
1575	0.2302296	0.266620547	0.193838653
1576	0.230265	0.266657688	0.193872312
1577	0.230272225	0.266664649	0.193879801
1578	0.230261775	0.26665154	0.19387201
1579	0.2302587	0.266643704	0.193873696
1580	0.230264475	0.266644766	0.193884184
1581	0.230306075	0.266697089	0.193915061
1582	0.230370075	0.266782358	0.193957792
1583	0.23039535	0.266812092	0.193978608
1584	0.2303937	0.266803388	0.193984012
1585	0.230422825	0.26683611	0.19400954
1586	0.23047505	0.266898421	0.194051679
1587	0.23049695	0.266938097	0.194055803
1588	0.230496575	0.266961099	0.194032051
1589	0.230507	0.266979777	0.194034223
1590	0.23052395	0.266995729	0.194052171
1591	0.230553325	0.267025334	0.194081316
1592	0.2305916	0.267065505	0.194117695
1593	0.230625575	0.267111025	0.194140125
1594	0.230657525	0.267159512	0.194155538
1595	0.230693275	0.267200368	0.194186182
1596	0.230727275	0.267231192	0.194223358
1597	0.2307738	0.2672823	0.1942653
1598	0.23083235	0.26735078	0.19431392
1599	0.23089125	0.267413902	0.194368598
1600	0.2309514	0.267474885	0.194427915
1601	0.2310021	0.267535632	0.194468568
1602	0.231047125	0.267597063	0.194497187
1603	0.231052425	0.267609088	0.194495762
1604	0.23103335	0.267590141	0.194476559
1605	0.231069225	0.267636005	0.194502445
1606	0.2311379	0.267720818	0.194554982
1607	0.23118075	0.2677684	0.1945931
1608	0.231207275	0.267793006	0.194621544
1609	0.231233075	0.267821474	0.194644676
1610	0.23125915	0.267852891	0.194665409
1611	0.231305675	0.267912837	0.194698513
1612	0.23136365	0.267988597	0.194738703
1613	0.23137085	0.268001674	0.194740026
1614	0.231352	0.267982137	0.194721863
1615	0.23141235	0.268045557	0.194779143
1616	0.23151105	0.268149709	0.194872391
1617	0.2315812	0.268221701	0.194940699
1618	0.231637875	0.268277763	0.194997987
1619	0.23167775	0.268336389	0.195019111
1620	0.23171015	0.26839641	0.19502389
1621	0.231732425	0.268432203	0.195032647
1622	0.231750275	0.268457386	0.195043164
1623	0.231790025	0.268498941	0.195081109
1624	0.23183895	0.268547512	0.195130388
1625	0.231875975	0.268585336	0.195166614
1626	0.2319084	0.268619032	0.195197768
1627	0.231932025	0.268641386	0.195222664
1628	0.231952525	0.268659826	0.195245224
1629	0.231995075	0.268716349	0.195273801
1630	0.232045275	0.268786418	0.195304132
1631	0.2320736	0.268814868	0.195332332
1632	0.23209495	0.268830354	0.195359546
1633	0.2321188	0.268856726	0.195380874
1634	0.2321438	0.268886679	0.195400921
1635	0.2321655	0.268913561	0.195417439
1636	0.23218645	0.268940538	0.195432362
1637	0.232184675	0.268939149	0.195430201
1638	0.23217695	0.268930359	0.195423541
1639	0.232187275	0.268944315	0.195430235
1640	0.232202325	0.268964419	0.195440231
1641	0.232194225	0.268959828	0.195428622
1642	0.23218205	0.268951241	0.195412859
1643	0.23216625	0.268943585	0.195388915
1644	0.232148975	0.268934988	0.195362962
1645	0.23218535	0.268970015	0.195400685
1646	0.232229875	0.269011693	0.195448057
1647	0.232279175	0.269068359	0.195489991
1648	0.232329875	0.269128352	0.195531398
1649	0.232324	0.269112707	0.195535293
1650	0.23231225	0.269089478	0.195535022
1651	0.232345875	0.269132348	0.195559402
1652	0.23238225	0.269179217	0.195585283
1653	0.232415175	0.269230754	0.195599596
1654	0.232448	0.26928267	0.19561333
1655	0.232494075	0.269338419	0.195649731
1656	0.23254155	0.269395814	0.195687286
1657	0.2325715	0.269441206	0.195701794
1658	0.23259775	0.269482528	0.195712972
1659	0.232576525	0.26946313	0.19568992
1660	0.232555525	0.269444019	0.195667031
1661	0.232559275	0.269449629	0.195668921
1662	0.232565825	0.269457392	0.195674258
1663	0.232586675	0.269458799	0.195714551
1664	0.23260195	0.269456838	0.195747062
1665	0.232557775	0.269421719	0.195693831
1666	0.23251995	0.269394154	0.195645746
1667	0.232539825	0.269431274	0.195648376
1668	0.232560425	0.26946555	0.1956553
1669	0.232585875	0.269479954	0.195691796
1670	0.232619125	0.269506772	0.195731478
1671	0.23268265	0.269588447	0.195776853
1672	0.232726425	0.269650559	0.195802291
1673	0.23269365	0.269631243	0.195756057
1674	0.23267365	0.269621643	0.195725657
1675	0.23269	0.269643499	0.195736501
1676	0.232723025	0.269681172	0.195764878
1677	0.232823375	0.269782327	0.195864423
1678	0.23291125	0.269876894	0.195945606
1679	0.232946425	0.269929496	0.195963354
1680	0.2329872	0.269983378	0.195991022
1681	0.233049325	0.270052442	0.196046208
1682	0.233092225	0.270100079	0.196084371
1683	0.2330927	0.27010163	0.19608377
1684	0.23310715	0.270122518	0.196091782
1685	0.233154525	0.270182748	0.196126302
1686	0.23317945	0.270214882	0.196144018
1687	0.23316335	0.270200031	0.196126669
1688	0.2331598	0.270197985	0.196121615
1689	0.23317965	0.270220344	0.196138956
1690	0.23320775	0.270254056	0.196161444
1691	0.23324465	0.270299634	0.196189666
1692	0.2332578	0.270322976	0.196192624
1693	0.233244375	0.270319473	0.196169277
1694	0.23328375	0.270367987	0.196199513
1695	0.2333705	0.270465035	0.196275965
1696	0.233441525	0.270547315	0.196335735
1697	0.23349795	0.270613419	0.196382481
1698	0.23351375	0.270635187	0.196392313
1699	0.23350005	0.270626265	0.196373835
1700	0.233531925	0.270661591	0.196402259
1701	0.23359065	0.270722269	0.196459031
1702	0.233611075	0.27076004	0.19646211
1703	0.2336143	0.270788197	0.196440403
1704	0.23356225	0.270743512	0.196380988
1705	0.23349005	0.270676607	0.196303493
1706	0.233506	0.270691859	0.196320141
1707	0.23355075	0.270728091	0.196373409
1708	0.23355275	0.270735274	0.196370226
1709	0.23354625	0.270741159	0.196351341
1710	0.23357395	0.270777004	0.196370896
1711	0.2336084	0.270816628	0.196400172
1712	0.233603325	0.270807233	0.196399417
1713	0.23358805	0.270787913	0.196388187
1714	0.2336113	0.270815808	0.196406792
1715	0.233636625	0.270848709	0.196424541
1716	0.23359975	0.270804973	0.196394527
1717	0.233564275	0.270760316	0.196368234
1718	0.23357715	0.270779738	0.196374562
1719	0.233595875	0.270808939	0.196382811
1720	0.233569675	0.270797803	0.196341547
1721	0.233530625	0.270775112	0.196286138
1722	0.233489725	0.270737181	0.196242269
1723	0.233447375	0.270693583	0.196201167
1724	0.2333913	0.270637329	0.196145271
1725	0.2333499	0.27059412	0.19610568
1726	0.233382325	0.27060846	0.19615619
1727	0.2334079	0.270620081	0.196195719
1728	0.233418875	0.270644122	0.196193628
1729	0.233423425	0.270665387	0.196181463
1730	0.23337325	0.270632493	0.196114007
1731	0.233316875	0.270579881	0.196053869
1732	0.233285	0.270523621	0.196046379
1733	0.233307975	0.270539442	0.196076508
1734	0.23341495	0.270665857	0.196164043
1735	0.23343045	0.270689418	0.196171482
1736	0.233305325	0.270556327	0.196054323
1737	0.2332208	0.270464787	0.195976813
1738	0.23320665	0.270447397	0.195965903
1739	0.233185	0.270412903	0.195957097
1740	0.233119175	0.270325083	0.195913267
1741	0.233068225	0.270289053	0.195847397
1742	0.23304675	0.270303168	0.195790332
1743	0.232994725	0.270251837	0.195737613
1744	0.232936975	0.270180451	0.195693499
1745	0.232930775	0.270159386	0.195702164
1746	0.232925325	0.270138617	0.195712033
1747	0.232901825	0.270128238	0.195675412
1748	0.232899825	0.270150484	0.195649166
1749	0.232901975	0.2701442	0.19565975
1750	0.232890825	0.270112064	0.195669586
1751	0.232852625	0.270092008	0.195613242
1752	0.23280775	0.270076805	0.195538695
1753	0.232753425	0.270020987	0.195485863
1754	0.232696775	0.269957246	0.195436304
1755	0.232697775	0.26996017	0.19543538
1756	0.23269605	0.269962832	0.195429268
1757	0.2326897	0.269937937	0.195441463
1758	0.23269015	0.269921594	0.195458706
1759	0.2326429	0.269897135	0.195388665
1760	0.2325986	0.269873038	0.195324162
1761	0.23256255	0.269811727	0.195313373
1762	0.232512675	0.269744127	0.195281223
1763	0.23244365	0.269692684	0.195194616
1764	0.232402825	0.269667607	0.195138043
1765	0.232416775	0.269687057	0.195146493
1766	0.232415225	0.269687317	0.195143133
1767	0.232398125	0.269676689	0.195119561
1768	0.232365675	0.269645827	0.195085523
1769	0.2323225	0.269586802	0.195058198
1770	0.232256475	0.269500642	0.195012308
1771	0.23212775	0.269357185	0.194898315
1772	0.23211315	0.269350608	0.194875692
1773	0.232226275	0.269475508	0.194977042
1774	0.232213375	0.269460352	0.194966398
1775	0.232099875	0.269346843	0.194852907
1776	0.231986475	0.269228091	0.194744859
1777	0.231841025	0.269068143	0.194613907
1778	0.23170675	0.268944272	0.194469228
1779	0.231620325	0.268884314	0.194356336
1780	0.231613725	0.268866362	0.194361088
1781	0.23162605	0.268854343	0.194397757
1782	0.231672475	0.268894882	0.194450068
1783	0.23171855	0.268940557	0.194496543
1784	0.231608	0.268830658	0.194385342
1785	0.231483825	0.268709752	0.194257898
1786	0.231415125	0.268620245	0.194210005
1787	0.231342025	0.268523726	0.194160324
1788	0.231353475	0.268554014	0.194152936
1789	0.231364625	0.268591025	0.194138225
1790	0.2312078	0.268425054	0.193990546
1791	0.231033225	0.268235123	0.193831327
1792	0.23094175	0.268143049	0.193740451
1793	0.2308602	0.268065125	0.193655275
1794	0.23089735	0.26811272	0.19368198
1795	0.230861425	0.268085231	0.193637619
1796	0.230620725	0.267824427	0.193417023
1797	0.230543025	0.267751771	0.193334279
1798	0.2307765	0.268066451	0.193486549
1799	0.23086205	0.268189443	0.193534657
1800	0.23068805	0.267933738	0.193442362
1801	0.230320325	0.271800125	0.188840525
1802	0.231483975	0.273724446	0.189243504
1803	0.231212275	0.272391635	0.190032915
1804	0.2290964	0.268876287	0.189316513
1805	0.224636525	0.262700051	0.186572999
1806	0.220576775	0.257737169	0.183416381
1807	0.2203361	0.257413007	0.183259193
1808	0.2208115	0.258689338	0.182933662
1809	0.220599975	0.261621359	0.179578591
1810	0.223795325	0.26805166	0.17953899
1811	0.22646055	0.272381359	0.180539741
1812	0.22453605	0.270140876	0.178931224
1813	0.221868325	0.26765522	0.17608143
1814	0.2231426	0.268942747	0.177342453
1815	0.2257625	0.273415201	0.178109799
1816	0.2164132	0.268082444	0.164743956
1817	0.203014375	0.25782829	0.14820046
1818	0.193227675	0.251196172	0.135259178
1819	0.181390475	0.240764858	0.122016092
1820	0.174508875	0.23389496	0.11512279
1821	0.182049325	0.244666673	0.119431977
1822	0.20497525	0.28088872	0.12906178
1823	0.229838	0.317462988	0.142213012
1824	0.2336138	0.320862605	0.146364995
1825	0.201621375	0.283057297	0.120185453
1826	0.19056245	0.277889752	0.103235148
1827	0.1883088	0.280351758	0.096265842
1828	0.169242375	0.271373497	0.067111253
1829	0.161313225	0.276380019	0.046246431
1830	0.1705267	0.301563604	0.039489796
1831	0.179041175	0.328476297	0.029606053
1832	0.1836563	0.361140132	0.006172468
1833	0.199322575	0.484029661	-0.085384511
1834	0.161990225	0.365669677	-0.041689227
1835	0.139175375	0.57046872	-0.29211797
1836	0.621278275	3.040807974	-1.798251424
1837	0.09484385	0.29191037	-0.10222267
1838	0.537083	1.622603673	-0.548437673
1839	0.440255425	1.213901734	-0.333390884
1840	0.630165925	1.948040225	-0.687708375
1841	1.288642325	3.628388663	-1.051104013
1842	0.149222875	0.669435643	-0.370989893
1843	0.090170375	0.374984494	-0.194643744
1844	0.52670295	1.553100353	-0.499694453
1845	0.294212625	0.815901289	-0.227476039
1846	0.18503005	0.532668955	-0.162608855
1847	0.13542925	0.379689062	-0.108830562
1848	0.1801014	0.661072329	-0.300869529
1849	0.110318475	0.346752701	-0.126115751
1850	0.110525325	0.31905716	-0.09800651
1851	0.24826075	0.72058233	-0.22406083
1852	1.145294975	3.580561396	-1.289971446
1853	0.617873425	2.495324483	-1.259577633
1854	3.40762155	12.69468555	-5.879442452
1855	0	0	0
1856	1.109137625	3.767788968	-1.549513718
1857	0.519585075	1.936507785	-0.897337635
1858	0.195318475	0.744303527	-0.353666577
1859	120.8887786	626.559701	-384.7821437
1860	0.085203225	0.260319667	-0.089913217
1861	0.05313705	0.162122908	-0.055848808
1862	0.042622975	0.157358079	-0.072112129
1863	0.069110725	0.190042911	-0.051821461
1864	0.326566575	1.210011134	-0.556877984
1865	0.064132325	0.175849691	-0.047585041
1866	0.246562075	0.739675463	-0.246551313
1867	2.532180025	7.67483564	-2.61047559
1868	0.78919105	2.474314414	-0.895932314
1869	0.3353659	1.095797217	-0.425065417
1870	0.13016155	0.417526646	-0.157203546
1871	0.046730975	0.185486389	-0.092024439
1872	0.03897125	0.135542974	-0.057600474
1873	0.04511755	0.159919851	-0.069684751
1874	0.182532225	0.481356069	-0.116291619
1875	0.29810265	1.560269788	-0.964064488
1876	0.1190371	0.342048539	-0.103974339
1877	0.115793975	0.262025177	-0.030437227
1878	0.1302302	0.274561379	-0.014100979
1879	0.137920925	0.311858228	-0.036016378
1880	0.116912025	0.253874331	-0.020050281
1881	0.1004591	0.195878434	0.005039766
1882	0.09227015	0.177599453	0.006940847
1883	0.09352785	0.176570395	0.010485305
1884	0.096528075	0.186755655	0.006300495
1885	0.1185574	0.223933768	0.013181032
1886	0.15808705	0.314819338	0.001354762
1887	0.187306725	0.384989355	-0.010375905
1888	0.150557425	0.291462274	0.009652576
1889	0.12603645	0.231149034	0.020923866
1890	0.134575225	0.241372728	0.027777722
1891	0.14622905	0.268671919	0.023786181
1892	0.1364676	0.251239089	0.021696111
1893	0.12447715	0.249711653	-0.000757353
1894	0.100625875	0.200278493	0.000973257
1895	0.083107275	0.175853531	-0.009638981
1896	0.076461225	0.166583852	-0.013661402
1897	0.08139765	0.178174669	-0.015379369
1898	0.083057925	0.185717513	-0.019601663
1899	0.071674375	0.158263677	-0.014914927
1900	0.0824972	0.221080148	-0.056085748
1901	0.177826925	0.529595732	-0.173941882
1902	3.930006925	14.53967391	-6.679660058
1903	1.12069305	3.881614002	-1.640227902
1904	0.4393053	1.433571335	-0.554960735
1905	0.146939425	0.463981527	-0.170102677
1906	0.078183625	0.25577334	-0.09940609
1907	0.06270975	0.190112792	-0.064693292
1908	0.0600064	0.187237871	-0.067225071
1909	0.07213275	0.206212468	-0.061946968
1910	0.084010425	0.214635291	-0.046614441
1911	0.091859975	0.217672701	-0.033952751
1912	0.10448325	0.223280138	-0.014313638
1913	0.112499775	0.239834062	-0.014834512
1914	0.1108956	0.213388717	0.008402483
1915	0.108028675	0.197518186	0.018539164
1916	0.1152767	0.188170612	0.042382788
1917	0.1305464	0.196622992	0.064469808
1918	0.14467105	0.212530059	0.076812041
1919	0.153141625	0.22212999	0.08415326
1920	0.160004075	0.229680494	0.090327656
1921	0.1603474	0.22096747	0.09972733
1922	0.160507875	0.218111509	0.102904241
1923	0.1589731	0.212578743	0.105367457
1924	0.15795395	0.21102354	0.10488436
1925	0.1594844	0.210830467	0.108138333
1926	0.1631646	0.213883727	0.112445473
1927	0.16557535	0.214051543	0.117099157
1928	0.1651214	0.210445117	0.119797683
1929	0.165258625	0.208747408	0.121769842
1930	0.16725025	0.209401024	0.125099476
1931	0.1702793	0.212686015	0.127872585
1932	0.179482475	0.220960725	0.138004225
1933	0.187573175	0.22974139	0.14540496
1934	0.19201325	0.233968176	0.150058324
1935	0.1956437	0.237999615	0.153287785
1936	0.19947785	0.241083002	0.157872698
1937	0.203097625	0.243871404	0.162323846
1938	0.2044607	0.244236309	0.164685091
1939	0.203672925	0.242144784	0.165201066
1940	0.203613575	0.241479766	0.165747384
1941	0.20529495	0.243690147	0.166899753
1942	0.20676255	0.245949835	0.167575265
1943	0.207460175	0.24625041	0.16866994
1944	0.20806965	0.246777983	0.169361317
1945	0.2075841	0.245445541	0.169722659
1946	0.2070276	0.244090458	0.169964742
1947	0.206661175	0.243806243	0.169516107
1948	0.206428375	0.244228518	0.168628232
1949	0.20636005	0.244408226	0.168311874
1950	0.20654265	0.244271396	0.168813904
1951	0.206975475	0.244692812	0.169258138
1952	0.2082836	0.24631212	0.17025508
1953	0.20954535	0.248049769	0.171040931
1954	0.209612575	0.248287685	0.170937465
1955	0.20964245	0.248618272	0.170666628
1956	0.209838475	0.248377995	0.171298955
1957	0.210070075	0.248085401	0.172054749
1958	0.21045615	0.248425038	0.172487262
1959	0.2109243	0.249161396	0.172687204
1960	0.2115469	0.250137307	0.172956493
1961	0.2124716	0.251559153	0.173384047
1962	0.213219225	0.252698782	0.173739668
1963	0.21355425	0.25290086	0.17420764
1964	0.213843125	0.253121131	0.174565119
1965	0.214918775	0.253854743	0.175982807
1966	0.2159121	0.254576675	0.177247525
1967	0.216657775	0.255184283	0.178131267
1968	0.2172767	0.255727265	0.178826135
1969	0.217376875	0.255849939	0.178903811
1970	0.217084225	0.255653093	0.178515357
1971	0.217089175	0.255696449	0.178481901
1972	0.21758875	0.256091185	0.179086315
1973	0.218079425	0.256514581	0.179644269
1974	0.218741675	0.2572845	0.18019885
1975	0.219358625	0.258014071	0.180703179
1976	0.219458375	0.258014303	0.180902447
1977	0.2195268	0.257987421	0.181066179
1978	0.219488525	0.257915809	0.181061241
1979	0.219407425	0.257833607	0.180981243
1980	0.21942355	0.257776728	0.181070372
1981	0.21953575	0.257761911	0.181309589
1982	0.219813975	0.258016687	0.181611263
1983	0.22032275	0.258645564	0.181999936
1984	0.220752025	0.259197618	0.182306432
1985	0.220925325	0.259507116	0.182343534
1986	0.2210974	0.259819898	0.182374902
1987	0.221436775	0.260064953	0.182808597
1988	0.221801425	0.260336823	0.183266027
1989	0.22178365	0.260227373	0.183339927
1990	0.221637375	0.259967628	0.183307122
1991	0.221658575	0.259969144	0.183348006
1992	0.221781625	0.260149247	0.183414003
1993	0.22190705	0.26031555	0.18349855
1994	0.222140075	0.260591127	0.183689023
1995	0.2224116	0.260930621	0.183892579
1996	0.2226377	0.26134241	0.18393299
1997	0.2228756	0.261796669	0.183954531
1998	0.2224791	0.261418258	0.183539942
1999	0.2219664	0.260931369	0.183001431
2000	0.2219704	0.260856099	0.183084701
2001	0.2220288	0.260797678	0.183259922
2002	0.2218571	0.260772984	0.182941216
2003	0.2215708	0.260832731	0.182308869
2004	0.221590875	0.261030627	0.182151123
2005	0.22222295	0.261612862	0.182833038
2006	0.22273885	0.26216478	0.18331292
2007	0.2228709	0.262266649	0.183475151
2008	0.2230517	0.262451042	0.183652358
2009	0.2232625	0.262549498	0.183975502
2010	0.2234266	0.262639428	0.184213772
2011	0.22308225	0.262352983	0.183811517
2012	0.222733775	0.262176726	0.183290824
2013	0.2226011	0.26207425	0.18312795
2014	0.222762025	0.262256824	0.183267226
2015	0.223084525	0.262623385	0.183545665
2016	0.22337395	0.262876207	0.183871693
2017	0.22367875	0.263173066	0.184184434
2018	0.223972625	0.263360556	0.184584694
2019	0.224230275	0.263547804	0.184912746
2020	0.224752425	0.264170484	0.185334366
2021	0.2252574	0.264781427	0.185733373
2022	0.2260092	0.265414217	0.186604183
2023	0.22668965	0.265980388	0.187398912
2024	0.22676785	0.266028656	0.187507044
2025	0.22663635	0.26586592	0.18740678
2026	0.226628825	0.265865185	0.187392465
2027	0.2267501	0.266076826	0.187423374
2028	0.2269233	0.266360606	0.187485994
2029	0.22723755	0.266766499	0.187708601
2030	0.227589525	0.267188141	0.187990909
2031	0.22797115	0.267574458	0.188367842
2032	0.2283123	0.267917474	0.188707126
2033	0.22859695	0.268187573	0.189006327
2034	0.228894475	0.268480615	0.189308335
2035	0.228840825	0.268450905	0.189230745
2036	0.2286526	0.268295274	0.189009926
2037	0.228609575	0.268333688	0.188885462
2038	0.2286557	0.268435324	0.188876076
2039	0.228780975	0.268572695	0.188989255
2040	0.2290095	0.268823065	0.189195935
2041	0.2291488	0.268923176	0.189374424
2042	0.22911025	0.268816251	0.189404249
2043	0.229094675	0.268763946	0.189425404
2044	0.2291187	0.268802768	0.189434632
2045	0.2291458	0.268856532	0.189435068
2046	0.2292058	0.268959825	0.189451775
2047	0.229270775	0.269058697	0.189482853
2048	0.22931285	0.269101744	0.189523956
2049	0.2294086	0.269232219	0.189584981
2050	0.229455075	0.269351669	0.189558481
2051	0.22951315	0.269464281	0.189562019
2052	0.22966745	0.269681082	0.189653818
2053	0.2296342	0.269601135	0.189667265
2054	0.229474575	0.269371559	0.189577591
2055	0.229256075	0.269103434	0.189408716
2056	0.22911455	0.268893019	0.189336081
2057	0.229127375	0.268805587	0.189449163
2058	0.229125975	0.268730734	0.189521216
2059	0.2292909	0.269000503	0.189581297
2060	0.229560425	0.269432048	0.189688802
2061	0.22994985	0.269874262	0.190025438
2062	0.230268925	0.270227538	0.190310312
2063	0.23009585	0.270036694	0.190155006
2064	0.229644225	0.269561814	0.189726636
2065	0.229240375	0.269250637	0.189230113
2066	0.229025125	0.269087032	0.188963218
2067	0.22898795	0.26906595	0.18890995
2068	0.229248325	0.269246071	0.189250579
2069	0.22956315	0.269504186	0.189622114
2070	0.229919	0.269905371	0.189932629
2071	0.230185375	0.270206215	0.190164535
2072	0.2301	0.270022084	0.190177916
2073	0.230012425	0.269844263	0.190180587
2074	0.229924025	0.269755945	0.190092105
2075	0.229814625	0.2696578	0.18997145
2076	0.229898225	0.269861438	0.189935012
2077	0.230091475	0.27024938	0.18993357
2078	0.230319525	0.270616616	0.190022434
2079	0.230559075	0.270914575	0.190203575
2080	0.23067775	0.271045187	0.190310313
2081	0.2306482	0.270947787	0.190348613
2082	0.23068305	0.270946333	0.190419767
2083	0.230657175	0.270946909	0.190367441
2084	0.230566275	0.270881034	0.190251516
2085	0.230367575	0.270614475	0.190120675
2086	0.23019255	0.270353293	0.190031807
2087	0.2302558	0.270403271	0.190108329
2088	0.230443225	0.270615608	0.190270842
2089	0.230475725	0.270606742	0.190344708
2090	0.230456425	0.270574466	0.190338384
2091	0.230470775	0.270616004	0.190325546
2092	0.2304788	0.270637775	0.190319825
2093	0.2304679	0.270648458	0.190287342
2094	0.23042665	0.270602304	0.190250996
2095	0.23039435	0.270554007	0.190234693
2096	0.2303883	0.27053127	0.19024533
2097	0.230437225	0.270581564	0.190292886
2098	0.23049465	0.270654046	0.190335254
2099	0.230508425	0.270680448	0.190336402
2100	0.23050675	0.270696687	0.190316813
2101	0.230520675	0.27073892	0.19030243
2102	0.230357975	0.270590636	0.190125314
2103	0.2301871	0.270430518	0.189943682
2104	0.23014655	0.270379	0.1899141
2105	0.2302182	0.270424957	0.190011443
2106	0.23034225	0.270562743	0.190121757
2107	0.230450275	0.270771659	0.190128891
2108	0.230608875	0.271045114	0.190172636
2109	0.2308186	0.271310742	0.190326458
2110	0.230954225	0.271465129	0.190443321
2111	0.230843925	0.271271658	0.190416192
2112	0.23070145	0.271036319	0.190366581
2113	0.2306174	0.270833602	0.190401198
2114	0.23055365	0.270661617	0.190445683
2115	0.230488675	0.270656943	0.190320407
2116	0.230516475	0.270806435	0.190226515
2117	0.230816925	0.271166693	0.190467157
2118	0.23112985	0.271460275	0.190799425
2119	0.231340225	0.271625177	0.191055273
2120	0.231277875	0.271568181	0.190987569
2121	0.231193725	0.271507865	0.190879585
2122	0.23120635	0.271552812	0.190859888
2123	0.2311423	0.271532045	0.190752555
2124	0.230868275	0.27126737	0.19046918
2125	0.2306573	0.271054959	0.190259641
2126	0.23063445	0.271013883	0.190255017
2127	0.230617225	0.270992367	0.190242083
2128	0.230712075	0.271116348	0.190307802
2129	0.23088075	0.27130927	0.19045223
2130	0.231055775	0.271422435	0.190689115
2131	0.23120075	0.271503076	0.190898424
2132	0.231376925	0.27169861	0.19105524
2133	0.231587125	0.271935988	0.191238262
2134	0.231781325	0.27212321	0.19143944
2135	0.2318169	0.272115879	0.191517921
2136	0.2318627	0.272089218	0.191636182
2137	0.231964875	0.272202722	0.191727028
2138	0.23191595	0.272172636	0.191659264
2139	0.23173845	0.272015723	0.191461177
2140	0.2315988	0.271936202	0.191261398
2141	0.2313611	0.271651098	0.191071102
2142	0.2310744	0.271274643	0.190874157
2143	0.2309002	0.271059047	0.190741353
2144	0.230822425	0.270984799	0.190660051
2145	0.230934875	0.271119367	0.190750383
2146	0.2310764	0.271280218	0.190872582
2147	0.231093975	0.271284651	0.190903299
2148	0.23098095	0.271147858	0.190814042
2149	0.230943875	0.271061603	0.190826147
2150	0.23098735	0.271033515	0.190941185
2151	0.2308638	0.270908689	0.190818911
2152	0.230546025	0.270616806	0.190475244
2153	0.2302495	0.270299487	0.190199513
2154	0.230271525	0.270369267	0.190173783
2155	0.230183725	0.270277325	0.190090125
2156	0.22988025	0.269885037	0.189875463
2157	0.229714375	0.269673735	0.189755015
2158	0.22963505	0.269546461	0.189723639
2159	0.229492225	0.269329044	0.189655406
2160	0.2293613	0.269153408	0.189569192
2161	0.229262425	0.269052682	0.189472168
2162	0.22909675	0.268907696	0.189285804
2163	0.228896975	0.268698708	0.189095242
2164	0.2284158	0.26816652	0.18866508
2165	0.2280028	0.26773465	0.18827095
2166	0.227881625	0.267598434	0.188164816
2167	0.22783005	0.267529872	0.188130228
2168	0.227642975	0.267299279	0.187986671
2169	0.2272539	0.266743026	0.187764774
2170	0.226864725	0.266162825	0.187566625
2171	0.2264504	0.265654595	0.187246205
2172	0.226109175	0.265282327	0.186936023
2173	0.226159975	0.265348902	0.186971048
2174	0.2261404	0.265335334	0.186945466
2175	0.2257114	0.264942413	0.186480387
2176	0.2253022	0.264592936	0.186011464
2177	0.22509175	0.26443296	0.18575054
2178	0.224807175	0.264171594	0.185442756
2179	0.224236075	0.263516145	0.184956005
2180	0.2236326	0.262831223	0.184433977
2181	0.222952625	0.261953532	0.183951718
2182	0.222346475	0.261118212	0.183574738
2183	0.2218414	0.260595516	0.183087284
2184	0.2213026	0.260121402	0.182483798
2185	0.22080695	0.25967122	0.18194268
2186	0.220412875	0.259262846	0.181562904
2187	0.220001625	0.258812502	0.181190748
2188	0.2194389	0.258220957	0.180656843
2189	0.218882725	0.257611571	0.180153879
2190	0.2183234	0.256964058	0.179682742
2191	0.217666975	0.256204576	0.179129374
2192	0.2168399	0.255323545	0.178356255
2193	0.2159858	0.254448229	0.177523371
2194	0.215263725	0.253705146	0.176822304
2195	0.21461305	0.253029483	0.176196617
2196	0.2137479	0.252073489	0.175422311
2197	0.2127158	0.250882747	0.174548853
2198	0.211944525	0.250005255	0.173883795
2199	0.2111903	0.249232676	0.173147924
2200	0.210495125	0.248598633	0.172391617
2201	0.209894375	0.248043276	0.171745474
2202	0.209174925	0.247407477	0.170942373
2203	0.208414	0.246798211	0.170029789
2204	0.207601525	0.246040997	0.169162053
2205	0.20689615	0.24533032	0.16846198
2206	0.206146725	0.244560955	0.167732495
2207	0.20525145	0.243496025	0.167006875
2208	0.20438235	0.242482857	0.166281843
2209	0.203581475	0.241594964	0.165567986
2210	0.202861275	0.240776684	0.164945866
2211	0.20225015	0.240102673	0.164397627
2212	0.20159585	0.239412191	0.163779509
2213	0.20095195	0.238799631	0.163104269
2214	0.20039375	0.238317289	0.162470211
2215	0.199965525	0.237966491	0.161964559
2216	0.199534025	0.237547578	0.161520472
2217	0.199093725	0.237055234	0.161132216
2218	0.19869065	0.236664979	0.160716321
2219	0.198415975	0.236416216	0.160415734
2220	0.198158275	0.236086872	0.160229678
2221	0.198113775	0.236052403	0.160175147
2222	0.19822415	0.236248474	0.160199826
2223	0.1984276	0.236464335	0.160390865
2224	0.19882105	0.236869017	0.160773083
2225	0.199179775	0.237281439	0.161078111
2226	0.199339825	0.237483477	0.161196173
2227	0.199613425	0.237801467	0.161425383
2228	0.199936725	0.238216945	0.161656505
2229	0.200253625	0.238633595	0.161873655
2230	0.200754525	0.23916862	0.16234043
2231	0.20125415	0.239668857	0.162839443
2232	0.20148925	0.239819348	0.163159152
2233	0.2015991	0.239822032	0.163376168
2234	0.20157225	0.239682186	0.163462314
2235	0.201599675	0.239627987	0.163571363
2236	0.20173575	0.239767537	0.163703963
2237	0.201858875	0.239925037	0.163792713
2238	0.20210585	0.24018837	0.16402333
2239	0.202264675	0.240312653	0.164216697
2240	0.202392775	0.240399407	0.164386143
2241	0.20258445	0.240606219	0.164562681
2242	0.202742275	0.240883771	0.164600779
2243	0.203043175	0.241351251	0.164735099
2244	0.20337745	0.241759591	0.164995309
2245	0.2034875	0.241839735	0.165135265
2246	0.20334765	0.24164948	0.16504582
2247	0.20314835	0.241378908	0.164917792
2248	0.2030953	0.241293844	0.164896756
2249	0.203252825	0.241382468	0.165123182
2250	0.203395825	0.24146188	0.16532977
2251	0.2036023	0.241739326	0.165465274
2252	0.2038779	0.242108515	0.165647285
2253	0.204122	0.242369808	0.165874192
2254	0.20436255	0.242586589	0.166138511
2255	0.204847425	0.243017165	0.166677685
2256	0.205385675	0.243522789	0.167248561
2257	0.205807475	0.243861435	0.167753515
2258	0.206208475	0.244181541	0.168235409
2259	0.206537625	0.244565617	0.168509633
2260	0.206849225	0.24494904	0.16874941
2261	0.207221975	0.245323979	0.169119971
2262	0.20755965	0.245618961	0.169500339
2263	0.208003025	0.246120602	0.169885448
2264	0.208445675	0.246707129	0.170184221
2265	0.2088012	0.247203863	0.170398537
2266	0.209287125	0.247789528	0.170784722
2267	0.209686075	0.248211249	0.171160901
2268	0.210047125	0.248500442	0.171593808
2269	0.2105001	0.248939014	0.172061186
2270	0.210744775	0.249199217	0.172290333
2271	0.210982625	0.249410327	0.172554923
2272	0.2112662	0.249744935	0.172787465
2273	0.211585375	0.250147993	0.173022757
2274	0.21177525	0.250402307	0.173148193
2275	0.2118166	0.250477197	0.173156003
2276	0.21192545	0.250569985	0.173280915
2277	0.212169075	0.250804614	0.173533536
2278	0.21225965	0.250794298	0.173725002
2279	0.212201	0.250601744	0.173800256
2280	0.21205725	0.250354022	0.173760478
2281	0.211906675	0.25010959	0.17370376
2282	0.211763475	0.249916126	0.173610824
2283	0.211716775	0.249846487	0.173587063
2284	0.211611	0.249693909	0.173528091
2285	0.211567075	0.249669193	0.173464957
2286	0.211599075	0.249764227	0.173433923
2287	0.211493825	0.249689855	0.173297795
2288	0.21138215	0.249592737	0.173171563
2289	0.211083575	0.249231781	0.172935369
2290	0.210860225	0.249002134	0.172718316
2291	0.210915125	0.249133695	0.172696555
2292	0.21084725	0.249136448	0.172558052
2293	0.2107397	0.249178958	0.172300442
2294	0.210562625	0.249078971	0.172046279
2295	0.21010035	0.248537371	0.171663329
2296	0.209753	0.248101244	0.171404756
2297	0.209926125	0.248231508	0.171620742
2298	0.210046225	0.248342178	0.171750272
2299	0.209923825	0.248276487	0.171571163
2300	0.2098228	0.248245131	0.171400469
2301	0.2095335	0.247937576	0.171129424
2302	0.209224175	0.247604983	0.170843367
2303	0.209188025	0.247570536	0.170805514
2304	0.2091791	0.247551131	0.170807069
2305	0.208803275	0.247059371	0.170547179
2306	0.2082823	0.246406912	0.170157688
2307	0.20776215	0.245794983	0.169729317
2308	0.207358925	0.245326422	0.169391428
2309	0.207017	0.244973423	0.169060577
2310	0.206758625	0.244791099	0.168726151
2311	0.206667125	0.244742554	0.168591696
2312	0.206541075	0.244599392	0.168482758
2313	0.206156475	0.244222683	0.168090267
2314	0.205478125	0.243494677	0.167461573
2315	0.204896225	0.242843701	0.166948749
2316	0.204645175	0.242624097	0.166666253
2317	0.204368525	0.242408521	0.166328529
2318	0.2037938	0.241807799	0.165779801
2319	0.203151675	0.241114933	0.165188417
2320	0.202573125	0.240473551	0.164672699
2321	0.202003825	0.239777368	0.164230282
2322	0.201595675	0.239294152	0.163897198
2323	0.2012531	0.23892926	0.16357694
2324	0.200707925	0.23827127	0.16314458
2325	0.200187325	0.237628119	0.162746531
2326	0.19990925	0.237278751	0.162539749
2327	0.19956485	0.236927812	0.162201888
2328	0.19894225	0.236390075	0.161494425
2329	0.198405325	0.235935443	0.160875207
2330	0.19839115	0.236135931	0.160646369
2331	0.198424	0.236415573	0.160432427
2332	0.1981096	0.236112922	0.160106278
2333	0.197693725	0.23563428	0.15975317
2334	0.19727675	0.235061433	0.159492067
2335	0.1968055	0.234410277	0.159200723
2336	0.1960947	0.233550194	0.158639206
2337	0.195406925	0.232756622	0.158057228
2338	0.1949351	0.232244625	0.157625575
2339	0.1945208	0.231842289	0.157199311
2340	0.194281475	0.231521503	0.157041447
2341	0.19401105	0.231118239	0.156903861
2342	0.1937978	0.230854703	0.156740897
2343	0.193642425	0.230648474	0.156636376
2344	0.193443675	0.2304125	0.15647485
2345	0.193265925	0.23037086	0.15616099
2346	0.1929796	0.230156145	0.155803055
2347	0.192695275	0.229760818	0.155629732
2348	0.1928173	0.229886634	0.155747966
2349	0.193067175	0.23017709	0.15595726
2350	0.193249325	0.230353856	0.156144794
2351	0.193360675	0.23056089	0.15616046
2352	0.193417575	0.230674548	0.156160602
2353	0.193422225	0.230595424	0.156249026
2354	0.19350415	0.230633674	0.156374626
2355	0.193763425	0.230819757	0.156707093
2356	0.193869075	0.230847802	0.156890348
2357	0.1940812	0.231107821	0.157054579
2358	0.194334675	0.23144943	0.15721992
2359	0.194305725	0.231312487	0.157298963
2360	0.1943222	0.231251193	0.157393207
2361	0.19429745	0.231389227	0.157205673
2362	0.194397425	0.231568002	0.157226848
2363	0.1951266	0.23219764	0.15805556
2364	0.195813625	0.232867066	0.158760184
2365	0.19613795	0.233263413	0.159012487
2366	0.196398	0.233620933	0.159175067
2367	0.196218525	0.23345855	0.1589785
2368	0.19598755	0.23319453	0.15878057
2369	0.19588815	0.232967148	0.158809152
2370	0.195789375	0.232766787	0.158811963
2371	0.195726275	0.232668424	0.158784126
2372	0.195547075	0.232491536	0.158602614
2373	0.19540845	0.232413927	0.158402973
2374	0.195517975	0.232617329	0.158418621
2375	0.195966075	0.233294517	0.158637633
2376	0.196448825	0.234176943	0.158720707
2377	0.1971405	0.235013978	0.159267022
2378	0.19805655	0.235918212	0.160194888
2379	0.19868815	0.236463631	0.160912669
2380	0.199049725	0.236728106	0.161371344
2381	0.19869375	0.236177534	0.161209966
2382	0.19798745	0.235384829	0.160590071
2383	0.198053625	0.235522926	0.160584324
2384	0.19869255	0.236357972	0.161027128
2385	0.19857795	0.236482094	0.160673806
2386	0.1978723	0.23590028	0.15984432
2387	0.1974544	0.235571537	0.159337263
2388	0.196924875	0.234941849	0.158907901
2389	0.196239225	0.234034095	0.158444355
2390	0.19628935	0.233954273	0.158624427
2391	0.196849975	0.234501387	0.159198563
2392	0.197467975	0.235256103	0.159679847
2393	0.19805865	0.235985965	0.160131335
2394	0.198127525	0.236124058	0.160130992
2395	0.1979954	0.236125829	0.159864971
2396	0.19821045	0.236483586	0.159937314
2397	0.19824855	0.236423731	0.160073369
2398	0.1979502	0.235534889	0.160365511
2399	0.1976253	0.234861073	0.160389527
2400	0.197255225	0.234461957	0.160048493
2401	0.19717415	0.234524099	0.159824201
2402	0.197218375	0.23506667	0.15937008
2403	0.19739625	0.235692795	0.159099705
2404	0.19793735	0.236462816	0.159411884
2405	0.198404675	0.237083305	0.159726045
2406	0.1984499	0.236839787	0.160060013
2407	0.198136775	0.236265722	0.160007828
2408	0.19744585	0.235377723	0.159513977
2409	0.19689385	0.234685431	0.159102269
2410	0.196125475	0.233734958	0.158515992
2411	0.1952612	0.232689953	0.157832447
2412	0.1949914	0.232530384	0.157452416
2413	0.194783575	0.232556521	0.157010629
2414	0.19432555	0.232228329	0.156422771
2415	0.1937079	0.231833711	0.155582089
2416	0.192303375	0.230368337	0.154238413
2417	0.191066625	0.229008524	0.153124726
2418	0.19168085	0.229651652	0.153710048
2419	0.1923633	0.230576095	0.154150505
2420	0.1924164	0.230665851	0.154166949
2421	0.19249475	0.230616816	0.154372684
2422	0.192038925	0.229553139	0.154524711
2423	0.1915236	0.228587801	0.154459399
2424	0.1910495	0.228052612	0.154046388
2425	0.190823	0.227977573	0.153668427
2426	0.19157235	0.229152639	0.153992061
2427	0.1920582	0.230065188	0.154051212
2428	0.19194015	0.229909839	0.153970461
2429	0.19191295	0.229799035	0.154026865
2430	0.19169795	0.229491063	0.153904837
2431	0.191398475	0.229117279	0.153679671
2432	0.19093885	0.228856711	0.153020989
2433	0.189967875	0.228191924	0.151743826
2434	0.189172525	0.227272213	0.151072837
2435	0.18906775	0.227027683	0.151107817
2436	0.188843025	0.226484719	0.151201331
2437	0.18815225	0.225340018	0.150964482
2438	0.187443975	0.224986618	0.149901332
2439	0.1868507	0.225143751	0.148557649
2440	0.186276825	0.224720268	0.147833382
2441	0.1855837	0.224077464	0.147089936
2442	0.185224775	0.22349362	0.14695593
2443	0.18497275	0.222440967	0.147504533
2444	0.184411275	0.221666363	0.147156187
2445	0.184423625	0.221472532	0.147374718
2446	0.184274825	0.221280732	0.147268918
2447	0.18284635	0.220560069	0.145132631
2448	0.179926325	0.217474057	0.142378593
2449	0.1766623	0.213468766	0.139855834
2450	0.17488305	0.211477728	0.138288372
2451	0.17454175	0.211628745	0.137454755
2452	0.17521755	0.212913335	0.137521765
2453	0.175910125	0.213223275	0.138596975
2454	0.1769762	0.214732254	0.139220146
2455	0.17939515	0.217594331	0.141195969
2456	0.18160865	0.219536063	0.143681237
2457	0.18333655	0.220854691	0.145818409
2458	0.18403025	0.221212093	0.146848407
2459	0.18367715	0.220574657	0.146779643
2460	0.183389925	0.220355491	0.146424359
2461	0.18313985	0.220508778	0.145770922
2462	0.182378825	0.219877864	0.144879786
2463	0.17873365	0.215689011	0.141778289
2464	0.1746283	0.211545447	0.137711153
2465	0.172921125	0.208997577	0.136844673
2466	0.1726533	0.208102349	0.137204251
2467	0.174031825	0.210412711	0.137650939
2468	0.175126975	0.212876607	0.137377343
2469	0.17606715	0.214423528	0.137710772
2470	0.176776225	0.216304828	0.137247622
2471	0.1744443	0.214265667	0.134622933
2472	0.17202495	0.211810744	0.132239156
2473	0.170094275	0.209194321	0.130994229
2474	0.1688053	0.207414847	0.130195753
2475	0.1706638	0.209288039	0.132039561
2476	0.171960425	0.211679873	0.132240977
2477	0.1711159	0.212351826	0.129879974
2478	0.1696847	0.213038498	0.126330902
2479	0.168137375	0.212740182	0.123534568
2480	0.1665159	0.213502728	0.119529072
2481	0.16358295	0.209323	0.1178429
2482	0.160661975	0.207190155	0.114133795
2483	0.15871345	0.20846283	0.10896407
2484	0.15661955	0.211825651	0.101413449
2485	0.157474075	0.217167168	0.097780982
2486	0.1594921	0.228142583	0.090841617
2487	0.148960975	0.214688831	0.083233119
2488	0.13279935	0.197118756	0.068479944
2489	0.1221004	0.177693889	0.066506911
2490	0.1139566	0.168718999	0.059194201
2491	0.1134153	0.165790008	0.061040592
2492	0.115474425	0.168877646	0.062071204
2493	0.113582925	0.165791691	0.061374159
2494	0.11277195	0.167351719	0.058192181
2495	0.119899675	0.170410109	0.069389241
2496	0.1277108	0.189843681	0.065577919
2497	0.12741005	0.18717022	0.06764988
2498	0.125245825	0.180224051	0.070267599
2499	0.1255967	0.173473076	0.077720324
2500	0.1278618	0.18083281	0.07489079
