Wavelength	Mean	Std+	Std-
350	0.0484203	0.062459242	0.034381358
351	0.0490209	0.063153282	0.034888518
352	0.0489837	0.063149516	0.034817884
353	0.0491813	0.063383874	0.034978726
354	0.0490842	0.063312486	0.034855914
355	0.0487341	0.062976449	0.034491751
356	0.0492558	0.063513807	0.034997793
357	0.0492829	0.063562871	0.035002929
358	0.0491917	0.063507214	0.034876186
359	0.0497288	0.064120629	0.035336971
360	0.0502211	0.064682801	0.035759399
361	0.0504593	0.064995569	0.035923031
362	0.0502296	0.064853578	0.035605622
363	0.0504307	0.065046474	0.035814926
364	0.0505837	0.06525394	0.03591346
365	0.0506414	0.065435512	0.035847288
366	0.0508745	0.065604312	0.036144688
367	0.0510747	0.065812657	0.036336743
368	0.0512301	0.066025324	0.036434876
369	0.0512685	0.066140812	0.036396188
370	0.0514251	0.066325107	0.036525093
371	0.0515783	0.066506725	0.036649875
372	0.0516389	0.066631291	0.036646509
373	0.0519688	0.067007113	0.036930487
374	0.0523431	0.06744716	0.03723904
375	0.0527193	0.067915901	0.037522699
376	0.0525317	0.067848715	0.037214685
377	0.0525306	0.067866121	0.037195079
378	0.0526468	0.067966354	0.037327246
379	0.0526951	0.068191669	0.037198531
380	0.0527739	0.068266591	0.037281209
381	0.0529979	0.068482103	0.037513697
382	0.0535269	0.069147946	0.037905854
383	0.053835	0.069463528	0.038206472
384	0.0539312	0.069638907	0.038223493
385	0.0538092	0.069706993	0.037911407
386	0.0541828	0.070189857	0.038175743
387	0.0544926	0.070548064	0.038437136
388	0.0547549	0.070817444	0.038692356
389	0.0550231	0.071099623	0.038946577
390	0.0551144	0.071258202	0.038970598
391	0.055122	0.071351365	0.038892635
392	0.0550966	0.071409292	0.038783908
393	0.0553113	0.071667186	0.038955414
394	0.0556294	0.072071085	0.039187715
395	0.0560153	0.072600514	0.039430086
396	0.0560432	0.072638992	0.039447408
397	0.0562133	0.072874208	0.039552392
398	0.0564373	0.073193413	0.039681187
399	0.0564304	0.073251055	0.039609745
400	0.0565583	0.073404508	0.039712092
401	0.0567165	0.073575766	0.039857234
402	0.056832	0.073711187	0.039952813
403	0.0568321	0.0737106	0.0399536
404	0.056867	0.073754645	0.039979355
405	0.0569777	0.073893738	0.040061662
406	0.0570748	0.074017007	0.040132593
407	0.0571528	0.074133639	0.040171961
408	0.0572137	0.074240248	0.040187152
409	0.0572578	0.074311057	0.040204543
410	0.0573241	0.074411877	0.040236323
411	0.057425	0.074544803	0.040305197
412	0.057599	0.074735914	0.040462086
413	0.0576278	0.074822158	0.040433442
414	0.0576598	0.074898464	0.040421136
415	0.0577445	0.074995994	0.040493006
416	0.05785	0.075107772	0.040592228
417	0.0578926	0.075174903	0.040610297
418	0.0578913	0.075211225	0.040571375
419	0.0580114	0.075342642	0.040680158
420	0.0580658	0.075430763	0.040700837
421	0.0581079	0.075516653	0.040699147
422	0.0582183	0.075667726	0.040768874
423	0.0582862	0.07575767	0.04081473
424	0.0583369	0.075828152	0.040845648
425	0.0583759	0.075891424	0.040860376
426	0.0584621	0.075991319	0.040932881
427	0.0585218	0.07607538	0.04096822
428	0.0585562	0.076146047	0.040966353
429	0.0586515	0.076274279	0.041028721
430	0.0587062	0.07638602	0.04102638
431	0.0587605	0.076503894	0.041017106
432	0.058897	0.076679336	0.041114664
433	0.0589795	0.076790762	0.041168238
434	0.0590394	0.076877741	0.041201059
435	0.059086	0.076952854	0.041219146
436	0.0591576	0.077047314	0.041267886
437	0.0592284	0.077137801	0.041318999
438	0.0592932	0.077221371	0.041365029
439	0.0593026	0.077267956	0.041337244
440	0.0593851	0.077370485	0.041399715
441	0.0594842	0.077479556	0.041488844
442	0.0594716	0.077478793	0.041464407
443	0.0594599	0.077487302	0.041432498
444	0.0594721	0.077523305	0.041420895
445	0.0595322	0.077608212	0.041456188
446	0.0596265	0.077721951	0.041531049
447	0.059685	0.077801694	0.041568306
448	0.0597019	0.07784273	0.04156107
449	0.059764	0.077917467	0.041610533
450	0.0597924	0.077973565	0.041611235
451	0.0598018	0.078012286	0.041591314
452	0.0598232	0.078029553	0.041616847
453	0.0598939	0.078109043	0.041678757
454	0.0599586	0.078189008	0.041728192
455	0.0599709	0.078220657	0.041721143
456	0.060102	0.078370855	0.041833145
457	0.0601579	0.078448375	0.041867425
458	0.0601019	0.078416865	0.041786935
459	0.0601248	0.078451119	0.041798481
460	0.0601599	0.078494484	0.041825316
461	0.0602005	0.078543592	0.041857408
462	0.0602225	0.078585445	0.041859555
463	0.0602191	0.078598013	0.041840187
464	0.0602207	0.07861534	0.04182606
465	0.0602572	0.078670481	0.041843919
466	0.060268	0.078701682	0.041834318
467	0.060316	0.07876244	0.04186956
468	0.0604194	0.078867863	0.041970937
469	0.0603946	0.078857183	0.041932017
470	0.0604029	0.078883114	0.041922686
471	0.0604291	0.078928643	0.041929557
472	0.0604125	0.078926727	0.041898273
473	0.0604218	0.078950571	0.041893029
474	0.0604467	0.078990212	0.041903188
475	0.0604851	0.07904417	0.04192603
476	0.0605233	0.079095684	0.041950916
477	0.0605397	0.07912608	0.04195332
478	0.0605265	0.079128009	0.041924991
479	0.0605552	0.079172676	0.041937724
480	0.060607	0.079234258	0.041979742
481	0.0606747	0.079308541	0.042040859
482	0.0607344	0.079393851	0.042074949
483	0.0607303	0.079392039	0.042068561
484	0.0607201	0.079380805	0.042059395
485	0.0607774	0.079457519	0.042097281
486	0.0608648	0.079569552	0.042160048
487	0.060918	0.079650628	0.042185372
488	0.0609104	0.07967306	0.04214774
489	0.0609989	0.079802382	0.042195418
490	0.0610565	0.079882547	0.042230453
491	0.0610859	0.079919827	0.042251973
492	0.0611167	0.079965598	0.042267802
493	0.0611714	0.080042879	0.042299921
494	0.061218	0.080117415	0.042318585
495	0.061204	0.080135289	0.042272711
496	0.0612612	0.080215223	0.042307177
497	0.061358	0.080331548	0.042384452
498	0.0614943	0.080484963	0.042503637
499	0.0615579	0.080558751	0.042557049
500	0.0616115	0.080636635	0.042586365
501	0.0616541	0.080715929	0.042592271
502	0.0616473	0.080734802	0.042559798
503	0.0617083	0.080827353	0.042589247
504	0.0618025	0.080952264	0.042652736
505	0.0618966	0.081064022	0.042729178
506	0.0619656	0.081153364	0.042777836
507	0.0620326	0.081243867	0.042821333
508	0.0621088	0.081348027	0.042869573
509	0.062109	0.081363486	0.042854514
510	0.0621705	0.081449652	0.042891348
511	0.0622958	0.081607644	0.042983956
512	0.0624127	0.081743095	0.043082305
513	0.0625103	0.081859186	0.043161414
514	0.0625878	0.081956559	0.043219041
515	0.0626267	0.082020339	0.043233061
516	0.0627146	0.082129671	0.043299529
517	0.0628131	0.082256363	0.043369837
518	0.0629041	0.082388907	0.043419293
519	0.0630039	0.082532441	0.043475359
520	0.0630877	0.082657037	0.043518363
521	0.063156	0.082762241	0.043549759
522	0.0632669	0.082897418	0.043636382
523	0.0633626	0.083006337	0.043718863
524	0.0634483	0.083103191	0.043793409
525	0.0635307	0.08321482	0.04384658
526	0.063626	0.083342963	0.043909037
527	0.0637423	0.083493465	0.043991135
528	0.0638933	0.083678298	0.044108302
529	0.0639883	0.083809231	0.044167369
530	0.0640863	0.083940012	0.044232588
531	0.064195	0.084076964	0.044313036
532	0.0643004	0.084210356	0.044390444
533	0.0644444	0.084395294	0.044493506
534	0.0646107	0.084608143	0.044613257
535	0.0647598	0.084791434	0.044728166
536	0.0648916	0.084963686	0.044819514
537	0.0650371	0.085150884	0.044923316
538	0.0652264	0.085379775	0.045073025
539	0.0653661	0.085567584	0.045164616
540	0.0655183	0.085771757	0.045264843
541	0.0656941	0.086002895	0.045385305
542	0.0659046	0.086260685	0.045548515
543	0.0661116	0.08652935	0.04569385
544	0.0663164	0.086802644	0.045830156
545	0.0665284	0.087067402	0.045989398
546	0.0667351	0.087340589	0.046129611
547	0.0669582	0.087635177	0.046281223
548	0.0672267	0.087974414	0.046478986
549	0.0674894	0.088317646	0.046661154
550	0.0677659	0.088674467	0.046857333
551	0.0680613	0.08904809	0.04707451
552	0.068376	0.0894546	0.0472974
553	0.0687111	0.089884075	0.047538125
554	0.0690574	0.090328061	0.047786739
555	0.0693742	0.09074937	0.04799903
556	0.06977	0.091250343	0.048289657
557	0.070192	0.091782195	0.048601805
558	0.0705924	0.092303063	0.048881737
559	0.0710503	0.092886957	0.049213643
560	0.0715292	0.093499204	0.049559196
561	0.0720205	0.094131282	0.049909718
562	0.072509	0.094755802	0.050262198
563	0.0730097	0.09539993	0.05061947
564	0.0735291	0.096069328	0.050988872
565	0.0741026	0.09679182	0.05141338
566	0.074677	0.097529159	0.051824841
567	0.075273	0.098293552	0.052252448
568	0.075925	0.09911106	0.05273894
569	0.0765298	0.099889448	0.053170152
570	0.0771611	0.100700183	0.053622017
571	0.0778468	0.101571148	0.054122452
572	0.078518	0.102427454	0.054608546
573	0.0792053	0.103298023	0.055112577
574	0.0799067	0.104180336	0.055633064
575	0.080602	0.105048984	0.056155016
576	0.0813286	0.105970815	0.056686385
577	0.0820815	0.106927934	0.057235066
578	0.0828564	0.107898611	0.057814189
579	0.0836003	0.108835647	0.058364953
580	0.0843446	0.10977085	0.05891835
581	0.0850992	0.110714132	0.059484268
582	0.0858214	0.111615352	0.060027448
583	0.0865476	0.112517602	0.060577598
584	0.0872813	0.113425788	0.061136812
585	0.0879847	0.114292792	0.061676608
586	0.0886646	0.115139512	0.062189688
587	0.0893445	0.115987415	0.062701585
588	0.0900475	0.116847636	0.063247364
589	0.0907146	0.117674373	0.063754827
590	0.0913782	0.118502344	0.064254056
591	0.0920434	0.119336858	0.064749942
592	0.0926914	0.120134335	0.065248465
593	0.0933224	0.120910711	0.065734089
594	0.0939424	0.121675145	0.066209655
595	0.094563	0.12244333	0.06668267
596	0.0951624	0.123184009	0.067140791
597	0.0957326	0.12389272	0.06757248
598	0.0962282	0.124528389	0.067928011
599	0.0967563	0.125196475	0.068316125
600	0.0973067	0.125885492	0.068727908
601	0.0978766	0.12659041	0.06916279
602	0.0983411	0.127187396	0.069494804
603	0.0987952	0.127767267	0.069823133
604	0.0992492	0.128339251	0.070159149
605	0.0997111	0.128907773	0.070514427
606	0.1001332	0.129435684	0.070830716
607	0.1005321	0.129940161	0.071124039
608	0.100925	0.130434372	0.071415628
609	0.1013125	0.130920289	0.071704711
610	0.1016987	0.131400192	0.071997208
611	0.1020788	0.131864739	0.072292861
612	0.1024579	0.132330352	0.072585448
613	0.1027967	0.132749226	0.072844174
614	0.1030854	0.133110472	0.073060328
615	0.103373	0.133479605	0.073266395
616	0.1036844	0.133877282	0.073491518
617	0.1040138	0.134292687	0.073734913
618	0.1043561	0.134704256	0.074007944
619	0.1046624	0.135079804	0.074244996
620	0.1049642	0.135447007	0.074481393
621	0.1052842	0.135822981	0.074745419
622	0.1055777	0.136183904	0.074971496
623	0.1058571	0.136522263	0.075191937
624	0.1061219	0.136832609	0.075411191
625	0.1064404	0.137218081	0.075662719
626	0.1067355	0.137572315	0.075898685
627	0.1070144	0.137905525	0.076123275
628	0.1073054	0.138257826	0.076352974
629	0.1075956	0.138625974	0.076565226
630	0.1078961	0.139006036	0.076786164
631	0.1082238	0.139401322	0.077046278
632	0.1085277	0.139786469	0.077268931
633	0.1087794	0.140113346	0.077445454
634	0.1089705	0.140369391	0.077571609
635	0.1093034	0.140763376	0.077843424
636	0.1095751	0.141113244	0.078036956
637	0.1097998	0.141425636	0.078173964
638	0.1100264	0.141715559	0.078337241
639	0.1102764	0.142039869	0.078512931
640	0.1105429	0.142382336	0.078703464
641	0.110827	0.142733955	0.078920045
642	0.111051	0.143033291	0.079068709
643	0.1112529	0.143309335	0.079196465
644	0.1114404	0.143568732	0.079312068
645	0.1116334	0.143827322	0.079439478
646	0.1118696	0.144127842	0.079611358
647	0.1121382	0.144460833	0.079815567
648	0.1123854	0.144778425	0.079992375
649	0.1125898	0.145073564	0.080106036
650	0.1128015	0.145376	0.080227
651	0.113097	0.145736491	0.080457509
652	0.1133404	0.146060071	0.080620729
653	0.1135566	0.146351913	0.080761287
654	0.1137503	0.146610477	0.080890123
655	0.1140735	0.147024636	0.081122364
656	0.1143766	0.147428702	0.081324498
657	0.1146531	0.147809726	0.081496474
658	0.1149827	0.148235899	0.081729501
659	0.1152628	0.148596203	0.081929397
660	0.1155378	0.148948055	0.082127545
661	0.1158707	0.149370864	0.082370536
662	0.1161614	0.149749678	0.082573122
663	0.1164347	0.150110452	0.082758948
664	0.1166953	0.150459082	0.082931518
665	0.1169756	0.150817414	0.083133786
666	0.1172978	0.151219351	0.083376249
667	0.1176511	0.151656462	0.083645738
668	0.1179067	0.152009135	0.083804265
669	0.1182001	0.152380641	0.084019559
670	0.1185195	0.152773474	0.084265526
671	0.1188567	0.153201865	0.084511535
672	0.119171	0.153602526	0.084739474
673	0.1195057	0.154028204	0.084983196
674	0.1198905	0.154515629	0.085265371
675	0.1202255	0.154939852	0.085511148
676	0.1205553	0.155358719	0.085751881
677	0.1208856	0.155780003	0.085991197
678	0.1212351	0.156225987	0.086244213
679	0.1216038	0.156692322	0.086515278
680	0.1219861	0.15717175	0.08680045
681	0.1223764	0.15765685	0.08709595
682	0.1227655	0.158136033	0.087394967
683	0.1231506	0.15860254	0.08769866
684	0.1235324	0.159052161	0.088012639
685	0.1238533	0.159408962	0.088297638
686	0.1242415	0.159863717	0.088619283
687	0.1247103	0.160440553	0.088980047
688	0.1252283	0.161084468	0.089372132
689	0.1257756	0.161748341	0.089802859
690	0.1263385	0.162416279	0.090260721
691	0.1269351	0.163098727	0.090771473
692	0.1274753	0.163718399	0.091232201
693	0.1280293	0.164354103	0.091704497
694	0.1286514	0.165067357	0.092235443
695	0.1292718	0.16579262	0.09275098
696	0.1298697	0.166480919	0.093258481
697	0.1304509	0.167134611	0.093767189
698	0.1311001	0.167843949	0.094356251
699	0.1316863	0.168507394	0.094865206
700	0.1322395	0.169148383	0.095330617
701	0.1328387	0.169828525	0.095848875
702	0.1334291	0.170494795	0.096363405
703	0.1340227	0.171162612	0.096882788
704	0.13464	0.171857742	0.097422258
705	0.1352189	0.172516907	0.097920893
706	0.1358153	0.173195098	0.098435502
707	0.136441	0.173903378	0.098978622
708	0.137027	0.174563122	0.099490878
709	0.1375939	0.175198245	0.099989555
710	0.1381503	0.175821321	0.100479279
711	0.1387253	0.176475441	0.100975159
712	0.1392953	0.177102257	0.101488343
713	0.1398192	0.177675132	0.101963268
714	0.1402304	0.178140329	0.102320471
715	0.1405658	0.178458091	0.102673509
716	0.140931	0.178799066	0.103062934
717	0.1413594	0.179214079	0.103504721
718	0.1419005	0.179853774	0.103947226
719	0.1425438	0.180618224	0.104469376
720	0.143203	0.181401145	0.105004855
721	0.1437139	0.181993323	0.105434477
722	0.1441374	0.182464434	0.105810366
723	0.1445533	0.18292108	0.10618552
724	0.1450051	0.183427122	0.106583078
725	0.1455152	0.184005487	0.107024913
726	0.1460205	0.184589289	0.107451711
727	0.1465075	0.18516767	0.10784733
728	0.1470267	0.185766741	0.108286659
729	0.1475342	0.186375545	0.108692855
730	0.148033	0.186992344	0.109073656
731	0.1485991	0.187679608	0.109518592
732	0.1491295	0.188323891	0.109935109
733	0.1496238	0.188917806	0.110329794
734	0.1500748	0.189437877	0.110711723
735	0.1505224	0.189964724	0.111080076
736	0.1509669	0.19049313	0.11144067
737	0.1514089	0.191023163	0.111794637
738	0.1517899	0.19149148	0.11208832
739	0.1521879	0.191979342	0.112396458
740	0.1525974	0.192478675	0.112716125
741	0.1529562	0.192913947	0.112998453
742	0.1533226	0.193354125	0.113291075
743	0.1536845	0.193786574	0.113582426
744	0.1540222	0.194189753	0.113854647
745	0.1543422	0.194575439	0.114108961
746	0.1546434	0.194941342	0.114345458
747	0.1549223	0.195284296	0.114560304
748	0.1552369	0.195652505	0.114821295
749	0.1555338	0.196004148	0.115063452
750	0.1558099	0.196335824	0.115283976
751	0.1560851	0.196666409	0.115503791
752	0.1563609	0.196993491	0.115728309
753	0.1566249	0.197307997	0.115941803
754	0.1568444	0.197586614	0.116102186
755	0.1570642	0.19784773	0.11628067
756	0.1572106	0.198003393	0.116417807
757	0.1572166	0.19796335	0.11646985
758	0.1566954	0.197227156	0.116163644
759	0.1560517	0.196355558	0.115747842
760	0.1556692	0.195899578	0.115438822
761	0.1561528	0.196538826	0.115766774
762	0.1565724	0.197092568	0.116052232
763	0.1570512	0.197718677	0.116383723
764	0.1577328	0.198595521	0.116870079
765	0.1582672	0.199277333	0.117257067
766	0.1586851	0.199800709	0.117569491
767	0.1590303	0.200217424	0.117843176
768	0.1592985	0.200537184	0.118059816
769	0.1595068	0.2007859	0.1182277
770	0.1596607	0.2009712	0.1183502
771	0.1598035	0.201149325	0.118457675
772	0.159907	0.201271212	0.118542788
773	0.1599884	0.201362211	0.118614589
774	0.1600833	0.201473974	0.118692626
775	0.1602228	0.201641206	0.118804394
776	0.1603515	0.20179764	0.11890536
777	0.1604239	0.201890083	0.118957717
778	0.1604949	0.201962309	0.119027491
779	0.1605751	0.202046527	0.119103673
780	0.1606666	0.202149468	0.119183732
781	0.1607298	0.202223158	0.119236442
782	0.1607505	0.202256222	0.119244778
783	0.1607609	0.202279605	0.119242195
784	0.1608757	0.202400224	0.119351176
785	0.1609069	0.202424119	0.119389681
786	0.1609096	0.202409524	0.119409676
787	0.1609165	0.202385742	0.119447258
788	0.160924	0.2023923	0.1194557
789	0.1609362	0.202410774	0.119461626
790	0.1609545	0.202440074	0.119468926
791	0.1610686	0.202572334	0.119564866
792	0.1611379	0.202654063	0.119621737
793	0.1611626	0.202682563	0.119642637
794	0.1611298	0.202629589	0.119630011
795	0.1610964	0.202603217	0.119589583
796	0.1610815	0.202601841	0.119561159
797	0.1611138	0.202636003	0.119591597
798	0.1611215	0.202639669	0.119603331
799	0.1611359	0.202648669	0.119623131
800	0.1611659	0.202672908	0.119658892
801	0.1611646	0.202659646	0.119669554
802	0.1611508	0.202641776	0.119659824
803	0.1611304	0.202627194	0.119633606
804	0.1611317	0.202650949	0.119612451
805	0.1611216	0.202655582	0.119587618
806	0.1611076	0.202646325	0.119568875
807	0.1610979	0.202620954	0.119574846
808	0.1610954	0.202592945	0.119597855
809	0.1610283	0.202499976	0.119556624
810	0.1608585	0.202307752	0.119409248
811	0.160742	0.202115977	0.119368023
812	0.1606379	0.201933631	0.119342169
813	0.1605364	0.201755963	0.119316837
814	0.1603954	0.201581088	0.119209712
815	0.1603683	0.20152809	0.11920851
816	0.1603895	0.201543997	0.119235003
817	0.1603772	0.201577479	0.119176921
818	0.1604602	0.20173225	0.11918815
819	0.1605358	0.201859224	0.119212376
820	0.1605666	0.201902077	0.119231123
821	0.1603795	0.201610085	0.119148915
822	0.1603313	0.201525318	0.119137282
823	0.1604363	0.201674065	0.119198535
824	0.1605672	0.201892465	0.119241935
825	0.1605584	0.201907139	0.119209661
826	0.1604881	0.201823467	0.119152733
827	0.1604496	0.201750678	0.119148522
828	0.1604712	0.201782336	0.119160064
829	0.1604862	0.201822703	0.119149697
830	0.1604623	0.201830178	0.119094422
831	0.1604895	0.201876128	0.119102872
832	0.160554	0.201949457	0.119158543
833	0.1606455	0.20204362	0.11924738
834	0.1606634	0.202098547	0.119228253
835	0.1606795	0.202131367	0.119227633
836	0.1607039	0.202165677	0.119242123
837	0.1607644	0.202252133	0.119276667
838	0.1607699	0.202288881	0.119250919
839	0.1607673	0.202306443	0.119228157
840	0.1607795	0.202313952	0.119245048
841	0.1608567	0.202406867	0.119306533
842	0.1609106	0.202485157	0.119336043
843	0.1609315	0.202536174	0.119326826
844	0.1609299	0.202543296	0.119316504
845	0.1609395	0.202570059	0.119308941
846	0.160958	0.202610454	0.119305546
847	0.1609832	0.202656381	0.119310019
848	0.1609692	0.202650952	0.119287448
849	0.1609712	0.202664456	0.119277944
850	0.1610329	0.202750708	0.119315092
851	0.1611129	0.202835549	0.119390251
852	0.1611832	0.20289869	0.11946771
853	0.1612412	0.202940302	0.119542098
854	0.1613077	0.203067214	0.119548186
855	0.1613667	0.203169973	0.119563427
856	0.1614155	0.203245598	0.119585402
857	0.1614487	0.203282901	0.119614499
858	0.1614726	0.203321497	0.119623703
859	0.1615409	0.203409392	0.119672408
860	0.1617168	0.203607482	0.119826118
861	0.1618589	0.203790671	0.119927129
862	0.1619474	0.203901743	0.119993057
863	0.1619755	0.203928028	0.120022972
864	0.1620117	0.204007012	0.120016388
865	0.1620983	0.204119289	0.120077311
866	0.1622306	0.204270863	0.120190337
867	0.1624022	0.204494596	0.120309804
868	0.1625376	0.204670052	0.120405148
869	0.1626628	0.204826904	0.120498696
870	0.1628008	0.204988401	0.120613199
871	0.1628726	0.205102639	0.120642561
872	0.1629304	0.205193092	0.120667708
873	0.1629841	0.205261216	0.120706984
874	0.1630589	0.205396318	0.120721482
875	0.1632226	0.205597456	0.120847744
876	0.1634465	0.205846757	0.121046243
877	0.1636181	0.206078221	0.121157979
878	0.1636706	0.206136671	0.121204529
879	0.1637117	0.2061777	0.1212457
880	0.1638517	0.206360897	0.121342503
881	0.1639412	0.206473301	0.121409099
882	0.1640062	0.206570734	0.121441666
883	0.1640492	0.20666508	0.12143332
884	0.1643066	0.206948948	0.121664252
885	0.1645011	0.207169937	0.121832263
886	0.1646239	0.207321374	0.121926426
887	0.1646329	0.207368379	0.121897421
888	0.1648053	0.207569459	0.122041141
889	0.165004	0.207804501	0.122203499
890	0.1650609	0.207932646	0.122189154
891	0.1652317	0.208099461	0.122363939
892	0.1653367	0.208198003	0.122475397
893	0.1652971	0.208172574	0.122421626
894	0.1653315	0.208187884	0.122475116
895	0.165429	0.208254126	0.122603874
896	0.1655748	0.208361334	0.122788266
897	0.1655971	0.20837717	0.12281703
898	0.1656787	0.20849942	0.12285798
899	0.1658427	0.208718328	0.122967072
900	0.1661675	0.209061265	0.123273735
901	0.1664337	0.209425614	0.123441786
902	0.1667272	0.209829922	0.123624478
903	0.1670879	0.210292034	0.123883766
904	0.167242	0.210502213	0.123981787
905	0.1673733	0.210675159	0.124071441
906	0.1674988	0.210827542	0.124170058
907	0.1676478	0.210956341	0.124339259
908	0.1677313	0.211043192	0.124419408
909	0.1678105	0.211152647	0.124468353
910	0.1680079	0.211428221	0.124587579
911	0.168248	0.211662891	0.124833109
912	0.1685004	0.211920232	0.125080568
913	0.1687527	0.212236531	0.125268869
914	0.1688434	0.212423939	0.125262861
915	0.1690259	0.212663595	0.125388205
916	0.1693198	0.212975707	0.125663893
917	0.1696742	0.213409285	0.125939115
918	0.169986	0.213855036	0.126116964
919	0.1702594	0.21427169	0.12624711
920	0.1704824	0.214557425	0.126407375
921	0.1708023	0.214992231	0.126612369
922	0.1711265	0.215411114	0.126841886
923	0.1714032	0.215712418	0.127093982
924	0.1714012	0.215735715	0.127066685
925	0.1714427	0.215775483	0.127109917
926	0.1715755	0.215877818	0.127273182
927	0.1718556	0.216177196	0.127534004
928	0.1719033	0.216177428	0.127629172
929	0.171759	0.215935724	0.127582276
930	0.1714761	0.215552579	0.127399621
931	0.171098	0.21502289	0.12717311
932	0.1707151	0.214465051	0.126965149
933	0.1704697	0.214059454	0.126879946
934	0.1704069	0.213885126	0.126928674
935	0.1706674	0.214135672	0.127199128
936	0.1712893	0.214875	0.1277036
937	0.1716304	0.215368354	0.127892446
938	0.1722539	0.216076322	0.128431478
939	0.1729044	0.216807653	0.129001147
940	0.1729352	0.21710929	0.12876111
941	0.1728782	0.217118877	0.128637523
942	0.1729979	0.217269942	0.128725858
943	0.1735876	0.217967488	0.129207712
944	0.1736708	0.218057242	0.129284358
945	0.1739008	0.218323955	0.129477645
946	0.1744097	0.218927597	0.129891803
947	0.1743396	0.218840252	0.129838948
948	0.1744222	0.218972444	0.129871956
949	0.1746731	0.219326905	0.130019295
950	0.1752423	0.220030083	0.130454517
951	0.1755391	0.220397707	0.130680493
952	0.1756477	0.220577093	0.130718307
953	0.1755511	0.220611323	0.130490877
954	0.1762058	0.221311119	0.131100481
955	0.1766385	0.221786267	0.131490733
956	0.1766106	0.221815329	0.131405871
957	0.177169	0.222553075	0.131784925
958	0.1774365	0.222934627	0.131938373
959	0.1775253	0.223078949	0.131971651
960	0.1778829	0.223434205	0.132331595
961	0.1779709	0.223684923	0.132256877
962	0.1780868	0.224017416	0.132156184
963	0.1785809	0.224686159	0.132475641
964	0.1790565	0.225261746	0.132851254
965	0.1794748	0.225785603	0.133163997
966	0.1798184	0.226261954	0.133374846
967	0.180259	0.226772795	0.133745205
968	0.1805687	0.227230034	0.133907366
969	0.1808231	0.227669817	0.133976383
970	0.1814339	0.228286372	0.134581428
971	0.1814737	0.228423186	0.134524214
972	0.1813272	0.228405134	0.134249266
973	0.1813892	0.228565828	0.134212572
974	0.1816965	0.228926945	0.134466055
975	0.1820967	0.229381773	0.134811627
976	0.182558	0.229914576	0.135201424
977	0.1825071	0.229864233	0.135149967
978	0.1828769	0.230180028	0.135573772
979	0.1835476	0.230776759	0.136318441
980	0.1832591	0.230659208	0.135858992
981	0.1835538	0.23108777	0.13601983
982	0.1839545	0.231600166	0.136308834
983	0.1837641	0.231511105	0.136017095
984	0.1838559	0.231638684	0.136073116
985	0.1840697	0.231925299	0.136214101
986	0.184375	0.232390435	0.136359565
987	0.1849492	0.232900989	0.136997411
988	0.18518	0.233208357	0.137151643
989	0.1850812	0.233315765	0.136846635
990	0.1852807	0.233436531	0.137124869
991	0.1852896	0.233492973	0.137086227
992	0.1852662	0.23355798	0.13697442
993	0.1855091	0.233780672	0.137237528
994	0.1856971	0.233947545	0.137446655
995	0.1860076	0.234242143	0.137773057
996	0.1865709	0.234799544	0.138342256
997	0.1865905	0.234979814	0.138201186
998	0.1864793	0.234984005	0.137974595
999	0.1862831	0.234832827	0.137733373
1000	0.1862427	0.234686798	0.137798602
1001	0.1860657	0.234930194	0.137201206
1002	0.1861653	0.234959592	0.137371008
1003	0.1862583	0.234978	0.1375386
1004	0.1863791	0.235077356	0.137680844
1005	0.1863931	0.235149653	0.137636547
1006	0.1863533	0.235141954	0.137564646
1007	0.1863557	0.235143248	0.137568152
1008	0.1864062	0.235184573	0.137627827
1009	0.1864969	0.235281276	0.137712524
1010	0.1865974	0.235427569	0.137767231
1011	0.1866779	0.235559598	0.137796202
1012	0.1867453	0.235612889	0.137877711
1013	0.1868195	0.235620089	0.138018911
1014	0.1868268	0.235547797	0.138105803
1015	0.1867394	0.235464203	0.138014597
1016	0.1866595	0.235503869	0.137815131
1017	0.186647	0.235529897	0.137764103
1018	0.1865984	0.23545859	0.13773821
1019	0.1865012	0.235341608	0.137660792
1020	0.1865137	0.235292752	0.137734648
1021	0.1865847	0.235299741	0.137869659
1022	0.1865712	0.235263706	0.137878694
1023	0.1864966	0.235167492	0.137825708
1024	0.1864053	0.235025609	0.137784991
1025	0.1863271	0.234898437	0.137755763
1026	0.1862998	0.234834467	0.137765133
1027	0.1862802	0.234756295	0.137804105
1028	0.1862211	0.234651049	0.137791151
1029	0.1862276	0.234692941	0.137762259
1030	0.1862368	0.23477186	0.13770174
1031	0.1861256	0.234696405	0.137554795
1032	0.1859676	0.234499684	0.137435516
1033	0.1858498	0.234343385	0.137356215
1034	0.1858478	0.234299693	0.137395907
1035	0.1858837	0.234273411	0.137493989
1036	0.1857985	0.234106341	0.137490659
1037	0.1856169	0.233843081	0.137390719
1038	0.1854828	0.233687775	0.137277825
1039	0.1854507	0.233666654	0.137234746
1040	0.1854397	0.233676202	0.137203198
1041	0.1853642	0.233629337	0.137099063
1042	0.1852418	0.233523394	0.136960206
1043	0.1851226	0.233386303	0.136858897
1044	0.1850491	0.233263918	0.136834282
1045	0.18503	0.23320017	0.13685983
1046	0.1850376	0.233230039	0.136845161
1047	0.1849989	0.233172453	0.136825347
1048	0.1849034	0.232993058	0.136813742
1049	0.184838	0.232905607	0.136770393
1050	0.1847775	0.23283416	0.13672084
1051	0.184625	0.232611634	0.136638366
1052	0.1844418	0.232391567	0.136492033
1053	0.1843306	0.232318447	0.136342753
1054	0.1842727	0.232277898	0.136267502
1055	0.1842454	0.232167092	0.136323708
1056	0.1842051	0.232020589	0.136389611
1057	0.1840818	0.231855448	0.136308152
1058	0.1838996	0.231677812	0.136121388
1059	0.1837515	0.231489393	0.136013607
1060	0.1836744	0.231344092	0.136004708
1061	0.183523	0.231151443	0.135894557
1062	0.1833132	0.230928821	0.135697579
1063	0.1832233	0.230843496	0.135603104
1064	0.1832286	0.230857209	0.135599991
1065	0.183158	0.230816418	0.135499582
1066	0.1829498	0.230613809	0.135285791
1067	0.182803	0.230417914	0.135188086
1068	0.1828149	0.230392667	0.135237133
1069	0.1827994	0.230367039	0.135231761
1070	0.1826779	0.230180703	0.135175097
1071	0.1825513	0.229968351	0.135134249
1072	0.1824125	0.229797212	0.135027788
1073	0.1822585	0.229625092	0.134891908
1074	0.1821945	0.229525147	0.134863853
1075	0.1821826	0.22947984	0.13488536
1076	0.1820345	0.22925565	0.13481335
1077	0.1817714	0.228919801	0.134622999
1078	0.1816014	0.228753384	0.134449416
1079	0.1815965	0.228816118	0.134376882
1080	0.1815953	0.228853021	0.134337579
1081	0.1814791	0.228712421	0.134245779
1082	0.1813398	0.228551114	0.134128486
1083	0.181209	0.228364068	0.134053932
1084	0.1810833	0.22819687	0.13396973
1085	0.1809698	0.228089852	0.133849748
1086	0.1808462	0.227965679	0.133726721
1087	0.1806978	0.227753741	0.133641859
1088	0.1805636	0.22754098	0.13358622
1089	0.1805151	0.227377435	0.133652765
1090	0.1804645	0.227212593	0.133716407
1091	0.1803401	0.227055768	0.133624432
1092	0.180189	0.226885048	0.133492952
1093	0.1799896	0.226621735	0.133357465
1094	0.1797883	0.226356936	0.133219664
1095	0.1796329	0.226169322	0.133096478
1096	0.1795071	0.226035971	0.132978229
1097	0.1793598	0.225881259	0.132838341
1098	0.1791937	0.225694996	0.132692404
1099	0.1790722	0.225563755	0.132580645
1100	0.1790113	0.225469995	0.132552605
1101	0.17894	0.225360293	0.132519707
1102	0.1788182	0.225201792	0.132434608
1103	0.1787001	0.225045035	0.132355165
1104	0.178633	0.224907269	0.132358731
1105	0.1785667	0.224766481	0.132366919
1106	0.1784683	0.22464051	0.13229609
1107	0.1783775	0.224531217	0.132223783
1108	0.1782385	0.224359981	0.132117019
1109	0.1780624	0.224137497	0.131987303
1110	0.1779268	0.223917175	0.131936425
1111	0.1777922	0.223695017	0.131889383
1112	0.1775681	0.223352818	0.131783382
1113	0.177304	0.22292646	0.13168154
1114	0.1769641	0.222424988	0.131503212
1115	0.1765268	0.221785925	0.131267675
1116	0.1760674	0.221090015	0.131044785
1117	0.1756896	0.220579266	0.130799934
1118	0.1752519	0.220005958	0.130497842
1119	0.1747387	0.219317072	0.130160328
1120	0.1741827	0.218566723	0.129798677
1121	0.1736174	0.217823559	0.129411241
1122	0.1730328	0.217063475	0.129002125
1123	0.1727212	0.216613671	0.128828729
1124	0.1724186	0.216156158	0.128681042
1125	0.1720665	0.215729246	0.128403754
1126	0.1717293	0.215356361	0.128102239
1127	0.171591	0.215221506	0.127960494
1128	0.1715896	0.215255837	0.127923363
1129	0.1715876	0.215302988	0.127872212
1130	0.1715115	0.215277776	0.127745224
1131	0.1715208	0.215349985	0.127691615
1132	0.1716824	0.215576111	0.127788689
1133	0.1717928	0.215748752	0.127836848
1134	0.1717684	0.21584015	0.12769665
1135	0.1717465	0.215932896	0.127560104
1136	0.1716683	0.215904474	0.127432126
1137	0.1716059	0.215886817	0.127324983
1138	0.1717243	0.216003911	0.127444689
1139	0.1718456	0.216122423	0.127568777
1140	0.1716722	0.216000078	0.127344322
1141	0.1714782	0.215859441	0.127096959
1142	0.1712623	0.215631844	0.126892756
1143	0.1710383	0.215382845	0.126693755
1144	0.1708226	0.215175701	0.126469499
1145	0.1706342	0.215012873	0.126255527
1146	0.1703707	0.214754779	0.125986621
1147	0.1700372	0.214426041	0.125648359
1148	0.1697563	0.214130201	0.125382399
1149	0.1695546	0.213880507	0.125228693
1150	0.1694255	0.213747646	0.125103354
1151	0.1694222	0.213830495	0.125013905
1152	0.1694306	0.213918121	0.124943079
1153	0.1694869	0.214030069	0.124943731
1154	0.1695385	0.214138927	0.124938073
1155	0.169572	0.214266489	0.124877511
1156	0.1696026	0.214384577	0.124820623
1157	0.1696418	0.214505413	0.124778187
1158	0.1696789	0.214620137	0.124737663
1159	0.1696923	0.21471401	0.12467059
1160	0.1696986	0.214799881	0.124597319
1161	0.1697341	0.214856073	0.124612127
1162	0.1697788	0.214894805	0.124662795
1163	0.1698012	0.214975324	0.124627076
1164	0.1698058	0.215079368	0.124532232
1165	0.1697984	0.21513612	0.12446068
1166	0.1697839	0.215152311	0.124415489
1167	0.1697487	0.21513908	0.12435832
1168	0.16968	0.2150808	0.1242792
1169	0.1696267	0.21504594	0.12420746
1170	0.1696067	0.215061264	0.124152136
1171	0.1695826	0.21506104	0.12410416
1172	0.1695411	0.214987669	0.124094531
1173	0.1694978	0.21491619	0.12407941
1174	0.1694133	0.214863305	0.123963295
1175	0.1693296	0.214810946	0.123848254
1176	0.1692505	0.214732356	0.123768644
1177	0.1691717	0.214651911	0.123691489
1178	0.1690742	0.214541963	0.123606437
1179	0.1689739	0.214426609	0.123521191
1180	0.1689042	0.214351475	0.123456925
1181	0.1688445	0.214289554	0.123399446
1182	0.1687888	0.214232454	0.123345146
1183	0.1687368	0.214180883	0.123292717
1184	0.1686764	0.214111813	0.123240987
1185	0.1686083	0.214024371	0.123192229
1186	0.168522	0.213915297	0.123128703
1187	0.1684096	0.213776826	0.123042374
1188	0.1683185	0.213670956	0.122966044
1189	0.1682724	0.213632187	0.122912613
1190	0.1682195	0.213591066	0.122847934
1191	0.1681502	0.2135563	0.1227441
1192	0.1680879	0.213524029	0.122651771
1193	0.1680941	0.213529048	0.122659152
1194	0.1681001	0.213534231	0.122665969
1195	0.1680065	0.213407022	0.122605978
1196	0.167907	0.213271532	0.122542468
1197	0.1678176	0.213181126	0.122454074
1198	0.167735	0.213101481	0.122368519
1199	0.1676779	0.213040259	0.122315541
1200	0.1676224	0.21297944	0.12226536
1201	0.1675606	0.212887045	0.122234155
1202	0.1674983	0.212782222	0.122214378
1203	0.1674044	0.212653302	0.122155498
1204	0.1672817	0.212501668	0.122061732
1205	0.1671828	0.212371033	0.121994567
1206	0.1671175	0.212268645	0.121966355
1207	0.1670401	0.212166566	0.121913634
1208	0.1669415	0.212074445	0.121808555
1209	0.1668518	0.211990802	0.121712798
1210	0.1667834	0.211916837	0.121649963
1211	0.1667127	0.211838636	0.121586764
1212	0.1666419	0.211756409	0.121527391
1213	0.1665715	0.211673756	0.121469244
1214	0.1665193	0.211598576	0.121440024
1215	0.1664681	0.211524836	0.121411364
1216	0.1663749	0.211404366	0.121345434
1217	0.1662749	0.211275313	0.121274487
1218	0.1661667	0.211144284	0.121189116
1219	0.1660563	0.211020488	0.121092112
1220	0.1659827	0.210946275	0.121019125
1221	0.1659277	0.210886265	0.120969135
1222	0.1658318	0.210752874	0.120910726
1223	0.1657096	0.210580965	0.120838235
1224	0.1656529	0.210509586	0.120796214
1225	0.1656575	0.210518312	0.120796688
1226	0.1656148	0.210463816	0.120765784
1227	0.1655051	0.210334752	0.120675448
1228	0.1654092	0.210232047	0.120586353
1229	0.1653507	0.210188271	0.120513129
1230	0.1652811	0.210125018	0.120437182
1231	0.1651667	0.209985695	0.120347705
1232	0.1650631	0.209852585	0.120273615
1233	0.1650234	0.209773383	0.120273417
1234	0.1649799	0.209697017	0.120262783
1235	0.1649182	0.209658848	0.120177552
1236	0.1648575	0.209620962	0.120094038
1237	0.1647552	0.209476195	0.120034205
1238	0.1646444	0.209316294	0.119972506
1239	0.1645778	0.209236047	0.119919553
1240	0.1645258	0.209177233	0.119874367
1241	0.1644388	0.209061278	0.119816322
1242	0.1643369	0.208923127	0.119750673
1243	0.164244	0.208783791	0.119704209
1244	0.1641507	0.208641636	0.119659764
1245	0.1640632	0.208527247	0.119599153
1246	0.163983	0.208432626	0.119533374
1247	0.1639133	0.208354412	0.119472188
1248	0.1638602	0.208299201	0.119421199
1249	0.1638017	0.208210501	0.119392899
1250	0.1637287	0.208074139	0.119383261
1251	0.163646	0.207953027	0.119338973
1252	0.1635569	0.20785972	0.11925408
1253	0.1634793	0.20777118	0.11918742
1254	0.1634088	0.207688693	0.119128907
1255	0.1633295	0.207599146	0.119059854
1256	0.1632616	0.207507573	0.119015627
1257	0.1631942	0.207416149	0.118972251
1258	0.1630672	0.207265166	0.118869234
1259	0.1629271	0.207100463	0.118753737
1260	0.1627793	0.206934854	0.118623746
1261	0.1626338	0.206773316	0.118494284
1262	0.1625487	0.206635552	0.118461848
1263	0.1624631	0.206493808	0.118432392
1264	0.1623791	0.206390966	0.118367234
1265	0.1622995	0.206304736	0.118294264
1266	0.1622167	0.206227658	0.118205742
1267	0.1621248	0.206138691	0.118110909
1268	0.162058	0.206063116	0.118052884
1269	0.1620194	0.206013354	0.118025446
1270	0.1619887	0.205984401	0.117992999
1271	0.1619744	0.205988746	0.117960054
1272	0.1619582	0.206001509	0.117914891
1273	0.1619349	0.206012472	0.117857328
1274	0.1619366	0.206034258	0.117838942
1275	0.161964	0.206066919	0.117861081
1276	0.1619594	0.206073572	0.117845228
1277	0.1618905	0.20602007	0.11776093
1278	0.161821	0.205958482	0.117683518
1279	0.161731	0.205839831	0.117622169
1280	0.1616385	0.205721897	0.117555103
1281	0.1615705	0.205673874	0.117467126
1282	0.1615134	0.205641079	0.117385721
1283	0.1614715	0.205582951	0.117360049
1284	0.1614223	0.205508884	0.117335716
1285	0.1613365	0.205431485	0.117241515
1286	0.1612499	0.205365101	0.117134699
1287	0.1612169	0.205298271	0.117135529
1288	0.1611991	0.205233836	0.117164364
1289	0.1611375	0.205177613	0.117097387
1290	0.1610558	0.205111207	0.117000393
1291	0.1609981	0.205039549	0.116956651
1292	0.1609646	0.204994173	0.116935027
1293	0.1609139	0.204937632	0.116890168
1294	0.1608287	0.204833931	0.116823469
1295	0.1607192	0.20472318	0.11671522
1296	0.1605949	0.204621253	0.116568547
1297	0.1604947	0.204530259	0.116459141
1298	0.1604285	0.20444803	0.11640897
1299	0.1603512	0.204339678	0.116362722
1300	0.1602406	0.204180659	0.116300541
1301	0.160118	0.204026086	0.116209914
1302	0.1600048	0.203924907	0.116084693
1303	0.1599	0.203830393	0.115969607
1304	0.159824	0.203755685	0.115892315
1305	0.1597509	0.203681845	0.115819955
1306	0.1596689	0.203592714	0.115745086
1307	0.1595671	0.203478779	0.115655421
1308	0.1594213	0.203262965	0.115579635
1309	0.1592888	0.203059324	0.115518276
1310	0.1592184	0.20300706	0.11542974
1311	0.1591297	0.202945201	0.115314199
1312	0.1589649	0.202768679	0.115161121
1313	0.1587997	0.202591419	0.115007981
1314	0.1586981	0.202456897	0.114939303
1315	0.1586006	0.202319677	0.114881523
1316	0.1584912	0.202193132	0.114789268
1317	0.1584057	0.202102391	0.114709009
1318	0.1583148	0.201993376	0.114636224
1319	0.1581914	0.201853917	0.114528883
1320	0.1580967	0.201757662	0.114435738
1321	0.1580174	0.20167828	0.11435652
1322	0.1578981	0.201562632	0.114233568
1323	0.1577815	0.201439133	0.114123867
1324	0.1576519	0.201303695	0.114000105
1325	0.1574474	0.201120166	0.113774634
1326	0.1572522	0.200947249	0.113557151
1327	0.1571118	0.200795755	0.113427845
1328	0.1569316	0.200558061	0.113305139
1329	0.156679	0.200181596	0.113176404
1330	0.1564376	0.199841762	0.113033438
1331	0.1562335	0.19955915	0.11290785
1332	0.1560445	0.199304291	0.112784709
1333	0.1559312	0.199225033	0.112637367
1334	0.1557996	0.199116438	0.112482762
1335	0.1556189	0.198939615	0.112298185
1336	0.1554468	0.198786946	0.112106654
1337	0.1553035	0.198683654	0.111923346
1338	0.1551474	0.198561184	0.111733616
1339	0.1551049	0.198493437	0.111716363
1340	0.1551128	0.198458726	0.111766874
1341	0.1550331	0.198324568	0.111741632
1342	0.1548876	0.19811344	0.11166176
1343	0.1546635	0.197815063	0.111511937
1344	0.154422	0.197505722	0.111338278
1345	0.1540863	0.197097391	0.111075209
1346	0.1536195	0.1965344	0.1107046
1347	0.1532283	0.195967802	0.110488798
1348	0.1528524	0.195311969	0.110392831
1349	0.1525114	0.19477856	0.11024424
1350	0.1519919	0.19413663	0.10984717
1351	0.151324	0.193167275	0.109480725
1352	0.1507666	0.192085786	0.109447414
1353	0.1502429	0.191150585	0.109335215
1354	0.1495491	0.190553455	0.108544745
1355	0.1486301	0.189913797	0.107346403
1356	0.1490006	0.190634007	0.107367193
1357	0.1488336	0.19043305	0.10723415
1358	0.1445853	0.185587296	0.103583304
1359	0.138679	0.179578528	0.097779472
1360	0.1376613	0.174470329	0.100852271
1361	0.1351102	0.166428139	0.103792261
1362	0.1350273	0.168487094	0.101567506
1363	0.1346235	0.181117333	0.088129667
1364	0.1319432	0.176624285	0.087262115
1365	0.128296	0.169752265	0.086839735
1366	0.1205857	0.14936766	0.09180374
1367	0.1138371	0.155498612	0.072175588
1368	0.124504	0.157839087	0.091168913
1369	0.1347414	0.175051024	0.094431776
1370	0.1364862	0.168634274	0.104338126
1371	0.1367528	0.171529754	0.101975846
1372	0.1413121	0.172381665	0.110242535
1373	0.1449976	0.176488858	0.113506342
1374	0.1416686	0.167749217	0.115587983
1375	0.1389582	0.165739779	0.112176621
1376	0.1392753	0.171044124	0.107506476
1377	0.138808	0.178106068	0.099509932
1378	0.1377635	0.177977462	0.097549538
1379	0.1376514	0.175847605	0.099455195
1380	0.1383499	0.175042792	0.101657008
1381	0.1377683	0.173051319	0.102485281
1382	0.135594	0.168084028	0.103103972
1383	0.1341362	0.164137843	0.104134557
1384	0.1308148	0.160398534	0.101231066
1385	0.127828	0.157743239	0.097912761
1386	0.1291898	0.162505007	0.095874593
1387	0.13138	0.169312761	0.093447239
1388	0.1319609	0.17005722	0.09386458
1389	0.1317108	0.168333416	0.095088184
1390	0.1317326	0.168670732	0.094794468
1391	0.1316589	0.167887136	0.095430664
1392	0.1313827	0.166823942	0.095941458
1393	0.132178	0.169046574	0.095309426
1394	0.1335365	0.173245495	0.093827505
1395	0.1346156	0.173568715	0.095662485
1396	0.134381	0.172479561	0.096282439
1397	0.1346617	0.170764371	0.098559029
1398	0.1354542	0.170410366	0.100498034
1399	0.1348713	0.170685625	0.099056975
1400	0.1340085	0.171040527	0.096976473
1401	0.1327	0.171358797	0.094041203
1402	0.1316699	0.171829554	0.091510246
1403	0.1312925	0.17091093	0.09167407
1404	0.1310245	0.169976349	0.092072651
1405	0.1325134	0.170382815	0.094643985
1406	0.1339887	0.171129277	0.096848123
1407	0.1332355	0.171015856	0.095455144
1408	0.1323061	0.171053217	0.093558983
1409	0.1320372	0.171014632	0.093059768
1410	0.1319305	0.170862315	0.092998685
1411	0.1321922	0.17101151	0.09337289
1412	0.1325024	0.171148781	0.093856019
1413	0.1326	0.171776312	0.093423688
1414	0.1327186	0.172633724	0.092803476
1415	0.13322	0.173491377	0.092948623
1416	0.1337379	0.174121154	0.093354646
1417	0.1339015	0.174120678	0.093682322
1418	0.134006	0.174122236	0.093889764
1419	0.1343739	0.174701981	0.094045819
1420	0.1346182	0.175233267	0.094003133
1421	0.1349234	0.17580768	0.09403912
1422	0.1353873	0.176616269	0.094158331
1423	0.1356666	0.177151694	0.094181506
1424	0.1357862	0.177322378	0.094250022
1425	0.1360338	0.177644527	0.094423073
1426	0.136449	0.178160447	0.094737553
1427	0.1366844	0.178446552	0.094922248
1428	0.136675	0.178539622	0.094810378
1429	0.1367358	0.178624659	0.094846941
1430	0.1369865	0.178836323	0.095136677
1431	0.1371759	0.179142853	0.095208947
1432	0.137062	0.17923024	0.09489376
1433	0.1369582	0.179270097	0.094646303
1434	0.1370639	0.17953701	0.09459079
1435	0.1371182	0.179700967	0.094535433
1436	0.136958	0.179469902	0.094446098
1437	0.1368688	0.17937343	0.09436417
1438	0.1370429	0.179584774	0.094501026
1439	0.1372209	0.179725988	0.094715812
1440	0.1373467	0.179744745	0.094948655
1441	0.1374473	0.179798007	0.095096593
1442	0.1375295	0.18003996	0.09501904
1443	0.1376005	0.180266451	0.094934549
1444	0.1376725	0.180397257	0.094947743
1445	0.1377692	0.180545699	0.094992701
1446	0.1380031	0.181017982	0.094988218
1447	0.1382226	0.181491882	0.094953318
1448	0.1384123	0.18185321	0.09497139
1449	0.1385617	0.182122677	0.095000723
1450	0.1386106	0.182200509	0.095020691
1451	0.1386821	0.182309392	0.095054808
1452	0.1388979	0.182584575	0.095211225
1453	0.1390932	0.182823549	0.095362851
1454	0.1392209	0.183068081	0.095373719
1455	0.1393338	0.183307444	0.095360156
1456	0.1394227	0.183459161	0.095386239
1457	0.1395038	0.183597406	0.095410194
1458	0.1395201	0.183664653	0.095375547
1459	0.1394936	0.18366237	0.09532483
1460	0.1395369	0.183738869	0.095334931
1461	0.1396228	0.183865842	0.095379758
1462	0.1396507	0.183837575	0.095463825
1463	0.1396582	0.183750391	0.095566009
1464	0.1395626	0.183654833	0.095470367
1465	0.139377	0.183521808	0.095232192
1466	0.1391667	0.183270157	0.095063243
1467	0.1389496	0.182976398	0.094922802
1468	0.1388873	0.182859598	0.094915002
1469	0.1389936	0.182934767	0.095052433
1470	0.1390574	0.183051492	0.095063308
1471	0.1390316	0.183099755	0.094963445
1472	0.1390333	0.18308064	0.09498596
1473	0.1390767	0.183045011	0.095108389
1474	0.1391483	0.183083951	0.095212649
1475	0.1392577	0.183209922	0.095305478
1476	0.139376	0.183376004	0.095375996
1477	0.1395249	0.183577812	0.095471988
1478	0.1396572	0.183772666	0.095541734
1479	0.1397066	0.183918983	0.095494217
1480	0.1397219	0.183995956	0.095447844
1481	0.1397339	0.184030392	0.095437408
1482	0.1397902	0.184143278	0.095437122
1483	0.1398713	0.184320917	0.095421683
1484	0.1399587	0.184500352	0.095417048
1485	0.1401073	0.184738988	0.095475612
1486	0.1402614	0.184958296	0.095564504
1487	0.140432	0.185155656	0.095708344
1488	0.1405909	0.185383363	0.095798437
1489	0.1407417	0.185681125	0.095802275
1490	0.1408877	0.185936868	0.095838532
1491	0.1410344	0.186144643	0.095924157
1492	0.1411761	0.1863518	0.0960004
1493	0.1413366	0.186572968	0.096100232
1494	0.1414933	0.186782691	0.096203909
1495	0.1416329	0.186968907	0.096296893
1496	0.1417626	0.187148389	0.096376811
1497	0.1418678	0.187315405	0.096420195
1498	0.141949	0.187452045	0.096445955
1499	0.1419696	0.187511526	0.096427674
1500	0.1420153	0.187597324	0.096433276
1501	0.1421339	0.187743657	0.096524143
1502	0.1422466	0.187886466	0.096606734
1503	0.142338	0.18803396	0.09664204
1504	0.1424153	0.188158555	0.096672045
1505	0.1424924	0.188245807	0.096738993
1506	0.1425789	0.188339613	0.096818187
1507	0.1426287	0.188393046	0.096864354
1508	0.1426653	0.188442146	0.096888454
1509	0.1427104	0.188534585	0.096886215
1510	0.1427611	0.18863011	0.09689209
1511	0.1428012	0.188682711	0.096919689
1512	0.1428378	0.188724788	0.096950812
1513	0.1428582	0.188744864	0.096971536
1514	0.1428744	0.188765173	0.096983627
1515	0.1429339	0.188881529	0.096986271
1516	0.1430034	0.189009921	0.096996879
1517	0.143063	0.189076191	0.097049809
1518	0.1431168	0.189134603	0.097098997
1519	0.143166	0.189203129	0.097128871
1520	0.1432057	0.189261392	0.097150008
1521	0.1432484	0.189310784	0.097186016
1522	0.1433012	0.189368312	0.097234088
1523	0.1433456	0.189423507	0.097267693
1524	0.1433906	0.189484057	0.097297143
1525	0.1434227	0.189528533	0.097316867
1526	0.143451	0.18956637	0.09733563
1527	0.1435088	0.189655114	0.097362486
1528	0.143571	0.189750352	0.097391648
1529	0.1435962	0.189799588	0.097392812
1530	0.1436119	0.189838414	0.097385386
1531	0.1436358	0.189885253	0.097386347
1532	0.1436619	0.189937159	0.097386641
1533	0.1437274	0.190005738	0.097449062
1534	0.143804	0.190074825	0.097533175
1535	0.1438403	0.190067042	0.097613558
1536	0.1438613	0.190037179	0.097685421
1537	0.1438714	0.190043799	0.097699001
1538	0.1438805	0.190061667	0.097699333
1539	0.1438915	0.19009044	0.09769256
1540	0.1439041	0.190125886	0.097682314
1541	0.1439091	0.190134564	0.097683636
1542	0.1439051	0.190126704	0.097683496
1543	0.1438785	0.190090417	0.097666583
1544	0.143851	0.190053884	0.097648116
1545	0.1438571	0.19005225	0.09766195
1546	0.1438704	0.190050951	0.097689849
1547	0.1438624	0.190041517	0.097683283
1548	0.1438508	0.190034313	0.097667287
1549	0.1438349	0.190040782	0.097629018
1550	0.1438168	0.190057918	0.097575682
1551	0.1438185	0.190034456	0.097602544
1552	0.1438249	0.189986683	0.097663117
1553	0.1438339	0.189986487	0.097681313
1554	0.1438509	0.190019029	0.097682771
1555	0.1438609	0.190022976	0.097698824
1556	0.1438648	0.190007678	0.097721922
1557	0.1438663	0.190017598	0.097715002
1558	0.1438663	0.190041079	0.097691521
1559	0.1439145	0.190096518	0.097732482
1560	0.1439853	0.190164978	0.097805622
1561	0.143983	0.190151608	0.097814392
1562	0.1439465	0.190100056	0.097792944
1563	0.1439709	0.19010222	0.09783958
1564	0.1440262	0.190134814	0.097917586
1565	0.144045	0.190171387	0.097918613
1566	0.144041	0.190206153	0.097875847
1567	0.1440313	0.190204011	0.097858589
1568	0.1440287	0.190181848	0.097875552
1569	0.1440745	0.190193372	0.097955628
1570	0.1441421	0.190225985	0.098058215
1571	0.1441397	0.190229643	0.098049757
1572	0.1440962	0.190219162	0.097973238
1573	0.1440967	0.19023031	0.09796309
1574	0.1441204	0.190244436	0.097996364
1575	0.1441342	0.190248212	0.098020188
1576	0.14415	0.190261917	0.098038083
1577	0.1441771	0.190309322	0.098044878
1578	0.144213	0.190373926	0.098052074
1579	0.1442181	0.190386787	0.098049413
1580	0.1441983	0.190358713	0.098037887
1581	0.1441968	0.190344417	0.098049183
1582	0.144215	0.190347829	0.098082171
1583	0.1442668	0.190419698	0.098113902
1584	0.1443324	0.190529221	0.098135579
1585	0.1443614	0.190577718	0.098145082
1586	0.1443668	0.190588837	0.098144763
1587	0.1443739	0.190581362	0.098166438
1588	0.1443806	0.190554462	0.098206738
1589	0.1443988	0.190578355	0.098219245
1590	0.144429	0.190644314	0.098213686
1591	0.1444694	0.19070344	0.09823536
1592	0.1445143	0.190755109	0.098273491
1593	0.1445222	0.190765307	0.098279093
1594	0.1445053	0.190746759	0.098263841
1595	0.1445251	0.19077751	0.09827269
1596	0.1445691	0.190842075	0.098296125
1597	0.1445809	0.190848811	0.098312989
1598	0.1445718	0.190814676	0.098328924
1599	0.1445898	0.190838852	0.098340748
1600	0.1446285	0.19090717	0.09834983
1601	0.1446886	0.1909696	0.0984076
1602	0.1447599	0.191025644	0.098494156
1603	0.1447633	0.191014737	0.098511863
1604	0.1447254	0.190964577	0.098486223
1605	0.1447145	0.190971594	0.098457406
1606	0.1447208	0.191012811	0.098428789
1607	0.1447397	0.19104059	0.09843881
1608	0.1447687	0.191063525	0.098473875
1609	0.1447726	0.191053843	0.098491357
1610	0.1447583	0.191024163	0.098492437
1611	0.1447658	0.191040202	0.098491398
1612	0.1447849	0.191078267	0.098491533
1613	0.1447939	0.191073872	0.098513928
1614	0.1447967	0.191048357	0.098545043
1615	0.1448402	0.191109905	0.098570495
1616	0.1449047	0.191214394	0.098595006
1617	0.1449687	0.191271787	0.098665613
1618	0.1450327	0.191306534	0.098758866
1619	0.145049	0.191306345	0.098791655
1620	0.1450431	0.191289699	0.098796501
1621	0.1450481	0.191337183	0.098759017
1622	0.1450586	0.191414679	0.098702521
1623	0.1450934	0.191487834	0.098698966
1624	0.145137	0.191557659	0.098716341
1625	0.1451615	0.191574878	0.098748122
1626	0.1451786	0.19157145	0.09878575
1627	0.1452144	0.191604742	0.098824058
1628	0.1452571	0.191651848	0.098862352
1629	0.1452886	0.191660248	0.098916952
1630	0.1453169	0.191655902	0.098977898
1631	0.1453154	0.191641614	0.098989186
1632	0.145304	0.191623269	0.098984731
1633	0.1452929	0.191683024	0.098902776
1634	0.1452814	0.191765923	0.098796877
1635	0.145285	0.191766015	0.098803985
1636	0.1452921	0.191743148	0.098841052
1637	0.1453665	0.191854815	0.098878185
1638	0.1454591	0.192001248	0.098916952
1639	0.1454772	0.192011741	0.098942659
1640	0.1454793	0.191992635	0.098965965
1641	0.1455115	0.192051316	0.098971684
1642	0.1455498	0.192127155	0.098972445
1643	0.1455208	0.192097613	0.098943987
1644	0.1454786	0.192047811	0.098909389
1645	0.1455521	0.192122679	0.098981521
1646	0.1456438	0.192218214	0.099069386
1647	0.1456477	0.192230934	0.099064466
1648	0.145642	0.192233183	0.099050817
1649	0.1456678	0.19227279	0.09906281
1650	0.1456945	0.192315278	0.099073722
1651	0.1456712	0.192261778	0.099080622
1652	0.1456459	0.192201666	0.099090134
1653	0.1456468	0.19223415	0.09905945
1654	0.1456484	0.192271353	0.099025447
1655	0.1456487	0.192266512	0.099030888
1656	0.1456503	0.192263881	0.099036719
1657	0.1456599	0.192338379	0.098981421
1658	0.1456714	0.192416943	0.098925857
1659	0.14573	0.192481102	0.098978898
1660	0.1457873	0.192541621	0.099032979
1661	0.1457847	0.192537152	0.099032248
1662	0.1457832	0.192537109	0.099029291
1663	0.1458381	0.192658474	0.099017726
1664	0.1458933	0.19277689	0.09900971
1665	0.1459141	0.192801164	0.099027036
1666	0.1459319	0.192830102	0.099033698
1667	0.1459213	0.192870209	0.098972391
1668	0.1459223	0.192914081	0.098930519
1669	0.1459783	0.192991503	0.098965097
1670	0.1460275	0.193053351	0.099001649
1671	0.1460779	0.193057942	0.099097858
1672	0.1461212	0.193077427	0.099164973
1673	0.1461146	0.193142906	0.099086294
1674	0.1461163	0.193187633	0.099044967
1675	0.1461595	0.193171833	0.099147167
1676	0.1461951	0.193169241	0.099220959
1677	0.1462057	0.193199831	0.099211569
1678	0.1462378	0.193261556	0.099214044
1679	0.1463148	0.193394307	0.099235293
1680	0.1463557	0.193483252	0.099228148
1681	0.1463133	0.193471821	0.099154779
1682	0.1462801	0.193460598	0.099099602
1683	0.1462811	0.193468657	0.099093543
1684	0.1463022	0.193486542	0.099117858
1685	0.1463498	0.193502917	0.099196683
1686	0.14637	0.193550836	0.099189164
1687	0.1463547	0.193654033	0.099055367
1688	0.1463708	0.193761248	0.098980352
1689	0.1464198	0.193867017	0.098972583
1690	0.1464654	0.193910393	0.099020407
1691	0.1465033	0.193885728	0.099120872
1692	0.1465314	0.193931475	0.099131325
1693	0.1465647	0.194047258	0.099082142
1694	0.1465567	0.194051819	0.099061581
1695	0.1465063	0.193964699	0.099047901
1696	0.1464986	0.193946088	0.099051112
1697	0.1465257	0.19397749	0.09907391
1698	0.1465642	0.194037772	0.099090628
1699	0.1466002	0.194100435	0.099099965
1700	0.1466403	0.194107119	0.099173481
1701	0.1466858	0.194092072	0.099279528
1702	0.146671	0.19413466	0.09920734
1703	0.1466287	0.194208238	0.099049162
1704	0.1466133	0.194254958	0.098971642
1705	0.1466145	0.194293789	0.098935211
1706	0.1465945	0.194298023	0.098890977
1707	0.146561	0.194284961	0.098837039
1708	0.1465575	0.194255427	0.098859573
1709	0.1465671	0.194230237	0.098903963
1710	0.1465537	0.194238904	0.098868496
1711	0.1465292	0.194244645	0.098813755
1712	0.1466067	0.194382182	0.098831218
1713	0.1467078	0.194539926	0.098875674
1714	0.1466949	0.194553902	0.098835898
1715	0.1466624	0.194561256	0.098763544
1716	0.1465986	0.194476602	0.098720598
1717	0.1465338	0.19437642	0.09869118
1718	0.1465019	0.194344648	0.098659152
1719	0.1464722	0.194321251	0.098623149
1720	0.146347	0.194156288	0.098537712
1721	0.1462114	0.193989892	0.098432908
1722	0.1461489	0.194008177	0.098289623
1723	0.1460791	0.193999989	0.098158211
1724	0.1459855	0.193897334	0.098073666
1725	0.145921	0.193826058	0.098015942
1726	0.1459398	0.193791097	0.098088503
1727	0.1459446	0.193764453	0.098124747
1728	0.1459447	0.193812464	0.098076936
1729	0.1459537	0.193837143	0.098070257
1730	0.1459421	0.193776644	0.098107556
1731	0.1458973	0.193716024	0.098078576
1732	0.145775	0.193608959	0.097941041
1733	0.1456805	0.193528142	0.097832858
1734	0.1456477	0.193517452	0.097777948
1735	0.1456024	0.193441934	0.097762866
1736	0.1455676	0.193348988	0.097786212
1737	0.1455861	0.193374322	0.097797878
1738	0.145653	0.193492523	0.097813477
1739	0.1456785	0.193579726	0.097777274
1740	0.1456839	0.193633021	0.097734779
1741	0.1456783	0.193585982	0.097770618
1742	0.1456411	0.193480952	0.097801248
1743	0.1456124	0.193462657	0.097762143
1744	0.145582	0.193471009	0.097692991
1745	0.1455938	0.193509732	0.097677868
1746	0.1456222	0.193571415	0.097672985
1747	0.1456777	0.193617394	0.097738006
1748	0.145761	0.193667039	0.097854961
1749	0.1456703	0.193600584	0.097740016
1750	0.145512	0.193462474	0.097561526
1751	0.1455	0.193396245	0.097603755
1752	0.1455306	0.193395627	0.097665573
1753	0.1454648	0.193329299	0.097600301
1754	0.1453847	0.193236083	0.097533317
1755	0.1454727	0.193442158	0.097503242
1756	0.1455599	0.193641535	0.097478265
1757	0.1454273	0.193465068	0.097389532
1758	0.1452921	0.193276658	0.097307542
1759	0.1452092	0.193104748	0.097313652
1760	0.145138	0.192963874	0.097312126
1761	0.1451857	0.193046623	0.097324777
1762	0.1451936	0.193067644	0.097319556
1763	0.1450675	0.192867639	0.097267361
1764	0.1449647	0.192717678	0.097211722
1765	0.1448518	0.192621115	0.097082485
1766	0.144731	0.192525109	0.096936891
1767	0.1446134	0.192454155	0.096772645
1768	0.1444945	0.19233437	0.09665463
1769	0.1443962	0.192168416	0.096623984
1770	0.1443344	0.192032819	0.096635981
1771	0.1443305	0.191901923	0.096759077
1772	0.144343	0.191829064	0.096856936
1773	0.1443375	0.191822388	0.096852612
1774	0.1441678	0.191644336	0.096691264
1775	0.1438913	0.191340146	0.096442454
1776	0.1437458	0.191100715	0.096390885
1777	0.1436881	0.190911656	0.096464544
1778	0.1436032	0.190802466	0.096403934
1779	0.1434893	0.19070033	0.09627827
1780	0.1434982	0.190708559	0.096287841
1781	0.1435469	0.190746536	0.096347264
1782	0.1434167	0.190581735	0.096251665
1783	0.1432464	0.190412253	0.096080547
1784	0.1432289	0.190335299	0.096122501
1785	0.1432262	0.190230253	0.096222147
1786	0.1432572	0.190201764	0.096312636
1787	0.1432952	0.190174459	0.096415941
1788	0.1432664	0.190056533	0.096476267
1789	0.143247	0.189970619	0.096523381
1790	0.1430745	0.189685892	0.096463108
1791	0.1428316	0.189316739	0.096346461
1792	0.1425538	0.189020127	0.096087473
1793	0.1422118	0.188632422	0.095791178
1794	0.1417195	0.188058882	0.095380118
1795	0.1412913	0.187572614	0.095009986
1796	0.1413129	0.187593692	0.095032108
1797	0.1412538	0.187450817	0.095056783
1798	0.1407588	0.18652319	0.09499441
1799	0.1403254	0.185683029	0.094967771
1800	0.1401969	0.18544114	0.09495266
1801	0.136434	0.188077192	0.084790808
1802	0.1366835	0.190099995	0.083267005
1803	0.1382345	0.191675265	0.084793735
1804	0.1405624	0.194304596	0.086820204
1805	0.1425574	0.197314118	0.087800682
1806	0.1435857	0.198532133	0.088639267
1807	0.1448972	0.194937306	0.094857094
1808	0.1491464	0.195924528	0.102368272
1809	0.1517951	0.197824643	0.105765557
1810	0.153312	0.200034492	0.106589508
1811	0.1554482	0.203400645	0.107495755
1812	0.1536717	0.203682452	0.103660948
1813	0.1492064	0.204643115	0.093769685
1814	0.1475265	0.205625859	0.089427141
1815	0.1521598	0.208938195	0.095381405
1816	0.1603117	0.216007146	0.104616254
1817	0.1681475	0.224585072	0.111709928
1818	0.1775057	0.234267184	0.120744216
1819	0.1758345	0.235464722	0.116204278
1820	0.1694313	0.233458528	0.105404072
1821	0.166257	0.232816278	0.099697722
1822	0.1666682	0.234545835	0.098790565
1823	0.1686213	0.23441478	0.10282782
1824	0.1768715	0.256040842	0.097702158
1825	0.1853312	0.279517726	0.091144674
1826	0.1837295	0.280961442	0.086497558
1827	0.2093103	0.31757036	0.10105024
1828	0.2566244	0.379477289	0.133771511
1829	0.2923661	0.429198165	0.155534035
1830	0.3198791	0.500730417	0.139027783
1831	0.3525746	0.598676402	0.106472798
1832	0.3463655	0.602659022	0.090071978
1833	0.3158574	0.51267529	0.11903951
1834	0.3950798	0.598656559	0.191503041
1835	0.4412297	0.720156666	0.162302734
1836	0.4483583	0.77618649	0.12053011
1837	0.5660143	0.960277291	0.171751309
1838	1.0217878	1.744912826	0.298662774
1839	3.1670764	5.953319955	0.380832845
1840	3.7816896	7.476009191	0.087370009
1841	1.3759247	2.760996551	-0.009147151
1842	0.7261488	1.445840825	0.006456775
1843	0.9506172	1.910701275	-0.009466875
1844	4.5252021	9.594844969	-0.544440769
1845	2.4808395	5.127879514	-0.166200514
1846	1.5242994	2.86657319	0.18202561
1847	2.0812863	3.402262656	0.760309944
1848	6.0983042	9.471101746	2.725506654
1849	3.2953553	4.779669949	1.811040651
1850	0.8493241	1.285258659	0.413389541
1851	0.571436	0.909639198	0.233232802
1852	1.1760756	1.835607808	0.516543392
1853	3.8903317	5.944751392	1.835912008
1854	5.7128252	8.629279351	2.796371049
1855	8.1455153	12.34426381	3.946766793
1856	7.7516512	11.93024724	3.573055159
1857	4.9576405	7.773799429	2.141481571
1858	2.8552606	4.303056883	1.407464317
1859	2.0855685	3.09505041	1.07608659
1860	1.8357242	2.719284711	0.952163689
1861	1.2387107	1.823266941	0.654154459
1862	0.9110491	1.538063146	0.284035054
1863	1.2182095	2.220613636	0.215805364
1864	1.859252	3.622890413	0.095613587
1865	1.9862803	3.67482506	0.29773554
1866	1.8654073	3.322771904	0.408042696
1867	2.1808924	3.648834754	0.712950046
1868	3.2790417	5.68829309	0.86979031
1869	3.9352405	6.927461777	0.943019223
1870	2.8660271	5.282646265	0.449407935
1871	1.6261153	2.952237245	0.299993355
1872	1.15647	1.984508964	0.328431036
1873	1.1624582	2.024420136	0.300496264
1874	0.802112	1.303665675	0.300558325
1875	0.5440299	0.884459656	0.203600144
1876	0.3723402	0.625118366	0.119562034
1877	0.2818665	0.507591049	0.056141951
1878	0.2385656	0.43789193	0.03923927
1879	0.2287686	0.394259977	0.063277223
1880	0.2334621	0.388074496	0.078849704
1881	0.2413287	0.384276579	0.098380821
1882	0.2492072	0.399281954	0.099132446
1883	0.254379	0.39792795	0.11083005
1884	0.2520643	0.400424632	0.103703968
1885	0.2264512	0.345166212	0.107736188
1886	0.2030972	0.339805598	0.066388802
1887	0.2041011	0.352424004	0.055778196
1888	0.2050822	0.327783793	0.082380607
1889	0.2139994	0.319802188	0.108196612
1890	0.223405	0.336014816	0.110795184
1891	0.2275009	0.370051633	0.084950167
1892	0.2417647	0.378663735	0.104865665
1893	0.2602277	0.412486378	0.107969022
1894	0.2701932	0.411430857	0.128955543
1895	0.2762655	0.423766784	0.128764216
1896	0.2733858	0.442154864	0.104616736
1897	0.2781785	0.483822838	0.072534162
1898	0.3032135	0.553681372	0.052745628
1899	0.327225	0.606429329	0.048020671
1900	0.3598261	0.673360758	0.046291442
1901	0.3685137	0.606124045	0.130903355
1902	0.3617292	0.605860512	0.117597888
1903	0.3202926	0.498990253	0.141594947
1904	0.2854607	0.41898655	0.15193485
1905	0.3165101	0.439043101	0.193977099
1906	0.3866164	0.539109502	0.234123298
1907	0.3997963	0.526805709	0.272786891
1908	0.3555978	0.4858118	0.2253838
1909	0.3344083	0.506909529	0.161907071
1910	0.2850788	0.479520975	0.090636625
1911	0.2411765	0.450202921	0.032150079
1912	0.2192063	0.378346547	0.060066053
1913	0.2049099	0.341961589	0.067858211
1914	0.2007818	0.324053698	0.077509902
1915	0.1989336	0.317904841	0.079962359
1916	0.1961097	0.298802812	0.093416588
1917	0.1919869	0.285390572	0.098583228
1918	0.1876011	0.279607213	0.095594987
1919	0.1810612	0.268897876	0.093224524
1920	0.1769501	0.26216887	0.09173133
1921	0.179691	0.255114481	0.104267519
1922	0.1811933	0.252706702	0.109679898
1923	0.1686436	0.228450431	0.108836769
1924	0.1570758	0.212411869	0.101739731
1925	0.1523782	0.216801877	0.087954523
1926	0.1505421	0.226917082	0.074167118
1927	0.1495644	0.22491718	0.07421162
1928	0.1495952	0.213331612	0.085858788
1929	0.1493883	0.205007226	0.093769374
1930	0.1484722	0.202648344	0.094296056
1931	0.1484481	0.202079573	0.094816627
1932	0.1466204	0.195240056	0.098000744
1933	0.1451104	0.191073276	0.099147524
1934	0.139653	0.186641741	0.092664259
1935	0.1352232	0.185649059	0.084797341
1936	0.1373838	0.191035062	0.083732538
1937	0.1418056	0.198628722	0.084982478
1938	0.142644	0.198516749	0.086771251
1939	0.1403095	0.192300725	0.088318275
1940	0.1390312	0.189929762	0.088132638
1941	0.1392556	0.192586852	0.085924348
1942	0.1394888	0.195384215	0.083593385
1943	0.1383208	0.192808224	0.083833376
1944	0.137219	0.19098775	0.08345025
1945	0.1370254	0.189721361	0.084329439
1946	0.1371566	0.188999904	0.085313296
1947	0.1372648	0.189383028	0.085146572
1948	0.1371791	0.190440254	0.083917946
1949	0.1369754	0.190442767	0.083508033
1950	0.136841	0.18908348	0.08459852
1951	0.1369905	0.188428168	0.085552832
1952	0.1384764	0.189490134	0.087462666
1953	0.139921	0.190951168	0.088890832
1954	0.1394796	0.191878321	0.087080879
1955	0.1390042	0.192870689	0.085137711
1956	0.1392771	0.192124523	0.086429677
1957	0.1397298	0.191106253	0.088353347
1958	0.1398098	0.190309999	0.089309601
1959	0.1396418	0.189699602	0.089583998
1960	0.1399108	0.189703801	0.090117799
1961	0.1408986	0.190742039	0.091055161
1962	0.1415908	0.191597613	0.091583987
1963	0.1413313	0.191369371	0.091293229
1964	0.141109	0.191272637	0.090945363
1965	0.1409432	0.190546869	0.091339531
1966	0.140786	0.189945777	0.091626223
1967	0.1401328	0.189243049	0.091022551
1968	0.1393897	0.188604395	0.090175005
1969	0.1399487	0.189376995	0.090520405
1970	0.1414682	0.191201169	0.091735231
1971	0.1424804	0.19243858	0.09252222
1972	0.142731	0.192741293	0.092720707
1973	0.1429499	0.192971173	0.092928627
1974	0.1431151	0.192769543	0.093460657
1975	0.1432665	0.192602054	0.093930946
1976	0.1429047	0.192174561	0.093634839
1977	0.1424941	0.191727923	0.093260277
1978	0.1421647	0.191621246	0.092708154
1979	0.1419073	0.191667264	0.092147336
1980	0.1420023	0.192285662	0.091718938
1981	0.142393	0.193449567	0.091336433
1982	0.1428529	0.1944428	0.091263
1983	0.1434579	0.195157854	0.091757946
1984	0.1439445	0.195791538	0.092097462
1985	0.1439543	0.195948876	0.091959724
1986	0.1439651	0.196126723	0.091803477
1987	0.1438171	0.195701631	0.091932569
1988	0.143595	0.195160672	0.092029328
1989	0.1434624	0.194793781	0.092131019
1990	0.143437	0.194615275	0.092258725
1991	0.1436239	0.194813665	0.092434135
1992	0.1440183	0.195367417	0.092669183
1993	0.1441396	0.195680049	0.092599151
1994	0.1436332	0.1952242	0.0920422
1995	0.1433382	0.195049789	0.091626611
1996	0.1435948	0.195311331	0.091878269
1997	0.1438793	0.195557417	0.092201183
1998	0.1443678	0.195576099	0.093159501
1999	0.1450654	0.195856771	0.094274029
2000	0.1449868	0.195706789	0.094266811
2001	0.1446128	0.195411559	0.093814041
2002	0.1445174	0.195461348	0.093573452
2003	0.1446799	0.195748077	0.093611723
2004	0.1446893	0.195423873	0.093954727
2005	0.1443376	0.194222572	0.094452628
2006	0.1441064	0.193430737	0.094782063
2007	0.1445725	0.194312719	0.094832281
2008	0.1449777	0.1952594	0.094696
2009	0.1449519	0.195930408	0.093973392
2010	0.1449204	0.196657444	0.093183356
2011	0.1447675	0.195440344	0.094094656
2012	0.1447589	0.194207707	0.095310093
2013	0.1451144	0.193864543	0.096364257
2014	0.1453199	0.193832738	0.096807062
2015	0.1459273	0.195004265	0.096850335
2016	0.1471065	0.197192072	0.097020928
2017	0.1477052	0.198600532	0.096809868
2018	0.1471868	0.198948039	0.095425561
2019	0.1466443	0.199164802	0.094123798
2020	0.1462213	0.198980077	0.093462523
2021	0.1459225	0.198854686	0.092990314
2022	0.1462528	0.19885615	0.09364945
2023	0.1465327	0.198788699	0.094276701
2024	0.1470808	0.199210927	0.094950673
2025	0.1476036	0.199730958	0.095476242
2026	0.1478077	0.199965316	0.095650084
2027	0.1478584	0.200049098	0.095667702
2028	0.148002	0.200260093	0.095743907
2029	0.1482025	0.200702048	0.095702952
2030	0.1482693	0.200936958	0.095601642
2031	0.1482152	0.200931765	0.095498635
2032	0.1481889	0.200938991	0.095438809
2033	0.1483769	0.201216176	0.095537624
2034	0.1485825	0.20155615	0.09560885
2035	0.148891	0.202053179	0.095728821
2036	0.1490663	0.20226045	0.09587215
2037	0.1489822	0.202335961	0.095628439
2038	0.1488689	0.2024196	0.0953182
2039	0.1485702	0.202181106	0.094959294
2040	0.148303	0.201917501	0.094688499
2041	0.1482711	0.201927213	0.094614987
2042	0.1485398	0.202301626	0.094777974
2043	0.1488794	0.202716114	0.095042686
2044	0.1490685	0.202729386	0.095407614
2045	0.1492114	0.202669057	0.095753743
2046	0.1493206	0.202818967	0.095822233
2047	0.1494768	0.203147688	0.095805912
2048	0.1495016	0.203204105	0.095799095
2049	0.1495729	0.203012124	0.096133676
2050	0.1496067	0.20289056	0.09632284
2051	0.1494319	0.202722687	0.096141113
2052	0.1491487	0.202273773	0.096023627
2053	0.1487015	0.201753536	0.095649464
2054	0.1482959	0.201310405	0.095281395
2055	0.1485026	0.20151384	0.09549136
2056	0.1487819	0.201956116	0.095607684
2057	0.1495534	0.203189227	0.095917573
2058	0.1503632	0.204401736	0.096324664
2059	0.1505089	0.204713012	0.096304788
2060	0.1503964	0.204843292	0.095949508
2061	0.1502093	0.204618191	0.095800409
2062	0.150046	0.204264975	0.095827025
2063	0.1498023	0.204272765	0.095331835
2064	0.1498691	0.204665865	0.095072335
2065	0.1501323	0.204763541	0.095501059
2066	0.1502459	0.204405776	0.096086024
2067	0.1504278	0.204277545	0.096578055
2068	0.1506928	0.2048244	0.0965612
2069	0.1508459	0.205211609	0.096480191
2070	0.1505134	0.204640931	0.096385869
2071	0.1501173	0.203982671	0.096251929
2072	0.1497659	0.203609065	0.095922735
2073	0.1495171	0.203402709	0.095631491
2074	0.14956	0.203635935	0.095484065
2075	0.1496967	0.203988751	0.095404649
2076	0.1500922	0.204513216	0.095671184
2077	0.1504071	0.204917648	0.095896552
2078	0.1504641	0.205055448	0.095872752
2079	0.1504687	0.204962194	0.095975206
2080	0.1505255	0.205025637	0.096025363
2081	0.150457	0.205028712	0.095885288
2082	0.1503844	0.204887829	0.095880971
2083	0.1503516	0.204842551	0.095860649
2084	0.1503027	0.204850705	0.095754695
2085	0.1501598	0.204605599	0.095714001
2086	0.1500359	0.204315646	0.095756154
2087	0.15034	0.204920835	0.095759165
2088	0.1507306	0.20570633	0.09575487
2089	0.1507797	0.205563358	0.095996042
2090	0.1507323	0.205070049	0.096394551
2091	0.1509814	0.205108291	0.096854509
2092	0.1513757	0.205608068	0.097143332
2093	0.1516121	0.20595607	0.09726813
2094	0.1515168	0.205717801	0.097315799
2095	0.1513679	0.205398201	0.097337599
2096	0.1514208	0.205460269	0.097381331
2097	0.1515434	0.20560751	0.09747929
2098	0.1519376	0.206084368	0.097790832
2099	0.1523588	0.206668075	0.098049525
2100	0.1524383	0.207160097	0.097716503
2101	0.152381	0.207483716	0.097278284
2102	0.1522022	0.207439782	0.096964618
2103	0.1518464	0.207189209	0.096503591
2104	0.1516349	0.206960235	0.096309565
2105	0.1516418	0.206907569	0.096376031
2106	0.1515862	0.206669421	0.096502979
2107	0.1516348	0.2063847	0.0968849
2108	0.1518971	0.206394756	0.097399444
2109	0.1524075	0.207020662	0.097794338
2110	0.1527907	0.207548578	0.098032822
2111	0.1528767	0.207716488	0.098036912
2112	0.1529432	0.207891999	0.097994401
2113	0.1528281	0.207941307	0.097714893
2114	0.1526207	0.207845353	0.097396047
2115	0.152347	0.207404672	0.097289328
2116	0.1521203	0.20699858	0.09724202
2117	0.1523295	0.207262529	0.097396471
2118	0.1527319	0.207818649	0.097645151
2119	0.1532362	0.20834096	0.09813144
2120	0.1535708	0.208761665	0.098379935
2121	0.1534517	0.208985589	0.097917811
2122	0.1531668	0.209027301	0.097306299
2123	0.1530413	0.209074778	0.097007822
2124	0.1531174	0.20897707	0.09725773
2125	0.153281	0.208929512	0.097632488
2126	0.1534377	0.208887835	0.097987565
2127	0.1534962	0.20884559	0.09814681
2128	0.1534592	0.209088401	0.097829999
2129	0.153491	0.209449523	0.097532477
2130	0.1536758	0.20970865	0.09764295
2131	0.153854	0.20992614	0.09778186
2132	0.1540747	0.210052375	0.098097025
2133	0.1543962	0.210303276	0.098489124
2134	0.1547524	0.210699247	0.098805553
2135	0.1549181	0.210728484	0.099107716
2136	0.1550115	0.210653449	0.099369551
2137	0.1551376	0.210702034	0.099573166
2138	0.155151	0.210795452	0.099506548
2139	0.1551129	0.211063803	0.099161997
2140	0.1550622	0.211261609	0.098862791
2141	0.1551595	0.211618796	0.098700204
2142	0.1553219	0.211956617	0.098687183
2143	0.1552864	0.21149931	0.09907349
2144	0.15514	0.210818945	0.099461055
2145	0.1549068	0.210310391	0.099503209
2146	0.1545958	0.209816253	0.099375347
2147	0.1543845	0.209461403	0.099307597
2148	0.1544017	0.2093627	0.0994407
2149	0.1544209	0.209305552	0.099536248
2150	0.1542636	0.209039152	0.099488048
2151	0.154297	0.209118656	0.099475344
2152	0.1545667	0.209597527	0.099535873
2153	0.1547137	0.209876036	0.099551364
2154	0.1546805	0.209864861	0.099496139
2155	0.1546136	0.209761718	0.099465482
2156	0.1545005	0.20967802	0.09932298
2157	0.1543867	0.20965665	0.09911675
2158	0.1542623	0.209380764	0.099143836
2159	0.1540869	0.208963396	0.099210404
2160	0.1538075	0.208665038	0.098949962
2161	0.1535722	0.208550291	0.098594109
2162	0.1535189	0.208720812	0.098316988
2163	0.1534685	0.208909367	0.098027633
2164	0.1535178	0.209075655	0.097959945
2165	0.1536234	0.209399317	0.097847483
2166	0.1536653	0.209481231	0.097849369
2167	0.1534876	0.209059878	0.097915322
2168	0.1533574	0.208667525	0.098047275
2169	0.1534935	0.208571373	0.098415627
2170	0.1535945	0.208492347	0.098696653
2171	0.1535946	0.20848739	0.09870181
2172	0.1535691	0.208559901	0.098578299
2173	0.1533498	0.208359666	0.098339934
2174	0.1531278	0.208076546	0.098179054
2175	0.1529357	0.207817779	0.098053621
2176	0.152675	0.207543121	0.097806879
2177	0.1524218	0.207266365	0.097577235
2178	0.1523071	0.207078034	0.097536166
2179	0.1523015	0.206910071	0.097692929
2180	0.1522692	0.206738126	0.097800274
2181	0.1522975	0.206504374	0.098090626
2182	0.152232	0.206224666	0.098239334
2183	0.152025	0.20584557	0.09820443
2184	0.151865	0.205721603	0.098008397
2185	0.1516221	0.205760017	0.097484183
2186	0.1511241	0.205214241	0.097033959
2187	0.1507143	0.20468172	0.09674688
2188	0.1507036	0.204615509	0.096791691
2189	0.150617	0.204433439	0.096800561
2190	0.1502954	0.204003519	0.096587281
2191	0.1500219	0.203590814	0.096452986
2192	0.1495736	0.203022692	0.096124508
2193	0.1490499	0.202463916	0.095635884
2194	0.1486873	0.202085329	0.095289271
2195	0.1484531	0.20174586	0.09516034
2196	0.1485516	0.201555514	0.095547686
2197	0.1487103	0.201436723	0.095983877
2198	0.1484978	0.201318334	0.095677266
2199	0.1481707	0.20108748	0.09525392
2200	0.1476834	0.200260671	0.095106129
2201	0.147294	0.199623093	0.094964907
2202	0.1470296	0.199122152	0.094937048
2203	0.1467333	0.198697172	0.094769428
2204	0.1466097	0.198562187	0.094657213
2205	0.1464871	0.198417997	0.094556203
2206	0.1461193	0.198028345	0.094210255
2207	0.1457234	0.197211536	0.094235264
2208	0.1453142	0.196410587	0.094217813
2209	0.1446208	0.195520795	0.093720805
2210	0.14406	0.194941577	0.093178423
2211	0.143822	0.194947581	0.092696419
2212	0.1436886	0.194935341	0.092441859
2213	0.1440106	0.195322913	0.092698287
2214	0.1443627	0.195850814	0.092874586
2215	0.144337	0.195820057	0.092853943
2216	0.1443422	0.195802025	0.092882375
2217	0.1443831	0.196046121	0.092720079
2218	0.1442649	0.196067236	0.092462564
2219	0.1439686	0.195803491	0.092133709
2220	0.1436078	0.195246105	0.091969495
2221	0.1432229	0.194763294	0.091682506
2222	0.14311	0.194717237	0.091502763
2223	0.1429136	0.194301177	0.091526023
2224	0.142195	0.193091798	0.091298202
2225	0.1417699	0.1924982	0.0910416
2226	0.1420654	0.193290142	0.090840658
2227	0.1423815	0.19393261	0.09083039
2228	0.1425024	0.194216031	0.090788769
2229	0.142552	0.194348371	0.090755629
2230	0.1425273	0.193941135	0.091113465
2231	0.1424804	0.193585592	0.091375208
2232	0.1426926	0.193886282	0.091498918
2233	0.1430349	0.194365296	0.091704504
2234	0.1433881	0.195002781	0.091773419
2235	0.1436958	0.195667773	0.091723827
2236	0.1436521	0.195914448	0.091389752
2237	0.143414	0.195937211	0.090890789
2238	0.1436744	0.196099898	0.091248902
2239	0.144212	0.19642329	0.09200071
2240	0.1444366	0.19671207	0.09216113
2241	0.144459	0.197030458	0.091887542
2242	0.1448424	0.19763156	0.09205324
2243	0.1452347	0.198142807	0.092326593
2244	0.1456721	0.198722248	0.092621952
2245	0.1459448	0.19893198	0.09295762
2246	0.1458367	0.198610072	0.093063328
2247	0.1457628	0.198121923	0.093403677
2248	0.1457406	0.197718658	0.093762542
2249	0.1462665	0.198295053	0.094237947
2250	0.1467938	0.198884215	0.094703385
2251	0.1469907	0.199181853	0.094799547
2252	0.1471166	0.199494768	0.094738432
2253	0.1470605	0.199784635	0.094336365
2254	0.1469584	0.200072826	0.093843974
2255	0.1469242	0.200244692	0.093603708
2256	0.14695	0.200317654	0.093582346
2257	0.1472103	0.200657259	0.093763341
2258	0.14754	0.20119893	0.09388107
2259	0.1475827	0.201407269	0.093758131
2260	0.1474087	0.201374568	0.093442832
2261	0.1472805	0.201165682	0.093395318
2262	0.1471813	0.20082258	0.09354002
2263	0.1472343	0.200848694	0.093619906
2264	0.1474672	0.201303728	0.093630672
2265	0.1477223	0.201856714	0.093587886
2266	0.1478543	0.202148645	0.093559955
2267	0.1480064	0.202337287	0.093675513
2268	0.1479236	0.202018436	0.093828764
2269	0.1479144	0.201675094	0.094153706
2270	0.148607	0.202367874	0.094846126
2271	0.1491938	0.203114032	0.095273568
2272	0.1496714	0.203902174	0.095440626
2273	0.150087	0.204599737	0.095574263
2274	0.1498348	0.204625787	0.095043813
2275	0.1494821	0.204515859	0.094448341
2276	0.1495508	0.204584773	0.094516827
2277	0.1497429	0.204689859	0.094795941
2278	0.149903	0.204551974	0.095254026
2279	0.1500894	0.204420352	0.095758448
2280	0.1505379	0.204640566	0.096435234
2281	0.15105	0.204975298	0.097124702
2282	0.1514151	0.205514171	0.097316029
2283	0.1515863	0.206000932	0.097171668
2284	0.1512917	0.205901234	0.096682166
2285	0.1507653	0.205404281	0.096126319
2286	0.1502303	0.204779081	0.095681519
2287	0.1499057	0.204516799	0.095294601
2288	0.1497358	0.204743516	0.094728084
2289	0.1496481	0.205126754	0.094169446
2290	0.1494564	0.205201507	0.093711293
2291	0.1492995	0.204893175	0.093705825
2292	0.1495619	0.205069322	0.094054478
2293	0.1499026	0.205424677	0.094380523
2294	0.1500945	0.205489029	0.094699971
2295	0.1506835	0.206042873	0.095324127
2296	0.151249	0.206454855	0.096043145
2297	0.1516999	0.206683153	0.096716647
2298	0.1519477	0.206798574	0.097096826
2299	0.1514769	0.206534157	0.096419643
2300	0.1509985	0.206315335	0.095681665
2301	0.1505427	0.205890244	0.095195156
2302	0.1500901	0.205441645	0.094738555
2303	0.150067	0.205533881	0.094600119
2304	0.15021	0.205807372	0.094612628
2305	0.1502692	0.205766358	0.094772042
2306	0.1502165	0.205569845	0.094863155
2307	0.1499902	0.205352949	0.094627451
2308	0.1497304	0.205046793	0.094414007
2309	0.1495885	0.204888431	0.094288569
2310	0.1494128	0.204899117	0.093926483
2311	0.149685	0.205209563	0.094160437
2312	0.150041	0.205508062	0.094573938
2313	0.1498949	0.2052169	0.0945729
2314	0.1495467	0.20490515	0.09418825
2315	0.1491915	0.204850056	0.093532944
2316	0.1491693	0.204995816	0.093342784
2317	0.1490142	0.204607136	0.093421264
2318	0.1485831	0.203494038	0.093672162
2319	0.1483817	0.202688502	0.094074898
2320	0.147876	0.201681407	0.094070593
2321	0.1473006	0.200867414	0.093733786
2322	0.1471234	0.20102096	0.09322584
2323	0.1469249	0.201137104	0.092712696
2324	0.1468795	0.201591702	0.092167298
2325	0.1469957	0.202003489	0.091987911
2326	0.1474617	0.202070197	0.092853203
2327	0.1476702	0.201854124	0.093486276
2328	0.1476267	0.201404018	0.093849382
2329	0.1476888	0.201221342	0.094156258
2330	0.1474364	0.201046986	0.093825814
2331	0.1470856	0.200814144	0.093357056
2332	0.1469548	0.20090052	0.09300908
2333	0.1469704	0.201007783	0.092933017
2334	0.1471118	0.200745618	0.093477982
2335	0.1470548	0.200387793	0.093721807
2336	0.1465422	0.199638491	0.093445909
2337	0.1461858	0.198824051	0.093547549
2338	0.1465437	0.199271405	0.093815995
2339	0.1470108	0.200062395	0.093959205
2340	0.1467201	0.199389138	0.094051062
2341	0.1461741	0.198609133	0.093739067
2342	0.1459798	0.199045129	0.092914471
2343	0.1457384	0.199355028	0.092121772
2344	0.1461628	0.19990123	0.09242437
2345	0.1468545	0.200573797	0.093135203
2346	0.1471684	0.200382663	0.093954137
2347	0.1471236	0.200099416	0.094147784
2348	0.1466291	0.199894087	0.093364113
2349	0.146457	0.199974573	0.092939427
2350	0.1460533	0.19913395	0.09297265
2351	0.1454596	0.197350996	0.093568204
2352	0.1454286	0.196848149	0.094009051
2353	0.1460137	0.198421896	0.093605504
2354	0.1465811	0.199763032	0.093399168
2355	0.1465046	0.199799113	0.093210087
2356	0.1460355	0.199553964	0.092517036
2357	0.1448822	0.198256017	0.091508383
2358	0.1442	0.197636283	0.090763717
2359	0.1446928	0.198590037	0.090795563
2360	0.1453962	0.199839033	0.090953367
2361	0.14643	0.200876056	0.091983944
2362	0.1471679	0.201499502	0.092836298
2363	0.1471802	0.201414822	0.092945578
2364	0.1472182	0.201298571	0.093137829
2365	0.1473897	0.201606821	0.093172579
2366	0.1474395	0.201898139	0.092980861
2367	0.1470266	0.201683116	0.092370084
2368	0.1467087	0.201576752	0.091840648
2369	0.1469557	0.201394893	0.092516507
2370	0.147228	0.201103982	0.093352018
2371	0.147478	0.201328773	0.093627227
2372	0.1475832	0.201501408	0.093664992
2373	0.1477379	0.201736523	0.093739277
2374	0.1485369	0.202788031	0.094285769
2375	0.1487156	0.20305366	0.09437754
2376	0.1481896	0.202388795	0.093990405
2377	0.1478591	0.201669845	0.094048355
2378	0.1473172	0.20063914	0.09399526
2379	0.1466829	0.199721711	0.093644089
2380	0.1465419	0.199347455	0.093736345
2381	0.1471231	0.199063999	0.095182201
2382	0.147186	0.198363414	0.096008586
2383	0.1462895	0.197470478	0.095108522
2384	0.1456796	0.197082471	0.094276729
2385	0.1464671	0.19803283	0.09490137
2386	0.1480108	0.199885753	0.096135847
2387	0.1492187	0.201516123	0.096921277
2388	0.1502932	0.20318652	0.09739988
2389	0.151124	0.204418714	0.097829286
2390	0.1520886	0.205120881	0.099056319
2391	0.1526792	0.205347555	0.100010845
2392	0.1518242	0.204260593	0.099387807
2393	0.1508251	0.203240534	0.098409666
2394	0.1495654	0.202822607	0.096308193
2395	0.1489881	0.202505027	0.095471173
2396	0.1495209	0.201705027	0.097336773
2397	0.149479	0.201193347	0.097764653
2398	0.1497025	0.201002453	0.098402547
2399	0.1498147	0.201125998	0.098503402
2400	0.1485913	0.201633064	0.095549536
2401	0.1474026	0.201700457	0.093104743
2402	0.1471592	0.201501346	0.092817054
2403	0.1473327	0.201376639	0.093288761
2404	0.1478261	0.201301156	0.094351044
2405	0.1480374	0.200977343	0.095097457
2406	0.1478812	0.20061646	0.09514594
2407	0.1478171	0.200544005	0.095090195
2408	0.1479449	0.200798173	0.095091627
2409	0.1481864	0.201091164	0.095281636
2410	0.1490292	0.200877478	0.097180922
2411	0.1502161	0.201159455	0.099272745
2412	0.1513152	0.202881781	0.099748619
2413	0.1520018	0.204392475	0.099611125
2414	0.1522071	0.204715188	0.099699012
2415	0.1523513	0.205112241	0.099590359
2416	0.1513274	0.205064422	0.097590378
2417	0.150142	0.20467975	0.09560425
2418	0.1489227	0.203782945	0.094062455
2419	0.1476325	0.203537389	0.091727611
2420	0.1462861	0.20288494	0.08968726
2421	0.1451515	0.202362813	0.087940187
2422	0.1463606	0.202883606	0.089837594
2423	0.1476082	0.203006589	0.092209811
2424	0.1469878	0.20249048	0.09148512
2425	0.1466821	0.20238157	0.09098263
2426	0.146836	0.202059439	0.091612561
2427	0.1466764	0.201740522	0.091612278
2428	0.146374	0.201093106	0.091654894
2429	0.1462706	0.199289606	0.093251594
2430	0.1462828	0.197638863	0.094926737
2431	0.1460841	0.196954133	0.095214067
2432	0.1466231	0.197780226	0.095465974
2433	0.1466512	0.198997926	0.094304474
2434	0.1461082	0.199206306	0.093010094
2435	0.146689	0.199217439	0.094160561
2436	0.1467686	0.199141503	0.094395697
2437	0.1468283	0.200241008	0.093415592
2438	0.1469602	0.200952681	0.092967719
2439	0.1461037	0.1992178	0.0929896
2440	0.14499	0.197342448	0.092637552
2441	0.1439955	0.196825429	0.091165571
2442	0.1442249	0.197167692	0.091282108
2443	0.145052	0.198364375	0.091739625
2444	0.145898	0.200403938	0.091392062
2445	0.1468758	0.201097367	0.092654233
2446	0.1473956	0.202486525	0.092304675
2447	0.147512	0.205279653	0.089744347
2448	0.1488136	0.209370795	0.088256405
2449	0.1514313	0.215339365	0.087523235
2450	0.1510191	0.213813504	0.088224696
2451	0.148652	0.206303646	0.091000354
2452	0.1473342	0.201118717	0.093549683
2453	0.1449174	0.196350854	0.093483946
2454	0.1430269	0.194602229	0.091451571
2455	0.1432653	0.196468181	0.090062419
2456	0.1429534	0.197583912	0.088322888
2457	0.141543	0.19454921	0.08853679
2458	0.1402047	0.191059087	0.089350313
2459	0.1387832	0.188946363	0.088620037
2460	0.1381365	0.187376962	0.088896038
2461	0.1387593	0.188123336	0.089395264
2462	0.1401898	0.190705815	0.089673785
2463	0.1426913	0.195281525	0.090101075
2464	0.1447025	0.199399973	0.090005027
2465	0.1446455	0.199434603	0.089856397
2466	0.1449122	0.198536522	0.091287878
2467	0.1490387	0.200420854	0.097656546
2468	0.1539045	0.203695947	0.104113053
2469	0.1559261	0.20678124	0.10507096
2470	0.1572712	0.210604962	0.103937438
2471	0.1598127	0.215544258	0.104081142
2472	0.1615714	0.219560754	0.103582046
2473	0.1586616	0.217341752	0.099981448
2474	0.1555976	0.214517695	0.096677505
2475	0.1544973	0.213843856	0.095150744
2476	0.1526329	0.213240997	0.092024803
2477	0.1513297	0.212137246	0.090522154
2478	0.1522736	0.213527041	0.091020159
2479	0.155892	0.21157084	0.10021316
2480	0.1573721	0.20991954	0.10482466
2481	0.1539444	0.213910718	0.093978082
2482	0.1519502	0.221936477	0.081963923
2483	0.1525355	0.218489717	0.086581283
2484	0.1518164	0.216320296	0.087312504
2485	0.1541789	0.216058813	0.092298987
2486	0.1641352	0.218953402	0.109316998
2487	0.1817361	0.232823289	0.130648911
2488	0.1964876	0.262316173	0.130659027
2489	0.2124635	0.287245942	0.137681058
2490	0.2279028	0.313437637	0.142367963
2491	0.2115742	0.291202466	0.131945934
2492	0.192662	0.270302707	0.115021293
2493	0.1938145	0.26537137	0.12225763
2494	0.2017445	0.276773737	0.126715263
2495	0.2200908	0.303183628	0.136997972
2496	0.2373539	0.334175095	0.140532705
2497	0.2325681	0.307542962	0.157593238
2498	0.223187	0.280500817	0.165873183
2499	0.2072755	0.252795155	0.161755845
2500	0.1890203	0.239757866	0.138282734
