Wavelength	Mean	Std+	Std-
350	0.071937692	0.095221142	0.048654242
351	0.071372538	0.095393352	0.047351724
352	0.065650846	0.092175862	0.03912583
353	0.068983731	0.094073831	0.04389363
354	0.070681462	0.095308322	0.046054601
355	0.070561692	0.095590708	0.045532676
356	0.075221346	0.097747718	0.052694974
357	0.075300769	0.097896052	0.052705487
358	0.073123808	0.097072857	0.049174758
359	0.071650577	0.096552553	0.046748601
360	0.070076385	0.095563144	0.044589625
361	0.070503769	0.095760826	0.045246713
362	0.074747192	0.098478413	0.051015971
363	0.075432	0.099166213	0.051697787
364	0.074236654	0.098669553	0.049803755
365	0.071506269	0.097184426	0.045828112
366	0.070783885	0.097269194	0.044298576
367	0.073576038	0.099058848	0.048093229
368	0.076707077	0.100933221	0.052480933
369	0.072123962	0.098628853	0.04561907
370	0.073894538	0.099573442	0.048215635
371	0.075980885	0.100785635	0.051176134
372	0.074637692	0.100400071	0.048875313
373	0.073828846	0.100206503	0.047451189
374	0.074316385	0.100760212	0.047872557
375	0.076157346	0.102118524	0.050196169
376	0.074970115	0.101852034	0.048088197
377	0.076689846	0.103095955	0.050283738
378	0.079848154	0.105086454	0.054609853
379	0.080893038	0.105787998	0.055998079
380	0.077329269	0.104120535	0.050538003
381	0.074707077	0.103088014	0.04632614
382	0.077732077	0.105046295	0.050417859
383	0.076195577	0.104521429	0.047869725
384	0.075298885	0.104415948	0.046181822
385	0.075954808	0.10519463	0.046714985
386	0.0802225	0.107602959	0.052842041
387	0.080431808	0.108017064	0.052846551
388	0.078261654	0.107236396	0.049286912
389	0.078521	0.107581087	0.049460913
390	0.079475577	0.108307054	0.0506441
391	0.0798645	0.108725482	0.051003518
392	0.078292846	0.108031381	0.048554312
393	0.080475231	0.109465136	0.051485325
394	0.081994885	0.110587125	0.053402644
395	0.081930308	0.110861959	0.052998657
396	0.081059346	0.110691156	0.051427536
397	0.080894077	0.110874036	0.050914118
398	0.081305615	0.111334769	0.051276462
399	0.082178385	0.111971899	0.05238487
400	0.082637192	0.112412046	0.052862338
401	0.083003154	0.112793219	0.053213088
402	0.083595346	0.113257667	0.053933025
403	0.083161769	0.113190142	0.053133396
404	0.083259808	0.113401007	0.053118609
405	0.084342308	0.114128979	0.054555636
406	0.084006308	0.114153113	0.053859503
407	0.084513115	0.114604682	0.054421549
408	0.085477846	0.115276651	0.055679041
409	0.084826615	0.115039203	0.054614027
410	0.084885077	0.11526549	0.054504664
411	0.085313769	0.115700498	0.05492704
412	0.085928269	0.116163982	0.055692557
413	0.085933231	0.116327648	0.055538813
414	0.086123346	0.11659958	0.055647112
415	0.086775885	0.117129703	0.056422066
416	0.087140077	0.117489769	0.056790385
417	0.087295192	0.117735854	0.05685453
418	0.087331154	0.117920494	0.056741814
419	0.087783385	0.118360869	0.0572059
420	0.087651962	0.11842269	0.056881233
421	0.0874025	0.11839987	0.05640513
422	0.087655769	0.118677661	0.056633878
423	0.087859885	0.11899644	0.056723329
424	0.088134192	0.119339283	0.056929102
425	0.088541385	0.119706204	0.057376565
426	0.089185269	0.120230908	0.05813963
427	0.089566692	0.120604259	0.058529125
428	0.089691962	0.120832595	0.058551328
429	0.089801846	0.121079329	0.058524364
430	0.090052692	0.121412256	0.058693129
431	0.090342	0.121766891	0.058917109
432	0.090509346	0.122044679	0.058974013
433	0.090890385	0.122467091	0.059313678
434	0.091258654	0.122866264	0.059651044
435	0.091507538	0.123160073	0.059855004
436	0.091856462	0.12351175	0.060201173
437	0.092099308	0.123821366	0.060377249
438	0.092236269	0.12408932	0.060383218
439	0.092489308	0.124407451	0.060571164
440	0.092883577	0.124791412	0.060975742
441	0.093239423	0.125148692	0.061330154
442	0.093094885	0.125234121	0.060955648
443	0.093452077	0.12559169	0.061312464
444	0.093978038	0.1260403	0.061915777
445	0.094536038	0.12650586	0.062566217
446	0.094277115	0.126488447	0.062065784
447	0.094397846	0.12668986	0.062105832
448	0.095018115	0.127179257	0.062856974
449	0.095308154	0.127442344	0.063173963
450	0.095703731	0.127777243	0.063630219
451	0.096135615	0.128138008	0.064133223
452	0.096437231	0.128413213	0.064461248
453	0.096275	0.128431383	0.064118617
454	0.096250923	0.128529343	0.063972503
455	0.096876038	0.128995392	0.064756685
456	0.096852577	0.129061491	0.064643663
457	0.096928808	0.129183452	0.064674164
458	0.097235885	0.129439872	0.065031897
459	0.097938231	0.129903694	0.065972768
460	0.098093769	0.130062275	0.066125263
461	0.097905654	0.130031732	0.065779575
462	0.097855	0.130095062	0.065614938
463	0.098054808	0.130276731	0.065832884
464	0.098417577	0.130533226	0.066301928
465	0.098947	0.130862373	0.067031627
466	0.098957	0.130920688	0.066993312
467	0.098934269	0.130974487	0.066894052
468	0.098976154	0.131078653	0.066873655
469	0.099266846	0.131322523	0.067211169
470	0.099495462	0.131515933	0.06747499
471	0.099687115	0.131679592	0.067694639
472	0.099934038	0.131889755	0.067978322
473	0.100014038	0.131989892	0.068038185
474	0.100132846	0.132113528	0.068152164
475	0.100515	0.132406615	0.068623385
476	0.100686385	0.132576033	0.068796736
477	0.100815269	0.13272126	0.068909279
478	0.100936885	0.132863453	0.069010316
479	0.101221192	0.133093574	0.06934881
480	0.101406923	0.133265759	0.069548087
481	0.101526885	0.133402222	0.069651548
482	0.101750654	0.133619345	0.069881963
483	0.1020995	0.133901233	0.070297767
484	0.102464423	0.134197861	0.070730986
485	0.102732115	0.134461567	0.071002664
486	0.102742962	0.134560841	0.070925082
487	0.102790846	0.134661044	0.070920648
488	0.102965923	0.134809219	0.071122627
489	0.103313731	0.135112423	0.071515039
490	0.103545615	0.135340632	0.071750599
491	0.103683231	0.135505925	0.071860536
492	0.103865962	0.13570352	0.072028403
493	0.104149269	0.135966681	0.072331858
494	0.104462	0.136247187	0.072676813
495	0.104723538	0.136487372	0.072959705
496	0.104930423	0.136713595	0.073147251
497	0.105111923	0.136920568	0.073303278
498	0.105274192	0.137103674	0.073444711
499	0.105525192	0.137354907	0.073695478
500	0.105801731	0.137637611	0.073965851
501	0.106093962	0.137942044	0.074245879
502	0.1063625	0.138215906	0.074509094
503	0.106593731	0.138443421	0.07474404
504	0.106803962	0.138654217	0.074953706
505	0.107010846	0.138890833	0.075130859
506	0.107201269	0.139102631	0.075299908
507	0.107383077	0.139311653	0.075454501
508	0.107559077	0.139528282	0.075589872
509	0.107877731	0.139837252	0.075918209
510	0.108195692	0.140138229	0.076253156
511	0.108495346	0.140421126	0.076569567
512	0.108698615	0.140646181	0.076751049
513	0.108894269	0.140858165	0.076930373
514	0.109094962	0.14107335	0.077116573
515	0.109332692	0.141327053	0.077338332
516	0.109565962	0.141553485	0.077578438
517	0.109792692	0.141777611	0.077807774
518	0.110011538	0.142011386	0.07801169
519	0.110300462	0.142289941	0.078310982
520	0.110568769	0.142552906	0.078584633
521	0.110808154	0.142795327	0.078820981
522	0.111030962	0.143052496	0.079009428
523	0.111311115	0.143334182	0.079288049
524	0.111623577	0.143631907	0.079615247
525	0.111934577	0.143935639	0.079933515
526	0.112158885	0.144191985	0.080125785
527	0.112375115	0.144432734	0.080317497
528	0.112630385	0.144673693	0.080587076
529	0.112839577	0.144923593	0.08075556
530	0.113049077	0.145176641	0.080921513
531	0.113269269	0.145434886	0.081103653
532	0.113620231	0.145764782	0.08147568
533	0.113948923	0.146089679	0.081808167
534	0.114255923	0.146409999	0.082101847
535	0.114529192	0.146723658	0.082334726
536	0.114792308	0.147020644	0.082563972
537	0.115034154	0.147299698	0.08276861
538	0.115240846	0.147554929	0.082926763
539	0.115583269	0.147901449	0.083265089
540	0.115900654	0.148238036	0.083563272
541	0.116166654	0.148547679	0.083785628
542	0.116423615	0.148858758	0.083988473
543	0.116711192	0.149197073	0.084225311
544	0.117026231	0.14955732	0.084495142
545	0.117379615	0.149939016	0.084820214
546	0.117734692	0.150334657	0.085134727
547	0.118082538	0.150732629	0.085432448
548	0.118414962	0.151125605	0.085704318
549	0.118664731	0.151482206	0.085847256
550	0.118935808	0.151856392	0.086015223
551	0.119252	0.152261083	0.086242917
552	0.119651077	0.152735915	0.086566239
553	0.120017731	0.153197794	0.086837668
554	0.120371308	0.1536585	0.087084115
555	0.120791038	0.154165448	0.087416629
556	0.121231077	0.154699744	0.08776241
557	0.121640692	0.155231167	0.088050218
558	0.121948885	0.155724591	0.088173178
559	0.122364731	0.156297218	0.088432244
560	0.122820308	0.156904106	0.088736509
561	0.123302808	0.157536043	0.089069572
562	0.123806038	0.158190479	0.089421598
563	0.124274769	0.15882747	0.089722068
564	0.1247225	0.159459218	0.089985782
565	0.125219	0.160143126	0.090294874
566	0.125696231	0.160821177	0.090571285
567	0.126193692	0.161522246	0.090865138
568	0.126773192	0.162292484	0.091253901
569	0.127294577	0.163020459	0.091568695
570	0.127782423	0.163733171	0.091831675
571	0.128235769	0.164433547	0.092037991
572	0.128807115	0.16521239	0.092401841
573	0.129335538	0.165963916	0.092707161
574	0.129833615	0.166696156	0.092971075
575	0.130433538	0.167491559	0.093375518
576	0.130998538	0.168280915	0.093716162
577	0.131551846	0.169071922	0.09403177
578	0.132118231	0.169865816	0.094370646
579	0.132631808	0.170621148	0.094642467
580	0.133149	0.171374082	0.094923918
581	0.133692	0.172136861	0.095247139
582	0.134182115	0.172854325	0.095509906
583	0.134697154	0.173583876	0.095810432
584	0.135234269	0.174326142	0.096142396
585	0.135705423	0.175019274	0.096391573
586	0.136177769	0.175705658	0.09664988
587	0.136650346	0.176387735	0.096912958
588	0.137115115	0.17704802	0.09718221
589	0.137572885	0.177706033	0.097439736
590	0.138024731	0.178353263	0.097696198
591	0.138467077	0.178975518	0.097958636
592	0.138952308	0.179586487	0.098318128
593	0.1393955	0.180181137	0.098609863
594	0.139796385	0.180761516	0.098831254
595	0.140207385	0.181306005	0.099108764
596	0.140595038	0.181848734	0.099341343
597	0.140972615	0.182389682	0.099555548
598	0.141363423	0.182924741	0.099802105
599	0.141760346	0.18345156	0.100069132
600	0.142140077	0.183958345	0.100321808
601	0.142480808	0.184426076	0.100535539
602	0.142864	0.184907531	0.100820469
603	0.143219231	0.185354717	0.101083744
604	0.143539808	0.185761847	0.101317768
605	0.143874769	0.186161327	0.101588211
606	0.144210538	0.186569916	0.101851161
607	0.144539769	0.186968636	0.102110902
608	0.144833115	0.187289827	0.102376404
609	0.145206654	0.187685415	0.102727893
610	0.145590923	0.188093974	0.103087872
611	0.145936462	0.188470753	0.10340217
612	0.146310115	0.188845209	0.103775022
613	0.146667115	0.18920711	0.104127121
614	0.147001269	0.189555315	0.104447223
615	0.147335577	0.189886241	0.104784913
616	0.147681346	0.190232137	0.105130555
617	0.148031769	0.190585368	0.10547817
618	0.148361538	0.190919124	0.105803953
619	0.148696577	0.191230017	0.106163137
620	0.149043731	0.191539258	0.106548204
621	0.149411577	0.191860703	0.106962451
622	0.149772423	0.192210473	0.107334373
623	0.150128769	0.192550894	0.107706645
624	0.150479462	0.192872295	0.108086628
625	0.150824154	0.19319773	0.108450578
626	0.151207	0.193549721	0.108864279
627	0.151600385	0.193910744	0.109290025
628	0.151911423	0.194225277	0.109597569
629	0.152252308	0.194577774	0.109926842
630	0.152581385	0.194929423	0.110233346
631	0.152859923	0.195247686	0.11047216
632	0.153218154	0.195588502	0.110847806
633	0.153574462	0.195942937	0.111205986
634	0.153913077	0.196310981	0.111515173
635	0.154307269	0.196694139	0.1119204
636	0.154676615	0.197056455	0.112296776
637	0.155023769	0.197402884	0.112644654
638	0.155352115	0.197748211	0.11295602
639	0.155704885	0.198081688	0.113328081
640	0.156045538	0.198398307	0.11369277
641	0.156332308	0.198685631	0.113978985
642	0.156679731	0.199027011	0.11433245
643	0.157028462	0.199363202	0.114693721
644	0.157365692	0.199680313	0.115051072
645	0.157687346	0.199959411	0.115415281
646	0.157996923	0.200259982	0.115733864
647	0.158298923	0.200575503	0.116022343
648	0.158613962	0.200865241	0.116362682
649	0.158922192	0.201162393	0.116681992
650	0.159233154	0.201467215	0.116999093
651	0.159564692	0.2017882	0.117341185
652	0.159903846	0.202088184	0.117719508
653	0.160239654	0.202391622	0.118087686
654	0.160571	0.202711539	0.118430461
655	0.160930385	0.203050579	0.118810191
656	0.161281692	0.203414647	0.119148738
657	0.161632269	0.203793696	0.119470843
658	0.162069462	0.20418318	0.119955743
659	0.162470846	0.204547982	0.120393711
660	0.162861808	0.204910056	0.120813559
661	0.163279385	0.205304361	0.121254408
662	0.163671308	0.20569703	0.121645586
663	0.164055846	0.206084322	0.122027371
664	0.164438846	0.206462457	0.122415236
665	0.164853923	0.206853484	0.122854362
666	0.165263615	0.207244493	0.123282737
667	0.165664769	0.207634502	0.123695036
668	0.166041269	0.208010322	0.124072216
669	0.166439346	0.208404031	0.124474661
670	0.166839308	0.208800974	0.124877641
671	0.167209346	0.209177364	0.125241328
672	0.167615038	0.209577657	0.12565242
673	0.168014885	0.209973508	0.126056261
674	0.168388231	0.210350281	0.12642618
675	0.168800885	0.21077382	0.126827949
676	0.169212038	0.21119527	0.127228807
677	0.169617192	0.211609931	0.127624454
678	0.170002308	0.21201804	0.127986575
679	0.170391308	0.212442027	0.128340588
680	0.170790615	0.212874374	0.128706857
681	0.171222731	0.21330344	0.129142022
682	0.171617692	0.213718955	0.129516429
683	0.172010654	0.2141326	0.129888708
684	0.172422808	0.214554217	0.130291398
685	0.172832885	0.215005611	0.130660158
686	0.173259769	0.215481921	0.131037618
687	0.173700885	0.215973385	0.131428384
688	0.174118577	0.216445484	0.13179167
689	0.174557346	0.216914624	0.132200069
690	0.175003346	0.217375989	0.132630703
691	0.175434269	0.217838198	0.13303034
692	0.175897923	0.218338337	0.133457509
693	0.176352423	0.218848628	0.133856218
694	0.176766885	0.219355029	0.13417874
695	0.177154154	0.219831823	0.134476484
696	0.177568462	0.220332778	0.134804145
697	0.178019077	0.22086967	0.135168484
698	0.178435346	0.22136815	0.135502542
699	0.178853346	0.221875306	0.135831386
700	0.179282231	0.22239643	0.136168032
701	0.179762769	0.22295756	0.136567979
702	0.180206538	0.223499668	0.136913409
703	0.180645923	0.224034623	0.137257224
704	0.181109731	0.224576601	0.13764286
705	0.181542154	0.225119609	0.137964699
706	0.181973615	0.225659347	0.138287883
707	0.182410231	0.226195306	0.138625156
708	0.182877154	0.226776721	0.138977586
709	0.183333	0.227327462	0.139338538
710	0.183783462	0.227861741	0.139705182
711	0.184254077	0.228431639	0.140076515
712	0.184704038	0.228984872	0.140423205
713	0.185139423	0.22952125	0.140757596
714	0.1855595	0.230033632	0.141085368
715	0.185981192	0.230549058	0.141413327
716	0.186414115	0.231086533	0.141741697
717	0.186862423	0.231653973	0.142070873
718	0.187272269	0.232184699	0.142359839
719	0.187722654	0.232736916	0.142708391
720	0.188187154	0.23327227	0.143102038
721	0.188588846	0.233738547	0.143439145
722	0.189021962	0.23426414	0.143779784
723	0.1894625	0.234825103	0.144099897
724	0.189872577	0.235373334	0.14437182
725	0.190303192	0.235913524	0.14469286
726	0.190732385	0.236448341	0.145016428
727	0.191155615	0.236982614	0.145328617
728	0.191570885	0.237486612	0.145655157
729	0.191979269	0.237999167	0.145959372
730	0.192382077	0.2385135	0.146250654
731	0.192805115	0.239018994	0.146591237
732	0.193228577	0.239528328	0.146928826
733	0.193645615	0.240032666	0.147258565
734	0.194047846	0.240527465	0.147568227
735	0.194435385	0.241009025	0.147861744
736	0.194817423	0.241479241	0.148155606
737	0.195196808	0.241937593	0.148456023
738	0.195563231	0.24237259	0.148753871
739	0.195937154	0.242812551	0.149061756
740	0.196317962	0.243258559	0.149377364
741	0.196698462	0.243718585	0.149678338
742	0.197061923	0.24413008	0.149993766
743	0.197415731	0.244526846	0.150304616
744	0.197768154	0.244961103	0.150575205
745	0.198136538	0.245389592	0.150883485
746	0.198495962	0.245802986	0.151188938
747	0.198834077	0.246194737	0.151473417
748	0.199164962	0.246584756	0.151745167
749	0.199515846	0.246990522	0.15204117
750	0.199880615	0.24740556	0.152355671
751	0.200184846	0.247762414	0.152607278
752	0.200489769	0.248111967	0.152867571
753	0.200794769	0.248456035	0.153133504
754	0.201099115	0.248796856	0.153401374
755	0.201399615	0.249139769	0.153659462
756	0.201693654	0.249456091	0.153931216
757	0.201981769	0.249731597	0.154231942
758	0.202171269	0.249821641	0.154520898
759	0.202455615	0.250157606	0.154753625
760	0.202906577	0.250971635	0.154841519
761	0.203159923	0.251217034	0.155102812
762	0.203411538	0.25144207	0.155381007
763	0.203667731	0.251666035	0.155669426
764	0.203933962	0.251896373	0.15597155
765	0.204154308	0.252068649	0.156239966
766	0.204385615	0.252258771	0.15651246
767	0.204669423	0.252519635	0.156819211
768	0.204926577	0.252800394	0.15705276
769	0.205186962	0.253065666	0.157308257
770	0.205453346	0.253311994	0.157594698
771	0.205665269	0.253500618	0.15782992
772	0.205873462	0.253706339	0.158040585
773	0.206088231	0.25392945	0.158247012
774	0.206345192	0.254180775	0.158509609
775	0.206582154	0.254409465	0.158754843
776	0.206806115	0.254617776	0.158994455
777	0.207016808	0.254798729	0.159234886
778	0.207221731	0.254986204	0.159457257
779	0.207430192	0.255163443	0.159696941
780	0.207643385	0.255326741	0.159960028
781	0.207836308	0.255499159	0.160173456
782	0.2080215	0.255658988	0.160384012
783	0.208204731	0.255813718	0.160595743
784	0.208405615	0.255987076	0.160824155
785	0.2085965	0.256143283	0.161049717
786	0.208781808	0.256290711	0.161272904
787	0.208962115	0.256431106	0.161493125
788	0.209130192	0.256578257	0.161682128
789	0.209300692	0.256714646	0.161886739
790	0.209476885	0.25683556	0.16211821
791	0.209681615	0.25698367	0.162379561
792	0.209838538	0.257091757	0.16258532
793	0.209964077	0.257168625	0.162759529
794	0.210119192	0.257243017	0.162995368
795	0.210259692	0.257331136	0.163188249
796	0.210408885	0.257434662	0.163383107
797	0.210595731	0.257563595	0.163627866
798	0.210759038	0.257657946	0.163860131
799	0.210919308	0.257755013	0.164083603
800	0.211080615	0.257864379	0.164296852
801	0.211213846	0.25792883	0.164498862
802	0.211342	0.257991878	0.164692122
803	0.211466462	0.25805646	0.164876463
804	0.211590846	0.25813604	0.165045652
805	0.211732885	0.258205155	0.165260615
806	0.211877038	0.258270657	0.16548342
807	0.212002269	0.258337122	0.165667416
808	0.212119154	0.258367365	0.165870943
809	0.212254192	0.258411478	0.166096907
810	0.212419885	0.258489053	0.166350716
811	0.212523615	0.258532884	0.166514347
812	0.2126415	0.258583404	0.166699596
813	0.212771769	0.258640243	0.166903296
814	0.212890923	0.258699529	0.167082318
815	0.213012308	0.258752118	0.167272497
816	0.2131345	0.258801134	0.167467866
817	0.213256885	0.258849471	0.167664298
818	0.213397269	0.25891937	0.167875169
819	0.213528	0.258987243	0.168068757
820	0.213635077	0.259042735	0.168227419
821	0.213722692	0.259062576	0.168382808
822	0.213833	0.259084318	0.168581682
823	0.213964769	0.25911503	0.168814509
824	0.214064115	0.259147803	0.168980427
825	0.214174308	0.259195492	0.169153123
826	0.214292923	0.259252967	0.169332879
827	0.2144215	0.259320357	0.169522643
828	0.214536231	0.259379913	0.169692548
829	0.214640077	0.2594147	0.169865454
830	0.214730423	0.259408541	0.170052306
831	0.214855846	0.259495426	0.170216266
832	0.214980731	0.259574835	0.170386627
833	0.215103462	0.259640906	0.170566017
834	0.215242346	0.259726559	0.170758134
835	0.215374038	0.259812439	0.170935638
836	0.215493692	0.25987974	0.171107644
837	0.215583692	0.259875844	0.171291541
838	0.215693808	0.259901928	0.171485687
839	0.215806577	0.25993367	0.171679484
840	0.215913462	0.25995984	0.171867083
841	0.2160335	0.260034091	0.172032909
842	0.216148154	0.26009235	0.172203958
843	0.216256808	0.260130268	0.172383347
844	0.216381731	0.260185715	0.172577746
845	0.216528	0.260282501	0.172773499
846	0.216679	0.260389549	0.172968451
847	0.216792923	0.260430694	0.173155152
848	0.216897038	0.260445132	0.173348945
849	0.217015885	0.260495325	0.173536444
850	0.217172423	0.260639624	0.173705222
851	0.217296615	0.260734831	0.1738584
852	0.217423462	0.260801498	0.174045425
853	0.217557385	0.260841603	0.174273166
854	0.217716192	0.260960988	0.174471397
855	0.2178545	0.261067944	0.174641056
856	0.217976846	0.261156659	0.174797033
857	0.218086577	0.26120116	0.174971993
858	0.2182515	0.261323566	0.175179434
859	0.218415154	0.26145055	0.175379757
860	0.218530885	0.261524224	0.175537546
861	0.2186685	0.261640523	0.175696477
862	0.218817385	0.261777193	0.175857576
863	0.218976654	0.261931518	0.176021789
864	0.219125269	0.262031448	0.17621909
865	0.219301115	0.262160121	0.176442109
866	0.219487577	0.262303002	0.176672152
867	0.219625462	0.262410738	0.176840185
868	0.219766846	0.262540535	0.176993157
869	0.219909577	0.262660839	0.177158314
870	0.220053269	0.262738896	0.177367642
871	0.220198538	0.262906684	0.177490393
872	0.220362385	0.263090976	0.177633794
873	0.220550462	0.263276611	0.177824313
874	0.220701846	0.263392972	0.178010721
875	0.220869115	0.263519394	0.178218837
876	0.221046	0.263657571	0.178434429
877	0.221206385	0.263816573	0.178596196
878	0.221324808	0.263928348	0.178721267
879	0.221443154	0.264034249	0.178852059
880	0.221605692	0.264174922	0.179036463
881	0.221786077	0.264316867	0.179255287
882	0.221966346	0.264452365	0.179480328
883	0.222141192	0.26457702	0.179705365
884	0.222289423	0.264700153	0.179878693
885	0.222445923	0.264843713	0.180048134
886	0.222616923	0.265011532	0.180222314
887	0.222837692	0.265227332	0.180448053
888	0.223030269	0.265401486	0.180659053
889	0.223208038	0.265558581	0.180857496
890	0.223380423	0.265720142	0.181040704
891	0.223544731	0.265895996	0.181193466
892	0.223727	0.266112581	0.181341419
893	0.223939385	0.266388915	0.181489854
894	0.224109077	0.266558745	0.181659409
895	0.224312462	0.266767386	0.181857538
896	0.224544269	0.267010187	0.182078352
897	0.224739346	0.267190898	0.182287795
898	0.224953885	0.267392433	0.182515336
899	0.225169538	0.267602617	0.18273646
900	0.225352923	0.267801024	0.182904822
901	0.225547269	0.268011839	0.1830827
902	0.225775154	0.268271748	0.18327856
903	0.226054	0.268607782	0.183500218
904	0.226261846	0.268812716	0.183710977
905	0.226473308	0.269021252	0.183925363
906	0.226689846	0.269241137	0.184138555
907	0.226883231	0.269461124	0.184305337
908	0.227049731	0.269678021	0.18442144
909	0.227225192	0.269915195	0.184535189
910	0.227480692	0.270222615	0.184738769
911	0.227710692	0.270451236	0.184970149
912	0.227927577	0.270667627	0.185187526
913	0.228131808	0.2708994	0.185364216
914	0.228396654	0.271170879	0.185622428
915	0.228661346	0.27147658	0.185846112
916	0.228920538	0.271808085	0.186032992
917	0.229175577	0.272073283	0.186277871
918	0.229405385	0.272351293	0.186459476
919	0.229635923	0.272642707	0.186629139
920	0.229923423	0.272959018	0.186887828
921	0.230188962	0.273261272	0.187116651
922	0.230425769	0.273523592	0.187327947
923	0.230618462	0.273715752	0.187521171
924	0.230834154	0.274043176	0.187625131
925	0.231057808	0.274309828	0.187805787
926	0.231286615	0.274500215	0.188073016
927	0.231532192	0.274885313	0.188179072
928	0.231752769	0.275178432	0.188327107
929	0.231962577	0.275410667	0.188514486
930	0.232194962	0.275630931	0.188758992
931	0.232514192	0.276019884	0.189008501
932	0.2328135	0.276359752	0.189267248
933	0.232958269	0.276375765	0.189540774
934	0.233206577	0.276645524	0.18976763
935	0.233453308	0.276939974	0.189966641
936	0.233673115	0.277205099	0.190141132
937	0.233911654	0.27748021	0.190343098
938	0.234204231	0.277890788	0.190517673
939	0.234522731	0.278357196	0.190688266
940	0.234813192	0.278711994	0.190914391
941	0.234941038	0.278805107	0.19107697
942	0.235102154	0.278934926	0.191269381
943	0.235465077	0.279348858	0.191581296
944	0.235631115	0.279392883	0.191869347
945	0.235786962	0.279488674	0.192085249
946	0.235969385	0.279722564	0.192216205
947	0.236353231	0.280211442	0.19249502
948	0.236620077	0.280535045	0.192705109
949	0.236805615	0.280752648	0.192858583
950	0.237020462	0.281068914	0.192972009
951	0.237236538	0.281245221	0.193227856
952	0.237478346	0.281443627	0.193513065
953	0.237777923	0.281826635	0.193729211
954	0.238048077	0.282118095	0.193978059
955	0.238288308	0.282348324	0.194228291
956	0.238493923	0.282515801	0.194472045
957	0.2386945	0.282745692	0.194643308
958	0.238891885	0.283019543	0.194764226
959	0.239087577	0.28331633	0.194858824
960	0.239291115	0.28355541	0.195026821
961	0.239516269	0.283740332	0.195292207
962	0.239729154	0.283914695	0.195543612
963	0.239876654	0.284114928	0.19563838
964	0.240166038	0.284373103	0.195958974
965	0.240450692	0.284703522	0.196197863
966	0.240684	0.285113911	0.196254089
967	0.240857462	0.285287983	0.19642694
968	0.241088308	0.285521615	0.196655
969	0.241363038	0.285809754	0.196916323
970	0.241597731	0.286104221	0.19709124
971	0.241852577	0.286393096	0.197312057
972	0.242097962	0.286634061	0.197561862
973	0.242283962	0.286733913	0.19783401
974	0.242447308	0.286962486	0.197932129
975	0.242692346	0.287296296	0.198088397
976	0.243077346	0.287753628	0.198401065
977	0.243230769	0.287893684	0.198567855
978	0.243393231	0.287978499	0.198807962
979	0.243560577	0.288025336	0.199095818
980	0.243611154	0.288068125	0.199154183
981	0.243892346	0.288460424	0.199324268
982	0.244236885	0.288939373	0.199534396
983	0.244405615	0.289129409	0.199681822
984	0.244671846	0.289442983	0.199900709
985	0.244915115	0.289706836	0.200123394
986	0.245079615	0.28983778	0.200321451
987	0.245155038	0.289814368	0.200495709
988	0.245293654	0.289893622	0.200693686
989	0.245506346	0.290096956	0.200915736
990	0.245782077	0.290439095	0.201125059
991	0.245947	0.290673754	0.201220246
992	0.246069962	0.290799039	0.201340884
993	0.246262	0.290739328	0.201784672
994	0.246465	0.291037116	0.201892884
995	0.246679231	0.291351496	0.202006965
996	0.246906038	0.291510843	0.202301234
997	0.246959769	0.291523439	0.2023961
998	0.246962538	0.29146192	0.202463157
999	0.246946423	0.291359719	0.202533127
1000	0.247267423	0.291672122	0.202862724
1001	0.247108192	0.293348139	0.200868245
1002	0.247288846	0.293502014	0.201075678
1003	0.247452962	0.293604822	0.201301101
1004	0.247565385	0.293631381	0.201499388
1005	0.247695808	0.293811751	0.201579864
1006	0.247835808	0.294026514	0.201645101
1007	0.247959885	0.294094396	0.201825373
1008	0.248085538	0.294124493	0.202046584
1009	0.248215769	0.294223413	0.202208126
1010	0.248336885	0.294343355	0.202330414
1011	0.248440231	0.294419117	0.202461344
1012	0.248529615	0.294458525	0.202600705
1013	0.2486005	0.294432798	0.202768202
1014	0.248622808	0.294303851	0.202941764
1015	0.248638654	0.29418597	0.203091338
1016	0.248700923	0.294204394	0.203197453
1017	0.248778	0.294293136	0.203262864
1018	0.248841423	0.294331205	0.203351641
1019	0.248916346	0.294365288	0.203467404
1020	0.248999923	0.294460695	0.203539151
1021	0.249048846	0.29449005	0.203607642
1022	0.249068192	0.294396898	0.203739487
1023	0.249107385	0.294337633	0.203877137
1024	0.249172808	0.294400729	0.203944886
1025	0.249213038	0.294458499	0.203967578
1026	0.249217077	0.294401904	0.20403225
1027	0.249246385	0.29432671	0.204166059
1028	0.249313346	0.294334788	0.204291905
1029	0.2493575	0.294343039	0.204371961
1030	0.249377846	0.294294358	0.204461335
1031	0.249384615	0.294214194	0.204555037
1032	0.249412346	0.29424289	0.204581802
1033	0.249471654	0.294311404	0.204631904
1034	0.249520962	0.294291689	0.204750234
1035	0.249571	0.294261786	0.204880214
1036	0.249633077	0.294247426	0.205018728
1037	0.249686115	0.294245794	0.205126437
1038	0.249701846	0.294214454	0.205189238
1039	0.249721885	0.294176789	0.20526698
1040	0.249787692	0.294184636	0.205390749
1041	0.249861808	0.294214504	0.205509111
1042	0.249900885	0.294222796	0.205578973
1043	0.249919038	0.294205774	0.205632303
1044	0.249940769	0.294140279	0.20574126
1045	0.249979269	0.294052695	0.205905843
1046	0.249971231	0.293920658	0.206021804
1047	0.249954885	0.293858157	0.206051612
1048	0.250009038	0.293918827	0.20609925
1049	0.250089808	0.293987324	0.206192291
1050	0.250152423	0.294031206	0.20627364
1051	0.250195769	0.294026465	0.206365074
1052	0.250225654	0.29397786	0.206473447
1053	0.250254923	0.293935416	0.20657443
1054	0.250286692	0.293908671	0.206664713
1055	0.250305077	0.29385662	0.206753534
1056	0.250321	0.293790678	0.206851322
1057	0.250348692	0.293731785	0.206965599
1058	0.250369885	0.293674416	0.207065353
1059	0.250398423	0.293676266	0.20712058
1060	0.2504505	0.293693768	0.207207232
1061	0.250464462	0.293594048	0.207334875
1062	0.2504295	0.293426156	0.207432844
1063	0.250415	0.293312195	0.207517805
1064	0.250477731	0.293337	0.207618461
1065	0.250519115	0.293340527	0.207697704
1066	0.250495654	0.293193053	0.207798255
1067	0.250501885	0.293088012	0.207915757
1068	0.250541346	0.293093191	0.207989502
1069	0.250577615	0.293102839	0.208052391
1070	0.2506195	0.293078558	0.208160442
1071	0.250663577	0.293042486	0.208284668
1072	0.250678462	0.292972163	0.20838476
1073	0.250673846	0.29287984	0.208467852
1074	0.250644808	0.292739587	0.208550028
1075	0.250638385	0.292645385	0.208631384
1076	0.250662192	0.29265577	0.208668615
1077	0.250670154	0.292629522	0.208710785
1078	0.2506575	0.292530724	0.208784276
1079	0.250659231	0.292491254	0.208827207
1080	0.250697654	0.292531205	0.208864103
1081	0.250719077	0.292481643	0.208956511
1082	0.250716077	0.292388515	0.209043639
1083	0.250739769	0.292342499	0.209137039
1084	0.250760808	0.292291966	0.209229649
1085	0.250745038	0.29220451	0.209285567
1086	0.250719	0.292110104	0.209327896
1087	0.250673538	0.291985419	0.209361658
1088	0.250629769	0.291854004	0.209405535
1089	0.250646577	0.291815588	0.209477566
1090	0.250679692	0.291828043	0.209531341
1091	0.250676962	0.291820453	0.20953347
1092	0.250653231	0.291772904	0.209533558
1093	0.250655654	0.291738814	0.209572494
1094	0.250685962	0.291747512	0.209624411
1095	0.250720192	0.291773381	0.209667004
1096	0.250740769	0.291724717	0.209756821
1097	0.250748269	0.291635239	0.209861299
1098	0.250736462	0.291538831	0.209934092
1099	0.250730923	0.291465956	0.20999589
1100	0.250735423	0.291443131	0.210027715
1101	0.250741962	0.291427525	0.210056398
1102	0.250781577	0.29147132	0.210091834
1103	0.250824115	0.291519862	0.210128369
1104	0.250865885	0.291547234	0.210184535
1105	0.250904885	0.291566077	0.210243692
1106	0.250969692	0.2916172	0.210322185
1107	0.251043385	0.29168415	0.210402619
1108	0.251077308	0.291745274	0.210409341
1109	0.251082115	0.291781106	0.210383124
1110	0.251115192	0.291808751	0.210421634
1111	0.251173885	0.29183745	0.210510319
1112	0.251209385	0.291868413	0.210550356
1113	0.251232077	0.291951463	0.210512691
1114	0.251271269	0.292044808	0.21049773
1115	0.251337	0.292119538	0.210554462
1116	0.251371154	0.292111327	0.21063098
1117	0.251317154	0.291882422	0.210751886
1118	0.251256577	0.291641328	0.210871826
1119	0.251237038	0.291511779	0.210962298
1120	0.251201	0.291359647	0.211042353
1121	0.251118923	0.291093128	0.211144718
1122	0.251033308	0.290808512	0.211258103
1123	0.251111308	0.290866699	0.211355917
1124	0.251191077	0.290948757	0.211433397
1125	0.251240346	0.290961931	0.211518761
1126	0.251284115	0.290971247	0.211596983
1127	0.251276231	0.290872938	0.211679524
1128	0.251246077	0.290700224	0.21179193
1129	0.251295115	0.290663841	0.21192639
1130	0.251424769	0.290795956	0.212053583
1131	0.251549192	0.290942943	0.212155441
1132	0.251628538	0.290999107	0.21225797
1133	0.251681077	0.290995854	0.212366299
1134	0.251692769	0.290956263	0.212429275
1135	0.251724462	0.290963832	0.212485091
1136	0.251837846	0.291088599	0.212587093
1137	0.251939346	0.291192683	0.212686009
1138	0.251947808	0.29115275	0.212742865
1139	0.251954923	0.291116122	0.212793724
1140	0.251997731	0.291135899	0.212859563
1141	0.252038923	0.291147156	0.21293069
1142	0.252020192	0.291069218	0.212971167
1143	0.251991654	0.290993	0.212990308
1144	0.251964462	0.290909545	0.213019378
1145	0.251933192	0.290808547	0.213057837
1146	0.251914192	0.29074338	0.213085004
1147	0.251917115	0.290718773	0.213115458
1148	0.251896615	0.290625387	0.213167844
1149	0.251840192	0.290441292	0.213239093
1150	0.251800769	0.290298697	0.213302842
1151	0.251797846	0.290242138	0.213353554
1152	0.251799269	0.290186388	0.21341215
1153	0.251798923	0.290085848	0.213511998
1154	0.251801231	0.290001448	0.213601014
1155	0.251820038	0.289994382	0.213645695
1156	0.251839885	0.289989778	0.213689991
1157	0.251851192	0.28997028	0.213732104
1158	0.251862115	0.289954343	0.213769887
1159	0.251889346	0.289949426	0.213829266
1160	0.251921077	0.289949092	0.213893062
1161	0.251919	0.289901286	0.213936714
1162	0.251904885	0.289839583	0.213970187
1163	0.251917269	0.289833836	0.214000702
1164	0.251945385	0.289858144	0.214032625
1165	0.251971654	0.28987355	0.214069758
1166	0.251998154	0.289885577	0.214110731
1167	0.252012731	0.289887734	0.214137727
1168	0.252006615	0.289870559	0.214142672
1169	0.252009962	0.289854566	0.214165357
1170	0.252037846	0.2898404	0.214235292
1171	0.252066077	0.289831483	0.214300671
1172	0.252095808	0.289844015	0.214347601
1173	0.252125269	0.289855198	0.21439534
1174	0.252151769	0.289841715	0.214461823
1175	0.252178154	0.289828209	0.214528099
1176	0.252199615	0.289861214	0.214538016
1177	0.252220615	0.289897275	0.214543956
1178	0.252208615	0.289839934	0.214577296
1179	0.252189154	0.289763117	0.214615191
1180	0.252204615	0.289730499	0.214678731
1181	0.252233615	0.289714773	0.214752458
1182	0.252247923	0.289710113	0.214785733
1183	0.252252808	0.289711222	0.214794393
1184	0.2522725	0.289729426	0.214815574
1185	0.252306154	0.289764037	0.21484827
1186	0.252329462	0.289773309	0.214885614
1187	0.252337692	0.289748166	0.214927219
1188	0.252348423	0.289722993	0.214973853
1189	0.252362423	0.289687715	0.215037131
1190	0.252377538	0.289658925	0.215096152
1191	0.252401885	0.289660283	0.215143487
1192	0.252425154	0.28965842	0.215191888
1193	0.252429038	0.289635905	0.215222172
1194	0.252433231	0.289614523	0.215251939
1195	0.252454423	0.289621714	0.215287132
1196	0.252476462	0.28962944	0.215323483
1197	0.252493231	0.289610013	0.215376449
1198	0.252508731	0.289584654	0.215432808
1199	0.252498692	0.28952515	0.215472234
1200	0.252481308	0.289460175	0.21550244
1201	0.252478731	0.289412378	0.215545084
1202	0.252482269	0.289365137	0.215599402
1203	0.252496885	0.289343773	0.215649997
1204	0.252519154	0.289345778	0.215692529
1205	0.252537269	0.28933812	0.215736419
1206	0.252552538	0.289321789	0.215783287
1207	0.252556423	0.289284688	0.215828158
1208	0.252543154	0.289212309	0.215873999
1209	0.252541692	0.289164103	0.215919282
1210	0.252571731	0.28918788	0.215955581
1211	0.252597885	0.289199651	0.215996119
1212	0.252588654	0.289118036	0.216059272
1213	0.252580538	0.28904122	0.216119857
1214	0.2525995	0.289040356	0.216158644
1215	0.252618577	0.28904017	0.216196984
1216	0.252619808	0.288961586	0.216278029
1217	0.252621615	0.288880284	0.216362946
1218	0.252623462	0.288846695	0.216400228
1219	0.252623308	0.288820351	0.216426264
1220	0.252623385	0.288786815	0.216459955
1221	0.252623154	0.288752838	0.21649347
1222	0.252611885	0.288685996	0.216537773
1223	0.252596923	0.288598672	0.216595174
1224	0.252592808	0.288558584	0.216627031
1225	0.252594115	0.28855697	0.21663126
1226	0.252591385	0.28852528	0.216657489
1227	0.252583885	0.288456219	0.21671155
1228	0.252577615	0.288390295	0.216764936
1229	0.252578346	0.288342996	0.216813696
1230	0.252577346	0.288306527	0.216848166
1231	0.2525685	0.288278077	0.216858923
1232	0.252557115	0.288234469	0.216879762
1233	0.252547346	0.28815478	0.216939912
1234	0.252542038	0.28808328	0.217000797
1235	0.252538269	0.288023448	0.217053091
1236	0.252532462	0.287962224	0.217102699
1237	0.252519192	0.287919835	0.217118549
1238	0.252506615	0.287880779	0.217132452
1239	0.252486769	0.287833948	0.217139591
1240	0.252465077	0.287783443	0.217146711
1241	0.252447538	0.287720258	0.217174819
1242	0.252434231	0.287655427	0.217213035
1243	0.252426423	0.287611882	0.217240964
1244	0.252419346	0.287585793	0.217252899
1245	0.252412462	0.287544169	0.217280754
1246	0.252404	0.28747759	0.21733041
1247	0.252383692	0.287398713	0.217368672
1248	0.252357385	0.287320758	0.217394011
1249	0.252337308	0.287260162	0.217414453
1250	0.252321423	0.2872282	0.217414646
1251	0.252310846	0.287195228	0.217426465
1252	0.252315154	0.28714556	0.217484748
1253	0.252317962	0.287100599	0.217535324
1254	0.2523135	0.287083053	0.217543947
1255	0.252309577	0.287062587	0.217556567
1256	0.252314769	0.287042808	0.217586731
1257	0.252319615	0.287031212	0.217608019
1258	0.252316154	0.287034632	0.217597675
1259	0.252312423	0.287031951	0.217592895
1260	0.252323577	0.286991891	0.217655263
1261	0.252333231	0.28694837	0.217718091
1262	0.252298538	0.286869575	0.217727502
1263	0.252262231	0.286796825	0.217727637
1264	0.252250808	0.286749493	0.217752122
1265	0.252247385	0.286705828	0.217788942
1266	0.252247731	0.286665583	0.217829878
1267	0.252240885	0.286614569	0.217867201
1268	0.252227538	0.286555311	0.217899766
1269	0.252213923	0.286495971	0.217931875
1270	0.252213808	0.28646123	0.217966385
1271	0.252233	0.286464714	0.218001286
1272	0.252243731	0.286453852	0.218033609
1273	0.252239923	0.286407942	0.218071904
1274	0.252237038	0.286355734	0.218118343
1275	0.252223885	0.286286142	0.218161627
1276	0.252209538	0.286233109	0.218185968
1277	0.252203769	0.286227159	0.218180379
1278	0.252200192	0.286216533	0.218183851
1279	0.252209423	0.286217389	0.218201457
1280	0.252216808	0.286218274	0.218215341
1281	0.252202846	0.286178572	0.21822712
1282	0.252185731	0.286132789	0.218238673
1283	0.252157731	0.286065156	0.218250305
1284	0.252130538	0.285997627	0.21826345
1285	0.252114846	0.285976336	0.218253357
1286	0.252099923	0.285968509	0.218231337
1287	0.252084038	0.285976625	0.218191452
1288	0.252064615	0.285972111	0.21815712
1289	0.252041115	0.285925026	0.218157205
1290	0.252022115	0.285880751	0.21816348
1291	0.251992769	0.285830556	0.218154983
1292	0.251955423	0.28577243	0.218138416
1293	0.251924962	0.285724264	0.218125659
1294	0.251896154	0.285681976	0.218110331
1295	0.251860385	0.285652783	0.218067986
1296	0.251823423	0.285629133	0.218017713
1297	0.251810923	0.285608875	0.218012972
1298	0.251821192	0.28559433	0.218048055
1299	0.251811038	0.285563541	0.218058536
1300	0.251769885	0.285492555	0.218047214
1301	0.251735654	0.285423439	0.218047868
1302	0.251738423	0.285393258	0.218083588
1303	0.251739192	0.285366598	0.218111787
1304	0.251701346	0.285332407	0.218070285
1305	0.251664962	0.285291094	0.218038829
1306	0.251653692	0.285234668	0.218072717
1307	0.251640962	0.285180127	0.218101796
1308	0.251629615	0.285164506	0.218094725
1309	0.251620615	0.285155543	0.218085688
1310	0.251598423	0.285137424	0.218059423
1311	0.251570192	0.285109583	0.218030802
1312	0.251540231	0.285048576	0.218031886
1313	0.251506808	0.284978191	0.218035425
1314	0.2515065	0.284949432	0.218063568
1315	0.251514731	0.28492866	0.218100802
1316	0.251506423	0.284867021	0.218145825
1317	0.251494654	0.284803887	0.21818542
1318	0.251497808	0.284820147	0.218175468
1319	0.251504577	0.28486574	0.218143414
1320	0.251507077	0.284846175	0.218167979
1321	0.251516269	0.284801043	0.218231495
1322	0.251541808	0.284792925	0.21829069
1323	0.251571192	0.28479682	0.218345565
1324	0.251583808	0.284800517	0.218367099
1325	0.251578423	0.284802623	0.218354224
1326	0.251567269	0.284780953	0.218353586
1327	0.251536231	0.284720827	0.218351635
1328	0.251504885	0.28466697	0.218342799
1329	0.251496038	0.284643263	0.218348814
1330	0.251482769	0.284593125	0.218372413
1331	0.251458308	0.284466303	0.218450312
1332	0.251433423	0.28437333	0.218493516
1333	0.251424654	0.284443034	0.218406274
1334	0.251422231	0.284507408	0.218337053
1335	0.251445769	0.2845172	0.218374338
1336	0.251465231	0.284517727	0.218412734
1337	0.251452423	0.28446115	0.218443696
1338	0.251439115	0.284405245	0.218472986
1339	0.251463923	0.284432892	0.218494954
1340	0.251494885	0.284461993	0.218527777
1341	0.251533462	0.284529608	0.218537315
1342	0.251574385	0.284629194	0.218519575
1343	0.251538808	0.284545575	0.21853204
1344	0.251481808	0.284405295	0.21855832
1345	0.251483538	0.284514586	0.218452491
1346	0.251496077	0.284696701	0.218295452
1347	0.251469769	0.284657016	0.218282523
1348	0.251391692	0.284515067	0.218268317
1349	0.251294115	0.284438251	0.21814998
1350	0.251217462	0.284387005	0.218047918
1351	0.251225769	0.284365527	0.218086011
1352	0.251263577	0.284407234	0.21811992
1353	0.251209154	0.284596451	0.217821856
1354	0.251082962	0.284988612	0.217177311
1355	0.251049731	0.285531232	0.21656823
1356	0.251405308	0.286218201	0.216592415
1357	0.251926615	0.286976674	0.216876557
1358	0.251930231	0.285613155	0.218247307
1359	0.251575962	0.283393578	0.219758345
1360	0.250639423	0.281765318	0.219513528
1361	0.249038308	0.279181593	0.218895022
1362	0.248482231	0.278400154	0.218564308
1363	0.247946192	0.27953055	0.216361835
1364	0.248342423	0.281816887	0.214867959
1365	0.248877115	0.293795035	0.203959196
1366	0.246493115	0.291378186	0.201608045
1367	0.243608115	0.29004209	0.197174141
1368	0.245895077	0.286464968	0.205325186
1369	0.248825462	0.284657855	0.212993068
1370	0.2486485	0.281271911	0.216025089
1371	0.248132538	0.282149365	0.214115712
1372	0.247579346	0.280846562	0.214312131
1373	0.2472515	0.281396926	0.213106074
1374	0.249150846	0.285172423	0.213129269
1375	0.250444962	0.288020689	0.212869234
1376	0.249966038	0.287802316	0.21212976
1377	0.249235038	0.288844941	0.209625136
1378	0.247888923	0.287257181	0.208520665
1379	0.246911308	0.283074273	0.210748343
1380	0.247061615	0.27978122	0.214342011
1381	0.247267846	0.278060993	0.216474699
1382	0.246728231	0.276580323	0.216876138
1383	0.245294885	0.275751928	0.214837841
1384	0.244327192	0.275679681	0.212974703
1385	0.244422846	0.276997938	0.211847755
1386	0.244858077	0.277954714	0.21176144
1387	0.245109538	0.278066484	0.212152593
1388	0.245314385	0.278322428	0.212306341
1389	0.246350808	0.279105399	0.213596217
1390	0.247054154	0.280265707	0.2138426
1391	0.247034885	0.281319826	0.212749943
1392	0.246943346	0.281778444	0.212108248
1393	0.246714192	0.281069139	0.212359246
1394	0.246217885	0.280509245	0.211926524
1395	0.2448955	0.279650477	0.210140523
1396	0.244039577	0.278963502	0.209115652
1397	0.243781923	0.277502062	0.210061784
1398	0.243465769	0.276539742	0.210391796
1399	0.243031654	0.276568313	0.209494995
1400	0.2425615	0.276376143	0.208746857
1401	0.242127885	0.275430224	0.208825546
1402	0.241684308	0.274623801	0.208744814
1403	0.241346462	0.274299911	0.208393012
1404	0.241091308	0.274154741	0.208027875
1405	0.240490808	0.273723816	0.2072578
1406	0.239790769	0.273222491	0.206359048
1407	0.239588615	0.273229334	0.205947897
1408	0.239507731	0.273342914	0.205672547
1409	0.239386577	0.272777098	0.205996056
1410	0.239175346	0.272045594	0.206305099
1411	0.238901269	0.272032317	0.205770221
1412	0.238682231	0.272217583	0.205146879
1413	0.238573423	0.27183699	0.205309856
1414	0.238508115	0.2714131	0.20560313
1415	0.238596885	0.27141096	0.205782809
1416	0.23869	0.271495125	0.205884875
1417	0.238793308	0.271559091	0.206027524
1418	0.238949231	0.271579889	0.206318573
1419	0.239243846	0.271995749	0.206491943
1420	0.2395935	0.272657197	0.206529803
1421	0.239946192	0.27301401	0.206878375
1422	0.240324846	0.273242234	0.207407459
1423	0.240680115	0.273578185	0.207782045
1424	0.241012808	0.273931387	0.208094228
1425	0.241399154	0.274360068	0.20843824
1426	0.241802615	0.274856786	0.208748445
1427	0.242173346	0.275221111	0.209125581
1428	0.242566077	0.27553423	0.209597924
1429	0.242953	0.27590978	0.20999622
1430	0.243334115	0.276318755	0.210349475
1431	0.243676385	0.2766405	0.210712269
1432	0.243870923	0.276709713	0.211032133
1433	0.244069231	0.276811865	0.211326597
1434	0.244285077	0.2769847	0.211585453
1435	0.244467885	0.277158477	0.211777292
1436	0.244607654	0.277421703	0.211793604
1437	0.244772885	0.277654869	0.2118909
1438	0.244979769	0.277763801	0.212195738
1439	0.245164231	0.277874935	0.212453526
1440	0.245252346	0.277969017	0.212535676
1441	0.245335808	0.278069791	0.212601825
1442	0.245428385	0.278177956	0.212678814
1443	0.245546192	0.278313652	0.212778732
1444	0.245692269	0.278477955	0.212906584
1445	0.245808615	0.278593001	0.21302423
1446	0.24586	0.278636034	0.213083966
1447	0.245919538	0.278714951	0.213124126
1448	0.245962462	0.278808666	0.213116257
1449	0.2459995	0.278866318	0.213132682
1450	0.246044846	0.278767369	0.213322324
1451	0.246095538	0.278675847	0.21351523
1452	0.246155923	0.278695777	0.213616069
1453	0.246217038	0.278748004	0.213686073
1454	0.246254192	0.278785043	0.213723342
1455	0.246287577	0.278800407	0.213774747
1456	0.246322	0.278845553	0.213798447
1457	0.246357	0.278910391	0.213803609
1458	0.246396923	0.2789777	0.213816146
1459	0.246439115	0.279029249	0.213848982
1460	0.246489038	0.279060174	0.213917903
1461	0.246541962	0.279118809	0.213965114
1462	0.246573769	0.279157471	0.213990068
1463	0.246592769	0.279144023	0.214041516
1464	0.246622423	0.279215211	0.214029636
1465	0.246643462	0.279338273	0.21394865
1466	0.246651769	0.279325807	0.213977732
1467	0.246677038	0.279248585	0.214105492
1468	0.246725923	0.279230762	0.214221084
1469	0.246774231	0.279234952	0.21431351
1470	0.246789615	0.279274612	0.214304619
1471	0.246783385	0.279345976	0.214220793
1472	0.2467975	0.279439111	0.214155889
1473	0.246825577	0.279532421	0.214118733
1474	0.246834654	0.279477157	0.214192151
1475	0.246836885	0.279346027	0.214327743
1476	0.246878077	0.279371575	0.214384579
1477	0.2469545	0.279496904	0.214412096
1478	0.247013192	0.279546078	0.214480306
1479	0.247038615	0.279511296	0.214565935
1480	0.247060385	0.279492589	0.21462818
1481	0.247093038	0.279523349	0.214662728
1482	0.247130923	0.27957166	0.214690186
1483	0.247183154	0.279646294	0.214720014
1484	0.247232	0.279716913	0.214747087
1485	0.247267154	0.279753242	0.214781065
1486	0.247305038	0.279778086	0.214831991
1487	0.247330231	0.279793258	0.214867204
1488	0.247351846	0.279807844	0.214895848
1489	0.247384654	0.27982254	0.214946768
1490	0.247428923	0.279839665	0.215018181
1491	0.247500231	0.279850602	0.215149859
1492	0.247553731	0.279857369	0.215250092
1493	0.247571615	0.279873089	0.215270142
1494	0.247598731	0.279893022	0.215304439
1495	0.247640038	0.279931716	0.215348361
1496	0.247690269	0.279983449	0.21539709
1497	0.247764462	0.280035447	0.215493476
1498	0.247830269	0.28008034	0.215580198
1499	0.247862154	0.280099576	0.215624732
1500	0.247896923	0.28011989	0.215673956
1501	0.24795	0.28014748	0.21575252
1502	0.248000423	0.280182782	0.215818064
1503	0.248035192	0.280263593	0.215806792
1504	0.248068577	0.280332151	0.215805003
1505	0.248106308	0.280340625	0.215871991
1506	0.248146115	0.280350566	0.215941665
1507	0.248182808	0.280374128	0.215991488
1508	0.248218808	0.280402039	0.216035577
1509	0.248251115	0.280446007	0.216056223
1510	0.248282538	0.280491312	0.216073765
1511	0.248304808	0.280522405	0.21608721
1512	0.248323692	0.280544212	0.216103173
1513	0.248324346	0.280522047	0.216126646
1514	0.248330115	0.280507984	0.216152247
1515	0.248376731	0.280560757	0.216192704
1516	0.248421885	0.280614659	0.21622911
1517	0.248437731	0.280645789	0.216229672
1518	0.248455538	0.280674575	0.216236502
1519	0.248509885	0.280735216	0.216284553
1520	0.248565654	0.280803866	0.216327442
1521	0.248597692	0.280825395	0.216369989
1522	0.248625731	0.28083809	0.216413372
1523	0.248665923	0.280880063	0.216451783
1524	0.248706462	0.28092115	0.216491773
1525	0.2487275	0.280931445	0.216523555
1526	0.2487485	0.280942493	0.216554507
1527	0.248783423	0.280986332	0.216580514
1528	0.248820423	0.281037142	0.216603704
1529	0.248832038	0.28104802	0.216616057
1530	0.248833	0.28104018	0.21662582
1531	0.248847692	0.281044432	0.216650952
1532	0.248870423	0.281059244	0.216681602
1533	0.248887	0.281066111	0.216707889
1534	0.248903192	0.28107351	0.216732875
1535	0.248910731	0.281065754	0.216755707
1536	0.2489175	0.281053894	0.216781106
1537	0.248946385	0.28109592	0.216796849
1538	0.248975115	0.281146365	0.216803866
1539	0.248973808	0.281138897	0.216808718
1540	0.248967769	0.281123032	0.216812506
1541	0.248990654	0.281156536	0.216824772
1542	0.2490255	0.28120642	0.21684458
1543	0.24905	0.281247666	0.216852334
1544	0.249063423	0.281276096	0.21685075
1545	0.249072538	0.281285526	0.216859551
1546	0.249088231	0.281295535	0.216880926
1547	0.249119038	0.281324583	0.216913494
1548	0.249152885	0.281364219	0.21694155
1549	0.249170154	0.281369968	0.21697034
1550	0.249182077	0.28135815	0.217006004
1551	0.249196462	0.281372963	0.21701996
1552	0.249209154	0.281395603	0.217022705
1553	0.249227	0.281419598	0.217034402
1554	0.249247	0.281447183	0.217046817
1555	0.249261346	0.281470145	0.217052547
1556	0.249271692	0.281486832	0.217056553
1557	0.249277038	0.281478339	0.217075738
1558	0.249281346	0.2814634	0.217099292
1559	0.249304154	0.281484199	0.217124108
1560	0.249337308	0.281521532	0.217153083
1561	0.249356538	0.28154054	0.217172537
1562	0.249368269	0.281546794	0.217189744
1563	0.249398654	0.281589342	0.217207966
1564	0.249439923	0.281658629	0.217221217
1565	0.249464231	0.281693177	0.217235284
1566	0.249477346	0.281701833	0.217252859
1567	0.249509846	0.281720831	0.217298861
1568	0.249555692	0.281750214	0.21736117
1569	0.249591077	0.281758116	0.217424038
1570	0.249620231	0.281750473	0.217489988
1571	0.249636269	0.281763436	0.217509103
1572	0.249643962	0.28179064	0.217497283
1573	0.249669615	0.28182376	0.217515471
1574	0.249703692	0.281860301	0.217547084
1575	0.249725923	0.281886161	0.217565686
1576	0.249743538	0.281905597	0.21758148
1577	0.249742115	0.28192199	0.217562241
1578	0.249727346	0.2819381	0.217516592
1579	0.249731769	0.281931006	0.217532533
1580	0.249749808	0.281908063	0.217591552
1581	0.249777462	0.281944448	0.217610475
1582	0.249811808	0.282019874	0.217603742
1583	0.2498265	0.282049147	0.217603853
1584	0.249827577	0.282048404	0.217606749
1585	0.249849269	0.282076098	0.217622441
1586	0.249883654	0.282119601	0.217647707
1587	0.249893462	0.28214239	0.217644533
1588	0.249887038	0.282152898	0.217621179
1589	0.249924154	0.282176321	0.217671986
1590	0.249990846	0.282208864	0.217772828
1591	0.2500345	0.28225253	0.21781647
1592	0.250063154	0.28230626	0.217820048
1593	0.250088154	0.28234477	0.217831538
1594	0.250110692	0.282370081	0.217851304
1595	0.250136577	0.282409642	0.217863511
1596	0.250163269	0.282457868	0.217868671
1597	0.250200462	0.282497998	0.217902925
1598	0.250245346	0.282532151	0.217958542
1599	0.250284577	0.282567259	0.218001895
1600	0.2503205	0.282605665	0.218035335
1601	0.250344692	0.282636867	0.218052517
1602	0.250361269	0.282663309	0.21805923
1603	0.250377077	0.282712409	0.218041745
1604	0.250392462	0.282773286	0.218011637
1605	0.250414	0.282811015	0.218016985
1606	0.250439077	0.282836373	0.218041781
1607	0.250467731	0.282848561	0.218086901
1608	0.250498769	0.282852535	0.218145003
1609	0.250528577	0.282912313	0.218144841
1610	0.250558423	0.283004534	0.218112312
1611	0.250552654	0.282986145	0.218119162
1612	0.250527846	0.282909312	0.21814638
1613	0.250537846	0.282923095	0.218152597
1614	0.250565769	0.282984435	0.218147103
1615	0.250603654	0.283059998	0.218147309
1616	0.250646769	0.283142593	0.218150946
1617	0.250690192	0.283181862	0.218198523
1618	0.250733769	0.283200556	0.218266983
1619	0.250752308	0.283235425	0.21826919
1620	0.250758885	0.283277011	0.218240759
1621	0.250793231	0.283298307	0.218288154
1622	0.2508395	0.283310917	0.218368083
1623	0.250877346	0.283326118	0.218428574
1624	0.250911923	0.283342735	0.218481111
1625	0.250935115	0.283398077	0.218472154
1626	0.250953885	0.283468766	0.218439003
1627	0.251005846	0.283524701	0.218486991
1628	0.251070346	0.283575474	0.218565219
1629	0.251111115	0.283626537	0.218595694
1630	0.251143654	0.28367772	0.218609588
1631	0.251164692	0.283716328	0.218613056
1632	0.251181615	0.283750262	0.218612969
1633	0.251200192	0.283785567	0.218614817
1634	0.251219462	0.283821998	0.218616925
1635	0.251228115	0.283839202	0.218617028
1636	0.251233885	0.283851242	0.218616528
1637	0.251264808	0.283885953	0.218643662
1638	0.251302346	0.283925913	0.218678779
1639	0.251317308	0.283948114	0.218686501
1640	0.251327269	0.283967382	0.218687157
1641	0.251356769	0.284008868	0.21870467
1642	0.251390462	0.284055242	0.218725681
1643	0.251405423	0.28409438	0.218716466
1644	0.251416538	0.284131838	0.218701239
1645	0.251420885	0.284112864	0.218728906
1646	0.2514245	0.28408712	0.21876188
1647	0.251446385	0.284170418	0.218722351
1648	0.251470538	0.28426513	0.218675947
1649	0.251487846	0.284294924	0.218680769
1650	0.251504731	0.284320277	0.218689184
1651	0.251543538	0.284349222	0.218737855
1652	0.251583423	0.284377183	0.218789663
1653	0.251609154	0.284419261	0.218799047
1654	0.251634808	0.284461709	0.218807906
1655	0.251640885	0.284436359	0.21884541
1656	0.251645115	0.284410094	0.218880137
1657	0.251649538	0.284435245	0.218863832
1658	0.251654462	0.284460544	0.218848379
1659	0.251683346	0.284461716	0.218904976
1660	0.2517115	0.284464329	0.218958671
1661	0.251733615	0.284501042	0.218966188
1662	0.251757577	0.284540511	0.218974643
1663	0.251769077	0.284593858	0.218944296
1664	0.251780038	0.284645776	0.218914301
1665	0.251795154	0.284665133	0.218925174
1666	0.251812808	0.284683483	0.218942133
1667	0.251853115	0.284733261	0.21897297
1668	0.251893269	0.284785367	0.219001171
1669	0.251928846	0.284838844	0.219018849
1670	0.251959615	0.284892251	0.21902698
1671	0.251967462	0.284935621	0.218999302
1672	0.251980038	0.284972817	0.21898726
1673	0.252013808	0.284981024	0.219046591
1674	0.252045269	0.28498711	0.219103429
1675	0.2520725	0.284995543	0.219149457
1676	0.252103808	0.285014329	0.219193286
1677	0.252139846	0.285054752	0.219224941
1678	0.252166731	0.285104279	0.219229183
1679	0.2521745	0.285184082	0.219164918
1680	0.252181192	0.285241251	0.219121133
1681	0.252188962	0.285251587	0.219126336
1682	0.252204385	0.28527325	0.219135519
1683	0.252221077	0.285300549	0.219141605
1684	0.252239385	0.285319713	0.219159056
1685	0.252269692	0.285332464	0.219206921
1686	0.252300038	0.285351848	0.219248229
1687	0.252332615	0.285385066	0.219280165
1688	0.2523565	0.285423539	0.219289461
1689	0.252363923	0.285461799	0.219266047
1690	0.252365577	0.285484813	0.219246341
1691	0.252362769	0.285500783	0.219224755
1692	0.252385231	0.285537191	0.219233271
1693	0.252431346	0.285581208	0.219281485
1694	0.252450923	0.285598586	0.21930326
1695	0.252450154	0.28559849	0.219301818
1696	0.2524555	0.285622417	0.219288583
1697	0.252459308	0.285664898	0.219253718
1698	0.252472308	0.285705193	0.219239422
1699	0.252496192	0.285741187	0.219251197
1700	0.252490846	0.285755977	0.219225715
1701	0.252468923	0.285756456	0.219181391
1702	0.252479615	0.285776566	0.219182664
1703	0.252508346	0.285816654	0.219200039
1704	0.252539231	0.285846032	0.21923243
1705	0.252564615	0.285863904	0.219265326
1706	0.252564077	0.28588147	0.219246684
1707	0.252561885	0.285905443	0.219218326
1708	0.2525605	0.285910177	0.219210823
1709	0.252555231	0.285896169	0.219214293
1710	0.252552192	0.285938584	0.219165801
1711	0.252549808	0.286003701	0.219095915
1712	0.252529423	0.285945405	0.219113441
1713	0.252506962	0.285872305	0.219141619
1714	0.252518654	0.285944518	0.219092789
1715	0.252538615	0.286030719	0.219046512
1716	0.252564462	0.286054775	0.219074148
1717	0.252584577	0.286067469	0.219101685
1718	0.252563077	0.286063332	0.219062822
1719	0.252542	0.286061418	0.219022582
1720	0.252534154	0.286045218	0.21902309
1721	0.252524192	0.286040598	0.219007786
1722	0.252507577	0.286071843	0.21894331
1723	0.252493077	0.286080649	0.218905505
1724	0.2524825	0.285992713	0.218972287
1725	0.252458462	0.285897854	0.219019069
1726	0.252389269	0.285806274	0.218972264
1727	0.252348231	0.285764588	0.218931874
1728	0.252386923	0.285875717	0.21889813
1729	0.2524115	0.28596597	0.21885703
1730	0.252387577	0.285981828	0.218793326
1731	0.252355346	0.285962793	0.218747899
1732	0.252330577	0.285880454	0.2187807
1733	0.252296192	0.285827008	0.218765376
1734	0.252239038	0.285823786	0.21865429
1735	0.252200769	0.285816742	0.218584797
1736	0.252186115	0.285799647	0.218572584
1737	0.252184346	0.285782386	0.218586306
1738	0.252200654	0.285763509	0.218637798
1739	0.252196731	0.285754207	0.218639254
1740	0.252166077	0.285753862	0.218578292
1741	0.252132615	0.285751695	0.218513536
1742	0.252097846	0.285750457	0.218445235
1743	0.252095577	0.285804102	0.218387051
1744	0.252118769	0.285888358	0.218349181
1745	0.252088231	0.285855422	0.21832104
1746	0.252029115	0.285765389	0.218292842
1747	0.251994769	0.285779517	0.218210021
1748	0.251972	0.285830677	0.218113323
1749	0.251975	0.285789319	0.218160681
1750	0.251987731	0.285732535	0.218242927
1751	0.251986462	0.285732754	0.218240169
1752	0.251971346	0.285747564	0.218195128
1753	0.251964731	0.285736094	0.218193368
1754	0.251972577	0.285707997	0.218237157
1755	0.251978692	0.285736514	0.21822087
1756	0.251976385	0.285786984	0.218165785
1757	0.251966154	0.285843417	0.21808889
1758	0.251951962	0.285888771	0.218015152
1759	0.251925115	0.285826401	0.218023829
1760	0.251905962	0.285781355	0.218030568
1761	0.251876615	0.285852005	0.217901226
1762	0.251843038	0.285883857	0.21780222
1763	0.251826885	0.285813612	0.217840157
1764	0.251812192	0.285774645	0.217849739
1765	0.2518115	0.285839525	0.217783475
1766	0.251822615	0.285909844	0.217735387
1767	0.251862	0.285974037	0.217749963
1768	0.251873577	0.285989676	0.217757478
1769	0.251819769	0.285943657	0.217695882
1770	0.251792385	0.285939892	0.217644877
1771	0.2517995	0.285936466	0.217662534
1772	0.251801423	0.285901152	0.217701694
1773	0.251796115	0.285871563	0.217720668
1774	0.251790577	0.285875631	0.217705523
1775	0.251815	0.285899659	0.217730341
1776	0.251806077	0.285889177	0.217722977
1777	0.251743346	0.285864744	0.217621948
1778	0.251717808	0.285963831	0.217471784
1779	0.251720615	0.286114308	0.217326923
1780	0.251717462	0.286104247	0.217330676
1781	0.251703846	0.286030816	0.217376876
1782	0.251685654	0.285939328	0.21743198
1783	0.251688538	0.285864918	0.217512159
1784	0.251695462	0.285907167	0.217483756
1785	0.251671192	0.285938435	0.217403949
1786	0.251701885	0.285966766	0.217437003
1787	0.251750808	0.285986492	0.217515124
1788	0.251788846	0.285988453	0.217589239
1789	0.251832885	0.286036226	0.217629543
1790	0.251807538	0.286103227	0.21751185
1791	0.251758462	0.28615005	0.217366873
1792	0.251671654	0.286102289	0.217241018
1793	0.251594154	0.286031899	0.217156409
1794	0.2516485	0.286052668	0.217244332
1795	0.251703462	0.286093143	0.21731378
1796	0.251688731	0.286021759	0.217355703
1797	0.251615962	0.285942776	0.217289147
1798	0.251404846	0.285989432	0.21682026
1799	0.251299615	0.2860604	0.216538831
1800	0.251472808	0.286084888	0.216860727
1801	0.249464308	0.281848398	0.217080218
1802	0.250664115	0.283131093	0.218197138
1803	0.251070885	0.284502651	0.217639118
1804	0.2507525	0.284376857	0.217128143
1805	0.249883731	0.282105461	0.217662
1806	0.249343231	0.280478502	0.21820796
1807	0.249170462	0.281913918	0.216427005
1808	0.248928692	0.284683837	0.213173547
1809	0.249184115	0.286901455	0.211466776
1810	0.248701615	0.285963081	0.21144015
1811	0.248208077	0.285652304	0.21076385
1812	0.247451923	0.285101073	0.209802773
1813	0.246509731	0.284067481	0.20895198
1814	0.246692615	0.281492027	0.211893203
1815	0.248596654	0.279457281	0.217736027
1816	0.249090231	0.280985219	0.217195243
1817	0.247960769	0.287277171	0.208644368
1818	0.248080462	0.286740029	0.209420894
1819	0.249653731	0.287222828	0.212084634
1820	0.251184654	0.293260247	0.209109061
1821	0.250517423	0.294221676	0.20681317
1822	0.247213231	0.288524884	0.205901578
1823	0.2429335	0.285338562	0.200528438
1824	0.240302962	0.287106022	0.193499902
1825	0.237546423	0.29405522	0.181037626
1826	0.236150038	0.303741301	0.168558776
1827	0.248949615	0.329305835	0.168593395
1828	0.267704115	0.366731369	0.168676862
1829	0.274865231	0.378186616	0.171543846
1830	0.268710923	0.363872857	0.173548989
1831	0.259340385	0.344432677	0.174248092
1832	0.253008538	0.330093358	0.175923718
1833	0.274411308	0.393673135	0.15514948
1834	0.289258462	0.431655473	0.14686145
1835	0.291489923	0.44436895	0.138610896
1836	0.386348385	0.795516081	-0.022819312
1837	0.534245231	1.378294947	-0.309804485
1838	0.345944615	0.677470337	0.014418894
1839	0.271372692	0.425896869	0.116848515
1840	0.249224423	0.368452601	0.129996245
1841	0.250959308	0.375355628	0.126562987
1842	0.257506423	0.367658715	0.147354131
1843	0.230675846	0.304911751	0.156439941
1844	0.218196115	0.332927368	0.103464862
1845	0.239934885	0.431825952	0.048043817
1846	0.253732269	0.468484108	0.03898043
1847	0.251662808	0.423302795	0.080022821
1848	0.253712962	0.399800396	0.107625527
1849	0.276374385	0.454516817	0.098231952
1850	0.308581423	0.567764329	0.049398518
1851	0.350680115	0.656600268	0.044759962
1852	0.324452615	0.555091937	0.093813294
1853	0.278321077	0.404837899	0.151804255
1854	0.296687192	0.476549443	0.116824942
1855	0.310799577	0.571527987	0.050071167
1856	0.263623346	0.446080006	0.081166687
1857	0.235957577	0.370097721	0.101817433
1858	0.231218154	0.344230687	0.118205621
1859	0.230472423	0.329669626	0.13127522
1860	0.228050808	0.323193206	0.13290841
1861	0.220541115	0.304007455	0.137074776
1862	0.208424308	0.299598015	0.1172506
1863	0.217188808	0.310949147	0.123428468
1864	0.234761231	0.354566953	0.114955508
1865	0.263303538	0.417848818	0.108758258
1866	0.295913038	0.516376301	0.075449776
1867	0.301498	0.512679455	0.090316545
1868	0.284393923	0.426160874	0.142626972
1869	0.275509692	0.390996807	0.160022578
1870	0.293420462	0.476269787	0.110571136
1871	0.313998846	0.648994796	-0.020997103
1872	0.287733308	0.494451843	0.081014772
1873	0.270871077	0.407557712	0.134184442
1874	0.277500692	0.402513022	0.152488363
1875	0.289664346	0.478701795	0.100626898
1876	0.286806	0.481451637	0.092160363
1877	0.275419077	0.427219844	0.12361831
1878	0.250775192	0.331933227	0.169617158
1879	0.232556115	0.27929093	0.185821301
1880	0.223296692	0.2841685	0.162424885
1881	0.214218769	0.293968955	0.134468583
1882	0.210540346	0.306696735	0.114383957
1883	0.225718231	0.306451785	0.144984677
1884	0.237588115	0.311138283	0.164037948
1885	0.239385615	0.306466529	0.172304702
1886	0.239096269	0.302501464	0.175691074
1887	0.227206962	0.291449413	0.16296451
1888	0.217951385	0.29135585	0.14454692
1889	0.215935	0.296766162	0.135103838
1890	0.213194615	0.29610173	0.130287501
1891	0.211449923	0.290993762	0.131906084
1892	0.213627462	0.287102725	0.140152198
1893	0.216603962	0.295705513	0.13750241
1894	0.228554154	0.300362177	0.156746131
1895	0.243612462	0.318724312	0.168500611
1896	0.239375615	0.297501577	0.181249654
1897	0.225224385	0.280261912	0.170186857
1898	0.219174885	0.314447496	0.123902273
1899	0.221633923	0.328806993	0.114460853
1900	0.223927115	0.328367915	0.119486316
1901	0.231610692	0.342781475	0.12043991
1902	0.240879231	0.381648754	0.100109707
1903	0.259213846	0.423793176	0.094634516
1904	0.279506538	0.475222355	0.083790722
1905	0.275223077	0.436820118	0.113626035
1906	0.270444038	0.420456496	0.120431581
1907	0.281303154	0.463061558	0.099544749
1908	0.309806885	0.582753339	0.03686043
1909	0.290425423	0.529378527	0.051472319
1910	0.226456615	0.300951375	0.151961856
1911	0.204971269	0.272645664	0.137296874
1912	0.203922808	0.26921168	0.138633935
1913	0.203509692	0.269847548	0.137171837
1914	0.203208615	0.270437802	0.135979429
1915	0.202607538	0.273193236	0.132021841
1916	0.202554346	0.269846012	0.13526268
1917	0.204173269	0.266492525	0.141854014
1918	0.208189115	0.263805139	0.152573092
1919	0.2115705	0.265021349	0.158119651
1920	0.215817038	0.268286592	0.163347485
1921	0.226288462	0.272564738	0.180012185
1922	0.235338115	0.284223872	0.186452359
1923	0.232792615	0.281229056	0.184356174
1924	0.229916731	0.279669712	0.180163749
1925	0.227493346	0.273371895	0.181614797
1926	0.225534615	0.267096662	0.183972569
1927	0.224565308	0.264131362	0.184999253
1928	0.224121654	0.263672446	0.184570861
1929	0.224542192	0.263848922	0.185235463
1930	0.227456	0.264888398	0.190023602
1931	0.229875346	0.26623192	0.193518773
1932	0.229088115	0.263247728	0.194928503
1933	0.2284445	0.261340007	0.195548993
1934	0.225899615	0.259476688	0.192322543
1935	0.223412115	0.25854114	0.18828309
1936	0.2237835	0.258734204	0.188832796
1937	0.225339346	0.260002497	0.190676195
1938	0.226542077	0.260321869	0.192762285
1939	0.227605615	0.259313237	0.195897994
1940	0.228207654	0.259461978	0.196953329
1941	0.227253846	0.261621851	0.192885842
1942	0.226395154	0.263517224	0.189273084
1943	0.225882769	0.263023688	0.18874185
1944	0.225446308	0.26268253	0.188210085
1945	0.226854346	0.263201714	0.190506978
1946	0.2285425	0.264161269	0.192923731
1947	0.229632346	0.265186359	0.194078333
1948	0.230417962	0.266335854	0.194500069
1949	0.231001808	0.266517379	0.195486236
1950	0.231334923	0.265204978	0.197464868
1951	0.231495731	0.264361981	0.19862948
1952	0.230921269	0.26433297	0.197509568
1953	0.230377154	0.264492339	0.196261968
1954	0.230369808	0.265277207	0.195462408
1955	0.230356269	0.266088334	0.194624205
1956	0.230482308	0.266703134	0.194261481
1957	0.230646154	0.26726342	0.194028888
1958	0.231012808	0.268199431	0.193826184
1959	0.231506308	0.269384501	0.193628114
1960	0.231816808	0.269955784	0.193677831
1961	0.231845846	0.269722585	0.193969107
1962	0.232001692	0.26972329	0.194280095
1963	0.232817	0.269689821	0.195944179
1964	0.233542538	0.269724426	0.197360651
1965	0.234306731	0.270152201	0.19846126
1966	0.235006077	0.270726767	0.199285387
1967	0.235209923	0.270886183	0.199533663
1968	0.235270885	0.27091743	0.199624339
1969	0.235421154	0.270906396	0.199935912
1970	0.235598962	0.270891795	0.200306128
1971	0.235759538	0.270951118	0.200567959
1972	0.235930885	0.271103831	0.200757939
1973	0.236135308	0.271390614	0.200880001
1974	0.236419808	0.272105307	0.200734309
1975	0.236696423	0.272797434	0.200595413
1976	0.237193192	0.272792153	0.201594232
1977	0.237705269	0.272824976	0.202585562
1978	0.237997269	0.272889522	0.203105016
1979	0.238212038	0.272933328	0.203490749
1980	0.238328269	0.273086003	0.203570536
1981	0.238406269	0.273366422	0.203446116
1982	0.238543192	0.273771201	0.203315183
1983	0.238675962	0.274337871	0.203014052
1984	0.238824846	0.274874993	0.202774699
1985	0.239138269	0.275393833	0.202882705
1986	0.239449423	0.275920846	0.202978
1987	0.239755115	0.276126917	0.203383314
1988	0.240077731	0.276311039	0.203844422
1989	0.240508731	0.276680563	0.204336899
1990	0.2409715	0.277132278	0.204810722
1991	0.241346654	0.277454837	0.20523847
1992	0.241620923	0.27768662	0.205555227
1993	0.241755385	0.277922492	0.205588278
1994	0.241635192	0.278184951	0.205085434
1995	0.241543538	0.278515054	0.204572023
1996	0.241742077	0.278884541	0.204599613
1997	0.241936346	0.279274892	0.204597801
1998	0.242005923	0.279390109	0.204621737
1999	0.242050538	0.27944624	0.204654837
2000	0.241954269	0.279139057	0.204769482
2001	0.241739385	0.278673366	0.204805403
2002	0.241641885	0.278539514	0.204744255
2003	0.241818615	0.278849881	0.20478735
2004	0.242237192	0.279315252	0.205159132
2005	0.242813462	0.279811404	0.205815519
2006	0.243378038	0.280381736	0.206374341
2007	0.244006538	0.280410191	0.207602886
2008	0.244626538	0.280526128	0.208726949
2009	0.244470269	0.280676538	0.208264
2010	0.244224692	0.280924064	0.207525321
2011	0.244385154	0.281470777	0.207299531
2012	0.244755077	0.282277041	0.207233113
2013	0.245030731	0.282278746	0.207782715
2014	0.245230385	0.281875051	0.208585719
2015	0.245348423	0.282496326	0.20820052
2016	0.245297577	0.284147314	0.20644784
2017	0.245410192	0.285387343	0.205433041
2018	0.245942731	0.28585544	0.206030022
2019	0.246410769	0.286202375	0.206619164
2020	0.246905846	0.285646667	0.208165025
2021	0.247356731	0.285185843	0.209527618
2022	0.247496462	0.285386913	0.20960601
2023	0.247588308	0.285683188	0.209493427
2024	0.247783192	0.285793336	0.209773049
2025	0.247964923	0.285781009	0.210148837
2026	0.248204962	0.28585741	0.210552513
2027	0.2484715	0.28607556	0.21086744
2028	0.248571885	0.286286057	0.210857712
2029	0.248513269	0.286396787	0.210629751
2030	0.248475538	0.286457572	0.210493505
2031	0.248600231	0.286446584	0.210753878
2032	0.248736538	0.286474031	0.210999046
2033	0.248908846	0.286791967	0.211025725
2034	0.249076038	0.287148558	0.211003518
2035	0.249302154	0.287542398	0.21106191
2036	0.249524077	0.287934887	0.211113266
2037	0.249697731	0.288126561	0.211268901
2038	0.249842462	0.288232467	0.211452456
2039	0.250086654	0.288448495	0.211724812
2040	0.250448846	0.288706357	0.212191335
2041	0.250679038	0.288843554	0.212514523
2042	0.2505705	0.28872333	0.21241767
2043	0.250515308	0.288655843	0.212374773
2044	0.250728231	0.288794237	0.212662225
2045	0.250955923	0.288995133	0.212916713
2046	0.251180846	0.28947803	0.212883662
2047	0.251419923	0.289976274	0.212863572
2048	0.251515269	0.289972492	0.213058047
2049	0.251544885	0.28994201	0.213147759
2050	0.251677846	0.290021335	0.213334357
2051	0.251857038	0.290170956	0.213543121
2052	0.251994423	0.290192204	0.213796642
2053	0.252075192	0.289811314	0.21433907
2054	0.252111385	0.289466984	0.214755785
2055	0.252317654	0.289657551	0.214977757
2056	0.252558308	0.289955128	0.215161487
2057	0.252723923	0.290425235	0.215022612
2058	0.252832654	0.290854582	0.214810726
2059	0.252710423	0.291052049	0.214368797
2060	0.252579692	0.291276697	0.213882687
2061	0.252479692	0.291102941	0.213856443
2062	0.252401385	0.29084525	0.213957519
2063	0.252409115	0.290718361	0.214099869
2064	0.252425	0.290717932	0.214132068
2065	0.252624538	0.291001414	0.214247663
2066	0.253024538	0.291444949	0.214604128
2067	0.253433962	0.291784751	0.215083172
2068	0.253726423	0.291948096	0.21550475
2069	0.253881269	0.292090059	0.21567248
2070	0.253718731	0.29221825	0.215219211
2071	0.25358	0.292377838	0.214782162
2072	0.253605385	0.292472376	0.214738394
2073	0.253654654	0.292497781	0.214811527
2074	0.253716462	0.292897674	0.21453525
2075	0.253788154	0.293337817	0.214238491
2076	0.253951423	0.293182693	0.214720154
2077	0.254095077	0.292896932	0.215293222
2078	0.254230654	0.292858669	0.215602639
2079	0.254423692	0.293027655	0.21581973
2080	0.254539462	0.293190844	0.215888079
2081	0.254568115	0.293345484	0.215790746
2082	0.254666	0.293489388	0.215842612
2083	0.254864269	0.293695636	0.216032902
2084	0.255036462	0.293920111	0.216152812
2085	0.255068115	0.294057761	0.21607847
2086	0.255075231	0.294157897	0.215992565
2087	0.255102192	0.294208346	0.215996038
2088	0.255153808	0.29419281	0.216114805
2089	0.255087538	0.294032704	0.216142373
2090	0.254998962	0.2939013	0.216096623
2091	0.255037962	0.29373607	0.216339853
2092	0.255168192	0.293619488	0.216716896
2093	0.255282923	0.29368157	0.216884276
2094	0.255297423	0.293984649	0.216610197
2095	0.255285	0.294256052	0.216313948
2096	0.255310115	0.29434357	0.216276661
2097	0.255363115	0.294449181	0.21627705
2098	0.255516154	0.294611941	0.216420367
2099	0.255695346	0.294764312	0.216626381
2100	0.255866885	0.294966584	0.216767185
2101	0.255990923	0.295246032	0.216735814
2102	0.255933423	0.295458345	0.216408501
2103	0.255810346	0.295543158	0.216077534
2104	0.255804808	0.295518745	0.21609087
2105	0.255897962	0.295485653	0.21631027
2106	0.255913077	0.295405419	0.216420735
2107	0.255992885	0.295211448	0.216774322
2108	0.256075846	0.295112271	0.217039421
2109	0.256099231	0.295185847	0.217012615
2110	0.256202	0.295346182	0.217057818
2111	0.256450885	0.295742452	0.217159317
2112	0.256673	0.29605378	0.21729222
2113	0.256778115	0.296189446	0.217366784
2114	0.256868308	0.296389274	0.217347341
2115	0.256853423	0.296490852	0.217215994
2116	0.256777346	0.296483936	0.217070757
2117	0.256755692	0.296524927	0.216986458
2118	0.256791	0.296559692	0.217022308
2119	0.256782115	0.296563515	0.217000716
2120	0.256745923	0.296428864	0.217062982
2121	0.256794192	0.296484098	0.217104287
2122	0.256885154	0.296855918	0.21691439
2123	0.256944577	0.297101364	0.21678779
2124	0.257192192	0.297437407	0.216946977
2125	0.257464269	0.297708094	0.217220445
2126	0.257668423	0.297707653	0.217629193
2127	0.257848192	0.297727665	0.217968719
2128	0.257972	0.297686647	0.218257353
2129	0.258068154	0.297558002	0.218578306
2130	0.258080115	0.297522983	0.218637248
2131	0.258066846	0.29753811	0.218595583
2132	0.258201346	0.297588183	0.218814509
2133	0.258298269	0.297669247	0.218927291
2134	0.258215846	0.297764324	0.218667368
2135	0.258213577	0.297978005	0.218449149
2136	0.258247231	0.29808548	0.218408982
2137	0.258265038	0.297963811	0.218566266
2138	0.258338615	0.297946889	0.218730342
2139	0.258499769	0.297982613	0.219016926
2140	0.258586385	0.297968286	0.219204483
2141	0.258426231	0.297894209	0.218958252
2142	0.258260462	0.297847445	0.218673478
2143	0.258181192	0.297832609	0.218529775
2144	0.258119423	0.297769393	0.218469453
2145	0.258030423	0.297573132	0.218487714
2146	0.257910077	0.297432094	0.21838806
2147	0.257635577	0.29714909	0.218122063
2148	0.257383846	0.296770362	0.21799733
2149	0.257132615	0.296400891	0.21786434
2150	0.256896538	0.296009796	0.217783281
2151	0.2567875	0.295702217	0.217872783
2152	0.256663731	0.295537908	0.217789553
2153	0.256474808	0.295336435	0.217613181
2154	0.256077615	0.294794892	0.217360339
2155	0.255650962	0.294282375	0.217019548
2156	0.255273615	0.293991005	0.216556226
2157	0.254874	0.29374425	0.21600375
2158	0.254411385	0.293649758	0.215173011
2159	0.253958885	0.293544028	0.214373741
2160	0.2536195	0.293234897	0.214004103
2161	0.253327808	0.292892634	0.213762981
2162	0.253113692	0.292403123	0.213824262
2163	0.252896962	0.29181818	0.213975743
2164	0.252539269	0.291477137	0.213601402
2165	0.252152654	0.291220084	0.213085223
2166	0.251866885	0.291030303	0.212703466
2167	0.251682885	0.290782201	0.212583568
2168	0.251457115	0.290295839	0.212618392
2169	0.2510505	0.289574735	0.212526265
2170	0.250604385	0.288768149	0.21244062
2171	0.250101154	0.288140169	0.212062139
2172	0.249612885	0.28774538	0.211480389
2173	0.249082115	0.287603127	0.210561104
2174	0.248557231	0.287464074	0.209650388
2175	0.248149077	0.287368006	0.208930147
2176	0.247779538	0.28722089	0.208338187
2177	0.247419615	0.286795817	0.208043414
2178	0.247036654	0.286299688	0.20777362
2179	0.246603231	0.285517833	0.207688629
2180	0.246199962	0.284700211	0.207699712
2181	0.245726577	0.284021297	0.207431857
2182	0.245206615	0.283255163	0.207158068
2183	0.244809231	0.282706475	0.206911987
2184	0.244556346	0.282303344	0.206809348
2185	0.244173885	0.281803733	0.206544037
2186	0.243468462	0.281160194	0.205776729
2187	0.242663115	0.280508294	0.204817937
2188	0.241728077	0.279950038	0.203506115
2189	0.240816385	0.279294215	0.202338554
2190	0.240130808	0.278427152	0.201834464
2191	0.239492077	0.277601586	0.201382568
2192	0.238981192	0.276965765	0.200996619
2193	0.238454038	0.276233098	0.200674979
2194	0.237695808	0.275129974	0.200261641
2195	0.236889962	0.274074565	0.199705358
2196	0.236217846	0.27344938	0.198986312
2197	0.235540154	0.27286781	0.198212497
2198	0.234725846	0.272321002	0.19713069
2199	0.233921038	0.271692429	0.196149648
2200	0.233096846	0.270928231	0.195265462
2201	0.232251423	0.270194348	0.194308498
2202	0.231471077	0.269288712	0.193653442
2203	0.230811692	0.26843187	0.193191514
2204	0.230352462	0.268057554	0.192647369
2205	0.229889808	0.267933077	0.191846539
2206	0.229373962	0.267625651	0.191122272
2207	0.228948615	0.267007707	0.190889524
2208	0.228465808	0.266394657	0.190536958
2209	0.228020462	0.266094049	0.189946874
2210	0.227605115	0.265822427	0.189387804
2211	0.227192885	0.265381907	0.189003863
2212	0.226838577	0.264952182	0.188724972
2213	0.226767	0.264728692	0.188805308
2214	0.226764654	0.264576299	0.188953008
2215	0.226832385	0.264656329	0.18900844
2216	0.226903692	0.264829066	0.188978319
2217	0.226875154	0.264851051	0.188899257
2218	0.226796346	0.264841698	0.188750995
2219	0.226845	0.265089259	0.188600741
2220	0.227102192	0.265506731	0.188697654
2221	0.227505385	0.265875784	0.189134985
2222	0.227845154	0.26601079	0.189679518
2223	0.228240385	0.266175488	0.190305282
2224	0.228656077	0.266454053	0.190858101
2225	0.229081962	0.266865785	0.191298138
2226	0.229596308	0.267492267	0.191700349
2227	0.230052962	0.268057373	0.19204855
2228	0.230424154	0.268364656	0.192483652
2229	0.230807769	0.268633348	0.192982191
2230	0.231248346	0.268960614	0.193536078
2231	0.231654923	0.269202063	0.194107784
2232	0.231882385	0.26936628	0.194398489
2233	0.232134385	0.269695899	0.194572871
2234	0.232647346	0.270428497	0.194866196
2235	0.233174962	0.271206144	0.195143779
2236	0.233536538	0.271902669	0.195170408
2237	0.233880423	0.272413514	0.195347332
2238	0.234072538	0.272609575	0.195535502
2239	0.234210346	0.27280086	0.195619832
2240	0.234347462	0.272868207	0.195826716
2241	0.234489192	0.27297059	0.196007795
2242	0.234681154	0.273146192	0.196216116
2243	0.234925538	0.273404573	0.196446504
2244	0.235321692	0.273637994	0.197005391
2245	0.235699154	0.273789536	0.197608771
2246	0.235895692	0.274066233	0.197725152
2247	0.236172	0.274477019	0.197866981
2248	0.236499846	0.274818032	0.198181661
2249	0.236746808	0.27502292	0.198470696
2250	0.237015654	0.275215399	0.198815909
2251	0.237170692	0.275439623	0.198901762
2252	0.237321731	0.275711503	0.198931958
2253	0.237707962	0.276067829	0.199348094
2254	0.238134038	0.276410364	0.199857713
2255	0.238407115	0.27664758	0.200166651
2256	0.238649269	0.276896713	0.200401826
2257	0.239030885	0.27745622	0.20060555
2258	0.239459077	0.278134722	0.200783432
2259	0.239699423	0.278577413	0.200821433
2260	0.239908962	0.278972184	0.20084574
2261	0.240161962	0.279115161	0.201208762
2262	0.240466231	0.278996662	0.2019358
2263	0.240884269	0.279195704	0.202572834
2264	0.241302346	0.279650262	0.20295443
2265	0.241566731	0.279945246	0.203188215
2266	0.241602308	0.280324935	0.20287968
2267	0.241726731	0.280684822	0.20276864
2268	0.241993346	0.280923288	0.203063404
2269	0.242191731	0.281185109	0.203198352
2270	0.242454115	0.281421079	0.203487151
2271	0.242748077	0.281681008	0.203815146
2272	0.243087923	0.281751552	0.204424294
2273	0.243392115	0.281721558	0.205062673
2274	0.243500923	0.281614105	0.205387741
2275	0.243598538	0.281544363	0.205652714
2276	0.243768808	0.281592361	0.205945254
2277	0.243930923	0.281739262	0.206122584
2278	0.243932923	0.282024515	0.205841331
2279	0.243891	0.282220571	0.205561429
2280	0.243813154	0.282167087	0.205459221
2281	0.243721923	0.282138779	0.205305067
2282	0.243713692	0.282147305	0.20528008
2283	0.243745577	0.282151303	0.205339851
2284	0.243663731	0.28221562	0.205111842
2285	0.243536808	0.282275934	0.204797682
2286	0.243532615	0.282202669	0.204862562
2287	0.243600654	0.282066564	0.205134744
2288	0.243665346	0.281971905	0.205358787
2289	0.243717038	0.281968522	0.205465555
2290	0.243738423	0.281972104	0.205504742
2291	0.243740423	0.282078416	0.20540243
2292	0.243672346	0.282286133	0.205058559
2293	0.243452	0.282473835	0.204430165
2294	0.243269269	0.282636475	0.203902064
2295	0.243188923	0.282517921	0.203859925
2296	0.243013077	0.282350411	0.203675743
2297	0.242832654	0.281991069	0.203674238
2298	0.242738654	0.281645665	0.203831643
2299	0.242648923	0.281641241	0.203656605
2300	0.242582538	0.281666675	0.203498402
2301	0.242371962	0.281449179	0.203294744
2302	0.242045423	0.281155286	0.20293556
2303	0.241729731	0.280718916	0.202740545
2304	0.241469769	0.280252104	0.202687434
2305	0.241256769	0.280111048	0.202402491
2306	0.241105654	0.280179986	0.202031322
2307	0.241123308	0.280198996	0.20204762
2308	0.241165692	0.280193511	0.202137874
2309	0.241090423	0.280372247	0.201808599
2310	0.240892308	0.280350703	0.201433913
2311	0.240633231	0.279909806	0.201356655
2312	0.240400346	0.279465625	0.201335068
2313	0.240165538	0.279276377	0.2010547
2314	0.239900346	0.279209555	0.200591137
2315	0.239670962	0.279149838	0.200192085
2316	0.239602346	0.279053447	0.200151245
2317	0.239453769	0.278684611	0.200222928
2318	0.239026038	0.278149643	0.199902434
2319	0.238566269	0.277568306	0.199564232
2320	0.238121462	0.276858877	0.199384046
2321	0.237813538	0.27641844	0.199208637
2322	0.237768692	0.276588432	0.198948953
2323	0.237635385	0.276618323	0.198652446
2324	0.237285808	0.276216858	0.198354757
2325	0.236910231	0.275878632	0.19794183
2326	0.236580462	0.275885205	0.197275718
2327	0.2362585	0.275842403	0.196674597
2328	0.236222038	0.275398003	0.197046074
2329	0.236182615	0.274978155	0.197387076
2330	0.235613231	0.274436933	0.196789528
2331	0.234970538	0.273879496	0.196061581
2332	0.234415346	0.273553697	0.195276995
2333	0.233902654	0.273300006	0.194505302
2334	0.233805654	0.273363034	0.194248273
2335	0.233819423	0.273547884	0.194090962
2336	0.233824077	0.27354957	0.194098584
2337	0.233843808	0.273582654	0.194104962
2338	0.233792308	0.273383114	0.194201501
2339	0.233664731	0.272971373	0.194358089
2340	0.233293962	0.272750195	0.193837728
2341	0.232891038	0.272486006	0.193296071
2342	0.232451885	0.272018832	0.192884937
2343	0.231892269	0.271740365	0.192044174
2344	0.231368462	0.271913818	0.190823105
2345	0.231053615	0.272210882	0.189896349
2346	0.230925038	0.271865581	0.189984496
2347	0.231020731	0.271361676	0.190679786
2348	0.231109462	0.271109098	0.191109825
2349	0.231116577	0.27086866	0.191364494
2350	0.231288346	0.271020196	0.191556496
2351	0.231409769	0.271721503	0.191098035
2352	0.231335462	0.272106557	0.190564366
2353	0.231142308	0.271442513	0.190842102
2354	0.231107346	0.270797923	0.191416769
2355	0.231182385	0.270961116	0.191403653
2356	0.231294308	0.271130534	0.191458081
2357	0.231722962	0.271147451	0.192298472
2358	0.232033231	0.271125116	0.192941346
2359	0.232183	0.271024661	0.193341339
2360	0.232326769	0.271083928	0.193569611
2361	0.232321231	0.271479294	0.193163168
2362	0.232368385	0.272000151	0.192736618
2363	0.232514423	0.272237053	0.192791793
2364	0.232604077	0.272291055	0.192917099
2365	0.232604385	0.272054192	0.193154577
2366	0.232598731	0.271756972	0.193440489
2367	0.232319154	0.271003224	0.193635084
2368	0.231978885	0.270186577	0.193771192
2369	0.232176385	0.270238267	0.194114503
2370	0.232568192	0.270679878	0.194456507
2371	0.232629808	0.271134616	0.194124999
2372	0.232517231	0.271541169	0.193493293
2373	0.232507231	0.271869428	0.193145034
2374	0.232485192	0.272071523	0.192898862
2375	0.232737154	0.272344375	0.193129933
2376	0.233148192	0.272760522	0.193535862
2377	0.232921462	0.272736639	0.193106284
2378	0.232469769	0.272871376	0.192068162
2379	0.231696577	0.272754367	0.190638787
2380	0.231207192	0.272340192	0.190074193
2381	0.231562769	0.272010526	0.191115013
2382	0.232015769	0.271873812	0.192157726
2383	0.2320985	0.272075412	0.192121588
2384	0.231875269	0.27246247	0.191288068
2385	0.231726462	0.272595923	0.190857
2386	0.231611038	0.27263924	0.190582837
2387	0.231667577	0.272942895	0.190392259
2388	0.231893038	0.27295581	0.190830267
2389	0.232118808	0.273075592	0.191162024
2390	0.232447385	0.273717279	0.19117749
2391	0.232689385	0.274328042	0.191050727
2392	0.233011692	0.274868465	0.191154919
2393	0.233218077	0.275072251	0.191363903
2394	0.232818808	0.274481046	0.191156569
2395	0.232672577	0.273805908	0.191539246
2396	0.232988038	0.273204507	0.19277157
2397	0.232966385	0.272680178	0.193252591
2398	0.232271038	0.27238726	0.192154817
2399	0.231721077	0.272407415	0.191034739
2400	0.231586346	0.272444123	0.190728569
2401	0.231350231	0.272388738	0.190311723
2402	0.231429038	0.271760424	0.191097653
2403	0.231707038	0.270981719	0.192432358
2404	0.231828231	0.270970987	0.192685475
2405	0.231656808	0.271161325	0.19215229
2406	0.231039962	0.271281675	0.190798248
2407	0.230545577	0.271434151	0.189657003
2408	0.230127462	0.270567626	0.189687297
2409	0.229755462	0.269575639	0.189935284
2410	0.229631615	0.269548515	0.189714715
2411	0.229347077	0.269713853	0.1889803
2412	0.229011308	0.269486717	0.188535899
2413	0.228948731	0.269148388	0.188749073
2414	0.229115577	0.268867711	0.189363443
2415	0.229131385	0.268677401	0.189585368
2416	0.228891962	0.2680019	0.189782023
2417	0.228634385	0.267338117	0.189930652
2418	0.2285215	0.268244636	0.188798364
2419	0.228495115	0.269484791	0.18750544
2420	0.228222308	0.268946803	0.187497813
2421	0.227996115	0.26827942	0.187712811
2422	0.227848615	0.268349674	0.187347556
2423	0.227592423	0.268149879	0.187034967
2424	0.227127462	0.267648522	0.186606401
2425	0.226680115	0.26712143	0.186238801
2426	0.226791231	0.266711499	0.186870962
2427	0.227119231	0.266548499	0.187689963
2428	0.227399192	0.266256474	0.188541911
2429	0.227394308	0.266279942	0.188508673
2430	0.227583269	0.266074329	0.189092209
2431	0.227821654	0.265773993	0.189869315
2432	0.227606846	0.265148087	0.190065606
2433	0.227316577	0.264538687	0.190094467
2434	0.226613115	0.264383208	0.188843023
2435	0.225580846	0.264191487	0.186970205
2436	0.224925615	0.264278419	0.185572812
2437	0.224570038	0.264400582	0.184739495
2438	0.224498154	0.263969348	0.185026959
2439	0.224721346	0.263673713	0.185768979
2440	0.224821154	0.264023565	0.185618743
2441	0.224072038	0.264269768	0.183874309
2442	0.222962577	0.264133074	0.18179208
2443	0.222530269	0.263853294	0.181207245
2444	0.222578885	0.263677373	0.181480397
2445	0.223175346	0.263638099	0.182712593
2446	0.223809385	0.263248477	0.184370292
2447	0.223795731	0.261803106	0.185788356
2448	0.223625769	0.260625583	0.186625956
2449	0.223428231	0.258807357	0.188049104
2450	0.2228895	0.257199989	0.188579011
2451	0.222416154	0.257286356	0.187545952
2452	0.2221555	0.257972796	0.186338204
2453	0.221505962	0.259223334	0.183788589
2454	0.221183577	0.260337071	0.182030083
2455	0.221615731	0.260473213	0.182758249
2456	0.221692769	0.261049106	0.182336433
2457	0.221020769	0.261221846	0.180819692
2458	0.220590038	0.260591612	0.180588465
2459	0.220599	0.258742635	0.182455365
2460	0.220456154	0.25783387	0.183078438
2461	0.220204231	0.25681153	0.183596931
2462	0.219535308	0.255487237	0.183583379
2463	0.218858615	0.256269435	0.181447795
2464	0.218790577	0.257868629	0.179712525
2465	0.220110346	0.25976476	0.180455932
2466	0.221801115	0.261541034	0.182061197
2467	0.222572923	0.260456565	0.184689281
2468	0.222996654	0.258006585	0.187986723
2469	0.222474962	0.255763633	0.18918629
2470	0.221773577	0.254616959	0.188930195
2471	0.222068269	0.254357046	0.189779493
2472	0.222251115	0.255255806	0.189246425
2473	0.221815769	0.255342287	0.188289251
2474	0.221494115	0.254202347	0.188785884
2475	0.220558577	0.254010828	0.187106325
2476	0.219034038	0.255459574	0.182608503
2477	0.217368885	0.256460121	0.178277649
2478	0.216175269	0.259281657	0.173068882
2479	0.215447346	0.25959396	0.171300732
2480	0.214472385	0.258350089	0.17059468
2481	0.214814692	0.257712173	0.171917211
2482	0.215483462	0.259351455	0.171615468
2483	0.213496192	0.256882663	0.170109722
2484	0.211181731	0.255701782	0.166661679
2485	0.211020808	0.258221992	0.163819623
2486	0.209863423	0.260024332	0.159702514
2487	0.207213346	0.257632215	0.156794477
2488	0.205354577	0.259023415	0.151685739
2489	0.201714885	0.259939208	0.143490561
2490	0.197176	0.263341938	0.131010062
2491	0.200509808	0.263314662	0.137704953
2492	0.205144038	0.268678955	0.141609122
2493	0.205587462	0.269204329	0.141970594
2494	0.206960308	0.26846361	0.145457005
2495	0.207000154	0.257510123	0.156490185
2496	0.205955654	0.263269099	0.148642209
2497	0.209145	0.268689737	0.149600263
2498	0.211661808	0.279908284	0.143415332
2499	0.209648538	0.281717742	0.137579335
2500	0.209127846	0.28006904	0.138186652
