Wavelength	Mean	Std+	Std-
350	0.12020915	0.126311967	0.114106333
351	0.12063735	0.126765487	0.114509213
352	0.1210512	0.127228379	0.114874021
353	0.121404675	0.127556971	0.115252379
354	0.1217832	0.127895286	0.115671114
355	0.12218335	0.128249743	0.116116957
356	0.122432325	0.128530549	0.116334101
357	0.1228665	0.128995584	0.116737416
358	0.123363475	0.129509094	0.117217856
359	0.123698325	0.129805395	0.117591255
360	0.12402415	0.13012179	0.11792651
361	0.124389025	0.13048348	0.11829457
362	0.1248427	0.130929456	0.118755944
363	0.1250086	0.131101877	0.118915323
364	0.12523215	0.131348398	0.119115902
365	0.125547425	0.131700547	0.119394303
366	0.125792875	0.131915294	0.119670456
367	0.126183525	0.132293767	0.120073283
368	0.12664755	0.132764113	0.120530987
369	0.12702475	0.133183884	0.120865616
370	0.127277825	0.133448479	0.121107171
371	0.12759675	0.133766582	0.121426918
372	0.1281428	0.134307949	0.121977651
373	0.1286372	0.134760522	0.122513878
374	0.129125	0.135249057	0.123000943
375	0.129613525	0.135795896	0.123431154
376	0.1301496	0.136339569	0.123959631
377	0.13059555	0.136787926	0.124403174
378	0.13100695	0.137198709	0.124815191
379	0.131541375	0.137735467	0.125347283
380	0.13209275	0.138316101	0.125869399
381	0.132616275	0.138858295	0.126374255
382	0.1330588	0.139268972	0.126848628
383	0.13357365	0.139785337	0.127361963
384	0.13411275	0.14031766	0.12790784
385	0.1346702	0.140854515	0.128485885
386	0.1353006	0.141504971	0.129096229
387	0.135963	0.142194417	0.129731583
388	0.136622625	0.14287937	0.13036588
389	0.1371521	0.14339334	0.13091086
390	0.137617925	0.143851728	0.131384122
391	0.138081575	0.144320689	0.131842461
392	0.1386185	0.144886798	0.132350202
393	0.1391608	0.145462915	0.132858685
394	0.139716375	0.1460288	0.13340395
395	0.14027405	0.1465669	0.1339812
396	0.1407435	0.147002639	0.134484361
397	0.141242675	0.147524201	0.134961149
398	0.14174375	0.148077718	0.135409782
399	0.1421802	0.148525153	0.135835247
400	0.142553075	0.148888462	0.136217688
401	0.142904575	0.149237392	0.136571758
402	0.1432978	0.149665194	0.136930406
403	0.143559025	0.149891099	0.137226951
404	0.1438218	0.150131586	0.137512014
405	0.14412685	0.150445926	0.137807774
406	0.144429175	0.150758171	0.138100179
407	0.144715825	0.151044332	0.138387318
408	0.14499225	0.151313097	0.138671403
409	0.145290925	0.151612659	0.138969191
410	0.14552945	0.151847596	0.139211304
411	0.1457536	0.152066963	0.139440237
412	0.146020175	0.152329972	0.139710378
413	0.1462759	0.152584877	0.139966923
414	0.146517425	0.152831346	0.140203504
415	0.146745675	0.153072082	0.140419268
416	0.146971075	0.153291966	0.140650184
417	0.147206625	0.153522649	0.140890601
418	0.147444725	0.153756913	0.141132537
419	0.1476189	0.153923681	0.141314119
420	0.147842275	0.154145807	0.141538743
421	0.148082925	0.154386944	0.141778906
422	0.1483032	0.154603079	0.142003321
423	0.1485285	0.154829811	0.142227189
424	0.148743225	0.155044976	0.142441474
425	0.1489408	0.155239251	0.142642349
426	0.149140375	0.155429524	0.142851226
427	0.149350775	0.155635118	0.143066432
428	0.149573925	0.155858667	0.143289183
429	0.14981555	0.156101958	0.143529142
430	0.1500395	0.1563267	0.1437523
431	0.150256875	0.156544618	0.143969132
432	0.15049235	0.156780207	0.144204493
433	0.15072085	0.157011438	0.144430262
434	0.150925075	0.157221344	0.144628806
435	0.151092725	0.157398013	0.144787437
436	0.151280825	0.157584915	0.144976735
437	0.151469725	0.157770277	0.145169173
438	0.151659325	0.15795547	0.14536318
439	0.151854125	0.158152747	0.145555503
440	0.15201835	0.158318932	0.145717768
441	0.15217265	0.158477589	0.145867711
442	0.15236605	0.158686314	0.146045786
443	0.152554325	0.158878733	0.146229917
444	0.152731225	0.1590561	0.14640635
445	0.1528897	0.159214383	0.146565017
446	0.1530537	0.159375803	0.146731597
447	0.153227625	0.159553828	0.146901422
448	0.153412425	0.159749767	0.147075083
449	0.1535877	0.159938096	0.147237304
450	0.153782325	0.160140616	0.147424034
451	0.153985275	0.160348662	0.147621888
452	0.154169075	0.160538457	0.147799693
453	0.1543428	0.160713099	0.147972501
454	0.15451275	0.160883452	0.148142048
455	0.154682525	0.161056052	0.148308998
456	0.15486035	0.161250088	0.148470612
457	0.155018825	0.161424909	0.148612741
458	0.155150875	0.161571086	0.148730664
459	0.155289175	0.161720375	0.148857975
460	0.155415425	0.161850773	0.148980077
461	0.15553345	0.161971644	0.149095256
462	0.1556507	0.162108035	0.149193365
463	0.15575725	0.162219063	0.149295437
464	0.155864475	0.162328986	0.149399964
465	0.15598235	0.16245859	0.14950611
466	0.1560792	0.162567228	0.149591172
467	0.1561682	0.162669254	0.149667146
468	0.156251075	0.162766652	0.149735498
469	0.15636045	0.162881253	0.149839647
470	0.15644985	0.162981762	0.149917938
471	0.15652775	0.163074023	0.149981477
472	0.15662775	0.163182809	0.150072691
473	0.156721325	0.163294578	0.150148072
474	0.1568099	0.16339942	0.15022038
475	0.156892825	0.163483522	0.150302128
476	0.15694625	0.163549582	0.150342918
477	0.157030275	0.163645829	0.150414721
478	0.157163125	0.16378801	0.15053824
479	0.157263025	0.163903075	0.150622975
480	0.157358475	0.164013995	0.150702955
481	0.15745205	0.164121956	0.150782144
482	0.157553375	0.164230578	0.150876172
483	0.157647475	0.164324353	0.150970597
484	0.15774845	0.164424361	0.151072539
485	0.1578761	0.164557966	0.151194234
486	0.158006275	0.164712883	0.151299667
487	0.158128175	0.164859388	0.151396962
488	0.1582365	0.164986289	0.151486711
489	0.158319975	0.165089055	0.151550895
490	0.158441025	0.165227269	0.151654781
491	0.15858835	0.165388346	0.151788354
492	0.1587036	0.165508683	0.151898517
493	0.158840625	0.165657385	0.152023865
494	0.158983375	0.165816097	0.152150653
495	0.159111375	0.165964202	0.152258548
496	0.1592615	0.166130385	0.152392615
497	0.15939195	0.166273457	0.152510443
498	0.1594832	0.166373542	0.152592858
499	0.15961185	0.166515606	0.152708094
500	0.15976525	0.166681857	0.152848643
501	0.159935075	0.166864907	0.153005243
502	0.160058475	0.167011895	0.153105055
503	0.1601804	0.167153414	0.153207386
504	0.160307075	0.167297085	0.153317065
505	0.160456325	0.16746252	0.15345013
506	0.160595425	0.167613229	0.153577621
507	0.160738125	0.167768844	0.153707406
508	0.160893175	0.167941347	0.153845003
509	0.161042925	0.168109169	0.153976681
510	0.161186925	0.168269956	0.154103894
511	0.161325975	0.168424486	0.154227464
512	0.1614638	0.168579619	0.154347981
513	0.161610675	0.168738648	0.154482702
514	0.161762025	0.168900581	0.154623469
515	0.161907375	0.169060911	0.154753839
516	0.16204475	0.169220629	0.154868871
517	0.162161875	0.169362805	0.154960945
518	0.1622435	0.169469446	0.155017554
519	0.162443875	0.169693525	0.155194225
520	0.162615275	0.169886771	0.155343779
521	0.1627452	0.170035889	0.155454511
522	0.162911375	0.170218565	0.155604185
523	0.16306515	0.170384407	0.155745893
524	0.163222575	0.170552736	0.155892414
525	0.16342295	0.170769319	0.156076581
526	0.1635877	0.170951513	0.156223887
527	0.163744025	0.171128168	0.156359882
528	0.16390785	0.171317513	0.156498187
529	0.164079525	0.171510805	0.156648245
530	0.164259975	0.17170846	0.15681149
531	0.16444925	0.171910178	0.156988322
532	0.1646523	0.172129812	0.157174788
533	0.164846475	0.172340275	0.157352675
534	0.165040825	0.172551613	0.157530037
535	0.16526265	0.172794771	0.157730529
536	0.165477825	0.173027276	0.157928374
537	0.16569595	0.17326078	0.15813112
538	0.1659278	0.173507116	0.158348484
539	0.1661639	0.173758293	0.158569507
540	0.166402475	0.174012716	0.158792234
541	0.16664205	0.174269374	0.159014726
542	0.1668912	0.174541293	0.159241107
543	0.167166975	0.174834009	0.159499941
544	0.16746235	0.175143095	0.159781605
545	0.1677717	0.175471672	0.160071728
546	0.168090575	0.175807815	0.160373335
547	0.1684153	0.176147766	0.160682834
548	0.168746025	0.176490921	0.161001129
549	0.169118825	0.176880368	0.161357282
550	0.169505325	0.177282608	0.161728042
551	0.1699003	0.177691281	0.162109319
552	0.170315	0.178118111	0.162511889
553	0.1707348	0.178550838	0.162918762
554	0.171165775	0.178995511	0.163336039
555	0.1716365	0.179480413	0.163792587
556	0.172116775	0.179969865	0.164263685
557	0.172614425	0.180476628	0.164752222
558	0.1731434	0.181019335	0.165267465
559	0.173708425	0.18160019	0.16581666
560	0.174285825	0.182192334	0.166379316
561	0.174869075	0.182788413	0.166949737
562	0.17548545	0.183411652	0.167559248
563	0.1761157	0.184050933	0.168180467
564	0.176763825	0.184710035	0.168817615
565	0.1774525	0.185409136	0.169495864
566	0.17814845	0.186114654	0.170182246
567	0.17885895	0.186834572	0.170883328
568	0.17959535	0.187580722	0.171609978
569	0.1803459	0.188341785	0.172350015
570	0.181113625	0.189120263	0.173106987
571	0.18190105	0.189918513	0.173883587
572	0.1827142	0.190743365	0.174685035
573	0.183523475	0.191559712	0.175487238
574	0.184329825	0.19237034	0.17628931
575	0.185144575	0.193198029	0.177091121
576	0.185982725	0.194047622	0.177917828
577	0.1868355	0.194911217	0.178759783
578	0.187681225	0.195768026	0.179594424
579	0.18852795	0.196625083	0.180430817
580	0.189376925	0.197483522	0.181270328
581	0.190226325	0.198341276	0.182111374
582	0.191050275	0.199172477	0.182928073
583	0.19187685	0.200007889	0.183745811
584	0.19270765	0.200848632	0.184566668
585	0.193492375	0.201639173	0.185345577
586	0.194263125	0.202415444	0.186110806
587	0.1950315	0.203190088	0.186872912
588	0.19579005	0.203957435	0.187622665
589	0.196536	0.204715044	0.188356956
590	0.1972853	0.20547855	0.18909205
591	0.1980354	0.206245564	0.189825236
592	0.1987432	0.20696301	0.19052339
593	0.199447175	0.207679001	0.191215349
594	0.200154025	0.208400792	0.191907258
595	0.200831025	0.209091651	0.192570399
596	0.20150365	0.209778976	0.193228324
597	0.202170675	0.210461141	0.193880209
598	0.202818225	0.211124197	0.194512253
599	0.2034177	0.211739342	0.195096058
600	0.20400925	0.212348028	0.195670472
601	0.204607125	0.212965222	0.196249028
602	0.2051527	0.213529809	0.196775591
603	0.205693375	0.214089661	0.197297089
604	0.20623175	0.214647438	0.197816062
605	0.206720675	0.215151408	0.198289942
606	0.207183425	0.215627251	0.198739599
607	0.2076362	0.216092204	0.199180196
608	0.208100825	0.216570111	0.199631539
609	0.208555025	0.21703876	0.20007129
610	0.208997075	0.217493534	0.200500616
611	0.209412575	0.2179177	0.20090745
612	0.209816075	0.218326821	0.201305329
613	0.2102049	0.218720946	0.201688854
614	0.210578025	0.219099256	0.202056794
615	0.2109582	0.219488945	0.202427455
616	0.211371475	0.219914224	0.202828726
617	0.21179645	0.220351595	0.203241305
618	0.21216565	0.220726575	0.203604725
619	0.212532875	0.221100242	0.203965508
620	0.212893325	0.22146712	0.20431953
621	0.213238525	0.221818301	0.204658749
622	0.213581525	0.222170361	0.204992689
623	0.213940475	0.222537994	0.205342956
624	0.2143178	0.222922681	0.205712919
625	0.2146455	0.223265142	0.206025858
626	0.21498775	0.223623272	0.206352228
627	0.2153404	0.223991617	0.206689183
628	0.2157022	0.224363889	0.207040511
629	0.216061575	0.224737655	0.207385495
630	0.216416575	0.225108784	0.207724366
631	0.216765	0.225474187	0.208055813
632	0.21705565	0.225781826	0.208329474
633	0.217369725	0.226111675	0.208627775
634	0.217725975	0.226482438	0.208969512
635	0.218084625	0.226856404	0.209312846
636	0.218410725	0.22720074	0.20962071
637	0.21871405	0.227524267	0.209903833
638	0.219032475	0.227861398	0.210203552
639	0.219349425	0.228195136	0.210503714
640	0.21966685	0.228530575	0.210803125
641	0.2199882	0.228874746	0.211101654
642	0.220316375	0.229223378	0.211409372
643	0.2206386	0.229563553	0.211713647
644	0.220953425	0.229893563	0.212013287
645	0.221234275	0.230190128	0.212278422
646	0.221521675	0.230497067	0.212546283
647	0.221817175	0.230814795	0.212819555
648	0.222131075	0.231147613	0.213114537
649	0.222460125	0.231496317	0.213423933
650	0.2227908	0.231847853	0.213733747
651	0.2231107	0.232191465	0.214029935
652	0.223459875	0.232557192	0.214362558
653	0.223798675	0.232908602	0.214688748
654	0.2241177	0.233237128	0.214998272
655	0.224458675	0.233605025	0.215312325
656	0.224821025	0.233998297	0.215643753
657	0.225188525	0.234396938	0.215980112
658	0.225562425	0.234789203	0.216335647
659	0.2259429	0.235185942	0.216699858
660	0.22632865	0.235587927	0.217069373
661	0.226721525	0.235999522	0.217443528
662	0.227116725	0.23641064	0.21782281
663	0.227502625	0.23681203	0.21819322
664	0.227870525	0.237195733	0.218545317
665	0.2282444	0.237590008	0.218898792
666	0.228622925	0.23798663	0.21925922
667	0.229006075	0.238385416	0.219626734
668	0.229385225	0.238780965	0.219989485
669	0.229780175	0.239193727	0.220366623
670	0.2301799	0.239611531	0.220748269
671	0.230562775	0.240010806	0.221114744
672	0.23095115	0.240418588	0.221483712
673	0.231336725	0.24082321	0.22185024
674	0.2317159	0.241219943	0.222211857
675	0.23212375	0.241641102	0.222606398
676	0.23253475	0.242067034	0.223002466
677	0.23294555	0.242494856	0.223396244
678	0.23334555	0.24291201	0.22377909
679	0.233748975	0.243336011	0.224161939
680	0.2341595	0.243767188	0.224551812
681	0.234590275	0.24421266	0.22496789
682	0.23501365	0.244650083	0.225377217
683	0.235422875	0.245072148	0.225773602
684	0.235812825	0.245473098	0.226152552
685	0.236179575	0.245846924	0.226512226
686	0.236551725	0.246235012	0.226868438
687	0.2369269	0.246637479	0.227216321
688	0.23741405	0.247148552	0.227679548
689	0.237887325	0.247640055	0.228134595
690	0.238346375	0.248112831	0.228579919
691	0.238803925	0.248581595	0.229026255
692	0.239231625	0.249017259	0.229445991
693	0.2396618	0.249457965	0.229865635
694	0.240115	0.249928862	0.230301138
695	0.240647075	0.250480686	0.230813464
696	0.2411626	0.251013958	0.231311242
697	0.241653	0.25151973	0.23178627
698	0.242080175	0.251955301	0.232205049
699	0.242512425	0.25239834	0.23262651
700	0.2429552	0.252853626	0.233056774
701	0.2434309	0.253343623	0.233518177
702	0.243918425	0.253846513	0.233990337
703	0.24440385	0.254348047	0.234459653
704	0.244883625	0.254844543	0.234922707
705	0.24534	0.255311593	0.235368407
706	0.24580745	0.255791696	0.235823204
707	0.2462932	0.256293423	0.236292977
708	0.246754075	0.256769933	0.236738217
709	0.247208675	0.257237945	0.237179405
710	0.2476569	0.257698593	0.237615207
711	0.24809755	0.258152632	0.238042468
712	0.24852765	0.258593071	0.238462229
713	0.24893605	0.259009813	0.238862287
714	0.249302125	0.259382625	0.239221625
715	0.249546125	0.259619397	0.239472853
716	0.249760775	0.259829784	0.239691766
717	0.24996035	0.260032226	0.239888474
718	0.2503284	0.260417382	0.240239418
719	0.25084035	0.260956667	0.240724033
720	0.251420125	0.261566728	0.241273522
721	0.251944075	0.262095127	0.241793023
722	0.25232415	0.262480802	0.242167498
723	0.252658775	0.262824521	0.242493029
724	0.252994525	0.263176908	0.242812142
725	0.2534089	0.263604405	0.243213395
726	0.2538427	0.264049712	0.243635688
727	0.254288325	0.264505735	0.244070915
728	0.2546987	0.264934399	0.244463001
729	0.25513775	0.265390735	0.244884765
730	0.2556022	0.265872146	0.245332254
731	0.2561163	0.266410226	0.245822374
732	0.2566149	0.266927592	0.246302208
733	0.257085225	0.26741289	0.24675756
734	0.25750795	0.267845884	0.247170016
735	0.25790405	0.268257232	0.247550868
736	0.2583091	0.26867744	0.24794076
737	0.258737175	0.269118581	0.248355769
738	0.259156125	0.269551899	0.248760351
739	0.259565875	0.269977043	0.249154707
740	0.259964875	0.27039182	0.24953793
741	0.26034855	0.270787205	0.249909895
742	0.260720825	0.271176005	0.250265645
743	0.261087425	0.271560209	0.250614641
744	0.261459025	0.271946447	0.250971603
745	0.26179745	0.27229846	0.25129644
746	0.262131425	0.272645156	0.251617694
747	0.262474225	0.272999484	0.251948966
748	0.26278575	0.273323417	0.252248083
749	0.263119375	0.273674001	0.252564749
750	0.263473	0.274047938	0.252898062
751	0.26380055	0.274383449	0.253217651
752	0.264108525	0.274703697	0.253513353
753	0.26440745	0.275017513	0.253797387
754	0.264714775	0.275339638	0.254089912
755	0.264999625	0.275638924	0.254360326
756	0.265264075	0.27591277	0.25461538
757	0.2655164	0.276165813	0.254866987
758	0.26536585	0.275985889	0.254745811
759	0.265097325	0.275704208	0.254490442
760	0.26481825	0.275454967	0.254181533
761	0.26517905	0.275842607	0.254515493
762	0.26554615	0.27623365	0.25485865
763	0.265962375	0.276674595	0.255250155
764	0.266465175	0.277205632	0.255724718
765	0.266963275	0.277727915	0.256198635
766	0.26740035	0.278183785	0.256616915
767	0.26778275	0.278579135	0.256986365
768	0.26805225	0.278863604	0.257240896
769	0.26828735	0.279112143	0.257462557
770	0.268498625	0.279335047	0.257662203
771	0.268667975	0.279514923	0.257821027
772	0.268848675	0.279707211	0.257990139
773	0.269037	0.279908218	0.258165782
774	0.269224325	0.280110009	0.258338641
775	0.26939445	0.280295829	0.258493071
776	0.26954785	0.280463366	0.258632334
777	0.269678875	0.28060386	0.25875389
778	0.2698109	0.280747153	0.258874647
779	0.269947075	0.280897116	0.258997034
780	0.2700874	0.281053595	0.259121205
781	0.270216525	0.281192172	0.259240878
782	0.2703269	0.281312074	0.259341726
783	0.270426175	0.281422691	0.259429659
784	0.270536125	0.281553011	0.259519239
785	0.2706045	0.281631751	0.259577249
786	0.270661	0.28169462	0.25962738
787	0.270726025	0.281765425	0.259686625
788	0.2707787	0.281828136	0.259729264
789	0.2708448	0.281907576	0.259782024
790	0.2709302	0.282009616	0.259850784
791	0.27104545	0.282137189	0.259953711
792	0.271126275	0.282229968	0.260022582
793	0.271181975	0.282297777	0.260066173
794	0.2712493	0.282380051	0.260118549
795	0.271297775	0.282440615	0.260154935
796	0.27134695	0.282501183	0.260192717
797	0.271417775	0.282584942	0.260250608
798	0.27145105	0.282631196	0.260270904
799	0.2714795	0.282673216	0.260285784
800	0.271510575	0.282718449	0.260302701
801	0.2715583	0.282779534	0.260337066
802	0.271606575	0.282839981	0.260373169
803	0.2716599	0.282904834	0.260414966
804	0.27174705	0.283003859	0.260490241
805	0.271810525	0.283085654	0.260535396
806	0.271854625	0.283147515	0.260561735
807	0.271873425	0.283173807	0.260573043
808	0.271865075	0.283175064	0.260555086
809	0.271846475	0.28316625	0.2605267
810	0.271820925	0.283150815	0.260491035
811	0.271745825	0.283080138	0.260411512
812	0.271660175	0.282996758	0.260323592
813	0.271561775	0.282899297	0.260224253
814	0.271438375	0.282778446	0.260098304
815	0.271384675	0.282730904	0.260038446
816	0.271386175	0.28274187	0.26003048
817	0.27145035	0.282819841	0.260080859
818	0.271589975	0.282979285	0.260200665
819	0.2717229	0.283135257	0.260310543
820	0.271820275	0.283259006	0.260381544
821	0.271756825	0.283187313	0.260326337
822	0.271727125	0.283163148	0.260291102
823	0.27175555	0.283213135	0.260297965
824	0.27193145	0.283426561	0.260436339
825	0.27199775	0.283511111	0.260484389
826	0.2720068	0.28352705	0.26048655
827	0.271998875	0.28351942	0.26047833
828	0.27203875	0.283573597	0.260503903
829	0.272095425	0.283648978	0.260541872
830	0.272160025	0.283733436	0.260586614
831	0.272246725	0.28383158	0.26066187
832	0.27232955	0.28392913	0.26072997
833	0.272405175	0.284023963	0.260786387
834	0.272476125	0.284118505	0.260833745
835	0.272552225	0.284212568	0.260891882
836	0.2726296	0.284305465	0.260953735
837	0.272700275	0.284393185	0.261007365
838	0.272776175	0.284483825	0.261068525
839	0.27283555	0.284557672	0.261113428
840	0.2728611	0.284598488	0.261123712
841	0.27291355	0.284672107	0.261154993
842	0.272978625	0.284751264	0.261205986
843	0.273052475	0.284831513	0.261273437
844	0.2730864	0.28487818	0.26129462
845	0.273141675	0.284947577	0.261335773
846	0.273213175	0.285033939	0.261392411
847	0.273297975	0.285132763	0.261463187
848	0.273376925	0.285226216	0.261527634
849	0.27344735	0.285308252	0.261586448
850	0.273501425	0.28536695	0.2616359
851	0.273550025	0.285431767	0.261668283
852	0.2735926	0.285485972	0.261699228
853	0.2736322	0.285530439	0.261733961
854	0.273731125	0.2856352	0.26182705
855	0.27382705	0.285749603	0.261904497
856	0.273918825	0.28586467	0.26197298
857	0.2740167	0.285973657	0.262059743
858	0.2741098	0.286080875	0.262138725
859	0.274201825	0.286187481	0.262216169
860	0.274294025	0.286293161	0.262294889
861	0.274377775	0.286390486	0.262365064
862	0.27446465	0.286496165	0.262433135
863	0.2745589	0.286615899	0.262501901
864	0.27468875	0.286749766	0.262627734
865	0.274790725	0.286855133	0.262726317
866	0.274876875	0.286946395	0.262807355
867	0.274988475	0.2870726	0.26290435
868	0.275115825	0.287214146	0.263017504
869	0.275246375	0.287360122	0.263132628
870	0.2753752	0.287508634	0.263241766
871	0.2754772	0.287622709	0.263331691
872	0.27560985	0.287768934	0.263450766
873	0.275789825	0.287966641	0.263613009
874	0.275963875	0.288149481	0.263778269
875	0.276099525	0.28829533	0.26390372
876	0.27621625	0.288423555	0.264008945
877	0.2764005	0.288620316	0.264180684
878	0.27651475	0.288748267	0.264281233
879	0.27662745	0.288873195	0.264381705
880	0.27681145	0.289064714	0.264558186
881	0.27698875	0.289255657	0.264721843
882	0.2771444	0.289423801	0.264864999
883	0.277268825	0.289557205	0.264980445
884	0.27745225	0.289750816	0.265153684
885	0.277640825	0.289955301	0.265326349
886	0.277830425	0.290163472	0.265497378
887	0.277997875	0.290332855	0.265662895
888	0.2781317	0.290482911	0.265780489
889	0.2782719	0.290642249	0.265901551
890	0.278475675	0.290854293	0.266097057
891	0.278645925	0.291030903	0.266260947
892	0.27878035	0.291173292	0.266387408
893	0.2788689	0.291272908	0.266464892
894	0.27898345	0.291381752	0.266585148
895	0.279061525	0.291457513	0.266665537
896	0.279110575	0.291506747	0.266714403
897	0.279230725	0.291612629	0.266848821
898	0.2794346	0.291814087	0.267055113
899	0.279662175	0.292046347	0.267278003
900	0.2798126	0.292203373	0.267421827
901	0.280134775	0.292544118	0.267725432
902	0.280482825	0.292921561	0.268044089
903	0.2808085	0.293288954	0.268328046
904	0.281032275	0.293536626	0.268527924
905	0.28125245	0.293763327	0.268741573
906	0.28147115	0.293974063	0.268968237
907	0.281612975	0.294114537	0.269111413
908	0.281804025	0.294301654	0.269306396
909	0.282017475	0.294517056	0.269517894
910	0.28219915	0.294728606	0.269669694
911	0.28236755	0.294897721	0.269837379
912	0.28255215	0.295087324	0.270016976
913	0.282772225	0.295334007	0.270210443
914	0.283029025	0.295587176	0.270470874
915	0.283295425	0.295849074	0.270741776
916	0.28356815	0.296122231	0.271014069
917	0.2838542	0.29644457	0.27126383
918	0.2842352	0.296851444	0.271618956
919	0.284617675	0.29725493	0.27198042
920	0.28481035	0.297471531	0.272149169
921	0.2852097	0.297878978	0.272540422
922	0.2855805	0.298258265	0.272902735
923	0.2857738	0.298469882	0.273077718
924	0.285968275	0.298682664	0.273253886
925	0.286208	0.298936075	0.273479925
926	0.28648815	0.299224922	0.273751378
927	0.286470025	0.299210738	0.273729312
928	0.28644575	0.299174143	0.273717357
929	0.28641565	0.299124032	0.273707268
930	0.2863815	0.29908831	0.27367469
931	0.286288375	0.298978197	0.273598553
932	0.2862218	0.298881688	0.273561912
933	0.28628885	0.298892416	0.273685284
934	0.28618145	0.298784772	0.273578128
935	0.28622425	0.298805509	0.273642991
936	0.286504675	0.299027098	0.273982252
937	0.287082525	0.299637091	0.274527959
938	0.2874598	0.300065396	0.274854204
939	0.28774605	0.300405986	0.275086114
940	0.288241425	0.300920543	0.275562307
941	0.288641525	0.301371812	0.275911238
942	0.28889055	0.301659701	0.276121399
943	0.288875475	0.301634371	0.276116579
944	0.289139625	0.301890011	0.276389239
945	0.289411	0.30214894	0.27667306
946	0.289641175	0.302360058	0.276922292
947	0.289797625	0.3025299	0.27706535
948	0.290067675	0.302817779	0.277317571
949	0.290387125	0.303159554	0.277614696
950	0.29051775	0.303316421	0.277719079
951	0.290942375	0.303740627	0.278144123
952	0.291401325	0.304203478	0.278599172
953	0.291660225	0.304501765	0.278818685
954	0.291799875	0.304639388	0.278960362
955	0.292033825	0.304883354	0.279184296
956	0.2924194	0.305300033	0.279538767
957	0.29285015	0.305741704	0.279958596
958	0.293213575	0.306102457	0.280324693
959	0.293544325	0.30642291	0.28066574
960	0.2940053	0.306890982	0.281119618
961	0.294305875	0.30722418	0.28138757
962	0.2945584	0.307511402	0.281605398
963	0.294864925	0.307826465	0.281903385
964	0.29528605	0.308292851	0.282279249
965	0.2956611	0.308698238	0.282623962
966	0.29594205	0.308978965	0.282905135
967	0.296351425	0.309410118	0.283292732
968	0.296695875	0.309777043	0.283614707
969	0.296984225	0.310093745	0.283874705
970	0.297239	0.310415606	0.284062394
971	0.29759185	0.310784889	0.284398811
972	0.297926225	0.311113209	0.284739241
973	0.29806905	0.311247824	0.284890276
974	0.298317175	0.311522681	0.285111669
975	0.298543875	0.311780238	0.285307512
976	0.2986975	0.311961834	0.285433166
977	0.299091525	0.312370315	0.285812735
978	0.299420425	0.312711474	0.286129376
979	0.299680875	0.312978688	0.286383062
980	0.29995375	0.313236688	0.286670812
981	0.300095125	0.313390948	0.286799302
982	0.3002157	0.313540644	0.286890756
983	0.300479425	0.313838729	0.287120121
984	0.300838875	0.31421258	0.28746517
985	0.301098725	0.314480695	0.287716755
986	0.301156125	0.314540798	0.287771452
987	0.3014593	0.314847803	0.288070797
988	0.30172875	0.315112983	0.288344517
989	0.301954825	0.315334433	0.288575217
990	0.302234275	0.315674527	0.288794023
991	0.302246675	0.315707145	0.288786205
992	0.302196175	0.315662186	0.288730164
993	0.3024558	0.315963593	0.288948007
994	0.3025869	0.3160817	0.2890921
995	0.30277225	0.316261509	0.289282991
996	0.30312055	0.316645921	0.289595179
997	0.30315215	0.316665924	0.289638376
998	0.30323965	0.316754628	0.289724672
999	0.3034155	0.316948784	0.289882216
1000	0.303647575	0.317203479	0.290091671
1001	0.304680625	0.318885428	0.290475822
1002	0.30483115	0.319039027	0.290623273
1003	0.304853075	0.319026723	0.290679427
1004	0.304891425	0.319058392	0.290724458
1005	0.304971825	0.319163005	0.290780645
1006	0.305021875	0.319238763	0.290804987
1007	0.3050958	0.319325276	0.290866324
1008	0.305154425	0.319384119	0.290924731
1009	0.3051393	0.319367215	0.290911385
1010	0.305167875	0.319402309	0.290933441
1011	0.305342625	0.319591328	0.291093922
1012	0.305500325	0.319764196	0.291236454
1013	0.305494875	0.319762848	0.291226902
1014	0.30545325	0.31971312	0.29119338
1015	0.3054887	0.319750853	0.291226547
1016	0.305505925	0.319786524	0.291225326
1017	0.305415275	0.319706133	0.291124417
1018	0.305375425	0.319676025	0.291074825
1019	0.30544955	0.319750808	0.291148292
1020	0.305471575	0.319766999	0.291176151
1021	0.30535565	0.319657216	0.291054084
1022	0.305260225	0.319581611	0.290938839
1023	0.305280875	0.31962955	0.2909322
1024	0.305321825	0.319686719	0.290956931
1025	0.305292675	0.319654098	0.290931252
1026	0.305231975	0.31959193	0.29087202
1027	0.305211675	0.319589156	0.290834194
1028	0.30523255	0.319628744	0.290836356
1029	0.305186125	0.319594561	0.290777689
1030	0.30508445	0.31950514	0.29066376
1031	0.305093025	0.319528287	0.290657763
1032	0.305093775	0.319548845	0.290638705
1033	0.305022275	0.319486283	0.290558267
1034	0.30497665	0.319451504	0.290501796
1035	0.304978375	0.319473129	0.290483621
1036	0.304975275	0.319477707	0.290472843
1037	0.304913125	0.31941928	0.29040697
1038	0.30482105	0.319332311	0.290309789
1039	0.304766525	0.319279359	0.290253691
1040	0.304743725	0.319255454	0.290231996
1041	0.3047111	0.319232919	0.290189281
1042	0.30467105	0.319224158	0.290117942
1043	0.304607075	0.319188559	0.290025591
1044	0.3045096	0.319100245	0.289918955
1045	0.304447875	0.319044326	0.289851424
1046	0.30438835	0.318986542	0.289790158
1047	0.304295775	0.31891656	0.28967499
1048	0.30420485	0.318848201	0.289561499
1049	0.30410105	0.31872937	0.28947273
1050	0.30400555	0.3186285	0.2893826
1051	0.303944125	0.318594359	0.289293891
1052	0.303902425	0.31857608	0.28922877
1053	0.303890925	0.318568639	0.289213211
1054	0.30386365	0.318541314	0.289185986
1055	0.303798375	0.318477419	0.289119331
1056	0.303732975	0.318418941	0.289047009
1057	0.30367285	0.318386172	0.288959528
1058	0.303612925	0.318356808	0.288869042
1059	0.3035188	0.318273056	0.288764544
1060	0.303402875	0.318166762	0.288638988
1061	0.3033364	0.318115269	0.288557531
1062	0.303258175	0.318057278	0.288459072
1063	0.3031503	0.31796528	0.28833532
1064	0.3030468	0.317863655	0.288229945
1065	0.302940325	0.317763468	0.288117182
1066	0.302825075	0.317646934	0.288003216
1067	0.3027112	0.317534048	0.287888352
1068	0.30259475	0.317430608	0.287758892
1069	0.302487825	0.317338572	0.287637078
1070	0.30239275	0.317263056	0.287522444
1071	0.30229085	0.317179953	0.287401747
1072	0.302187675	0.317082958	0.287292392
1073	0.302095775	0.316995426	0.287196124
1074	0.3020341	0.316943379	0.287124821
1075	0.3019962	0.316923951	0.287068449
1076	0.30193155	0.316870241	0.286992859
1077	0.301803475	0.316736647	0.286870303
1078	0.30165355	0.316590657	0.286716443
1079	0.301518775	0.316466904	0.286570646
1080	0.301386025	0.316349271	0.286422779
1081	0.301307825	0.316283602	0.286332048
1082	0.30124005	0.316206927	0.286273173
1083	0.3011045	0.316038597	0.286170403
1084	0.300968325	0.315888464	0.286048186
1085	0.3008931	0.315851347	0.285934853
1086	0.30084255	0.315837637	0.285847463
1087	0.30079865	0.315795747	0.285801553
1088	0.3007275	0.31572177	0.28573323
1089	0.300574325	0.315579243	0.285569407
1090	0.300437175	0.315455849	0.285418501
1091	0.300344425	0.315387703	0.285301147
1092	0.300234025	0.315305328	0.285162722
1093	0.30011755	0.31518861	0.28504649
1094	0.29999885	0.315065861	0.284931839
1095	0.299863375	0.314914268	0.284812482
1096	0.299691125	0.314708175	0.284674075
1097	0.299498575	0.314502061	0.284495089
1098	0.29934135	0.314350531	0.284332169
1099	0.299210625	0.314221802	0.284199448
1100	0.299107525	0.314121762	0.284093288
1101	0.299009625	0.314026718	0.283992532
1102	0.298862525	0.313872323	0.283852727
1103	0.298702175	0.313705055	0.283699295
1104	0.29858615	0.31359052	0.28358178
1105	0.29848995	0.313497335	0.283482565
1106	0.298366425	0.313378121	0.283354729
1107	0.29821495	0.313235433	0.283194467
1108	0.2980493	0.313062708	0.283035892
1109	0.297878625	0.312871785	0.282885465
1110	0.29767205	0.312651517	0.282692583
1111	0.297432375	0.312411422	0.282453328
1112	0.29720355	0.312180217	0.282226883
1113	0.2969949	0.311966422	0.282023378
1114	0.29674765	0.311721726	0.281773574
1115	0.29649135	0.311482898	0.281499802
1116	0.296227675	0.311231538	0.281223812
1117	0.295910825	0.310901418	0.280920232
1118	0.29556535	0.310548693	0.280582007
1119	0.295317875	0.310267438	0.280368312
1120	0.295067275	0.309982187	0.280152363
1121	0.2948753	0.309802631	0.279947969
1122	0.294678625	0.309627393	0.279729857
1123	0.2945687	0.309533295	0.279604105
1124	0.294480775	0.309456293	0.279505257
1125	0.294355475	0.309314687	0.279396263
1126	0.29421365	0.309159658	0.279267642
1127	0.29409765	0.309061216	0.279134084
1128	0.29398805	0.308994073	0.278982027
1129	0.293947175	0.308991316	0.278903034
1130	0.29399145	0.309048153	0.278934747
1131	0.2940576	0.309130114	0.278985086
1132	0.294190575	0.309307721	0.279073429
1133	0.2943493	0.309508301	0.279190299
1134	0.29447945	0.309645353	0.279313547
1135	0.294569875	0.309741353	0.279398397
1136	0.29459985	0.309794963	0.279404737
1137	0.29462545	0.309843111	0.279407789
1138	0.2944954	0.309710351	0.279280449
1139	0.29435785	0.309569329	0.279146371
1140	0.294338075	0.309571704	0.279104446
1141	0.29433525	0.309593648	0.279076852
1142	0.294337125	0.309626356	0.279047894
1143	0.29434075	0.309664908	0.279016592
1144	0.294271575	0.30960264	0.27894051
1145	0.294183275	0.309503758	0.278862792
1146	0.29419115	0.309515297	0.278867003
1147	0.294264975	0.30960638	0.27892357
1148	0.294299525	0.309671013	0.278928037
1149	0.294277175	0.309693361	0.278860989
1150	0.294276325	0.309725795	0.278826855
1151	0.2943434	0.309809824	0.278876976
1152	0.2944133	0.309902523	0.278924077
1153	0.294492225	0.310017479	0.278966971
1154	0.29456835	0.310127095	0.279009605
1155	0.2946562	0.31024387	0.27906853
1156	0.29473745	0.310352797	0.279122103
1157	0.294825225	0.31047308	0.27917737
1158	0.294906025	0.310585739	0.279226311
1159	0.2949437	0.310648751	0.279238649
1160	0.294974275	0.310702497	0.279246053
1161	0.2950343	0.310777811	0.279290789
1162	0.295104625	0.310860832	0.279348418
1163	0.2951372	0.310926459	0.279347941
1164	0.2951454	0.310979222	0.279311578
1165	0.29510755	0.310970088	0.279245012
1166	0.295023625	0.310900374	0.279146876
1167	0.2949639	0.310858164	0.279069636
1168	0.29494125	0.310857639	0.279024861
1169	0.294909925	0.310844252	0.278975598
1170	0.29485475	0.310796766	0.278912734
1171	0.294800875	0.310753241	0.278848509
1172	0.2947475	0.310719923	0.278775077
1173	0.294693575	0.310685124	0.278702026
1174	0.29462645	0.310623657	0.278629243
1175	0.2945597	0.31056263	0.27855677
1176	0.29454055	0.310564594	0.278516506
1177	0.294524275	0.310570794	0.278477756
1178	0.294465175	0.310531421	0.278398929
1179	0.29439725	0.310482584	0.278311916
1180	0.294313825	0.310409798	0.278217852
1181	0.294223825	0.310327022	0.278120628
1182	0.294161675	0.310274771	0.278048579
1183	0.2941186	0.310243274	0.277993926
1184	0.29406445	0.310203137	0.277925763
1185	0.2939974	0.310152071	0.277842729
1186	0.293929325	0.310098997	0.277759653
1187	0.293861975	0.31004501	0.27767894
1188	0.29380985	0.31000789	0.27761181
1189	0.293793375	0.310012813	0.277573937
1190	0.2937681	0.310006063	0.277530137
1191	0.293707075	0.309948643	0.277465507
1192	0.293641025	0.309886727	0.277395323
1193	0.293505675	0.309760522	0.277250828
1194	0.29337165	0.309635694	0.277107606
1195	0.293304125	0.309578534	0.277029716
1196	0.2932378	0.309522911	0.276952689
1197	0.293180825	0.309472553	0.276889097
1198	0.293123675	0.309420658	0.276826692
1199	0.2930222	0.309347848	0.276696552
1200	0.292910375	0.309274127	0.276546623
1201	0.29283035	0.309208379	0.276452321
1202	0.292767325	0.309146301	0.276388349
1203	0.292693925	0.309076447	0.276311403
1204	0.292614275	0.309001745	0.276226805
1205	0.29253615	0.308928637	0.276143663
1206	0.292457225	0.308855238	0.276059212
1207	0.29238025	0.308786153	0.275974347
1208	0.29230275	0.308721709	0.275883791
1209	0.2922175	0.30865086	0.27578414
1210	0.2921083	0.308561076	0.275655524
1211	0.292002675	0.308472541	0.275532809
1212	0.291923475	0.308392289	0.275454661
1213	0.291848775	0.308317958	0.275379592
1214	0.2917957	0.308283601	0.275307799
1215	0.291742275	0.308249032	0.275235518
1216	0.2916461	0.308170374	0.275121826
1217	0.291550825	0.308093489	0.275008161
1218	0.2914561	0.308014964	0.274897236
1219	0.29136165	0.307935626	0.274787674
1220	0.2912913	0.307863464	0.274719136
1221	0.29122235	0.307788153	0.274656547
1222	0.291139425	0.307714507	0.274564343
1223	0.291053875	0.307644207	0.274463543
1224	0.2909661	0.307574666	0.274357534
1225	0.290887575	0.307519263	0.274255887
1226	0.290793975	0.307445347	0.274142603
1227	0.290670775	0.307335251	0.274006299
1228	0.290550025	0.307224504	0.273875546
1229	0.290425975	0.307105795	0.273746155
1230	0.29031185	0.306995898	0.273627802
1231	0.290226375	0.306911987	0.273540763
1232	0.290128425	0.306817665	0.273439185
1233	0.2900141	0.306709859	0.273318341
1234	0.28990985	0.306610815	0.273208885
1235	0.289809375	0.306517703	0.273101047
1236	0.28970485	0.30642203	0.27298767
1237	0.28960645	0.306346732	0.272866168
1238	0.289514025	0.306277773	0.272750277
1239	0.2894122	0.306179389	0.272645011
1240	0.289305775	0.306071786	0.272539764
1241	0.28917745	0.305949903	0.272404997
1242	0.28904035	0.305824108	0.272256592
1243	0.2889526	0.305743579	0.272161621
1244	0.2888985	0.305696437	0.272100563
1245	0.28881015	0.30561322	0.27200708
1246	0.288690475	0.305495162	0.271885788
1247	0.28856485	0.305375351	0.271754349
1248	0.28843835	0.305259082	0.271617618
1249	0.288338375	0.305169262	0.271507488
1250	0.288265375	0.305102417	0.271428333
1251	0.288181925	0.305021592	0.271342258
1252	0.2880667	0.304908649	0.271224751
1253	0.287939975	0.304787648	0.271092302
1254	0.2878142	0.304676927	0.270951473
1255	0.28769005	0.304566025	0.270814075
1256	0.287575625	0.30445122	0.27070003
1257	0.2874656	0.304341346	0.270589854
1258	0.2873809	0.304251334	0.270510466
1259	0.287293125	0.304157558	0.270428692
1260	0.287208175	0.304092391	0.270323959
1261	0.2871266	0.304036798	0.270216402
1262	0.287033425	0.303949799	0.270117051
1263	0.28693855	0.303854784	0.270022316
1264	0.2868595	0.303776533	0.269942467
1265	0.286776075	0.303697537	0.269854613
1266	0.286666325	0.30359274	0.26973991
1267	0.286550925	0.303477848	0.269624002
1268	0.28646025	0.303391233	0.269529267
1269	0.2863818	0.303319794	0.269443806
1270	0.286301625	0.30324639	0.26935686
1271	0.2862218	0.303174816	0.269268784
1272	0.286126075	0.303083854	0.269168296
1273	0.286020625	0.302981072	0.269060178
1274	0.285946375	0.302913931	0.268978819
1275	0.28590585	0.302886477	0.268925223
1276	0.285840175	0.302831512	0.268848838
1277	0.285738375	0.302736815	0.268739935
1278	0.2856407	0.302649383	0.268632017
1279	0.285539875	0.302571043	0.268508707
1280	0.285450525	0.302501436	0.268399614
1281	0.285397775	0.302448442	0.268347108
1282	0.285341875	0.302392806	0.268290944
1283	0.28528365	0.302343861	0.268223439
1284	0.285227925	0.302297899	0.268157951
1285	0.2851253	0.302209902	0.268040698
1286	0.28501395	0.302114154	0.267913746
1287	0.2849325	0.302045765	0.267819235
1288	0.284857275	0.301984006	0.267730544
1289	0.28480525	0.301945431	0.267665069
1290	0.28475895	0.301911381	0.267606519
1291	0.284684975	0.301839976	0.267529974
1292	0.2846037	0.301757704	0.267449696
1293	0.284527375	0.301689302	0.267365448
1294	0.2844621	0.301642035	0.267282165
1295	0.28439955	0.301595446	0.267203654
1296	0.284322175	0.301526965	0.267117385
1297	0.284216825	0.301424741	0.267008909
1298	0.284082625	0.301285016	0.266880234
1299	0.2839749	0.301174064	0.266775736
1300	0.28390295	0.301110018	0.266695882
1301	0.28382635	0.301043203	0.266609497
1302	0.283756275	0.300974726	0.266537824
1303	0.28368135	0.300899347	0.266463353
1304	0.28360965	0.300829271	0.266390029
1305	0.283533225	0.300755517	0.266310933
1306	0.283424475	0.300653875	0.266195075
1307	0.283309625	0.300544459	0.266074791
1308	0.283208525	0.300436279	0.265980771
1309	0.28311	0.30033166	0.26588834
1310	0.283007175	0.300233409	0.265780941
1311	0.2828965	0.300126649	0.265666351
1312	0.2828709	0.300102282	0.265639518
1313	0.282865125	0.30009687	0.26563338
1314	0.282830675	0.300052907	0.265608443
1315	0.282777425	0.299990191	0.265564659
1316	0.2827221	0.299922297	0.265521903
1317	0.2826828	0.299868552	0.265497048
1318	0.282638625	0.299821823	0.265455427
1319	0.28257775	0.29976325	0.26539225
1320	0.282508625	0.299700213	0.265317037
1321	0.2824524	0.299662984	0.265241816
1322	0.28238565	0.299601861	0.265169439
1323	0.282281975	0.29947508	0.26508887
1324	0.28217475	0.299339144	0.265010356
1325	0.2820727	0.299216391	0.264929009
1326	0.281982225	0.29912098	0.26484347
1327	0.281885275	0.299038061	0.264732489
1328	0.281753075	0.298911756	0.264594394
1329	0.2815926	0.298741853	0.264443347
1330	0.281455425	0.298594802	0.264316048
1331	0.281423725	0.298550449	0.264297001
1332	0.281392975	0.298513	0.26427295
1333	0.281374525	0.298491476	0.264257574
1334	0.281340125	0.298450441	0.264229809
1335	0.281209125	0.298317584	0.264100666
1336	0.28108085	0.298187817	0.263973883
1337	0.2810507	0.29814189	0.26395951
1338	0.281026925	0.298103903	0.263949947
1339	0.280990125	0.298074359	0.263905891
1340	0.280952175	0.29804654	0.26385781
1341	0.280806	0.297892869	0.263719131
1342	0.28063725	0.297710308	0.263564192
1343	0.280446825	0.297487329	0.263406321
1344	0.280220075	0.297226484	0.263213666
1345	0.279975925	0.296972288	0.262979562
1346	0.279633275	0.296615387	0.262651163
1347	0.279275125	0.296248084	0.262302166
1348	0.278921575	0.295877144	0.261966006
1349	0.2786226	0.295526284	0.261718916
1350	0.27833785	0.295193575	0.261482125
1351	0.2780225	0.29483816	0.26120684
1352	0.277533125	0.294291598	0.260774652
1353	0.276965875	0.293732267	0.260199483
1354	0.276520675	0.293582755	0.259458595
1355	0.275710625	0.293228205	0.258193045
1356	0.274217375	0.291738327	0.256696423
1357	0.272338875	0.29010595	0.2545718
1358	0.272222525	0.291030034	0.253415016
1359	0.272075575	0.292336598	0.251814552
1360	0.270854475	0.290864169	0.250844781
1361	0.268019275	0.289537497	0.246501053
1362	0.26519725	0.290513054	0.239881446
1363	0.2634973	0.298650351	0.228344249
1364	0.26905965	0.306256755	0.231862545
1365	0.2750776	0.315883492	0.234271708
1366	0.276643025	0.306303542	0.246982508
1367	0.2780875	0.304010332	0.252164668
1368	0.274712775	0.298431813	0.250993737
1369	0.271725	0.296005086	0.247444914
1370	0.269366225	0.291622008	0.247110442
1371	0.26864645	0.29250922	0.24478368
1372	0.271628475	0.294231053	0.249025897
1373	0.27306815	0.294711722	0.251424578
1374	0.270687675	0.292175652	0.249199698
1375	0.268886775	0.291355021	0.246418529
1376	0.2682237	0.290834924	0.245612476
1377	0.2674564	0.290643409	0.244269391
1378	0.265503125	0.288902231	0.242104019
1379	0.264565	0.288461729	0.240668271
1380	0.264448575	0.286948435	0.241948715
1381	0.2632834	0.284145443	0.242421357
1382	0.262060675	0.281913529	0.242207821
1383	0.26099265	0.279828904	0.242156396
1384	0.26094295	0.279795397	0.242090503
1385	0.261950225	0.28157395	0.2423265
1386	0.262643875	0.282668542	0.242619208
1387	0.263211725	0.283363276	0.243060174
1388	0.26481115	0.284307964	0.245314336
1389	0.266420475	0.284736815	0.248104135
1390	0.266932225	0.284997007	0.248867443
1391	0.267592375	0.285910715	0.249274035
1392	0.2678374	0.286488648	0.249186152
1393	0.266753625	0.285295429	0.248211821
1394	0.266236825	0.284758586	0.247715064
1395	0.266956225	0.284773159	0.249139291
1396	0.267516875	0.285004064	0.250029686
1397	0.26782155	0.285878891	0.249764209
1398	0.26773695	0.286365395	0.249108505
1399	0.265741675	0.2843327	0.24715065
1400	0.2641365	0.2826778	0.2455952
1401	0.264364325	0.282644235	0.246084415
1402	0.2644934	0.28261422	0.24637258
1403	0.2632475	0.281094254	0.245400746
1404	0.2622082	0.279822032	0.244594368
1405	0.2628409	0.280315835	0.245365965
1406	0.263475	0.280941113	0.246008887
1407	0.2629517	0.280780094	0.245123306
1408	0.2623756	0.280536314	0.244214886
1409	0.262267625	0.280045828	0.244489422
1410	0.26231175	0.279693853	0.244929647
1411	0.262231275	0.279506874	0.244955676
1412	0.26214405	0.279388229	0.244899871
1413	0.262487275	0.279687182	0.245287368
1414	0.262850125	0.280060958	0.245639292
1415	0.2632282	0.28047457	0.24598183
1416	0.26360365	0.280893145	0.246314155
1417	0.263880775	0.28116425	0.2465973
1418	0.2640445	0.281283273	0.246805727
1419	0.2644538	0.281664425	0.247243175
1420	0.26508725	0.282294733	0.247879767
1421	0.26562435	0.282837841	0.248410859
1422	0.266082425	0.283307857	0.248856993
1423	0.266531075	0.283779193	0.249282957
1424	0.266899975	0.284197482	0.249602468
1425	0.267286275	0.284600082	0.249972468
1426	0.267687875	0.284981089	0.250394661
1427	0.268068	0.285362907	0.250773093
1428	0.2684642	0.285760911	0.251167489
1429	0.268866175	0.286172681	0.251559669
1430	0.269305225	0.286638119	0.251972331
1431	0.269632325	0.286991503	0.252273147
1432	0.26972295	0.287139932	0.252305968
1433	0.26985475	0.287310558	0.252398942
1434	0.270156325	0.287543933	0.252768717
1435	0.27043515	0.287759484	0.253110816
1436	0.2707302	0.288055273	0.253405127
1437	0.271040275	0.288381022	0.253699528
1438	0.27116005	0.288518649	0.253801451
1439	0.27128605	0.288651467	0.253920633
1440	0.2715921	0.288971781	0.254212419
1441	0.2718637	0.289272539	0.254454861
1442	0.272032175	0.289497371	0.254566979
1443	0.272181875	0.289696224	0.254667526
1444	0.2721953	0.289709992	0.254680608
1445	0.2722083	0.289720009	0.254696591
1446	0.27234165	0.2898656	0.2548177
1447	0.272476775	0.290013082	0.254940468
1448	0.27269045	0.290219225	0.255161675
1449	0.272906775	0.290435089	0.255378461
1450	0.2731145	0.290663952	0.255565048
1451	0.273294325	0.290860257	0.255728393
1452	0.273388975	0.290979419	0.255798531
1453	0.27347395	0.291091938	0.255855962
1454	0.273604625	0.291211733	0.255997517
1455	0.273726525	0.291317083	0.256135967
1456	0.273759375	0.291375046	0.256143704
1457	0.273782975	0.291432166	0.256133784
1458	0.273784775	0.291467717	0.256101833
1459	0.2737856	0.291500684	0.256070516
1460	0.2737886	0.291513112	0.256064088
1461	0.27379195	0.291524526	0.256059374
1462	0.273776525	0.291505432	0.256047618
1463	0.273728225	0.291445691	0.256010759
1464	0.273624075	0.291346561	0.255901589
1465	0.273503175	0.291239906	0.255766444
1466	0.273408075	0.291136465	0.255679685
1467	0.27331245	0.291018304	0.255606596
1468	0.273205625	0.290901888	0.255509362
1469	0.2731024	0.290797129	0.255407671
1470	0.2730574	0.290764258	0.255350542
1471	0.2730539	0.290780728	0.255327072
1472	0.273107625	0.2908251	0.25539015
1473	0.273209375	0.290900815	0.255517935
1474	0.273269475	0.290960383	0.255578567
1475	0.273304375	0.291013956	0.255594794
1476	0.273363275	0.29109498	0.25563157
1477	0.27341915	0.291177286	0.255661014
1478	0.273479325	0.291266744	0.255691906
1479	0.273547	0.291354736	0.255739264
1480	0.273594875	0.29141957	0.25577018
1481	0.273639775	0.291492576	0.255786974
1482	0.273699175	0.291582635	0.255815715
1483	0.273781125	0.291693018	0.255869232
1484	0.27385305	0.291778133	0.255927967
1485	0.273888375	0.291817111	0.255959639
1486	0.27393955	0.291879565	0.255999535
1487	0.2740403	0.291985501	0.256095099
1488	0.274131875	0.29208469	0.25617906
1489	0.27421305	0.292192995	0.256233105
1490	0.274313725	0.292328166	0.256299284
1491	0.27444145	0.292499869	0.256383031
1492	0.27455645	0.292651735	0.256461165
1493	0.274683875	0.292799946	0.256567804
1494	0.274789275	0.292921464	0.256657086
1495	0.274847175	0.292994234	0.256700116
1496	0.2748965	0.293060875	0.256732125
1497	0.274908075	0.29309464	0.25672151
1498	0.274914975	0.293124915	0.256705035
1499	0.274927425	0.293161747	0.256693103
1500	0.27494285	0.293201068	0.256684632
1501	0.27496215	0.293236434	0.256687866
1502	0.2749816	0.293267707	0.256695493
1503	0.27498505	0.293267181	0.256702919
1504	0.274994075	0.293276933	0.256711217
1505	0.275035625	0.293334318	0.256736932
1506	0.275069575	0.293382494	0.256756656
1507	0.2750532	0.293376191	0.256730209
1508	0.27504445	0.29337723	0.25671167
1509	0.27508435	0.29343702	0.25673168
1510	0.275119575	0.293493808	0.256745342
1511	0.275148325	0.293536208	0.256760442
1512	0.275179275	0.293578838	0.256779712
1513	0.2752203	0.293628661	0.256811939
1514	0.27526245	0.293680031	0.256844869
1515	0.27528645	0.293722791	0.256850109
1516	0.275306575	0.293761897	0.256851253
1517	0.2753049	0.293758924	0.256850876
1518	0.27530185	0.293754211	0.256849489
1519	0.275316175	0.29378243	0.25684992
1520	0.27533395	0.293813243	0.256854657
1521	0.2753386	0.293829941	0.256847259
1522	0.275335125	0.293839606	0.256830644
1523	0.275356125	0.293873035	0.256839215
1524	0.275387025	0.29391795	0.2568561
1525	0.2753567	0.293897948	0.256815452
1526	0.275310325	0.293858492	0.256762158
1527	0.2753086	0.293861816	0.256755384
1528	0.2753187	0.293878508	0.256758892
1529	0.275280275	0.293842166	0.256718384
1530	0.275233125	0.293793945	0.256672305
1531	0.275234275	0.293799178	0.256669372
1532	0.275246525	0.293819271	0.256673779
1533	0.2752732	0.29386246	0.25668394
1534	0.275304075	0.293910457	0.256697693
1535	0.275305825	0.293917892	0.256693758
1536	0.275296325	0.293913949	0.256678701
1537	0.27529205	0.29391375	0.25667035
1538	0.27528865	0.293911945	0.256665355
1539	0.27526715	0.293901865	0.256632435
1540	0.2752441	0.293893135	0.256595065
1541	0.2752214	0.293879827	0.256562973
1542	0.275195575	0.293861562	0.256529588
1543	0.275192	0.293860656	0.256523344
1544	0.275194875	0.293864534	0.256525216
1545	0.275176025	0.293847533	0.256504517
1546	0.275152425	0.2938252	0.25647965
1547	0.275122425	0.29379982	0.25644503
1548	0.2750859	0.293771354	0.256400446
1549	0.275073575	0.293760375	0.256386775
1550	0.2750778	0.293762506	0.256393094
1551	0.27507285	0.293764404	0.256381296
1552	0.2750611	0.293763002	0.256359198
1553	0.275060675	0.293763076	0.256358274
1554	0.2750654	0.293763927	0.256366873
1555	0.275065625	0.293780216	0.256351034
1556	0.275063625	0.293803635	0.256323615
1557	0.2750682	0.293802752	0.256333648
1558	0.275079275	0.293793567	0.256364983
1559	0.275070175	0.293789432	0.256350918
1560	0.27504135	0.293777078	0.256305622
1561	0.275033425	0.293783116	0.256283734
1562	0.275043825	0.293808138	0.256279512
1563	0.275019475	0.293788484	0.256250466
1564	0.274968025	0.293734126	0.256201924
1565	0.274954375	0.293724633	0.256184117
1566	0.274969275	0.293749984	0.256188566
1567	0.27497245	0.293753502	0.256191398
1568	0.2749708	0.293745062	0.256196538
1569	0.274935025	0.293712994	0.256157056
1570	0.274876525	0.293665539	0.256087511
1571	0.274856475	0.293647424	0.256065526
1572	0.274859625	0.293646903	0.256072347
1573	0.27484655	0.29363639	0.25605671
1574	0.274817875	0.293612975	0.256022775
1575	0.274793825	0.293586042	0.256001608
1576	0.274780725	0.293565658	0.255995792
1577	0.274786875	0.293575845	0.255997905
1578	0.2747998	0.293599447	0.256000153
1579	0.27483605	0.293657005	0.256015095
1580	0.274889925	0.293741556	0.256038294
1581	0.274892175	0.293757172	0.256027178
1582	0.274860775	0.293725447	0.255996103
1583	0.274861	0.29373137	0.25599063
1584	0.2748831	0.293763203	0.256002997
1585	0.274897475	0.293783965	0.256010985
1586	0.274907425	0.293798495	0.256016355
1587	0.2749092	0.293799344	0.256019056
1588	0.274902025	0.293788313	0.256015737
1589	0.274934725	0.293820772	0.256048678
1590	0.274996375	0.293882784	0.256109966
1591	0.275024675	0.293918046	0.256131304
1592	0.275031	0.293937031	0.256124969
1593	0.27501635	0.293926228	0.256106472
1594	0.2749858	0.293893241	0.256078359
1595	0.27496195	0.293870976	0.256052924
1596	0.274942825	0.293857022	0.256028628
1597	0.2749434	0.293862973	0.256023827
1598	0.274960075	0.293884976	0.256035174
1599	0.274966575	0.293900719	0.256032431
1600	0.27496345	0.293908674	0.256018226
1601	0.27497125	0.293920642	0.256021858
1602	0.27498745	0.293936986	0.256037914
1603	0.274977925	0.293924051	0.256031799
1604	0.274952575	0.293894948	0.256010202
1605	0.27498095	0.293930015	0.256031885
1606	0.275039425	0.293999477	0.256079373
1607	0.2750878	0.294048315	0.256127285
1608	0.275132675	0.294088841	0.256176509
1609	0.2751704	0.294131576	0.256209224
1610	0.275201525	0.294172636	0.256230414
1611	0.275187575	0.294168683	0.256206467
1612	0.275150925	0.294142048	0.256159802
1613	0.2751463	0.294139035	0.256153565
1614	0.27515795	0.29414797	0.25616793
1615	0.27517305	0.294168875	0.256177225
1616	0.2751904	0.294196717	0.256184083
1617	0.2752244	0.294236346	0.256212454
1618	0.27526655	0.294281311	0.256251789
1619	0.2753067	0.294341474	0.256271926
1620	0.27534555	0.294408265	0.256282835
1621	0.27539485	0.294453572	0.256336128
1622	0.2754485	0.29448911	0.25640789
1623	0.27547	0.294524182	0.256415818
1624	0.275477925	0.294558989	0.256396861
1625	0.275471275	0.294558335	0.256384215
1626	0.2754589	0.294544013	0.256373787
1627	0.275473475	0.294552994	0.256393956
1628	0.27549775	0.294570296	0.256425204
1629	0.275493625	0.294571071	0.256416179
1630	0.275479325	0.294566078	0.256392572
1631	0.275505375	0.294601131	0.256409619
1632	0.275544575	0.294649544	0.256439606
1633	0.27555075	0.294637551	0.256463949
1634	0.2755476	0.294608179	0.256487021
1635	0.275541975	0.294609518	0.256474432
1636	0.27553565	0.294619117	0.256452183
1637	0.2755526	0.294646622	0.256458578
1638	0.27557475	0.294678304	0.256471196
1639	0.275529125	0.294637101	0.256421149
1640	0.275468275	0.294579884	0.256356666
1641	0.27549285	0.294613272	0.256372428
1642	0.2755349	0.294664967	0.256404833
1643	0.2755984	0.29473579	0.25646101
1644	0.27566485	0.294809843	0.256519857
1645	0.2756744	0.294806337	0.256542463
1646	0.275677225	0.29479318	0.25656127
1647	0.275645275	0.294762678	0.256527872
1648	0.2756085	0.294729285	0.256487715
1649	0.275609275	0.294747073	0.256471477
1650	0.2756129	0.294769861	0.256455939
1651	0.2756542	0.294813925	0.256494475
1652	0.275699925	0.29486146	0.25653839
1653	0.275647375	0.294809749	0.256485001
1654	0.2755882	0.294751825	0.256424575
1655	0.275645	0.294804847	0.256485153
1656	0.27570425	0.294860431	0.256548069
1657	0.27570535	0.294861052	0.256549648
1658	0.275706875	0.294862245	0.256551505
1659	0.275664975	0.294807536	0.256522414
1660	0.2756233	0.294753989	0.256492611
1661	0.2756389	0.29478637	0.25649143
1662	0.2756561	0.294819741	0.256492459
1663	0.275670425	0.294843857	0.256496993
1664	0.275687625	0.294870487	0.256504763
1665	0.27575595	0.294937883	0.256574017
1666	0.27581695	0.294996656	0.256637244
1667	0.27580415	0.294969929	0.256638371
1668	0.275789375	0.294945176	0.256633574
1669	0.275767725	0.294934773	0.256600677
1670	0.27576875	0.294946498	0.256591002
1671	0.275853825	0.29503584	0.25667181
1672	0.27592305	0.295113374	0.256732726
1673	0.275956775	0.295170619	0.256742931
1674	0.275982175	0.295212723	0.256751627
1675	0.2759729	0.295196944	0.256748856
1676	0.27598265	0.295200332	0.256764968
1677	0.2760512	0.295264332	0.256838068
1678	0.276125	0.295337022	0.256912978
1679	0.276204575	0.295416703	0.256992447
1680	0.276269	0.295489557	0.257048443
1681	0.276302625	0.295552496	0.257052754
1682	0.2763402	0.295606402	0.257073998
1683	0.27638005	0.295635922	0.257124178
1684	0.2764174	0.295671365	0.257163435
1685	0.2764652	0.295732765	0.257197635
1686	0.276505825	0.295779383	0.257232267
1687	0.276527825	0.295794055	0.257261595
1688	0.27657565	0.295839685	0.257311615
1689	0.27666255	0.295933402	0.257391698
1690	0.276740925	0.296016555	0.257465295
1691	0.276796125	0.296074502	0.257517748
1692	0.276836875	0.296117961	0.257555789
1693	0.276881275	0.296162494	0.257600056
1694	0.276927425	0.296205247	0.257649603
1695	0.276964175	0.296237643	0.257690707
1696	0.276966425	0.296243291	0.257689559
1697	0.27693735	0.29621973	0.25765497
1698	0.2769476	0.296235109	0.257660091
1699	0.276988725	0.296282819	0.257694631
1700	0.27698305	0.296275959	0.257690141
1701	0.2769531	0.296242519	0.257663681
1702	0.276961175	0.296255195	0.257667155
1703	0.276982375	0.296284594	0.257680156
1704	0.276971875	0.296270704	0.257673046
1705	0.276954425	0.2962449	0.25766395
1706	0.276952575	0.296251739	0.257653411
1707	0.276949375	0.296263072	0.257635678
1708	0.276901675	0.296203822	0.257599528
1709	0.276857825	0.296143026	0.257572624
1710	0.27687305	0.29615732	0.25758878
1711	0.27688555	0.296171029	0.257600071
1712	0.276854125	0.296129795	0.257578455
1713	0.276814925	0.296083064	0.257546786
1714	0.27689255	0.296181953	0.257603147
1715	0.27699195	0.296300358	0.257683542
1716	0.2770248	0.296335572	0.257714028
1717	0.277052075	0.296368594	0.257735556
1718	0.277081175	0.29639122	0.25777113
1719	0.27709755	0.296395083	0.257800017
1720	0.277080675	0.296377912	0.257783438
1721	0.2770612	0.29636266	0.25775974
1722	0.276997	0.296284939	0.257709061
1723	0.27694435	0.296220391	0.257668309
1724	0.27696775	0.296262682	0.257672818
1725	0.27700105	0.296308078	0.257694022
1726	0.277017025	0.2962915	0.25774255
1727	0.27701705	0.296273064	0.257761036
1728	0.2770201	0.296306162	0.257734038
1729	0.2770171	0.296317978	0.257716222
1730	0.2769891	0.296271236	0.257706964
1731	0.276974475	0.296251626	0.257697324
1732	0.2769811	0.296275434	0.257686766
1733	0.2770156	0.296316498	0.257714702
1734	0.27709945	0.296388876	0.257810024
1735	0.277101725	0.296390292	0.257813158
1736	0.2769969	0.29630324	0.25769056
1737	0.27692385	0.2962415	0.2576062
1738	0.2768706	0.296182535	0.257558665
1739	0.276792	0.29609089	0.25749311
1740	0.27672475	0.296013423	0.257436077
1741	0.27671175	0.295995324	0.257428176
1742	0.27669305	0.295974041	0.257412059
1743	0.276630775	0.295912158	0.257349392
1744	0.276562575	0.295848198	0.257276952
1745	0.276508775	0.295812938	0.257204612
1746	0.276482375	0.295809672	0.257155078
1747	0.27648435	0.295805301	0.257163399
1748	0.2764746	0.295777402	0.257171798
1749	0.2764915	0.29580368	0.25717932
1750	0.2765025	0.295832452	0.257172548
1751	0.2764953	0.295835549	0.257155051
1752	0.276511125	0.295861154	0.257161096
1753	0.2764796	0.295830655	0.257128545
1754	0.276444925	0.2958016	0.25708825
1755	0.2764634	0.295824915	0.257101885
1756	0.2764569	0.29581236	0.25710144
1757	0.276416275	0.295735873	0.257096677
1758	0.276374875	0.295667031	0.257082719
1759	0.27634425	0.295656637	0.257031863
1760	0.27631685	0.295651283	0.256982417
1761	0.27633575	0.295662598	0.257008902
1762	0.276363425	0.295684422	0.257042428
1763	0.276294275	0.295619607	0.256968943
1764	0.276239175	0.295568401	0.256909949
1765	0.276309375	0.295643334	0.256975416
1766	0.276346675	0.295686742	0.257006608
1767	0.276269425	0.295626588	0.256912262
1768	0.276198325	0.295566083	0.256830567
1769	0.2761082	0.295454984	0.256761416
1770	0.276008575	0.295330417	0.256686733
1771	0.27591005	0.295211461	0.256608639
1772	0.275891325	0.295187004	0.256595646
1773	0.276005725	0.295314739	0.256696711
1774	0.27610685	0.295422615	0.256791085
1775	0.276164975	0.295468902	0.256861048
1776	0.2761131	0.295374631	0.256851569
1777	0.27600345	0.295208161	0.256798739
1778	0.275865925	0.295069149	0.256662701
1779	0.275696275	0.294922818	0.256469732
1780	0.2756135	0.294850221	0.256376779
1781	0.2755706	0.294826884	0.256314316
1782	0.2755753	0.294836895	0.256313705
1783	0.27559155	0.294854586	0.256328514
1784	0.275589325	0.294837549	0.256341101
1785	0.2755653	0.294790287	0.256340313
1786	0.27548525	0.294674885	0.256295615
1787	0.275416025	0.294576399	0.256255651
1788	0.275416	0.294582164	0.256249836
1789	0.2754152	0.294587209	0.256243191
1790	0.275405525	0.294572019	0.256239031
1791	0.275346925	0.294498788	0.256195062
1792	0.275187625	0.294358569	0.256016681
1793	0.2750176	0.294217347	0.255817853
1794	0.274869825	0.294085131	0.255654519
1795	0.274776275	0.293998493	0.255554057
1796	0.274716225	0.293884116	0.255548334
1797	0.27458815	0.293725478	0.255450822
1798	0.274384175	0.293526762	0.255241588
1799	0.274250725	0.293380824	0.255120626
1800	0.2742598	0.293412697	0.255106903
1801	0.2613237	0.283889135	0.238758265
1802	0.260501175	0.285024884	0.235977466
1803	0.259957275	0.284152562	0.235761988
1804	0.259135025	0.283159804	0.235110246
1805	0.259171225	0.282466982	0.235875468
1806	0.25995155	0.282841544	0.237061556
1807	0.257342	0.279222579	0.235461421
1808	0.251602425	0.273200989	0.230003861
1809	0.248120375	0.269890681	0.226350069
1810	0.246525925	0.269389236	0.223662614
1811	0.244120175	0.26976603	0.21847432
1812	0.242313625	0.270263845	0.214363405
1813	0.240600825	0.26966056	0.21154109
1814	0.237655775	0.265250273	0.210061277
1815	0.233476575	0.262010659	0.204942491
1816	0.228284	0.258372904	0.198195096
1817	0.220439875	0.251618296	0.189261454
1818	0.21369825	0.2453514	0.1820451
1819	0.2162481	0.24883237	0.18366383
1820	0.220532625	0.255196213	0.185869037
1821	0.21419275	0.248146653	0.180238847
1822	0.1995027	0.233119946	0.165885454
1823	0.1850195	0.215872166	0.154166834
1824	0.171097225	0.209830619	0.132363831
1825	0.1555333	0.197203901	0.113862699
1826	0.148723375	0.192863369	0.104583381
1827	0.12949555	0.176864422	0.082126678
1828	0.111260675	0.168426637	0.054094713
1829	0.10542375	0.168920601	0.041926899
1830	0.1073258	0.175395297	0.039256303
1831	0.10147545	0.183805989	0.019144911
1832	0.085020075	0.156117218	0.013922932
1833	0.058922125	0.146779009	-0.028934759
1834	0.042424625	0.100502633	-0.015653383
1835	0.022108325	0.063010167	-0.018793517
1836	0.018210775	0.060527336	-0.024105786
1837	0.0196884	0.081141949	-0.041765149
1838	0.04042365	0.151411971	-0.070564671
1839	0.07245475	0.24417392	-0.09926442
1840	0.097412775	0.318659367	-0.123833817
1841	0.117482525	0.395086739	-0.160121689
1842	0.0719329	0.318500054	-0.174634254
1843	0.067348475	0.188181548	-0.053484598
1844	0.104308575	0.311713166	-0.103096016
1845	0.1264105	0.362526089	-0.109705089
1846	0.255249875	0.912410187	-0.401910437
1847	0.037807825	0.171917679	-0.096302029
1848	2.96355525	12.19079967	-6.263689166
1849	0.785451325	3.03974665	-1.468844
1850	0.538336275	1.74500052	-0.66832797
1851	0.226569825	0.9007505	-0.44761085
1852	0.04626995	0.184225729	-0.091685829
1853	0.027518775	0.132798219	-0.077760669
1854	0.04909795	0.202994592	-0.104798692
1855	0.1648664	0.725786106	-0.396053306
1856	0.2460751	1.073139113	-0.580988913
1857	0.13353315	0.46331112	-0.19624482
1858	0.08362985	0.235049221	-0.067789521
1859	0.10429565	0.316076687	-0.107485387
1860	0.148838775	0.500022336	-0.202344786
1861	0.26985785	0.854222673	-0.314506973
1862	5.667696975	18.93957478	-7.604180833
1863	0.1434634	0.385706864	-0.098780064
1864	0.063618075	0.210065806	-0.082829656
1865	0.079174325	0.251876562	-0.093527912
1866	0.23995275	1.08854743	-0.60864193
1867	1.38941215	6.629381925	-3.850557625
1868	0.60718085	2.474219987	-1.259858287
1869	0.076913975	0.459784114	-0.305956164
1870	0.027503775	0.153954866	-0.098947316
1871	0.163296175	0.626026165	-0.299433815
1872	0.061506725	0.210491804	-0.087478354
1873	0.037290825	0.123928982	-0.049347332
1874	0.03220395	0.093320303	-0.028912403
1875	0.03533075	0.104707816	-0.034046316
1876	0.047274175	0.11154331	-0.01699496
1877	0.05642815	0.128032616	-0.015176316
1878	0.07272615	0.137712165	0.007740135
1879	0.09316565	0.159079808	0.027251492
1880	0.105886475	0.176052735	0.035720215
1881	0.111311075	0.174779057	0.047843093
1882	0.114382975	0.182335899	0.046430051
1883	0.112387225	0.17057124	0.05420321
1884	0.112896775	0.173573527	0.052220023
1885	0.131231375	0.190791086	0.071671664
1886	0.1547619	0.224034082	0.085489718
1887	0.1634616	0.231621159	0.095302041
1888	0.160462525	0.229246961	0.091678089
1889	0.1489403	0.217669133	0.080211467
1890	0.13624385	0.197822283	0.074665417
1891	0.12993675	0.197872946	0.062000554
1892	0.130411525	0.207773692	0.053049358
1893	0.129309775	0.221879044	0.036740506
1894	0.111907475	0.182759255	0.041055695
1895	0.09698875	0.159361341	0.034616159
1896	0.09417205	0.163872514	0.024471586
1897	0.088668175	0.161908741	0.015427609
1898	0.082254825	0.166872098	-0.002362448
1899	0.089603025	0.201220862	-0.022014812
1900	0.10625945	0.286290993	-0.073772093
1901	0.095407675	0.222549596	-0.031734246
1902	0.08639185	0.196085117	-0.023301417
1903	0.084463175	0.184910519	-0.015984169
1904	0.0848878	0.205950302	-0.036174702
1905	0.082522	0.1873577	-0.0223137
1906	0.0762646	0.206865505	-0.054336305
1907	0.0534978	0.137528202	-0.030532602
1908	0.048866525	0.110907438	-0.013174388
1909	0.055003775	0.115512306	-0.005504756
1910	0.062538675	0.118691353	0.006385997
1911	0.074821725	0.13433684	0.01530661
1912	0.109225475	0.159774529	0.058676421
1913	0.1357943	0.19467994	0.07690866
1914	0.15344875	0.202284871	0.104612629
1915	0.166084	0.213997009	0.118170991
1916	0.1776132	0.220393708	0.134832692
1917	0.187721625	0.227431567	0.148011683
1918	0.19663345	0.232471962	0.160794938
1919	0.204819225	0.236584313	0.173054137
1920	0.210032325	0.242467364	0.177597286
1921	0.212355775	0.242460203	0.182251347
1922	0.214261575	0.245248989	0.183274161
1923	0.2125183	0.241559717	0.183476883
1924	0.210808225	0.24137607	0.18024038
1925	0.21223515	0.243055634	0.181414666
1926	0.21407595	0.245892909	0.182258991
1927	0.2139806	0.242609713	0.185351487
1928	0.212507825	0.235633874	0.189381776
1929	0.2143314	0.234845042	0.193817758
1930	0.22248305	0.241743696	0.203222404
1931	0.229322	0.249073087	0.209570913
1932	0.232023225	0.251979136	0.212067314
1933	0.2343537	0.256488473	0.212218927
1934	0.236552	0.257885879	0.215218121
1935	0.23836035	0.259658044	0.217062656
1936	0.240093375	0.260301233	0.219885517
1937	0.2414335	0.260742396	0.222124604
1938	0.242541725	0.261677362	0.223406088
1939	0.243503825	0.263291871	0.223715779
1940	0.244853825	0.26539352	0.22431413
1941	0.24751695	0.26750711	0.22752679
1942	0.24987265	0.269647244	0.230098056
1943	0.252369	0.272016494	0.232721506
1944	0.254636175	0.274547098	0.234725252
1945	0.255100425	0.274538072	0.235662778
1946	0.25515765	0.274336403	0.235978897
1947	0.255495725	0.274235655	0.236755795
1948	0.2561131	0.27441274	0.23781346
1949	0.25692715	0.275403972	0.238450328
1950	0.257948825	0.277320078	0.238577572
1951	0.25884625	0.279115735	0.238576765
1952	0.259405525	0.279684007	0.239127043
1953	0.259950725	0.280514423	0.239387027
1954	0.259674175	0.280164625	0.239183725
1955	0.259389575	0.279953071	0.238826079
1956	0.26046155	0.280598894	0.240324206
1957	0.26180865	0.281583626	0.242033674
1958	0.263006225	0.282741596	0.243270854
1959	0.26404655	0.283970441	0.244122659
1960	0.264732075	0.284802247	0.244661903
1961	0.264924325	0.285005554	0.244843096
1962	0.265160275	0.285313209	0.245007341
1963	0.26576695	0.285837527	0.245696373
1964	0.266296425	0.286353716	0.246239134
1965	0.26686715	0.286638014	0.247096286
1966	0.267366425	0.286901906	0.247830944
1967	0.268016775	0.287592576	0.248440974
1968	0.268648925	0.288387784	0.248910066
1969	0.26909445	0.288928243	0.249260657
1970	0.269431025	0.289307945	0.249554105
1971	0.269599375	0.289578327	0.249620423
1972	0.269547825	0.289720886	0.249374764
1973	0.2696152	0.289964201	0.249266199
1974	0.27027285	0.290525025	0.250020675
1975	0.2708931	0.291094453	0.250691747
1976	0.271227425	0.291544755	0.250910095
1977	0.27153165	0.291993789	0.251069511
1978	0.271776625	0.292263442	0.251289808
1979	0.272006975	0.292464474	0.251549476
1980	0.272262225	0.292624	0.25190045
1981	0.272515675	0.292763089	0.252268261
1982	0.2728197	0.292989721	0.252649679
1983	0.27321795	0.293363504	0.253072396
1984	0.273517975	0.293650446	0.253385504
1985	0.27342215	0.293499842	0.253344458
1986	0.27332815	0.293368628	0.253287672
1987	0.273413125	0.293470067	0.253356183
1988	0.27348735	0.29356376	0.25341094
1989	0.273588875	0.293695434	0.253482316
1990	0.273733825	0.293912301	0.253555349
1991	0.2741903	0.294521617	0.253858983
1992	0.2748259	0.295336112	0.254315688
1993	0.2751092	0.295732327	0.254486073
1994	0.274691325	0.295262178	0.254120472
1995	0.27425545	0.294770985	0.253739915
1996	0.274151375	0.294683908	0.253618842
1997	0.2740153	0.294581924	0.253448676
1998	0.27331415	0.293869362	0.252758938
1999	0.272468375	0.293035307	0.251901443
2000	0.2720338	0.292611375	0.251456225
2001	0.271703125	0.292308826	0.251097424
2002	0.271826375	0.292341666	0.251311084
2003	0.2722939	0.29267388	0.25191392
2004	0.2725108	0.292832477	0.252189123
2005	0.272586975	0.292931155	0.252242795
2006	0.272492725	0.292934147	0.252051303
2007	0.271732275	0.292231509	0.251233041
2008	0.271228475	0.291883929	0.250573021
2009	0.272389725	0.293154229	0.251625221
2010	0.273534925	0.294452215	0.252617635
2011	0.2740181	0.294896314	0.253139886
2012	0.274488025	0.29528992	0.25368613
2013	0.2745317	0.295134805	0.253928595
2014	0.2743172	0.2947923	0.2538421
2015	0.274524425	0.294952974	0.254095876
2016	0.2751574	0.295546605	0.254768195
2017	0.27567705	0.296008867	0.255345233
2018	0.27597385	0.296182787	0.255764913
2019	0.2762972	0.296470617	0.256123783
2020	0.277113625	0.297468925	0.256758325
2021	0.277879775	0.298413748	0.257345802
2022	0.278480475	0.299028426	0.257932524
2023	0.27897045	0.299544603	0.258396297
2024	0.27928245	0.299767931	0.258796969
2025	0.279517875	0.29986523	0.25917052
2026	0.27971345	0.299982172	0.259444728
2027	0.2799136	0.300136609	0.259690591
2028	0.279932975	0.300153725	0.259712225
2029	0.279776025	0.300064292	0.259487758
2030	0.279702075	0.3000435	0.25936065
2031	0.279775325	0.300080748	0.259469902
2032	0.27987895	0.300173099	0.259584801
2033	0.280192	0.300508844	0.259875156
2034	0.280512075	0.300855985	0.260168165
2035	0.280350625	0.300650363	0.260050887
2036	0.280105475	0.300395002	0.259815948
2037	0.28010815	0.300401624	0.259814676
2038	0.2802073	0.300542826	0.259871774
2039	0.28017235	0.300483447	0.259861253
2040	0.28020535	0.300374289	0.260036411
2041	0.280367875	0.300453067	0.260282683
2042	0.280592775	0.300706446	0.260479104
2043	0.2808638	0.301040462	0.260687138
2044	0.281034375	0.301301307	0.260767443
2045	0.281172625	0.301538315	0.260806935
2046	0.281200425	0.30162459	0.26077626
2047	0.281228975	0.301709614	0.260748336
2048	0.281280825	0.301743842	0.260817808
2049	0.281441825	0.301967735	0.260915915
2050	0.28148105	0.302070483	0.260891617
2051	0.28147	0.302060123	0.260879877
2052	0.281435025	0.302038835	0.260831215
2053	0.281255475	0.301879242	0.260631708
2054	0.28094965	0.301594279	0.260305021
2055	0.2805602	0.301218008	0.259902392
2056	0.280310725	0.300990496	0.259630954
2057	0.28025	0.300926177	0.259573823
2058	0.28015835	0.30082949	0.25948721
2059	0.280368325	0.300938784	0.259797866
2060	0.28073625	0.301204204	0.260268296
2061	0.28118625	0.301616731	0.260755769
2062	0.2815559	0.301943555	0.261168245
2063	0.281769075	0.302157944	0.261380206
2064	0.281805425	0.30223742	0.26137343
2065	0.281729875	0.302158048	0.261301702
2066	0.28153125	0.301858958	0.261203542
2067	0.281384425	0.301627932	0.261140918
2068	0.281442125	0.301723091	0.261161159
2069	0.281555525	0.301913238	0.261197812
2070	0.282015725	0.302524259	0.261507191
2071	0.28249145	0.303141534	0.261841366
2072	0.2827139	0.303360361	0.262067439
2073	0.28284735	0.303475153	0.262219547
2074	0.282496275	0.303097566	0.261894984
2075	0.282257075	0.3028503	0.26166385
2076	0.282400025	0.30299666	0.26180339
2077	0.2824251	0.303029327	0.261820873
2078	0.28255615	0.303148425	0.261963875
2079	0.282951775	0.303553571	0.262349979
2080	0.283238475	0.303866662	0.262610288
2081	0.283368025	0.303969956	0.262766094
2082	0.283466025	0.304047117	0.262884933
2083	0.2833685	0.303906739	0.262830261
2084	0.283264625	0.30378066	0.26274859
2085	0.283247675	0.30378208	0.26271327
2086	0.283254875	0.303804573	0.262705177
2087	0.283529875	0.30402169	0.26303806
2088	0.28389545	0.304325741	0.263465159
2089	0.2838927	0.304256369	0.263529031
2090	0.2836076	0.303918336	0.263296864
2091	0.283273875	0.303548838	0.262998912
2092	0.28303155	0.303274127	0.262788973
2093	0.2829623	0.303192303	0.262732297
2094	0.28309555	0.303321299	0.262869801
2095	0.28319295	0.303405806	0.262980094
2096	0.2834791	0.303787467	0.263170733
2097	0.2837497	0.304189169	0.263310231
2098	0.2837043	0.304258861	0.263149739
2099	0.283620475	0.30426073	0.26298022
2100	0.283687125	0.304292954	0.263081296
2101	0.283725275	0.304287375	0.263163175
2102	0.283809675	0.304343822	0.263275528
2103	0.2840205	0.304543173	0.263497827
2104	0.284011625	0.304578787	0.263444463
2105	0.283829	0.304480787	0.263177213
2106	0.283827425	0.304598907	0.263055943
2107	0.283930725	0.30474803	0.26311342
2108	0.28399435	0.304779604	0.263209096
2109	0.28420355	0.304820502	0.263586598
2110	0.284368475	0.304840213	0.263896737
2111	0.284387875	0.304799177	0.263976573
2112	0.284428425	0.304802095	0.264054755
2113	0.28464205	0.305061084	0.264223016
2114	0.284894075	0.305389637	0.264398513
2115	0.28516065	0.30569893	0.26462237
2116	0.285398825	0.30597692	0.26482073
2117	0.2853124	0.305915805	0.264708995
2118	0.285018625	0.305645218	0.264392032
2119	0.2847967	0.305451048	0.264142352
2120	0.284886325	0.305488498	0.264284152
2121	0.285073925	0.305605139	0.264542711
2122	0.285326	0.30590999	0.26474201
2123	0.285662525	0.306332721	0.264992329
2124	0.28600675	0.306774999	0.265238501
2125	0.28627475	0.30712122	0.26542828
2126	0.28662535	0.307465508	0.265785192
2127	0.2870153	0.307855029	0.266175571
2128	0.28700075	0.30785589	0.26614561
2129	0.286813425	0.307680753	0.265946097
2130	0.28680775	0.307660306	0.265955194
2131	0.2868897	0.30774357	0.26603583
2132	0.2869116	0.307762771	0.266060429
2133	0.28695195	0.307798322	0.266105578
2134	0.286849675	0.307710152	0.265989198
2135	0.2867541	0.307567111	0.265941089
2136	0.286793	0.307565742	0.266020258
2137	0.2868376	0.307629751	0.266045449
2138	0.286928225	0.307728818	0.266127632
2139	0.286941625	0.307784035	0.266099215
2140	0.2868069	0.30768496	0.26592884
2141	0.286846	0.307622859	0.266069141
2142	0.286939275	0.3076075	0.26627105
2143	0.2866323	0.30730136	0.26596324
2144	0.2862217	0.306932257	0.265511143
2145	0.28604215	0.306778738	0.265305562
2146	0.2858528	0.306596638	0.265108962
2147	0.28567035	0.306375748	0.264964952
2148	0.285493225	0.30617906	0.26480739
2149	0.285456225	0.306125313	0.264787137
2150	0.2855082	0.306177807	0.264838593
2151	0.28528605	0.305969438	0.264602662
2152	0.2849971	0.305655791	0.264338409
2153	0.284592775	0.305246816	0.263938734
2154	0.284116425	0.304788514	0.263444336
2155	0.2837793	0.304468676	0.263089924
2156	0.2835374	0.304280693	0.262794107
2157	0.28328625	0.304054666	0.262517834
2158	0.283114	0.303750125	0.262477875
2159	0.28299225	0.303495704	0.262488796
2160	0.282944675	0.303418776	0.262470574
2161	0.2828909	0.303356013	0.262425787
2162	0.28275715	0.303129253	0.262385047
2163	0.28257355	0.302850994	0.262296106
2164	0.2822932	0.30257094	0.26201546
2165	0.2819993	0.302294144	0.261704456
2166	0.281574925	0.301935276	0.261214574
2167	0.28102245	0.301409159	0.260635741
2168	0.2805768	0.30091524	0.26023836
2169	0.280391025	0.300702885	0.260079165
2170	0.28014925	0.30039192	0.25990658
2171	0.279979025	0.300139787	0.259818263
2172	0.279810975	0.299934415	0.259687535
2173	0.279334675	0.299472575	0.259196775
2174	0.278922825	0.299138647	0.258707003
2175	0.278795525	0.299117592	0.258473458
2176	0.278605225	0.298987129	0.258223321
2177	0.2782605	0.2986259	0.2578951
2178	0.278019325	0.298368019	0.257670631
2179	0.27770895	0.297974255	0.257443645
2180	0.27716455	0.297379858	0.256949242
2181	0.276668225	0.296872995	0.256463455
2182	0.27633465	0.29651775	0.25615155
2183	0.275943325	0.296157509	0.255729141
2184	0.275460575	0.295673444	0.255247706
2185	0.275014	0.295226097	0.254801903
2186	0.274637425	0.29487103	0.25440382
2187	0.27427305	0.294465127	0.254080973
2188	0.273878375	0.293989584	0.253767166
2189	0.273370325	0.29342332	0.25331733
2190	0.272742225	0.292792111	0.252692339
2191	0.272095475	0.292153023	0.252037927
2192	0.271334225	0.291392247	0.251276203
2193	0.2705789	0.29063448	0.25052332
2194	0.269821475	0.289857056	0.249785894
2195	0.268980125	0.289001653	0.248958597
2196	0.267979775	0.287993622	0.247965928
2197	0.266999	0.287001765	0.246996235
2198	0.2662745	0.286289467	0.246259533
2199	0.2656832	0.285767959	0.245598441
2200	0.265315675	0.285401778	0.245229572
2201	0.2648595	0.284832006	0.244886994
2202	0.26410225	0.283991899	0.244212601
2203	0.263330375	0.283150543	0.243510207
2204	0.262556125	0.282309101	0.242803149
2205	0.261804625	0.281591666	0.242017584
2206	0.2612452	0.281068711	0.241421689
2207	0.26091835	0.280750878	0.241085822
2208	0.260499525	0.280327083	0.240671967
2209	0.260013375	0.279780765	0.240245985
2210	0.259659325	0.279402101	0.239916549
2211	0.259677	0.279460126	0.239893874
2212	0.259715025	0.279564227	0.239865823
2213	0.25971795	0.279673371	0.239762529
2214	0.2597578	0.27981204	0.23970356
2215	0.259735375	0.279843977	0.239626773
2216	0.2595887	0.279745138	0.239432262
2217	0.25952025	0.279640046	0.239400454
2218	0.259534175	0.279616368	0.239451982
2219	0.2597554	0.279787276	0.239723524
2220	0.260082525	0.280049787	0.240115263
2221	0.26029065	0.28022119	0.24036011
2222	0.260420625	0.280340992	0.240500258
2223	0.260640475	0.280559173	0.240721777
2224	0.260922925	0.280912056	0.240933794
2225	0.2610974	0.281123312	0.241071488
2226	0.2611334	0.28107727	0.24118953
2227	0.261205225	0.28109305	0.2413174
2228	0.261664575	0.281531188	0.241797962
2229	0.26214305	0.281994464	0.242291636
2230	0.262325875	0.282155705	0.242496045
2231	0.262566025	0.282420218	0.242711832
2232	0.263262275	0.283125843	0.243398707
2233	0.26398445	0.283822898	0.244146002
2234	0.264399275	0.284213659	0.244584891
2235	0.26474765	0.284564669	0.244930631
2236	0.26493815	0.284826474	0.245049826
2237	0.265026475	0.285066658	0.244986292
2238	0.264990075	0.285043325	0.244936825
2239	0.264982775	0.284986589	0.244978961
2240	0.265316475	0.285263481	0.245369469
2241	0.265615875	0.285481825	0.245749925
2242	0.265667225	0.285436397	0.245898053
2243	0.265657325	0.285397545	0.245917105
2244	0.265733175	0.285527573	0.245938777
2245	0.26603525	0.285897321	0.246173179
2246	0.266336175	0.286325153	0.246347197
2247	0.26685705	0.28698277	0.24673133
2248	0.267385275	0.287602425	0.247168125
2249	0.267895925	0.288072286	0.247719564
2250	0.268339725	0.288445055	0.248234395
2251	0.26844575	0.288447554	0.248443946
2252	0.268590125	0.288529659	0.248650591
2253	0.2688869	0.288938218	0.248835582
2254	0.269167575	0.289331961	0.249003189
2255	0.269531825	0.289626311	0.249437339
2256	0.2699997	0.290003199	0.249996201
2257	0.27059575	0.290508877	0.250682623
2258	0.271139475	0.290974172	0.251304778
2259	0.27149445	0.291371245	0.251617655
2260	0.2718629	0.291801086	0.251924714
2261	0.2720899	0.292038319	0.252141481
2262	0.272132075	0.29203725	0.2522269
2263	0.272190525	0.292037961	0.252343089
2264	0.272311525	0.292133096	0.252489954
2265	0.272615225	0.292348532	0.252881918
2266	0.2730006	0.292600268	0.253400932
2267	0.27316695	0.292662441	0.253671459
2268	0.273085825	0.292564025	0.253607625
2269	0.273046375	0.292573202	0.253519548
2270	0.273244575	0.292830458	0.253658692
2271	0.273418125	0.293034818	0.253801432
2272	0.273574325	0.293228801	0.253919849
2273	0.27376285	0.293462587	0.254063113
2274	0.273925725	0.293597337	0.254254113
2275	0.274043225	0.293701378	0.254385072
2276	0.2741585	0.293887128	0.254429872
2277	0.274291925	0.294091526	0.254492324
2278	0.27435155	0.294072145	0.254630955
2279	0.274441625	0.294067394	0.254815856
2280	0.274704925	0.294257649	0.255152201
2281	0.2748692	0.29435403	0.25538437
2282	0.274815325	0.294252089	0.255378561
2283	0.27481955	0.294220358	0.255418742
2284	0.27449325	0.293907259	0.255079241
2285	0.274393075	0.293891399	0.254894751
2286	0.2746709	0.29420982	0.25513198
2287	0.274817875	0.294408046	0.255227704
2288	0.27485915	0.294522312	0.255195988
2289	0.274705325	0.294466264	0.254944386
2290	0.274541875	0.294382453	0.254701297
2291	0.274409225	0.294233081	0.254585369
2292	0.2741604	0.293926394	0.254394406
2293	0.273853925	0.293557324	0.254150526
2294	0.2734767	0.293114585	0.253838815
2295	0.273132125	0.292801172	0.253463078
2296	0.27306115	0.292805535	0.253316765
2297	0.273300225	0.293034877	0.253565573
2298	0.2734445	0.293180132	0.253708868
2299	0.2734751	0.293205745	0.253744455
2300	0.2735406	0.293248023	0.253833177
2301	0.2738094	0.293411098	0.254207702
2302	0.274096075	0.293632694	0.254559456
2303	0.274106	0.293645048	0.254566952
2304	0.27404995	0.293593864	0.254506036
2305	0.274067275	0.293658193	0.254476357
2306	0.27404815	0.293692884	0.254403416
2307	0.273787675	0.293492855	0.254082495
2308	0.27351635	0.293360761	0.253671939
2309	0.2731336	0.292966474	0.253300726
2310	0.272729425	0.292489216	0.252969634
2311	0.2723032	0.292137204	0.252469196
2312	0.27176875	0.291675975	0.251861525
2313	0.27142415	0.291295786	0.251552514
2314	0.271195075	0.29101455	0.2513756
2315	0.27085555	0.290618092	0.251093008
2316	0.27037905	0.290101939	0.250656161
2317	0.2700652	0.289771633	0.250358767
2318	0.270028975	0.289743902	0.250314048
2319	0.269849125	0.289590384	0.250107866
2320	0.26964025	0.289445611	0.249834889
2321	0.2692551	0.289110044	0.249400156
2322	0.2688637	0.288794831	0.248932569
2323	0.268750925	0.288793636	0.248708214
2324	0.268474225	0.288626992	0.248321458
2325	0.268263225	0.288480711	0.248045739
2326	0.268137225	0.28830443	0.24797002
2327	0.267862075	0.288022895	0.247701255
2328	0.2677097	0.287931484	0.247487916
2329	0.267596575	0.287884035	0.247309115
2330	0.267355375	0.287559736	0.247151014
2331	0.26720015	0.287313616	0.247086684
2332	0.267127175	0.28710115	0.2471532
2333	0.26691055	0.286738871	0.247082229
2334	0.2665518	0.286325751	0.246777849
2335	0.266206675	0.285974204	0.246439146
2336	0.2657748	0.285475808	0.246073792
2337	0.265422325	0.285042102	0.245802548
2338	0.265144825	0.284646821	0.245642829
2339	0.26477145	0.284149686	0.245393214
2340	0.2645855	0.283988556	0.245182444
2341	0.2644777	0.283979985	0.244975415
2342	0.264196625	0.283733776	0.244659474
2343	0.26386135	0.28346205	0.24426065
2344	0.263620325	0.283242643	0.243998007
2345	0.263186425	0.282824064	0.243548786
2346	0.262968275	0.282641354	0.243295196
2347	0.263229575	0.282919949	0.243539201
2348	0.2632935	0.283066357	0.243520643
2349	0.2631957	0.283106847	0.243284553
2350	0.2635161	0.283551821	0.243480379
2351	0.264105425	0.284227499	0.243983351
2352	0.264141075	0.284195135	0.244087015
2353	0.263301325	0.283141205	0.243461445
2354	0.26268565	0.282398761	0.242972539
2355	0.2626725	0.282228912	0.243116088
2356	0.262860025	0.282353254	0.243366796
2357	0.263189625	0.282869505	0.243509745
2358	0.2635993	0.283434251	0.243764349
2359	0.26461385	0.284537646	0.244690054
2360	0.26522625	0.285257566	0.245194934
2361	0.264714775	0.284882624	0.244546926
2362	0.264255125	0.284541065	0.243969185
2363	0.2640497	0.284079063	0.244020337
2364	0.26400005	0.283779533	0.244220567
2365	0.26435235	0.284109142	0.244595558
2366	0.26479385	0.284577793	0.245009907
2367	0.265369325	0.285225552	0.245513098
2368	0.265752675	0.285733939	0.245771411
2369	0.265351825	0.285518825	0.245184825
2370	0.26496715	0.285343227	0.244591073
2371	0.264373425	0.284644787	0.244102063
2372	0.26359625	0.283744943	0.243447557
2373	0.263529625	0.283544578	0.243514672
2374	0.263689275	0.28358468	0.24379387
2375	0.2640277	0.283836738	0.244218662
2376	0.264531625	0.284203837	0.244859413
2377	0.264937025	0.284497055	0.245376995
2378	0.265333475	0.284884224	0.245782726
2379	0.265226775	0.285030127	0.245423423
2380	0.264884525	0.285084406	0.244684644
2381	0.26453975	0.284642648	0.244436852
2382	0.26399525	0.283989831	0.244000669
2383	0.263845775	0.283987718	0.243703832
2384	0.264288625	0.284575822	0.244001428
2385	0.26453485	0.284814773	0.244254927
2386	0.2643136	0.284377805	0.244249395
2387	0.26412075	0.283928758	0.244312742
2388	0.264019775	0.283630203	0.244409347
2389	0.2639323	0.283458498	0.244406102
2390	0.264442325	0.284055748	0.244828902
2391	0.265110975	0.284806795	0.245415155
2392	0.265875225	0.285670921	0.246079529
2393	0.266497925	0.286426328	0.246569522
2394	0.266371225	0.286099996	0.246642454
2395	0.266513475	0.286001597	0.247025353
2396	0.26596605	0.285057081	0.246875019
2397	0.26520835	0.284053056	0.246363644
2398	0.265524875	0.284677061	0.246372689
2399	0.2659606	0.285544121	0.246377079
2400	0.266751925	0.286626729	0.246877121
2401	0.267371625	0.287384867	0.247358383
2402	0.26735375	0.287125225	0.247582275
2403	0.26731345	0.286916568	0.247710332
2404	0.26696375	0.286664456	0.247263044
2405	0.26640035	0.286224855	0.246575845
2406	0.26538525	0.285304786	0.245465714
2407	0.264437525	0.284626766	0.244248284
2408	0.264120825	0.28427254	0.24396911
2409	0.2637136	0.283752319	0.243674881
2410	0.2631796	0.283255151	0.243104049
2411	0.26285605	0.283180502	0.242531598
2412	0.262357525	0.282866015	0.241849035
2413	0.261761025	0.282432433	0.241089617
2414	0.26138365	0.281675308	0.241091992
2415	0.260783625	0.280650795	0.240916455
2416	0.261089625	0.280820787	0.241358463
2417	0.261997375	0.28169674	0.24229801
2418	0.261704675	0.280901467	0.242507883
2419	0.260914575	0.279668757	0.242160393
2420	0.261203025	0.2799556	0.24245045
2421	0.26172345	0.280574229	0.242872671
2422	0.26114235	0.279775142	0.242509558
2423	0.26002445	0.278574397	0.241474503
2424	0.259547125	0.278077553	0.241016697
2425	0.260133	0.278988142	0.241277858
2426	0.26055125	0.279560321	0.241542179
2427	0.26077105	0.27988388	0.24165822
2428	0.2603808	0.279607376	0.241154224
2429	0.259620375	0.279164311	0.240076439
2430	0.259458175	0.279318112	0.239598238
2431	0.259144225	0.279404561	0.238883889
2432	0.258233375	0.278377889	0.238088861
2433	0.257416775	0.277228541	0.237605009
2434	0.257198675	0.276570477	0.237826873
2435	0.256585425	0.275571513	0.237599337
2436	0.25588945	0.275024548	0.236754352
2437	0.256325075	0.276246572	0.236403578
2438	0.25666125	0.276694649	0.236627851
2439	0.255212925	0.274980212	0.235445638
2440	0.253271975	0.27268733	0.23385662
2441	0.252303075	0.271164935	0.233441215
2442	0.25174845	0.270473485	0.233023415
2443	0.25204855	0.270852768	0.233244332
2444	0.25236445	0.27137216	0.23335674
2445	0.251163425	0.270481597	0.231845253
2446	0.24939615	0.268730646	0.230061654
2447	0.24840745	0.267827696	0.228987204
2448	0.24861465	0.268020063	0.229209237
2449	0.2496048	0.268786502	0.230423098
2450	0.250065975	0.269419757	0.230712193
2451	0.2494249	0.26851125	0.23033855
2452	0.2486943	0.267878127	0.229510473
2453	0.248246175	0.267879893	0.228612457
2454	0.2484819	0.268125034	0.228838766
2455	0.24882835	0.268024493	0.229632207
2456	0.248864625	0.267812067	0.229917183
2457	0.250226975	0.26861918	0.23183477
2458	0.250742675	0.268916905	0.232568445
2459	0.249526775	0.267837904	0.231215646
2460	0.249979825	0.268956178	0.231003472
2461	0.2516704	0.271760226	0.231580574
2462	0.25173325	0.272635038	0.230831462
2463	0.250322375	0.27112103	0.22952372
2464	0.248934025	0.27003428	0.22783377
2465	0.247254475	0.268164479	0.226344471
2466	0.247489975	0.26861917	0.22636078
2467	0.248769225	0.269685661	0.227852789
2468	0.24864	0.269347162	0.227932838
2469	0.249785975	0.270930699	0.228641251
2470	0.250132275	0.272591832	0.227672718
2471	0.246954675	0.26919385	0.2247155
2472	0.243496725	0.265768501	0.221224949
2473	0.241624475	0.264230071	0.219018879
2474	0.2403782	0.264165303	0.216591097
2475	0.237825925	0.259535891	0.216115959
2476	0.23548655	0.255844805	0.215128295
2477	0.23476135	0.254226147	0.215296553
2478	0.234269225	0.254409024	0.214129426
2479	0.23167855	0.252556551	0.210800549
2480	0.22604915	0.248664736	0.203433564
2481	0.21902015	0.240681661	0.197358639
2482	0.211725725	0.233665573	0.189785877
2483	0.20540415	0.22558067	0.18522763
2484	0.19996625	0.221953327	0.177979173
2485	0.1938388	0.220273681	0.167403919
2486	0.188016625	0.219794986	0.156238264
2487	0.18717855	0.220739743	0.153617357
2488	0.186375325	0.22530049	0.14745016
2489	0.19362335	0.236409656	0.150837044
2490	0.20307105	0.251574145	0.154567955
2491	0.192013225	0.231291518	0.152734932
2492	0.1820007	0.216142422	0.147858978
2493	0.186087425	0.220402163	0.151772687
2494	0.1889714	0.229689116	0.148253684
2495	0.192541725	0.235667241	0.149416209
2496	0.1949918	0.239864086	0.150119514
2497	0.18934195	0.233592253	0.145091647
2498	0.186290525	0.243441456	0.129139594
2499	0.183188725	0.238158424	0.128219026
2500	0.179699575	0.230541973	0.128857177
