Wavelength	Mean	Std+	Std-
350	0.0485608	0.053180143	0.043941457
351	0.0486102	0.053374669	0.043845731
352	0.0485488	0.053546993	0.043550607
353	0.048773	0.053689592	0.043856408
354	0.0491394	0.054000025	0.044278775
355	0.0496068	0.054471102	0.044742498
356	0.0497876	0.054730254	0.044844946
357	0.049912	0.054934596	0.044889404
358	0.0501666	0.055273513	0.045059687
359	0.0510592	0.056236574	0.045881826
360	0.051368	0.056587658	0.046148342
361	0.0515744	0.056851757	0.046297043
362	0.051919	0.057307199	0.046530801
363	0.0524192	0.057786547	0.047051853
364	0.0529404	0.058324793	0.047556007
365	0.0534486	0.058909358	0.047987842
366	0.053641	0.059190427	0.048091573
367	0.0538424	0.059419108	0.048265692
368	0.0541148	0.059701846	0.048527754
369	0.0546776	0.060363565	0.048991635
370	0.0553104	0.061007194	0.049613606
371	0.0559058	0.061609874	0.050201726
372	0.0563626	0.062126824	0.050598376
373	0.0569358	0.062842137	0.051029463
374	0.0575122	0.063537346	0.051487054
375	0.0580734	0.064168655	0.051978145
376	0.05861	0.064793816	0.052426184
377	0.059169	0.065459294	0.052878706
378	0.0597746	0.066165969	0.053383231
379	0.0605084	0.066894988	0.054121812
380	0.06111	0.067544592	0.054675408
381	0.0616094	0.06810326	0.05511554
382	0.0619868	0.068513204	0.055460396
383	0.0629526	0.069590416	0.056314784
384	0.0636538	0.070427924	0.056879676
385	0.0639244	0.07084926	0.05699954
386	0.0650066	0.071939285	0.058073915
387	0.0658542	0.072952213	0.058756187
388	0.0665556	0.07388769	0.05922351
389	0.067431	0.074750146	0.060111854
390	0.0680124	0.075440796	0.060584004
391	0.0685376	0.076090846	0.060984354
392	0.0692232	0.076824271	0.061622129
393	0.0697242	0.077426615	0.062021785
394	0.0702898	0.078095383	0.062484217
395	0.0709578	0.07885656	0.06305904
396	0.071991	0.080052421	0.063929579
397	0.0726828	0.080861467	0.064504133
398	0.0732008	0.081467262	0.064934338
399	0.0740782	0.08244265	0.06571375
400	0.0746012	0.083036071	0.066166329
401	0.07501	0.083499009	0.066520991
402	0.075517	0.084051879	0.066982121
403	0.0759866	0.084563756	0.067409444
404	0.076464	0.085088585	0.067839415
405	0.0769738	0.085654998	0.068292602
406	0.077708	0.0864468	0.0689692
407	0.0783782	0.087206409	0.069549991
408	0.0789872	0.087925892	0.070048508
409	0.0795646	0.088572424	0.070556776
410	0.0801326	0.089245801	0.071019399
411	0.0807036	0.089914884	0.071492316
412	0.0813162	0.090565539	0.072066861
413	0.082008	0.091329858	0.072686142
414	0.0826232	0.09201387	0.07323253
415	0.0831096	0.092553443	0.073665757
416	0.083821	0.093371893	0.074270107
417	0.0844708	0.094106965	0.074834635
418	0.085071	0.094774014	0.075367986
419	0.0858076	0.095606504	0.076008696
420	0.0865424	0.096428294	0.076656506
421	0.0872756	0.097250699	0.077300501
422	0.0880164	0.098101004	0.077931796
423	0.0887402	0.098923585	0.078556815
424	0.0894984	0.099780633	0.079216167
425	0.0903288	0.100715799	0.079941801
426	0.0910518	0.101550133	0.080553467
427	0.0918764	0.102480603	0.081272197
428	0.0928126	0.103518607	0.082106593
429	0.0937524	0.104577341	0.082927459
430	0.094758	0.105731371	0.083784629
431	0.0957794	0.106910149	0.084648651
432	0.0967526	0.108017344	0.085487856
433	0.0978514	0.109280909	0.086421891
434	0.0989264	0.110509394	0.087343406
435	0.0999166	0.111619042	0.088214158
436	0.100843	0.112648322	0.089037678
437	0.1018382	0.1137722	0.0899042
438	0.1029062	0.114993474	0.090818926
439	0.1038804	0.116084642	0.091676158
440	0.104879	0.117231234	0.092526766
441	0.1058808	0.118389399	0.093372201
442	0.106861	0.11948936	0.09423264
443	0.1078424	0.12061767	0.09506713
444	0.1087992	0.121716931	0.095881469
445	0.1097116	0.12274593	0.09667727
446	0.1106288	0.12376903	0.09748857
447	0.1115006	0.124745309	0.098255891
448	0.112328	0.125678849	0.098977151
449	0.1131788	0.126656062	0.099701538
450	0.1139744	0.127557001	0.100391799
451	0.1147326	0.128407012	0.101058188
452	0.1154734	0.129239438	0.101707362
453	0.1161786	0.130024439	0.102332761
454	0.1168284	0.130753803	0.102902997
455	0.1173828	0.131395436	0.103370164
456	0.1180736	0.132176891	0.103970309
457	0.1186574	0.132841547	0.104473253
458	0.1190848	0.133334294	0.104835306
459	0.1196268	0.13392282	0.10533078
460	0.1201366	0.134500901	0.105772299
461	0.1206178	0.135057207	0.106178393
462	0.1210568	0.135528803	0.106584797
463	0.1214872	0.135984438	0.106989962
464	0.1219054	0.136432073	0.107378727
465	0.1222994	0.136869596	0.107729204
466	0.122742	0.137357254	0.108126746
467	0.1231704	0.137847731	0.108493069
468	0.1235694	0.138330687	0.108808113
469	0.1239856	0.138793733	0.109177467
470	0.1244244	0.139272567	0.109576233
471	0.1248766	0.13976029	0.10999291
472	0.1253198	0.140251278	0.110388322
473	0.125741	0.140726756	0.110755244
474	0.1261666	0.14121326	0.11111994
475	0.1266248	0.141743552	0.111506048
476	0.1270914	0.142251627	0.111931173
477	0.1275758	0.142786653	0.112364947
478	0.1280846	0.143365657	0.112803543
479	0.1287026	0.144046367	0.113358833
480	0.129315	0.144728959	0.113901041
481	0.129909	0.145397485	0.114420515
482	0.130421	0.145967894	0.114874106
483	0.1310358	0.146643075	0.115428525
484	0.1316932	0.1473663	0.1160201
485	0.1323228	0.148069516	0.116576084
486	0.1331158	0.148979317	0.117252283
487	0.1339468	0.149934019	0.117959581
488	0.1347818	0.150889915	0.118673685
489	0.1355882	0.151810864	0.119365536
490	0.1364004	0.15272274	0.12007806
491	0.1372104	0.153622414	0.120798386
492	0.1380382	0.154571587	0.121504813
493	0.1389692	0.155620379	0.122318021
494	0.1399274	0.15669535	0.12315945
495	0.1408226	0.157709635	0.123935565
496	0.1417534	0.158755576	0.124751224
497	0.1427036	0.159821564	0.125585636
498	0.1436784	0.160915422	0.126441378
499	0.1447258	0.162097088	0.127354512
500	0.1457774	0.163299304	0.128255496
501	0.1468316	0.164516495	0.129146705
502	0.147926	0.165756468	0.130095532
503	0.1490418	0.167035535	0.131048065
504	0.1501484	0.168309073	0.131987727
505	0.1512066	0.169517421	0.132895779
506	0.1522674	0.170712274	0.133822526
507	0.153346	0.171916897	0.134775103
508	0.1544644	0.173155993	0.135772807
509	0.155597	0.174434742	0.136759258
510	0.1567168	0.175704214	0.137729386
511	0.1578236	0.176962133	0.138685067
512	0.1588876	0.178167029	0.139608171
513	0.1599572	0.179380736	0.140533664
514	0.1610496	0.180618585	0.141480615
515	0.1621926	0.181899622	0.142485578
516	0.163387	0.18325763	0.14351637
517	0.164594	0.184646114	0.144541886
518	0.1657838	0.186034395	0.145533205
519	0.1670002	0.187437898	0.146562502
520	0.1681958	0.188800457	0.147591143
521	0.1693586	0.190108225	0.148608975
522	0.1705632	0.191464692	0.149661708
523	0.1717142	0.192751793	0.150676607
524	0.172847	0.194017039	0.151676961
525	0.174014	0.195336408	0.152691592
526	0.1752116	0.196710853	0.153712347
527	0.1764156	0.198102382	0.154728818
528	0.177626	0.199507253	0.155744747
529	0.1788476	0.200873429	0.156821771
530	0.1800456	0.202205008	0.157886192
531	0.1812138	0.20350188	0.15892572
532	0.1823674	0.204806249	0.159928551
533	0.1835236	0.206123203	0.160923997
534	0.1846876	0.20745428	0.16192092
535	0.1858674	0.208797625	0.162937175
536	0.1870312	0.210099617	0.163962783
537	0.1881958	0.211395124	0.164996476
538	0.1893824	0.212715399	0.166049401
539	0.1904768	0.213968477	0.166985123
540	0.1916078	0.215267972	0.167947628
541	0.1927922	0.216627282	0.168957118
542	0.193945	0.217938816	0.169951184
543	0.19508	0.219214516	0.170945484
544	0.1961988	0.220463959	0.171933641
545	0.1973242	0.221731374	0.172917026
546	0.198438	0.222987	0.173889
547	0.1995534	0.224241798	0.174865002
548	0.2006874	0.225512759	0.175862041
549	0.201811	0.226789083	0.176832917
550	0.2028988	0.228024104	0.177773496
551	0.2039402	0.229203447	0.178676953
552	0.2050518	0.230441296	0.179662304
553	0.2061406	0.231663619	0.180617581
554	0.2072124	0.23287239	0.18155241
555	0.2082672	0.234050658	0.182483742
556	0.2093192	0.235218342	0.183420058
557	0.2103578	0.236380687	0.184334913
558	0.2113544	0.237532021	0.185176779
559	0.2124596	0.23877256	0.18614664
560	0.2135326	0.239974692	0.187090508
561	0.2145242	0.241092171	0.187956229
562	0.2155694	0.242248882	0.188889918
563	0.2165694	0.243360984	0.189777816
564	0.2175292	0.244433972	0.190624428
565	0.2184452	0.245453856	0.191436544
566	0.2194132	0.246534769	0.192291631
567	0.220406	0.247648227	0.193163773
568	0.2213886	0.248760159	0.194017041
569	0.2223338	0.249813591	0.194854009
570	0.2232938	0.250888472	0.195699128
571	0.224286	0.252012629	0.196559371
572	0.2251614	0.252987347	0.197335453
573	0.226048	0.253972158	0.198123842
574	0.2269462	0.25496797	0.19892443
575	0.2278158	0.255929109	0.199702491
576	0.2287052	0.256913045	0.200497355
577	0.2296002	0.257908125	0.201292275
578	0.2304644	0.258883303	0.202045497
579	0.2313126	0.259832755	0.202792445
580	0.2321494	0.260769485	0.203529315
581	0.2329708	0.261692919	0.204248681
582	0.2337728	0.262569252	0.204976348
583	0.2345536	0.263419447	0.205687753
584	0.2353168	0.264249422	0.206384178
585	0.2360564	0.265067902	0.207044898
586	0.2367656	0.265858684	0.207672516
587	0.2374782	0.266651786	0.208304614
588	0.238239	0.267480178	0.208997822
589	0.2390212	0.268373615	0.209668785
590	0.2397796	0.269241001	0.210318199
591	0.2404726	0.270016427	0.210928773
592	0.241216	0.270845862	0.211586138
593	0.2419392	0.271643435	0.212234965
594	0.2426434	0.272412299	0.212874501
595	0.2433368	0.273196901	0.213476699
596	0.2440392	0.273981066	0.214097334
597	0.2447498	0.27476483	0.21473477
598	0.2454654	0.275545745	0.215385055
599	0.2461614	0.276332365	0.215990435
600	0.2468736	0.277138728	0.216608472
601	0.2476226	0.277971767	0.217273433
602	0.2483104	0.278743513	0.217877287
603	0.249009	0.279521375	0.218496625
604	0.2497236	0.280311552	0.219135648
605	0.2503814	0.281055442	0.219707358
606	0.2510354	0.281787412	0.220283388
607	0.2516954	0.282518907	0.220871893
608	0.2523708	0.283256324	0.221485276
609	0.2529944	0.283936331	0.222052469
610	0.253618	0.284620117	0.222615883
611	0.2542686	0.285340815	0.223196385
612	0.2548664	0.285995149	0.223737651
613	0.2554694	0.286656281	0.224282519
614	0.2560868	0.287335586	0.224838014
615	0.2567004	0.28799343	0.22540737
616	0.25733	0.288674794	0.225985206
617	0.2579664	0.289371265	0.226561535
618	0.2585826	0.290063698	0.227101502
619	0.2591456	0.290672876	0.227618324
620	0.2597104	0.291272853	0.228147947
621	0.2603182	0.29191577	0.22872063
622	0.2609428	0.292598429	0.229287171
623	0.2615588	0.293284173	0.229833427
624	0.262157	0.293961915	0.230352085
625	0.262753	0.294607083	0.230898917
626	0.2633416	0.295241956	0.231441244
627	0.2639322	0.295878199	0.231986201
628	0.264577	0.296576247	0.232577753
629	0.2652502	0.297301641	0.233198759
630	0.2659208	0.298015964	0.233825636
631	0.2665642	0.298683405	0.234444995
632	0.2671936	0.299367922	0.235019278
633	0.2678174	0.300041144	0.235593656
634	0.2684374	0.300697915	0.236176885
635	0.2691682	0.301474175	0.236862225
636	0.2698598	0.302193737	0.237525863
637	0.2705144	0.302865232	0.238163568
638	0.271129	0.303509924	0.238748076
639	0.2718054	0.304235812	0.239374988
640	0.2724808	0.304968321	0.239993279
641	0.2730838	0.305628536	0.240539064
642	0.273725	0.306340235	0.241109765
643	0.2743848	0.307065662	0.241703938
644	0.275065	0.307802792	0.242327208
645	0.2756918	0.308478251	0.242905349
646	0.2763386	0.309202656	0.243474544
647	0.2770024	0.309965969	0.244038831
648	0.2776574	0.310700233	0.244614567
649	0.2782878	0.311425919	0.245149681
650	0.2789078	0.312141336	0.245674264
651	0.2795368	0.31284688	0.24622672
652	0.2801702	0.313544541	0.246795859
653	0.2807822	0.314207858	0.247356542
654	0.2813704	0.314832517	0.247908283
655	0.281998	0.315569015	0.248426985
656	0.2826662	0.316348663	0.248983737
657	0.2833464	0.317127802	0.249564998
658	0.2840322	0.317838945	0.250225455
659	0.2846846	0.318528705	0.250840495
660	0.2853248	0.319209437	0.251440163
661	0.28598	0.319896287	0.252063713
662	0.2866546	0.320631245	0.252677955
663	0.2873086	0.321346963	0.253270237
664	0.2879184	0.322009365	0.253827435
665	0.2886042	0.322741758	0.254466642
666	0.28925	0.323447786	0.255052214
667	0.2898596	0.324128352	0.255590848
668	0.290521	0.324839889	0.256202111
669	0.2911634	0.325538098	0.256788702
670	0.2917976	0.326229787	0.257365413
671	0.2924338	0.326920892	0.257946708
672	0.2930614	0.327593868	0.258528932
673	0.2937016	0.328281525	0.259121675
674	0.2943714	0.329005531	0.259737269
675	0.2950098	0.329701093	0.260318507
676	0.2956308	0.330377736	0.260883864
677	0.29624	0.331041465	0.261438535
678	0.2968978	0.331748935	0.262046665
679	0.297512	0.332419031	0.262604969
680	0.2981046	0.333068593	0.263140607
681	0.2987124	0.333723978	0.263700822
682	0.299306	0.334350728	0.264261272
683	0.2998942	0.334967098	0.264821302
684	0.3004888	0.335589219	0.265388381
685	0.3009978	0.336099882	0.265895718
686	0.3015528	0.336708554	0.266397046
687	0.3021598	0.337433617	0.266885983
688	0.3027978	0.338118631	0.267476969
689	0.303438	0.338811698	0.268064302
690	0.3040698	0.339493919	0.268645681
691	0.3047062	0.340161243	0.269251157
692	0.305376	0.340870435	0.269881565
693	0.306034	0.341567613	0.270500387
694	0.3066434	0.342209368	0.271077432
695	0.307194	0.342799875	0.271588125
696	0.3077336	0.343375975	0.272091225
697	0.3082778	0.343952238	0.272603362
698	0.308922	0.344634607	0.273209393
699	0.309527	0.345280694	0.273773306
700	0.3101038	0.345899847	0.274307753
701	0.3106656	0.34650079	0.27483041
702	0.3112414	0.34711269	0.27537011
703	0.3118156	0.347722038	0.275909162
704	0.3123852	0.348326095	0.276444305
705	0.3129614	0.348935227	0.276987573
706	0.3135204	0.349518617	0.277522183
707	0.314056	0.350066586	0.278045414
708	0.3146138	0.350658025	0.278569575
709	0.3151934	0.351271177	0.279115623
710	0.315776	0.351887368	0.279664632
711	0.3162874	0.352429274	0.280145526
712	0.3168352	0.353001741	0.280668659
713	0.3173844	0.353578264	0.281190536
714	0.3179056	0.354138309	0.281672891
715	0.3184112	0.354680361	0.282142039
716	0.3189686	0.355289976	0.282647224
717	0.3196038	0.356003567	0.283204033
718	0.3201288	0.356575647	0.283681953
719	0.3206686	0.357169313	0.284167887
720	0.3211774	0.357721635	0.284633165
721	0.32162	0.358123634	0.285116366
722	0.3221414	0.358654144	0.285628656
723	0.3226964	0.359254212	0.286138588
724	0.323189	0.359830015	0.286547985
725	0.3236912	0.360341845	0.287040555
726	0.3241904	0.36085968	0.28752112
727	0.3246892	0.361411004	0.287967396
728	0.3252314	0.361979365	0.288483435
729	0.3257884	0.362566866	0.289009934
730	0.3263328	0.363143018	0.289522582
731	0.3267394	0.363559043	0.289919757
732	0.327197	0.364022267	0.290371733
733	0.327668	0.364499194	0.290836806
734	0.3281282	0.364973348	0.291283052
735	0.3286346	0.365527713	0.291741487
736	0.3291434	0.366081965	0.292204835
737	0.3296406	0.366607799	0.292673401
738	0.33015	0.367113548	0.293186452
739	0.3306108	0.36758752	0.29363408
740	0.3310366	0.368043831	0.294029369
741	0.3315766	0.368611575	0.294541625
742	0.332093	0.36916611	0.29501989
743	0.3325946	0.369707277	0.295481923
744	0.3330938	0.370233622	0.295953978
745	0.3335626	0.370723048	0.296402152
746	0.3340322	0.371215843	0.296848557
747	0.3345186	0.371732691	0.297304509
748	0.3349692	0.372230443	0.297707957
749	0.3354108	0.372715777	0.298105823
750	0.335856	0.373198568	0.298513432
751	0.3364288	0.373781856	0.299075744
752	0.3369312	0.374302388	0.299560012
753	0.3373894	0.374783841	0.299994959
754	0.3378308	0.375254713	0.300406887
755	0.3383176	0.375764758	0.300870442
756	0.3387758	0.376234952	0.301316648
757	0.3391834	0.376633624	0.301733176
758	0.339036	0.376423264	0.301648736
759	0.3390348	0.376467495	0.301602105
760	0.3394942	0.377180535	0.301807865
761	0.3400852	0.377710018	0.302460382
762	0.340611	0.378270632	0.302951368
763	0.3411576	0.378886807	0.303428393
764	0.341782	0.379545611	0.304018389
765	0.3423812	0.38018469	0.30457771
766	0.342916	0.380730794	0.305101206
767	0.3434262	0.381205146	0.305647254
768	0.343917	0.381706781	0.306127219
769	0.3443722	0.382183299	0.306561101
770	0.3447972	0.382636356	0.306958044
771	0.3452212	0.383073326	0.307369074
772	0.3456546	0.383522712	0.307786488
773	0.3461002	0.383989493	0.308210907
774	0.3465616	0.384488813	0.308634387
775	0.346929	0.384877932	0.308980068
776	0.3472664	0.38523338	0.30929942
777	0.3476082	0.385597438	0.309618962
778	0.3480258	0.38604186	0.31000974
779	0.3484168	0.386456738	0.310376862
780	0.3487602	0.386819935	0.310700465
781	0.3490902	0.387179667	0.311000733
782	0.3494848	0.387598148	0.311371452
783	0.3499224	0.388057667	0.311787133
784	0.3503314	0.388496928	0.312165872
785	0.350703	0.388887099	0.312518901
786	0.3510474	0.389251943	0.312842857
787	0.3513552	0.389593965	0.313116435
788	0.3517578	0.39001736	0.31349824
789	0.3521284	0.390403779	0.313853021
790	0.3524372	0.390726165	0.314148235
791	0.3528218	0.391093946	0.314549654
792	0.3531378	0.391415018	0.314860582
793	0.3534152	0.391715539	0.315114861
794	0.3537868	0.392121263	0.315452337
795	0.3541132	0.39246949	0.31575691
796	0.354429	0.392806393	0.316051607
797	0.3547646	0.393170972	0.316358228
798	0.3550554	0.393449191	0.316661609
799	0.3553414	0.393739795	0.316943005
800	0.355627	0.394064424	0.317189576
801	0.3559558	0.394367388	0.317544212
802	0.3562686	0.394673343	0.317863857
803	0.3565612	0.394976573	0.318145827
804	0.3567982	0.395242672	0.318353728
805	0.357111	0.395560058	0.318661942
806	0.3574356	0.395888776	0.318982424
807	0.3576988	0.396187236	0.319210364
808	0.3579328	0.396425389	0.319440211
809	0.3582154	0.396709144	0.319721656
810	0.3585804	0.397079507	0.320081293
811	0.3588278	0.397385382	0.320270218
812	0.3590832	0.397678743	0.320487657
813	0.3593556	0.397969619	0.320741581
814	0.3596198	0.398265083	0.320974517
815	0.3598762	0.398531089	0.321221311
816	0.3601348	0.398777206	0.321492394
817	0.3604122	0.399006859	0.321817541
818	0.3605968	0.399188413	0.322005187
819	0.360783	0.399387938	0.322178062
820	0.361012	0.399639547	0.322384453
821	0.3612934	0.399907803	0.322678997
822	0.3615504	0.400155802	0.322944998
823	0.361752	0.400352489	0.323151511
824	0.3619248	0.40048808	0.32336152
825	0.3621546	0.400735976	0.323573224
826	0.3624188	0.401042218	0.323795382
827	0.3626758	0.401326667	0.324024933
828	0.3629148	0.401574338	0.324255262
829	0.3631342	0.401789156	0.324479244
830	0.3633272	0.401961581	0.324692819
831	0.363489	0.402076434	0.324901566
832	0.3636814	0.402252723	0.325110077
833	0.3639022	0.402489443	0.325314957
834	0.364104	0.402690367	0.325517633
835	0.3642998	0.402883408	0.325716192
836	0.3644666	0.403051553	0.325881647
837	0.3645336	0.403143121	0.325924079
838	0.3647528	0.403323905	0.326181695
839	0.3649726	0.403500781	0.326444419
840	0.365112	0.403622052	0.326601948
841	0.365332	0.403866041	0.326797959
842	0.3655346	0.404086992	0.326982208
843	0.3657128	0.404272385	0.327153215
844	0.3659234	0.40446501	0.32738179
845	0.3660854	0.404629932	0.327540868
846	0.3662362	0.404782715	0.327689685
847	0.3664666	0.404955201	0.327977999
848	0.366642	0.405128404	0.328155596
849	0.3667978	0.405283339	0.328312261
850	0.3669422	0.405392334	0.328492066
851	0.3671672	0.405654654	0.328679746
852	0.3673288	0.405835387	0.328822213
853	0.3674134	0.405905884	0.328920916
854	0.3676496	0.406129799	0.329169401
855	0.3678722	0.406354987	0.329389413
856	0.3680814	0.406572718	0.329590082
857	0.3683088	0.406793148	0.329824452
858	0.3685168	0.407016937	0.330016663
859	0.3687452	0.407256334	0.330234066
860	0.3690306	0.407523961	0.330537239
861	0.369256	0.407736883	0.330775117
862	0.3694662	0.407950779	0.330981621
863	0.3696706	0.408177203	0.331163997
864	0.3698852	0.408373891	0.331396509
865	0.3700844	0.408573961	0.331594839
866	0.37028	0.408783179	0.331776821
867	0.3705144	0.409027109	0.332001691
868	0.3707	0.409205825	0.332194175
869	0.3708606	0.409354162	0.332367038
870	0.3710078	0.409488174	0.332527426
871	0.3711994	0.409676644	0.332722156
872	0.3714276	0.409907292	0.332947908
873	0.3716944	0.410182795	0.333206005
874	0.3718792	0.410371159	0.333387241
875	0.3720764	0.410565147	0.333587653
876	0.3722812	0.410765635	0.333796765
877	0.3724804	0.410987013	0.333973787
878	0.3726226	0.41111527	0.33412993
879	0.3727526	0.411232043	0.334273157
880	0.3729122	0.41142064	0.33440376
881	0.3730658	0.411555726	0.334575874
882	0.3732292	0.411708468	0.334749932
883	0.3734082	0.411901524	0.334914876
884	0.3734654	0.411926599	0.335004201
885	0.3736022	0.412036814	0.335167586
886	0.3737998	0.412216153	0.335383447
887	0.373927	0.412348773	0.335505227
888	0.3740746	0.412507659	0.335641541
889	0.3742746	0.412726927	0.335822273
890	0.3746008	0.413088634	0.336112966
891	0.3746666	0.413139528	0.336193672
892	0.3747812	0.413239992	0.336322408
893	0.3750614	0.41352507	0.33659773
894	0.3753426	0.413865382	0.336819818
895	0.3756366	0.414207428	0.337065772
896	0.375927	0.414535566	0.337318434
897	0.376047	0.414706615	0.337387385
898	0.3762344	0.414854716	0.337614084
899	0.376501	0.415041549	0.337960451
900	0.376895	0.415384029	0.338405971
901	0.3768962	0.415373549	0.338418851
902	0.3769518	0.415448269	0.338455331
903	0.37724	0.415788478	0.338691522
904	0.377497	0.416079166	0.338914834
905	0.3777396	0.416335811	0.339143389
906	0.3779674	0.416562193	0.339372607
907	0.3781076	0.416723069	0.339492131
908	0.3783188	0.416921299	0.339716301
909	0.3785458	0.417138387	0.339953213
910	0.3786706	0.417336556	0.340004644
911	0.3790428	0.417740396	0.340345204
912	0.3793704	0.418073141	0.340667659
913	0.379493	0.418172691	0.340813309
914	0.3796652	0.418313183	0.341017217
915	0.3799492	0.418593466	0.341304934
916	0.38033	0.418998531	0.341661469
917	0.3805564	0.419219183	0.341893617
918	0.380641	0.419267026	0.342014974
919	0.3807248	0.419316549	0.342133051
920	0.3811036	0.419732946	0.342474254
921	0.3813562	0.41997421	0.34273819
922	0.3815186	0.420141321	0.342895879
923	0.3815774	0.420265936	0.342888864
924	0.3819868	0.420624329	0.343349271
925	0.3823854	0.421054666	0.343716134
926	0.3827134	0.421522632	0.343904168
927	0.3826348	0.421540355	0.343729245
928	0.3826988	0.421644745	0.343752855
929	0.382914	0.421875716	0.343952284
930	0.3833636	0.422412189	0.344315011
931	0.3837338	0.422773346	0.344694254
932	0.3840198	0.423001778	0.345037822
933	0.3841182	0.423018043	0.345218357
934	0.3842502	0.423173894	0.345326506
935	0.3844416	0.423390217	0.345492983
936	0.3846892	0.423641584	0.345736816
937	0.3849582	0.423928494	0.345987906
938	0.3853494	0.42434196	0.34635684
939	0.3857706	0.424815264	0.346725936
940	0.3860206	0.425245531	0.346795669
941	0.3861538	0.42543371	0.34687389
942	0.3862308	0.425447712	0.347013888
943	0.3862696	0.425251938	0.347287262
944	0.3864546	0.425370011	0.347539189
945	0.3867188	0.42567791	0.34775969
946	0.387058	0.426171914	0.347944086
947	0.3873678	0.426348329	0.348387271
948	0.387488	0.426448758	0.348527242
949	0.3875934	0.426606534	0.348580266
950	0.3884106	0.427409265	0.349411935
951	0.3886196	0.427748375	0.349490825
952	0.3885328	0.427753544	0.349312056
953	0.3882962	0.427377407	0.349214993
954	0.388525	0.427620942	0.349429058
955	0.3889164	0.427959095	0.349873705
956	0.3894236	0.428288153	0.350559047
957	0.3893712	0.428357781	0.350384619
958	0.3894852	0.428559136	0.350411264
959	0.389743	0.428856688	0.350629312
960	0.390129	0.429133513	0.351124487
961	0.3903842	0.429359344	0.351409056
962	0.3905698	0.429543235	0.351596365
963	0.3907188	0.429674799	0.351762801
964	0.390851	0.429890218	0.351811782
965	0.3910416	0.430117404	0.351965796
966	0.391318	0.430337499	0.352298501
967	0.3914442	0.430360064	0.352528336
968	0.3919074	0.430817581	0.352997219
969	0.392562	0.431551245	0.353572755
970	0.3926474	0.431781427	0.353513373
971	0.3927818	0.431940764	0.353622836
972	0.3929482	0.432098934	0.353797466
973	0.3931442	0.432346493	0.353941907
974	0.393394	0.432555248	0.354232752
975	0.3935808	0.432737413	0.354424187
976	0.393644	0.432888466	0.354399534
977	0.3941004	0.433129261	0.355071539
978	0.3946646	0.43368179	0.35564741
979	0.3952172	0.434390534	0.356043866
980	0.3949146	0.433957439	0.355871761
981	0.394976	0.434015376	0.355936624
982	0.3953328	0.434421653	0.356243947
983	0.39605	0.435153045	0.356946955
984	0.3962778	0.435404542	0.357151058
985	0.3963886	0.435534033	0.357243167
986	0.3964966	0.435650396	0.357342804
987	0.396863	0.436036888	0.357689112
988	0.3971388	0.436345343	0.357932257
989	0.3973268	0.436576656	0.358076944
990	0.3977188	0.437025924	0.358411676
991	0.3978838	0.43710777	0.35865983
992	0.397892	0.437019773	0.358764227
993	0.3977824	0.437049858	0.358514942
994	0.3979062	0.437219587	0.358592813
995	0.3983766	0.437658938	0.359094262
996	0.3993676	0.438519688	0.360215512
997	0.3992788	0.438405673	0.360151927
998	0.399629	0.438733249	0.360524751
999	0.400451	0.439527309	0.361374691
1000	0.4000356	0.439074391	0.360996809
1001	0.407586	0.446969327	0.368202673
1002	0.4078652	0.447321468	0.368408932
1003	0.4081702	0.447521327	0.368819073
1004	0.4083276	0.447548015	0.369107185
1005	0.4085448	0.447840227	0.369249373
1006	0.408889	0.448256837	0.369521163
1007	0.4093168	0.44857874	0.37005486
1008	0.4097154	0.448862358	0.370568442
1009	0.4100176	0.449281895	0.370753305
1010	0.4102254	0.449732481	0.370718319
1011	0.4103654	0.44996511	0.37076569
1012	0.4105294	0.450041225	0.371017575
1013	0.410762	0.450206342	0.371317658
1014	0.411002	0.450431049	0.371572951
1015	0.411291	0.450728573	0.371853427
1016	0.4116606	0.451151287	0.372169913
1017	0.4119302	0.451484354	0.372376046
1018	0.412156	0.451742304	0.372569696
1019	0.4123972	0.451974833	0.372819567
1020	0.4127016	0.452334453	0.373068747
1021	0.4130972	0.45273846	0.37345594
1022	0.4133924	0.452946858	0.373837942
1023	0.4135862	0.453036257	0.374136143
1024	0.4138122	0.453178965	0.374445435
1025	0.4140646	0.45337954	0.37474966
1026	0.4143018	0.4536263	0.3749773
1027	0.414616	0.454021202	0.375210798
1028	0.414976	0.454470534	0.375481466
1029	0.415215	0.454750744	0.375679256
1030	0.415397	0.45502962	0.37576438
1031	0.4156444	0.455353921	0.375934879
1032	0.4158876	0.455554926	0.376220274
1033	0.4161488	0.455820028	0.376477572
1034	0.416355	0.45603493	0.37667507
1035	0.416587	0.456298592	0.376875408
1036	0.4169124	0.456679102	0.377145698
1037	0.4171914	0.45690825	0.37747455
1038	0.417402	0.456997613	0.377806387
1039	0.4176196	0.457177346	0.378061854
1040	0.4178916	0.457505507	0.378277693
1041	0.4181774	0.45780926	0.37854554
1042	0.4183908	0.457984514	0.378797086
1043	0.4185552	0.458124765	0.378985635
1044	0.4187626	0.458343939	0.379181261
1045	0.4189646	0.458588863	0.379340337
1046	0.4192162	0.458909364	0.379523036
1047	0.4195028	0.459234031	0.379771569
1048	0.4197902	0.459568598	0.380011802
1049	0.4200364	0.459854481	0.380218319
1050	0.4202572	0.460059029	0.380455371
1051	0.420505	0.460322443	0.380687557
1052	0.4207432	0.460616774	0.380869626
1053	0.4210204	0.460917544	0.381123256
1054	0.42132	0.461222352	0.381417648
1055	0.421531	0.461492158	0.381569842
1056	0.42169	0.46173009	0.38164991
1057	0.4219014	0.461964954	0.381837846
1058	0.4221266	0.462202655	0.382050545
1059	0.4222626	0.462410624	0.382114576
1060	0.4224738	0.462678376	0.382269224
1061	0.4228174	0.462988329	0.382646471
1062	0.4230614	0.46319332	0.38292948
1063	0.4232154	0.463393806	0.383036994
1064	0.4233524	0.463544587	0.383160213
1065	0.423599	0.463767515	0.383430485
1066	0.42396	0.464221695	0.383698305
1067	0.4243018	0.464612437	0.383991163
1068	0.4245826	0.46483096	0.38433424
1069	0.4247632	0.464973182	0.384553218
1070	0.4247778	0.464983733	0.384571867
1071	0.424848	0.465040928	0.384655072
1072	0.4251982	0.465395161	0.385001239
1073	0.4255948	0.465801717	0.385387883
1074	0.4258854	0.466069834	0.385700966
1075	0.4261346	0.466292082	0.385977118
1076	0.4264688	0.466657598	0.386280002
1077	0.4268374	0.46713134	0.38654346
1078	0.4269454	0.467361489	0.386529311
1079	0.4268606	0.467359964	0.386361236
1080	0.4269388	0.467459353	0.386418247
1081	0.4271854	0.467607966	0.386762834
1082	0.4274152	0.467763662	0.387066738
1083	0.4277086	0.468091002	0.387326198
1084	0.4280626	0.46846338	0.38766182
1085	0.4284968	0.468817645	0.388175955
1086	0.4288756	0.469138808	0.388612392
1087	0.4291018	0.469548029	0.388655571
1088	0.4293312	0.469987946	0.388674454
1089	0.4294396	0.470014368	0.388864832
1090	0.4294678	0.469893459	0.389042141
1091	0.429838	0.470299287	0.389376713
1092	0.4303846	0.470918751	0.389850449
1093	0.4307096	0.471224722	0.390194478
1094	0.4308628	0.471346218	0.390379382
1095	0.431057	0.471561126	0.390552874
1096	0.4312846	0.47182669	0.39074251
1097	0.4315468	0.472118947	0.390974653
1098	0.4318772	0.47241635	0.39133805
1099	0.4321708	0.472659307	0.391682293
1100	0.4324014	0.472892306	0.391910494
1101	0.4326252	0.473118181	0.392132219
1102	0.432922	0.47347675	0.39236725
1103	0.4332554	0.473889476	0.392621324
1104	0.4336272	0.474371038	0.392883362
1105	0.4339724	0.474820704	0.393124096
1106	0.4341722	0.474987605	0.393356795
1107	0.4343892	0.475134366	0.393644034
1108	0.434571	0.475350477	0.393791523
1109	0.434728	0.475606472	0.393849528
1110	0.4351146	0.476151398	0.394077802
1111	0.435721	0.476937642	0.394504358
1112	0.4361718	0.477521957	0.394821643
1113	0.4362778	0.477704573	0.394851027
1114	0.4364634	0.477996381	0.394930419
1115	0.4370624	0.478770191	0.395354609
1116	0.4377426	0.479608051	0.395877149
1117	0.438083	0.47997864	0.39618736
1118	0.4384774	0.480416624	0.396538176
1119	0.4393514	0.481333891	0.397368909
1120	0.4402966	0.482321084	0.398272116
1121	0.4409252	0.483010514	0.398839886
1122	0.4415742	0.483737651	0.399410749
1123	0.4420114	0.484286474	0.399736326
1124	0.4423524	0.484743655	0.399961145
1125	0.4425064	0.484850045	0.400162755
1126	0.4426282	0.484835562	0.400420838
1127	0.4429048	0.484948518	0.400861082
1128	0.4432014	0.485159033	0.401243767
1129	0.44352	0.485478051	0.401561949
1130	0.4438998	0.485878621	0.401920979
1131	0.444228	0.486277734	0.402178266
1132	0.4445312	0.486657219	0.402405181
1133	0.444784	0.486892767	0.402675233
1134	0.4448292	0.486942222	0.402716178
1135	0.44488	0.487058324	0.402701676
1136	0.4451192	0.487289388	0.402949012
1137	0.445339	0.48749649	0.40318151
1138	0.4453946	0.48759938	0.40318982
1139	0.4454352	0.487699356	0.403171044
1140	0.4456592	0.487869199	0.403449201
1141	0.445914	0.48804508	0.40378292
1142	0.4461532	0.48836103	0.40394537
1143	0.4463674	0.488716596	0.404018204
1144	0.4466618	0.48901511	0.40430849
1145	0.4470018	0.489277899	0.404725701
1146	0.4471936	0.489491487	0.404895713
1147	0.447269	0.489661861	0.404876139
1148	0.4474034	0.489774262	0.405032538
1149	0.4476172	0.489820509	0.405413891
1150	0.4478302	0.489920609	0.405739791
1151	0.4480554	0.490151844	0.405958956
1152	0.4482274	0.490334422	0.406120378
1153	0.4481722	0.490319937	0.406024463
1154	0.448126	0.490314207	0.405937793
1155	0.4481268	0.490263437	0.405990163
1156	0.4481274	0.490217497	0.406037303
1157	0.4480886	0.490220406	0.405956794
1158	0.4480622	0.490242977	0.405881423
1159	0.4480592	0.490197086	0.405921314
1160	0.4480584	0.490138947	0.405977853
1161	0.4482004	0.490269706	0.406131094
1162	0.4483832	0.490458109	0.406308291
1163	0.4485336	0.49060771	0.40645949
1164	0.4486592	0.490729082	0.406589318
1165	0.4488522	0.490950987	0.406753413
1166	0.4491178	0.491279273	0.406956327
1167	0.4493366	0.491547416	0.407125784
1168	0.4494844	0.491723066	0.407245734
1169	0.449622	0.491878364	0.407365636
1170	0.4497456	0.491995891	0.407495309
1171	0.4498824	0.492131394	0.407633406
1172	0.4500886	0.492369505	0.407807695
1173	0.4502932	0.492609576	0.407976824
1174	0.4505122	0.492930967	0.408093433
1175	0.4507302	0.493251275	0.408209125
1176	0.4509464	0.49343802	0.40845478
1177	0.4511622	0.493616765	0.408707635
1178	0.451389	0.493833226	0.408944774
1179	0.4516174	0.494057014	0.409177786
1180	0.4518312	0.494330689	0.409331711
1181	0.4520388	0.494622772	0.409454828
1182	0.4522444	0.494831447	0.409657353
1183	0.4524476	0.494986894	0.409908306
1184	0.4526428	0.495185783	0.410099817
1185	0.4528338	0.495430894	0.410236706
1186	0.4530814	0.495709257	0.410453543
1187	0.4534138	0.496037283	0.410790317
1188	0.4537244	0.496365937	0.411082863
1189	0.4539806	0.496697063	0.411264137
1190	0.4542324	0.497002416	0.411462384
1191	0.4544572	0.497173126	0.411741274
1192	0.4546686	0.49733189	0.41200531
1193	0.454795	0.497408501	0.412181499
1194	0.4549216	0.497485717	0.412357483
1195	0.4551778	0.497785989	0.412569611
1196	0.4554364	0.49809497	0.41277783
1197	0.455632	0.498308563	0.412955437
1198	0.4558208	0.498510056	0.413131544
1199	0.456026	0.498727492	0.413324508
1200	0.4562322	0.498940573	0.413523827
1201	0.456459	0.499213861	0.413704139
1202	0.4567026	0.499525707	0.413879493
1203	0.4569332	0.499763983	0.414102417
1204	0.4571452	0.499937633	0.414352767
1205	0.4573684	0.500131782	0.414605018
1206	0.457603	0.500351524	0.414854476
1207	0.4578188	0.500577486	0.415060114
1208	0.4580068	0.500813274	0.415200326
1209	0.4581846	0.50102234	0.41534686
1210	0.4583338	0.501170821	0.415496779
1211	0.4584766	0.501324425	0.415628775
1212	0.4585946	0.501507085	0.415682115
1213	0.4587198	0.501692365	0.415747235
1214	0.4589296	0.501890013	0.415969187
1215	0.4591366	0.502084508	0.416188692
1216	0.4592842	0.502224157	0.416344243
1217	0.4594306	0.502363486	0.416497714
1218	0.4595892	0.502484589	0.416693811
1219	0.4597454	0.502603776	0.416887024
1220	0.4598726	0.502784109	0.416961091
1221	0.4599982	0.502977028	0.417019372
1222	0.4602306	0.503190494	0.417270706
1223	0.4605084	0.503411549	0.417605251
1224	0.4606602	0.503541412	0.417778988
1225	0.460714	0.503606688	0.417821312
1226	0.460773	0.503680774	0.417865226
1227	0.4608346	0.50376513	0.41790407
1228	0.4609312	0.503875139	0.417987261
1229	0.4610868	0.504037054	0.418136546
1230	0.4612268	0.504178169	0.418275431
1231	0.4613376	0.504236943	0.418438257
1232	0.4614426	0.504309444	0.418575756
1233	0.4614976	0.504450929	0.418544271
1234	0.461552	0.50458265	0.41852135
1235	0.4616076	0.50460441	0.41861079
1236	0.4616648	0.504623861	0.418705739
1237	0.4618464	0.504789314	0.418903486
1238	0.4620464	0.504979166	0.419113634
1239	0.4622238	0.505221119	0.419226481
1240	0.4623958	0.505459523	0.419332077
1241	0.462581	0.505603969	0.419558031
1242	0.4627536	0.505705713	0.419801487
1243	0.4629236	0.505912753	0.419934447
1244	0.463074	0.50615947	0.41998853
1245	0.4631868	0.506294269	0.420079331
1246	0.4633218	0.506390918	0.420252682
1247	0.463477	0.506491747	0.420462253
1248	0.463632	0.506585373	0.420678627
1249	0.4638238	0.506740626	0.420906974
1250	0.4640632	0.506978989	0.421147411
1251	0.4642424	0.50716562	0.42131918
1252	0.464286	0.507248936	0.421323064
1253	0.464362	0.507375229	0.421348771
1254	0.4645868	0.50764283	0.42153077
1255	0.464807	0.507888177	0.421725823
1256	0.4648752	0.50791178	0.42183862
1257	0.4649538	0.507956041	0.421951559
1258	0.465201	0.508281501	0.422120499
1259	0.4654622	0.50862638	0.42229802
1260	0.4656504	0.50884066	0.42246014
1261	0.4658346	0.509042924	0.422626276
1262	0.4659588	0.509133578	0.422784022
1263	0.4660796	0.509205046	0.422954154
1264	0.4662808	0.509431327	0.423130273
1265	0.466492	0.509688533	0.423295467
1266	0.4666932	0.509864042	0.423522358
1267	0.4669218	0.510056484	0.423787116
1268	0.4671284	0.510268219	0.423988581
1269	0.467309	0.510464084	0.424153916
1270	0.4675214	0.510652764	0.424390036
1271	0.4677308	0.510824924	0.424636676
1272	0.4679134	0.51100964	0.42481716
1273	0.4680698	0.511194279	0.424945321
1274	0.4682464	0.511391969	0.425100831
1275	0.4685204	0.511672226	0.425368574
1276	0.4687482	0.51191787	0.42557853
1277	0.4687764	0.51198614	0.42556666
1278	0.468826	0.512072994	0.425579006
1279	0.4690444	0.512286008	0.425802792
1280	0.469252	0.512484509	0.426019491
1281	0.4693818	0.512659894	0.426103706
1282	0.4695078	0.512829913	0.426185687
1283	0.4696396	0.512947376	0.426331824
1284	0.4697726	0.513069675	0.426475525
1285	0.4699508	0.513241348	0.426660252
1286	0.4701334	0.513397598	0.426869202
1287	0.4703304	0.51364487	0.42701593
1288	0.470531	0.513924122	0.427137878
1289	0.4707956	0.514212582	0.427378618
1290	0.4710862	0.514513597	0.427658803
1291	0.4712524	0.514738762	0.427766038
1292	0.4713646	0.514929942	0.427799258
1293	0.4715664	0.515170466	0.427962334
1294	0.4718114	0.515417256	0.428205544
1295	0.4720506	0.515700292	0.428400908
1296	0.4722814	0.516010561	0.428552239
1297	0.4724494	0.516250056	0.428648744
1298	0.4725478	0.516424743	0.428670857
1299	0.4726958	0.516623389	0.428768211
1300	0.4729304	0.516836802	0.429023998
1301	0.473127	0.516987882	0.429266118
1302	0.4732572	0.517058738	0.429455662
1303	0.4734186	0.517182991	0.429654209
1304	0.4736752	0.517493307	0.429857093
1305	0.4739378	0.517822286	0.430053314
1306	0.4740698	0.517979881	0.430159719
1307	0.4741846	0.518103353	0.430265847
1308	0.4743444	0.518275264	0.430413536
1309	0.474522	0.518486243	0.430557757
1310	0.4747094	0.518783704	0.430635096
1311	0.4749172	0.519100514	0.430733886
1312	0.4751762	0.51931093	0.43104147
1313	0.4754102	0.519474662	0.431345738
1314	0.4755782	0.519651706	0.431504694
1315	0.4757696	0.519884206	0.431654994
1316	0.4760046	0.520174724	0.431834476
1317	0.4762308	0.52043846	0.43202314
1318	0.4763868	0.520585743	0.432187857
1319	0.4765046	0.520701599	0.432307601
1320	0.4766474	0.520842873	0.432451927
1321	0.4768664	0.521033018	0.432699782
1322	0.4771534	0.521317597	0.432989203
1323	0.477412	0.521568483	0.433255517
1324	0.477585	0.521752518	0.433417482
1325	0.4777142	0.521975757	0.433452643
1326	0.4778174	0.522137445	0.433497355
1327	0.4779068	0.522198199	0.433615401
1328	0.4780616	0.522337953	0.433785247
1329	0.4782572	0.522552759	0.433961641
1330	0.478515	0.522815113	0.434214887
1331	0.4789684	0.523249156	0.434687644
1332	0.4793846	0.523674273	0.435094927
1333	0.4796402	0.524015615	0.435264785
1334	0.4798838	0.52432759	0.43544001
1335	0.4799376	0.524421923	0.435453277
1336	0.4799696	0.524511106	0.435428094
1337	0.4801644	0.52477387	0.43555493
1338	0.480406	0.525073051	0.435738949
1339	0.4804546	0.525141975	0.435767225
1340	0.480426	0.525119459	0.435732541
1341	0.480407	0.525040288	0.435773712
1342	0.4804736	0.525060716	0.435886484
1343	0.480461	0.525118109	0.435803891
1344	0.480378	0.525093332	0.435662668
1345	0.4805158	0.525442872	0.435588728
1346	0.4808384	0.52612859	0.43554821
1347	0.4809114	0.52632187	0.43550093
1348	0.4806714	0.526168095	0.435174705
1349	0.4804074	0.526160252	0.434654548
1350	0.480065	0.526125008	0.434004992
1351	0.4797666	0.526035252	0.433497948
1352	0.4796336	0.525853766	0.433413434
1353	0.4794956	0.525640967	0.433350233
1354	0.4792242	0.525286137	0.433162263
1355	0.4791054	0.525451664	0.432759136
1356	0.4789506	0.526600134	0.431301066
1357	0.478178	0.528460953	0.427895047
1358	0.4779928	0.530776886	0.425208714
1359	0.475673	0.531677519	0.419668481
1360	0.4642548	0.518957699	0.409551901
1361	0.446952	0.500950005	0.392953995
1362	0.4450808	0.507893587	0.382268013
1363	0.445619	0.523892999	0.367345001
1364	0.4498788	0.524895653	0.374861947
1365	0.4521464	0.529001258	0.375291542
1366	0.4617202	0.548337001	0.375103399
1367	0.4743864	0.570370004	0.378402796
1368	0.47779	0.560401871	0.395178129
1369	0.479422	0.553472403	0.405371597
1370	0.4717282	0.537948838	0.405507562
1371	0.4627092	0.528220373	0.397198027
1372	0.4660406	0.527880734	0.404200466
1373	0.4728398	0.536158387	0.409521213
1374	0.4822936	0.550047519	0.414539681
1375	0.4887724	0.564568085	0.412976715
1376	0.4870212	0.55692563	0.41711677
1377	0.4873126	0.549960239	0.424664961
1378	0.4815478	0.538080514	0.425015086
1379	0.4677924	0.518500534	0.417084266
1380	0.4641044	0.515219264	0.412989536
1381	0.4684668	0.523920425	0.413013175
1382	0.4786654	0.539077607	0.418253193
1383	0.4963	0.564620281	0.427979719
1384	0.497355	0.560552389	0.434157611
1385	0.4813992	0.527581092	0.435217308
1386	0.480201	0.521579798	0.438822202
1387	0.4938748	0.54604426	0.44170534
1388	0.5013956	0.562837094	0.439954106
1389	0.4974054	0.558120925	0.436689875
1390	0.4899228	0.546547219	0.433298381
1391	0.483756	0.536018174	0.431493826
1392	0.4815726	0.531486935	0.431658265
1393	0.479305	0.527294478	0.431315522
1394	0.4765814	0.523283754	0.429879046
1395	0.477621	0.523452176	0.431789824
1396	0.478104	0.523435094	0.432772906
1397	0.4743284	0.522049344	0.426607456
1398	0.4717524	0.522036957	0.421467843
1399	0.4747894	0.522395389	0.427183411
1400	0.4772208	0.522309509	0.432132091
1401	0.4740024	0.520157193	0.427847607
1402	0.4707424	0.518508464	0.422976336
1403	0.4696286	0.518828497	0.420428703
1404	0.4690006	0.51943659	0.41856461
1405	0.4704494	0.52022647	0.42067233
1406	0.4721168	0.521128813	0.423104787
1407	0.4714482	0.52020626	0.42269014
1408	0.470052	0.518748077	0.421355923
1409	0.46726	0.514830764	0.419689236
1410	0.4649856	0.511462851	0.418508349
1411	0.4637904	0.510312311	0.417268489
1412	0.4630036	0.50977851	0.41622869
1413	0.4627256	0.509593464	0.415857736
1414	0.4625948	0.509621458	0.415568142
1415	0.4626384	0.50932527	0.41595153
1416	0.462971	0.509125845	0.416816155
1417	0.4634264	0.509659308	0.417193492
1418	0.463556	0.510031932	0.417080068
1419	0.463932	0.510413298	0.417450702
1420	0.4645984	0.511127888	0.418068912
1421	0.4649086	0.511281521	0.418535679
1422	0.4650598	0.511117025	0.419002575
1423	0.4652712	0.511439259	0.419103141
1424	0.465284	0.511684393	0.418883607
1425	0.4656944	0.512217836	0.419170964
1426	0.4665482	0.513177968	0.419918432
1427	0.4670574	0.513698864	0.420415936
1428	0.4674756	0.514204317	0.420746883
1429	0.4680022	0.514804432	0.421199968
1430	0.4685838	0.515482989	0.421684611
1431	0.4691376	0.516232479	0.422042721
1432	0.4693536	0.516606354	0.422100846
1433	0.4694638	0.516787437	0.422140163
1434	0.4696466	0.51681727	0.42247593
1435	0.4699994	0.517096613	0.422902187
1436	0.4706548	0.517907743	0.423401857
1437	0.4710834	0.518462648	0.423704152
1438	0.471062	0.518527531	0.423596469
1439	0.4710896	0.518591917	0.423587283
1440	0.4713742	0.518822547	0.423925853
1441	0.4717888	0.519222745	0.424354855
1442	0.4725934	0.520129189	0.425057611
1443	0.4732462	0.520864172	0.425628228
1444	0.4731958	0.52077784	0.42561376
1445	0.4731278	0.520690599	0.425565001
1446	0.473304	0.521036503	0.425571497
1447	0.4735002	0.521370429	0.425629971
1448	0.4738478	0.521482616	0.426212984
1449	0.474203	0.521604395	0.426801605
1450	0.474413	0.521861871	0.426964129
1451	0.4745308	0.522051793	0.427009807
1452	0.4746184	0.522199094	0.427037706
1453	0.4747506	0.522388553	0.427112647
1454	0.4748576	0.522594393	0.427120807
1455	0.4749464	0.522786605	0.427106195
1456	0.4750894	0.522781169	0.427397631
1457	0.4752662	0.522755902	0.427776498
1458	0.4754092	0.52286263	0.42795577
1459	0.475505	0.522954145	0.428055855
1460	0.475536	0.523135489	0.427936511
1461	0.475547	0.523372448	0.427721552
1462	0.475608	0.523538278	0.427677722
1463	0.4756938	0.523672218	0.427715382
1464	0.4760116	0.523961125	0.428062075
1465	0.4764688	0.524378586	0.428559014
1466	0.4766692	0.524680523	0.428657877
1467	0.4767328	0.524928125	0.428537475
1468	0.4769542	0.525191828	0.428716572
1469	0.4771928	0.525357208	0.429028392
1470	0.4775814	0.525682257	0.429480543
1471	0.4780912	0.526121385	0.430061015
1472	0.4784338	0.526500943	0.430366657
1473	0.4786916	0.526846238	0.430536962
1474	0.4790994	0.527213859	0.430984941
1475	0.4796386	0.527690338	0.431586862
1476	0.4799898	0.528063241	0.431916359
1477	0.480147	0.528266488	0.432027512
1478	0.4803078	0.528404482	0.432211118
1479	0.4804108	0.528403084	0.432418516
1480	0.4806008	0.528549602	0.432651998
1481	0.480973	0.52897511	0.43297089
1482	0.4813772	0.529351167	0.433403233
1483	0.4818042	0.529634424	0.433973976
1484	0.4821666	0.529918088	0.434415112
1485	0.4824694	0.530267508	0.434671292
1486	0.4827042	0.530556174	0.434852226
1487	0.4828332	0.530739454	0.434926946
1488	0.4830902	0.531006379	0.435174021
1489	0.48358	0.531382906	0.435777094
1490	0.4839124	0.531628959	0.436195841
1491	0.4839238	0.531669665	0.436177935
1492	0.4839688	0.531707215	0.436230385
1493	0.4841486	0.531747498	0.436549702
1494	0.4843132	0.531829221	0.436797179
1495	0.4844574	0.532039911	0.436874889
1496	0.484583	0.53222976	0.43693624
1497	0.4847272	0.532424508	0.437029892
1498	0.4849046	0.532628032	0.437181168
1499	0.4852002	0.532853461	0.437546939
1500	0.4854822	0.533077646	0.437886754
1501	0.4857754	0.533393389	0.438157411
1502	0.4860708	0.533705015	0.438436585
1503	0.4863056	0.533962803	0.438648397
1504	0.4865318	0.534209875	0.438853725
1505	0.4868172	0.534414654	0.439219746
1506	0.487109	0.534629987	0.439588013
1507	0.4873236	0.534870782	0.439776418
1508	0.4875176	0.535094977	0.439940223
1509	0.4877946	0.535414823	0.440174377
1510	0.4880828	0.535750249	0.440415351
1511	0.4883152	0.536047588	0.440582812
1512	0.4885334	0.53631983	0.44074697
1513	0.4887532	0.536459442	0.441046958
1514	0.488972	0.536594501	0.441349499
1515	0.4892126	0.536806313	0.441618887
1516	0.4894502	0.537024403	0.441875997
1517	0.4895768	0.537149007	0.442004593
1518	0.4896962	0.537262764	0.442129636
1519	0.4898956	0.537434703	0.442356497
1520	0.490095	0.537600296	0.442589704
1521	0.4902758	0.537769391	0.442782209
1522	0.490467	0.537956943	0.442977057
1523	0.4907004	0.538237005	0.443163795
1524	0.4909274	0.538521119	0.443333681
1525	0.4911608	0.538689171	0.443632429
1526	0.491393	0.538836863	0.443949137
1527	0.4915684	0.539006336	0.444130464
1528	0.4917424	0.539182172	0.444302628
1529	0.4919124	0.539354309	0.444470491
1530	0.4920736	0.539529705	0.444617495
1531	0.492252	0.539738688	0.444765312
1532	0.4924468	0.539957946	0.444935654
1533	0.492721	0.540212927	0.445229073
1534	0.492997	0.540455096	0.445538904
1535	0.4932238	0.540682606	0.445764994
1536	0.4934526	0.540923065	0.445982135
1537	0.4936266	0.541123358	0.446129842
1538	0.4937664	0.54130843	0.44622437
1539	0.4938802	0.541469327	0.446291073
1540	0.4940044	0.541630294	0.446378506
1541	0.4941848	0.541785314	0.446584286
1542	0.494368	0.541922606	0.446813394
1543	0.4945166	0.542111407	0.446921793
1544	0.4946748	0.542334524	0.447015076
1545	0.4948618	0.542518342	0.447205258
1546	0.495044	0.542672625	0.447415375
1547	0.495232	0.542870443	0.447593557
1548	0.495431	0.543111168	0.447750832
1549	0.4956824	0.543372897	0.447991903
1550	0.495948	0.543612402	0.448283598
1551	0.4961316	0.543764239	0.448498961
1552	0.4962874	0.543904555	0.448670245
1553	0.4964644	0.544104846	0.448823954
1554	0.4966456	0.544314036	0.448977164
1555	0.4968296	0.544511361	0.449147839
1556	0.4970202	0.544712279	0.449328121
1557	0.4971308	0.544823499	0.449438101
1558	0.4971928	0.54487434	0.44951126
1559	0.4973334	0.54500576	0.44966104
1560	0.497519	0.545188718	0.449849282
1561	0.4977394	0.545423331	0.450055469
1562	0.497981	0.545690507	0.450271493
1563	0.4980692	0.54577946	0.45035894
1564	0.498063	0.545763182	0.450362818
1565	0.4981648	0.545846765	0.450482835
1566	0.4983488	0.546002256	0.450695344
1567	0.4985176	0.546178826	0.450856374
1568	0.4986708	0.546366249	0.450975351
1569	0.4988156	0.546550326	0.451080874
1570	0.4989562	0.546718251	0.451194149
1571	0.4991264	0.546862838	0.451389962
1572	0.4993128	0.547005914	0.451619686
1573	0.4995216	0.547231883	0.451811317
1574	0.499756	0.547517336	0.451994664
1575	0.4999382	0.547666704	0.452209696
1576	0.5000778	0.547714749	0.452440851
1577	0.5002938	0.547954166	0.452633434
1578	0.5005618	0.548325808	0.452797792
1579	0.5007756	0.548533788	0.453017412
1580	0.5009434	0.548621689	0.453265111
1581	0.5011004	0.548790985	0.453409815
1582	0.5012644	0.549027358	0.453501442
1583	0.5014332	0.549207402	0.453658998
1584	0.5015942	0.549338391	0.453850009
1585	0.501783	0.549545622	0.454020378
1586	0.5020004	0.549809142	0.454191658
1587	0.5022072	0.550030754	0.454383646
1588	0.5023966	0.550215217	0.454577983
1589	0.5025594	0.55038917	0.45472963
1590	0.5027122	0.550563319	0.454861081
1591	0.5028108	0.550631392	0.454990208
1592	0.5028728	0.550634357	0.455111243
1593	0.5030198	0.55080372	0.45523588
1594	0.5032252	0.55107984	0.45537056
1595	0.503331	0.551193123	0.455468877
1596	0.503364	0.551195998	0.455532002
1597	0.503496	0.551329206	0.455662794
1598	0.5036996	0.551552753	0.455846447
1599	0.5038898	0.551737059	0.456042541
1600	0.5040658	0.551893096	0.456238504
1601	0.5042074	0.552033326	0.456381474
1602	0.5043356	0.552163809	0.456507391
1603	0.50458	0.55240841	0.45675159
1604	0.5048968	0.552731306	0.457062294
1605	0.505105	0.552985231	0.457224769
1606	0.5052456	0.553191437	0.457299763
1607	0.505422	0.553349951	0.457494049
1608	0.5056224	0.553487279	0.457757521
1609	0.505839	0.553690362	0.457987638
1610	0.5060566	0.553919519	0.458193681
1611	0.506318	0.554237903	0.458398097
1612	0.50661	0.554614819	0.458605181
1613	0.5067184	0.554796676	0.458640124
1614	0.506724	0.554867517	0.458580483
1615	0.506983	0.555145287	0.458820713
1616	0.5073734	0.555528379	0.459218421
1617	0.5075586	0.555753874	0.459363326
1618	0.5076418	0.555902731	0.459380869
1619	0.5077726	0.556029256	0.459515944
1620	0.507928	0.556146676	0.459709324
1621	0.5082322	0.556420906	0.460043494
1622	0.5086002	0.55676339	0.46043701
1623	0.5088324	0.556972357	0.460692443
1624	0.509008	0.557123573	0.460892427
1625	0.5092604	0.557429614	0.461091186
1626	0.5095434	0.557797529	0.461289271
1627	0.509744	0.557992926	0.461495074
1628	0.5099142	0.558124494	0.461703906
1629	0.5100888	0.558265648	0.461911952
1630	0.5102658	0.558410648	0.462120952
1631	0.5104722	0.558671143	0.462273257
1632	0.5106896	0.558971143	0.462408057
1633	0.510933	0.559213868	0.462652132
1634	0.5111866	0.559441946	0.462931254
1635	0.5113102	0.559607712	0.463012688
1636	0.5113986	0.559756769	0.463040431
1637	0.5116376	0.560039151	0.463236049
1638	0.5119192	0.560360944	0.463477456
1639	0.5121374	0.5606355	0.4636393
1640	0.512343	0.560901998	0.463784002
1641	0.5125416	0.5610791	0.4640041
1642	0.5127366	0.561237656	0.464235544
1643	0.5129518	0.561425909	0.464477691
1644	0.5131746	0.561624115	0.464725085
1645	0.5133218	0.561776663	0.464866937
1646	0.513457	0.561920214	0.464993786
1647	0.5137504	0.562257553	0.465243247
1648	0.5140648	0.562619361	0.465510239
1649	0.514085	0.562592173	0.465577827
1650	0.5140734	0.562527098	0.465619702
1651	0.5141122	0.562662311	0.465562089
1652	0.5141584	0.562816506	0.465500294
1653	0.514387	0.563081818	0.465692182
1654	0.5146188	0.563348487	0.465889113
1655	0.5148328	0.56356725	0.46609835
1656	0.515051	0.563786362	0.466315638
1657	0.5152246	0.56390874	0.46654046
1658	0.5153992	0.564035644	0.466762756
1659	0.5155804	0.564226617	0.466934183
1660	0.5157662	0.564420711	0.467111689
1661	0.5160204	0.564729363	0.467311437
1662	0.516263	0.565029136	0.467496864
1663	0.5164522	0.565279233	0.467625167
1664	0.5166402	0.565526899	0.467753501
1665	0.5167934	0.565707133	0.467879667
1666	0.5169484	0.565884447	0.468012353
1667	0.5170316	0.56596051	0.46810269
1668	0.5171294	0.566042886	0.468215914
1669	0.517298	0.566191286	0.468404714
1670	0.5174664	0.566354159	0.468578641
1671	0.5176768	0.566616993	0.468736607
1672	0.5178574	0.566857443	0.468857357
1673	0.517904	0.566926361	0.468881639
1674	0.5179688	0.566982812	0.468954788
1675	0.5180864	0.567044318	0.469128482
1676	0.5182004	0.567127511	0.469273289
1677	0.5182914	0.567255286	0.469327514
1678	0.5183408	0.567342235	0.469339365
1679	0.518315	0.567354022	0.469275978
1680	0.5183216	0.567374341	0.469268859
1681	0.5183882	0.567394325	0.469382075
1682	0.5184538	0.567443282	0.469464318
1683	0.5185156	0.567554558	0.469476642
1684	0.518553	0.567619619	0.469486381
1685	0.5185416	0.567589016	0.469494184
1686	0.518566	0.567597948	0.469534052
1687	0.5186508	0.567679305	0.469622295
1688	0.5187034	0.567725078	0.469681722
1689	0.518713	0.567706079	0.469719921
1690	0.5186832	0.567658597	0.469707803
1691	0.5186112	0.567598732	0.469623668
1692	0.518604	0.56763161	0.46957639
1693	0.51866	0.567746949	0.469573051
1694	0.5187116	0.567869505	0.469553695
1695	0.518759	0.568003714	0.469514286
1696	0.518813	0.568023103	0.469602897
1697	0.5188732	0.56796134	0.46978506
1698	0.5188802	0.567972955	0.469787445
1699	0.5188546	0.568026989	0.469682211
1700	0.518729	0.567944517	0.469513483
1701	0.5185464	0.567788387	0.469304413
1702	0.5186502	0.567883132	0.469417268
1703	0.5188942	0.568098464	0.469689936
1704	0.5188776	0.568066405	0.469688795
1705	0.518739	0.567912967	0.469565033
1706	0.5186972	0.567893171	0.469501229
1707	0.5187206	0.567957368	0.469483832
1708	0.5188874	0.568095896	0.469678904
1709	0.5190474	0.568202125	0.469892675
1710	0.5189466	0.568091239	0.469801961
1711	0.5188226	0.567974598	0.469670602
1712	0.5188478	0.56801438	0.46968122
1713	0.5188774	0.568045852	0.469708948
1714	0.518749	0.567891795	0.469606205
1715	0.5186236	0.56775856	0.46948864
1716	0.5186902	0.567884589	0.469495811
1717	0.518773	0.568022523	0.469523477
1718	0.518915	0.568242344	0.469587656
1719	0.5190348	0.568450907	0.469618693
1720	0.5188962	0.568285327	0.469507073
1721	0.5187516	0.568091045	0.469412155
1722	0.5185604	0.567778969	0.469341831
1723	0.518411	0.56755428	0.46926772
1724	0.5184976	0.567743598	0.469251602
1725	0.5185464	0.567846858	0.469245942
1726	0.5184852	0.567687988	0.469282412
1727	0.5184686	0.567626403	0.469310797
1728	0.5185648	0.567837845	0.469291755
1729	0.5186486	0.567971112	0.469326088
1730	0.518696	0.567919885	0.469472115
1731	0.5186362	0.567814693	0.469457707
1732	0.518373	0.567594653	0.469151347
1733	0.5181958	0.567460233	0.468931367
1734	0.5181482	0.567472973	0.468823427
1735	0.5181794	0.567506706	0.468852094
1736	0.5183208	0.567570732	0.469070868
1737	0.5183808	0.567633345	0.469128255
1738	0.5183504	0.567655808	0.469044992
1739	0.5183152	0.567595493	0.469034907
1740	0.5182706	0.567488989	0.469052211
1741	0.5182302	0.56742287	0.46903753
1742	0.5182334	0.567437383	0.469029417
1743	0.5182222	0.567543657	0.468900743
1744	0.518194	0.567657204	0.468730796
1745	0.518168	0.567579752	0.468756248
1746	0.51812	0.567414431	0.468825569
1747	0.5180548	0.567328095	0.468781505
1748	0.5179522	0.567251019	0.468653381
1749	0.5181262	0.567405308	0.468847092
1750	0.518419	0.567634624	0.469203376
1751	0.5184428	0.567687354	0.469198246
1752	0.5184188	0.567738158	0.469099442
1753	0.518286	0.567630617	0.468941383
1754	0.5181082	0.567452237	0.468764163
1755	0.5180288	0.567433627	0.468623973
1756	0.5179698	0.567459797	0.468479803
1757	0.517906	0.567319412	0.468492588
1758	0.5178774	0.567195788	0.468559012
1759	0.5178568	0.56713675	0.46857685
1760	0.517791	0.567012173	0.468569827
1761	0.517636	0.56693033	0.46834167
1762	0.5174672	0.566822756	0.468111644
1763	0.517414	0.566750804	0.468077196
1764	0.5174098	0.566761779	0.468057821
1765	0.5174762	0.566877039	0.468075361
1766	0.5175352	0.566932503	0.468137897
1767	0.5176624	0.566966368	0.468358432
1768	0.5177312	0.567009464	0.468452936
1769	0.5175986	0.566928021	0.468269179
1770	0.517574	0.566940334	0.468207666
1771	0.517759	0.567205561	0.468312439
1772	0.5178582	0.567435888	0.468280512
1773	0.5178498	0.567511335	0.468188265
1774	0.517845	0.567418221	0.468271779
1775	0.517771	0.56716029	0.46838171
1776	0.5177734	0.567043536	0.468503264
1777	0.5179682	0.567202464	0.468733936
1778	0.5182134	0.567496945	0.468929855
1779	0.5184014	0.567721006	0.469081794
1780	0.5183074	0.56760348	0.46901132
1781	0.5181552	0.567437821	0.468872579
1782	0.5182504	0.567665752	0.468835048
1783	0.5183488	0.567938116	0.468759484
1784	0.518506	0.568098986	0.468913014
1785	0.5186808	0.568234632	0.469126968
1786	0.518722	0.568360385	0.469083615
1787	0.5188094	0.568568548	0.469050252
1788	0.5188698	0.568586551	0.469153049
1789	0.5189258	0.568554221	0.469297379
1790	0.5189324	0.568365297	0.469499503
1791	0.5188624	0.568102674	0.469622126
1792	0.5186974	0.567914856	0.469479944
1793	0.5185972	0.567890482	0.469303918
1794	0.5190798	0.568695007	0.469464593
1795	0.5195406	0.569364449	0.469716751
1796	0.5193084	0.569148393	0.469468407
1797	0.5190308	0.568878878	0.469182722
1798	0.5191452	0.569143611	0.469146789
1799	0.519229	0.56944877	0.46900923
1800	0.5187594	0.569063722	0.468455078
1801	0.5279754	0.591720775	0.464230025
1802	0.523755	0.58858761	0.45892239
1803	0.527299	0.595082345	0.459515655
1804	0.5319488	0.602580612	0.461316988
1805	0.5282686	0.597866737	0.458670463
1806	0.518523	0.585852618	0.451193382
1807	0.514249	0.581285739	0.447212261
1808	0.515748	0.587248623	0.444247377
1809	0.5087228	0.584652512	0.432793088
1810	0.5045112	0.584117434	0.424904966
1811	0.5077806	0.590504415	0.425056785
1812	0.5099426	0.592716975	0.427168225
1813	0.5096422	0.592574209	0.426710191
1814	0.5143682	0.597704228	0.431032172
1815	0.526795	0.610730195	0.442859805
1816	0.548672	0.638219597	0.459124403
1817	0.5711796	0.667569096	0.474790104
1818	0.5587004	0.649991493	0.467409307
1819	0.5477816	0.638667268	0.456895932
1820	0.5428732	0.63171	0.4540364
1821	0.5435752	0.625251226	0.461899174
1822	0.5594078	0.646538658	0.472276942
1823	0.5987856	0.721596374	0.475974826
1824	0.6133816	0.772497941	0.454265259
1825	0.593255	0.769176245	0.417333755
1826	0.6063978	0.790098629	0.422696971
1827	0.6294858	0.787849935	0.471121665
1828	0.6068978	0.769379335	0.444416265
1829	0.5770534	0.784163305	0.369943495
1830	0.5635086	0.839120408	0.287896792
1831	0.5697054	0.897066536	0.242344264
1832	0.6307358	1.04364571	0.21782589
1833	0.8386016	1.491886375	0.185316825
1834	0.764446	1.419165411	0.109726589
1835	0.7878322	1.53093856	0.04472584
1836	1.6634186	3.148124945	0.178712255
1837	10.1202972	19.96194059	0.278653815
1838	0	0	0
1839	5.9881706	11.72789064	0.248450556
1840	1.433547	2.602882114	0.264211886
1841	0.88413	1.562784758	0.205475242
1842	1.4313448	2.616492018	0.246197582
1843	5.1847594	8.71306167	1.65645713
1844	6.0295322	10.07006079	1.989003607
1845	8.2987688	13.82001175	2.777525847
1846	6.0512962	12.33406042	-0.231468016
1847	3.1802446	6.715775327	-0.355286127
1848	2.6940248	5.250610655	0.137438945
1849	2.9184556	5.269110014	0.567801186
1850	2.4297132	4.429779663	0.429646737
1851	1.5788156	2.902890564	0.254740636
1852	0.839504	1.566925959	0.112082041
1853	0.6660422	1.311162029	0.020922371
1854	0.83417	1.637060734	0.031279266
1855	0.9973162	1.920866501	0.073765899
1856	1.0453602	2.011430046	0.079290354
1857	1.072715	2.123154829	0.022275171
1858	1.2949778	2.560164826	0.029790774
1859	1.8955586	3.630848538	0.160268662
1860	3.1389206	5.637275375	0.640565825
1861	2.8890164	4.558837074	1.219195726
1862	3.0751114	4.20098357	1.94923923
1863	2.262897	2.991544276	1.534249724
1864	1.7107472	2.229700658	1.191793742
1865	1.6169784	2.007560601	1.226396199
1866	1.531835	1.971569898	1.092100102
1867	1.5606712	2.100409334	1.020933066
1868	2.4138196	3.173439713	1.654199487
1869	7.8711428	9.655531744	6.086753856
1870	21.6698798	28.5937211	14.7460385
1871	23.4625632	33.78829376	13.13683264
1872	7.173057	11.51149098	2.834623022
1873	2.5876828	4.681288764	0.494076836
1874	0.969294	1.923314855	0.015273145
1875	0.5984132	1.410559317	-0.213732917
1876	0.680896	1.613171033	-0.251379033
1877	0.8763958	1.943020877	-0.190229277
1878	0.8148214	1.564696773	0.064946027
1879	0.6932792	1.142393902	0.244164498
1880	0.6916696	1.086691296	0.296647904
1881	0.668217	1.073077107	0.263356893
1882	0.6194632	1.00035047	0.23857593
1883	0.597086	0.928854653	0.265317347
1884	0.5941122	0.912324462	0.275899938
1885	0.6833334	1.001682751	0.364984049
1886	0.8314836	1.160499615	0.502467585
1887	0.7764402	1.045524542	0.507355858
1888	0.6340888	0.901641014	0.366536586
1889	0.589634	0.878665566	0.300602434
1890	0.5588278	0.836932992	0.280722608
1891	0.5250622	0.803704249	0.246420151
1892	0.5821376	0.865810927	0.298464273
1893	0.6152464	0.897546405	0.332946395
1894	0.6079224	0.884439256	0.331405544
1895	0.622631	0.93167713	0.31358487
1896	0.6687878	0.979307666	0.358267934
1897	0.6511034	0.964318613	0.337888187
1898	0.755995	1.188727506	0.323262494
1899	1.0911274	1.784292618	0.397962182
1900	1.2336834	2.151557785	0.315809015
1901	0.6635378	1.087171027	0.239904573
1902	0.4703352	0.721228455	0.219441945
1903	0.5174082	0.832537306	0.202279094
1904	0.5945976	1.065068951	0.124126249
1905	0.7668284	1.317614268	0.216042532
1906	1.190575	1.938051158	0.443098842
1907	0.9838514	1.631717751	0.335985049
1908	0.5903008	1.073301764	0.107299836
1909	0.4601234	0.860386224	0.059860576
1910	0.4638208	0.803032666	0.124608934
1911	0.474342	0.773011045	0.175672955
1912	0.405703	0.628980589	0.182425411
1913	0.3644806	0.555684375	0.173276825
1914	0.347078	0.507324745	0.186831255
1915	0.3389626	0.482340488	0.195584712
1916	0.3517506	0.475506432	0.227994768
1917	0.3765146	0.501116906	0.251912294
1918	0.3935866	0.511733273	0.275439927
1919	0.4125292	0.505073183	0.319985217
1920	0.4316806	0.514934259	0.348426941
1921	0.4343004	0.539662565	0.328938235
1922	0.4372452	0.564729162	0.309761238
1923	0.4273396	0.556472298	0.298206902
1924	0.4164288	0.544853325	0.288004275
1925	0.403429	0.511170474	0.295687526
1926	0.3960044	0.481314789	0.310694011
1927	0.4031758	0.474257919	0.332093681
1928	0.4196466	0.490333984	0.348959216
1929	0.427146	0.495167314	0.359124686
1930	0.4176588	0.475974798	0.359342802
1931	0.4112676	0.466870331	0.355664869
1932	0.4205134	0.467314779	0.373712021
1933	0.4282958	0.469735153	0.386856447
1934	0.423491	0.471307115	0.375674885
1935	0.4166942	0.470968481	0.362419919
1936	0.416385	0.478259234	0.354510766
1937	0.4196366	0.491595961	0.347677239
1938	0.4215032	0.495713838	0.347292562
1939	0.4225728	0.489998665	0.355146935
1940	0.4239272	0.486436253	0.361418147
1941	0.427474	0.489044736	0.365903264
1942	0.431159	0.4922367	0.3700813
1943	0.4367026	0.494921699	0.378483501
1944	0.4416746	0.497312901	0.386036299
1945	0.4416874	0.496107501	0.387267299
1946	0.441015	0.494583806	0.387446194
1947	0.439834	0.494438515	0.385229485
1948	0.4382456	0.494967328	0.381523872
1949	0.4368196	0.493805676	0.379833524
1950	0.4359318	0.490412471	0.381451129
1951	0.4357544	0.488872949	0.382635851
1952	0.4383346	0.494653978	0.382015222
1953	0.4408216	0.500355262	0.381287938
1954	0.4444808	0.506470951	0.382490649
1955	0.4479686	0.512554437	0.383382763
1956	0.4482856	0.51108352	0.38548768
1957	0.4477352	0.50776741	0.38770299
1958	0.4482282	0.506207637	0.390248763
1959	0.4493902	0.505872059	0.392908341
1960	0.4497794	0.505585742	0.393973058
1961	0.449133	0.505401155	0.392864845
1962	0.4489464	0.50553049	0.39236231
1963	0.4505056	0.506576677	0.394434523
1964	0.4518488	0.50751222	0.39618538
1965	0.4520414	0.508685677	0.395397123
1966	0.4521536	0.509768851	0.394538349
1967	0.4515344	0.509616989	0.393451811
1968	0.4507614	0.509113929	0.392408871
1969	0.450819	0.508269567	0.393368433
1970	0.4514558	0.507106652	0.395804948
1971	0.4520462	0.506525423	0.397566977
1972	0.4528914	0.507233032	0.398549768
1973	0.4536822	0.507924821	0.399439579
1974	0.453873	0.508256027	0.399489973
1975	0.4540486	0.508564386	0.399532814
1976	0.4554616	0.510508402	0.400414798
1977	0.4569454	0.51257971	0.40131109
1978	0.457802	0.51367225	0.40193175
1979	0.4583988	0.514341426	0.402456174
1980	0.4588022	0.51461771	0.40298669
1981	0.4589702	0.514442768	0.403497632
1982	0.459575	0.515140707	0.404009293
1983	0.4608988	0.517378258	0.404419342
1984	0.4620874	0.519223889	0.404950911
1985	0.4630414	0.51948192	0.40660088
1986	0.463984	0.519755848	0.408212152
1987	0.4644242	0.519193331	0.409655069
1988	0.464856	0.518646249	0.411065751
1989	0.4646346	0.518455074	0.410814126
1990	0.464212	0.518354854	0.410069146
1991	0.464533	0.51923753	0.40982847
1992	0.4652826	0.520629588	0.409935612
1993	0.4657712	0.521331236	0.410211164
1994	0.4659988	0.5214285	0.4105691
1995	0.466536	0.52183805	0.41123395
1996	0.4682316	0.523097667	0.413365533
1997	0.470182	0.524599892	0.415764108
1998	0.4713796	0.525136469	0.417622731
1999	0.4726656	0.525547081	0.419784119
2000	0.4724438	0.525703709	0.419183891
2001	0.471945	0.526111865	0.417778135
2002	0.4719944	0.526647754	0.417341046
2003	0.4723112	0.527036912	0.417585488
2004	0.4735558	0.52893789	0.41817371
2005	0.4769092	0.533573587	0.420244813
2006	0.4804282	0.538157107	0.422699293
2007	0.482892	0.541519726	0.424264274
2008	0.485278	0.544636914	0.425919086
2009	0.4868656	0.5453372	0.428394
2010	0.4883606	0.545939125	0.430782075
2011	0.4875358	0.545414753	0.429656847
2012	0.486606	0.544762952	0.428449048
2013	0.4870454	0.545022297	0.429068503
2014	0.4876132	0.545520211	0.429706189
2015	0.4885214	0.546482305	0.430560495
2016	0.4892012	0.546770792	0.431631608
2017	0.4891162	0.546413387	0.431819013
2018	0.4883386	0.544875351	0.431801849
2019	0.4877154	0.543422215	0.432008585
2020	0.487766	0.543330647	0.432201353
2021	0.4879126	0.543446106	0.432379094
2022	0.4896212	0.544830032	0.434412368
2023	0.4912482	0.546231257	0.436265143
2024	0.4917448	0.548041516	0.435448084
2025	0.4919558	0.549881003	0.434030597
2026	0.4919426	0.550912187	0.432973013
2027	0.4915212	0.550814276	0.432228124
2028	0.4915374	0.55070863	0.43236617
2029	0.4927344	0.551345133	0.434123667
2030	0.4936838	0.552015937	0.435351663
2031	0.4943164	0.552490746	0.436142054
2032	0.4949972	0.55288294	0.43711146
2033	0.4957394	0.553368941	0.438109859
2034	0.4963978	0.553945044	0.438850556
2035	0.4966758	0.553947997	0.439403603
2036	0.496569	0.553365692	0.439772308
2037	0.4963576	0.552607243	0.440107957
2038	0.4963446	0.55191415	0.44077505
2039	0.4962692	0.551297155	0.441241245
2040	0.49664	0.551434485	0.441845515
2041	0.49714	0.552017447	0.442262553
2042	0.4974936	0.553087939	0.441899261
2043	0.498012	0.554288154	0.441735846
2044	0.4986708	0.555308593	0.442033007
2045	0.4993354	0.556322239	0.442348561
2046	0.4998612	0.55695397	0.44276843
2047	0.5003416	0.557498366	0.443184834
2048	0.5005362	0.557267328	0.443805072
2049	0.5011248	0.557529261	0.444720339
2050	0.5007368	0.557284361	0.444189239
2051	0.4994832	0.556038336	0.442928064
2052	0.4987926	0.555061564	0.442523636
2053	0.4989482	0.554668013	0.443228387
2054	0.4993814	0.554778468	0.443984332
2055	0.5001264	0.55623552	0.44401728
2056	0.5009192	0.557648589	0.444189811
2057	0.5009736	0.557591511	0.444355689
2058	0.5007882	0.557212173	0.444364227
2059	0.5010986	0.557219533	0.444977667
2060	0.5019324	0.557815056	0.446049744
2061	0.5026528	0.558571248	0.446734352
2062	0.5028776	0.558704382	0.447050818
2063	0.5031748	0.559022909	0.447326691
2064	0.5033842	0.559353499	0.447414901
2065	0.5038398	0.559938612	0.447740988
2066	0.5043786	0.560605101	0.448152099
2067	0.5045992	0.561014825	0.448183575
2068	0.5050732	0.561956811	0.448189589
2069	0.5055424	0.562786438	0.448298362
2070	0.5055446	0.562761033	0.448328167
2071	0.505424	0.562537601	0.448310399
2072	0.5053652	0.561791226	0.448939174
2073	0.50543	0.561048302	0.449811698
2074	0.5053368	0.560822998	0.449850602
2075	0.5049214	0.560595383	0.449247417
2076	0.5047068	0.561077391	0.448336209
2077	0.5048862	0.562287116	0.447485284
2078	0.5055848	0.563569401	0.447600199
2079	0.5064112	0.564336793	0.448485607
2080	0.5069516	0.564842339	0.449060861
2081	0.5074788	0.56501106	0.44994654
2082	0.5080054	0.565159058	0.450851742
2083	0.508624	0.565737609	0.451510391
2084	0.5091788	0.566191737	0.452165863
2085	0.50934	0.565533792	0.453146208
2086	0.5094552	0.564753728	0.454156672
2087	0.5096992	0.564537562	0.454860838
2088	0.5098872	0.564375339	0.455399061
2089	0.510006	0.56443524	0.45557676
2090	0.5101204	0.564601942	0.455638858
2091	0.5103744	0.565209017	0.455539783
2092	0.5106458	0.565879049	0.455412551
2093	0.5107902	0.566398192	0.455182208
2094	0.5111316	0.567213263	0.455049937
2095	0.5113034	0.567432058	0.455174742
2096	0.5113524	0.56704518	0.45565962
2097	0.511722	0.56715784	0.45628616
2098	0.5123324	0.567584565	0.457080235
2099	0.5126666	0.567629235	0.457703965
2100	0.5125276	0.567307813	0.457747387
2101	0.5125362	0.567260629	0.457811771
2102	0.512869	0.567821045	0.457916955
2103	0.5130622	0.568187535	0.457936865
2104	0.5132516	0.56832761	0.45817559
2105	0.5136462	0.568752369	0.458540031
2106	0.5140122	0.569438036	0.458586364
2107	0.5141362	0.569891893	0.458380507
2108	0.5141152	0.570148512	0.458081888
2109	0.5139082	0.570006772	0.457809628
2110	0.5138184	0.569832174	0.457804626
2111	0.514767	0.570708595	0.458825405
2112	0.5157508	0.571697055	0.459804545
2113	0.515935	0.571953298	0.459916702
2114	0.5159382	0.572035282	0.459841118
2115	0.5159764	0.572411363	0.459541437
2116	0.5159412	0.57280596	0.45907644
2117	0.5166992	0.57349348	0.45990492
2118	0.5174378	0.57402557	0.46085003
2119	0.5179434	0.574848576	0.461038224
2120	0.5185288	0.575936318	0.461121282
2121	0.5189684	0.576688788	0.461248012
2122	0.5194664	0.577288472	0.461644328
2123	0.5198254	0.577557665	0.462093135
2124	0.5195522	0.57682721	0.46227719
2125	0.5192838	0.576185926	0.462381674
2126	0.5197972	0.576893897	0.462700503
2127	0.5206718	0.578124589	0.463219011
2128	0.5220774	0.579638376	0.464516424
2129	0.5232836	0.580699266	0.465867934
2130	0.5227994	0.579939602	0.465659198
2131	0.5219344	0.579023549	0.464845251
2132	0.5215378	0.578700881	0.464374719
2133	0.5213576	0.578293833	0.464421367
2134	0.5215162	0.578079292	0.464953108
2135	0.5217922	0.578043064	0.465541336
2136	0.5219258	0.578192658	0.465658942
2137	0.521678	0.578244047	0.465111953
2138	0.5217918	0.578453794	0.465129806
2139	0.5226066	0.579523863	0.465689337
2140	0.52329	0.580509098	0.466070902
2141	0.5238976	0.581016263	0.466778937
2142	0.524312	0.581249268	0.467374732
2143	0.5236428	0.580548806	0.466736794
2144	0.5228822	0.579881729	0.465882671
2145	0.5230988	0.580413966	0.465783634
2146	0.523477	0.581047221	0.465906779
2147	0.523193	0.580451625	0.465934375
2148	0.5226856	0.57969178	0.46567942
2149	0.5216534	0.578291851	0.465014949
2150	0.5204244	0.576512878	0.464335922
2151	0.5195096	0.575320956	0.463698244
2152	0.5192732	0.574901955	0.463644445
2153	0.5191116	0.57451813	0.46370507
2154	0.5190624	0.574768476	0.463356324
2155	0.5191672	0.575202162	0.463132238
2156	0.519065	0.575054444	0.463075556
2157	0.5186358	0.574518621	0.462752979
2158	0.517931	0.573657033	0.462204967
2159	0.5175018	0.573080019	0.461923581
2160	0.5176798	0.573113216	0.462246384
2161	0.5177876	0.573116798	0.462458402
2162	0.5174544	0.57307613	0.46183267
2163	0.5169752	0.572984767	0.460965633
2164	0.5159624	0.572291106	0.459633694
2165	0.514784	0.571289422	0.458278578
2166	0.513351	0.569619185	0.457082815
2167	0.5118704	0.567938451	0.455802349
2168	0.5105362	0.566137078	0.454935322
2169	0.5096768	0.564605617	0.454747983
2170	0.509469	0.563986182	0.454951818
2171	0.5098212	0.564295073	0.455347327
2172	0.5098766	0.564314497	0.455438703
2173	0.5097622	0.56409285	0.45543155
2174	0.5096016	0.563877639	0.455325561
2175	0.5091188	0.563295339	0.454942261
2176	0.5085178	0.56254839	0.45448721
2177	0.5071892	0.561382064	0.452996336
2178	0.5055828	0.560164312	0.451001288
2179	0.5043646	0.559472531	0.449256669
2180	0.503238	0.558739042	0.447736958
2181	0.5028468	0.557608691	0.448084909
2182	0.502989	0.556934407	0.449043593
2183	0.5026492	0.55592306	0.44937534
2184	0.501732	0.554057592	0.449406408
2185	0.5007468	0.552728414	0.448765186
2186	0.499988	0.552230908	0.447745092
2187	0.499412	0.551861965	0.446962035
2188	0.498858	0.551549015	0.446166985
2189	0.4979894	0.550828362	0.445150438
2190	0.4971572	0.549823114	0.444491286
2191	0.4965866	0.549117064	0.444056136
2192	0.4960128	0.548367496	0.443658104
2193	0.4951936	0.547334364	0.443052836
2194	0.4936672	0.545609856	0.441724544
2195	0.4919484	0.543663	0.4402338
2196	0.4905732	0.542235143	0.438911257
2197	0.4895826	0.541512834	0.437652366
2198	0.4891398	0.541431258	0.436848342
2199	0.4885288	0.541055769	0.436001831
2200	0.4878962	0.540370562	0.435421838
2201	0.4876556	0.539676648	0.435634552
2202	0.4868868	0.538478901	0.435294699
2203	0.4858002	0.53724148	0.43435892
2204	0.4847684	0.536452417	0.433084383
2205	0.4836106	0.535834888	0.431386312
2206	0.482849	0.535298143	0.430399857
2207	0.4824748	0.534532508	0.430417092
2208	0.4825438	0.534285749	0.430801851
2209	0.4833894	0.535059355	0.431719445
2210	0.483854	0.53531106	0.43239694
2211	0.4833448	0.534663873	0.432025727
2212	0.482799	0.534163339	0.431434661
2213	0.4826004	0.533887767	0.431313033
2214	0.4825894	0.533622657	0.431556143
2215	0.4828442	0.533811892	0.431876508
2216	0.4829768	0.534116877	0.431836723
2217	0.4830528	0.534735071	0.431370529
2218	0.4835478	0.535660414	0.431435186
2219	0.4844624	0.536163165	0.432761635
2220	0.4851494	0.536124666	0.434174134
2221	0.4854062	0.536345089	0.434467311
2222	0.4858124	0.537209774	0.434415026
2223	0.4868568	0.538468668	0.435244932
2224	0.4878216	0.539249323	0.436393877
2225	0.4883718	0.539540277	0.437203323
2226	0.4882612	0.539543574	0.436978826
2227	0.4881314	0.539661693	0.436601107
2228	0.4887892	0.540830696	0.436747704
2229	0.4893906	0.541878212	0.436902988
2230	0.4891996	0.541669162	0.436730038
2231	0.4889072	0.541264152	0.436550248
2232	0.4889554	0.541156322	0.436754478
2233	0.4891424	0.541203368	0.437081432
2234	0.4895386	0.541191131	0.437886069
2235	0.4900258	0.541162249	0.438889351
2236	0.4903268	0.54144624	0.43920736
2237	0.490242	0.541631105	0.438852895
2238	0.489523	0.541064074	0.437981926
2239	0.4890056	0.540695598	0.437315602
2240	0.4883952	0.540050943	0.436739457
2241	0.4875952	0.538973314	0.436217086
2242	0.4876592	0.538849039	0.436469361
2243	0.4881784	0.539213367	0.437143433
2244	0.488304	0.539091733	0.437516267
2245	0.488318	0.538972042	0.437663958
2246	0.4886556	0.539506531	0.437804669
2247	0.489381	0.540634337	0.438127663
2248	0.4900686	0.541537	0.4386002
2249	0.4907058	0.542611884	0.438799716
2250	0.4911076	0.543408707	0.438806493
2251	0.4908588	0.542872686	0.438844914
2252	0.49056	0.542321291	0.438798709
2253	0.490246	0.54212932	0.43836268
2254	0.4899796	0.542009537	0.437949663
2255	0.4899288	0.541994367	0.437863233
2256	0.4898344	0.541850171	0.437818629
2257	0.4896728	0.541381789	0.437963811
2258	0.4897168	0.541244531	0.438189069
2259	0.4900762	0.542156463	0.437995937
2260	0.4905232	0.543253972	0.437792428
2261	0.4907616	0.543678405	0.437844795
2262	0.4908748	0.543749075	0.438000525
2263	0.4912258	0.544028297	0.438423303
2264	0.4912804	0.544283581	0.438277219
2265	0.4914144	0.54433024	0.43849856
2266	0.4914156	0.543821294	0.439009906
2267	0.490869	0.54288049	0.43885751
2268	0.4898552	0.541566783	0.438143617
2269	0.4887664	0.540067071	0.437465729
2270	0.488209	0.539098768	0.437319232
2271	0.487969	0.538802958	0.437135042
2272	0.4886568	0.540161803	0.437151797
2273	0.4891506	0.541238619	0.437062581
2274	0.4887624	0.540443985	0.437080815
2275	0.488328	0.539482762	0.437173238
2276	0.4876006	0.538935417	0.436265783
2277	0.486893	0.538555244	0.435230756
2278	0.4865242	0.538310456	0.434737944
2279	0.4860354	0.537929154	0.434141646
2280	0.485558	0.537371203	0.433744797
2281	0.4853734	0.537061057	0.433685743
2282	0.4846224	0.536322305	0.432922495
2283	0.4835734	0.535232099	0.431914701
2284	0.4835486	0.535565251	0.431531949
2285	0.4834624	0.535675531	0.431249269
2286	0.4821894	0.53409305	0.43028575
2287	0.4808472	0.532499706	0.429194694
2288	0.4798128	0.531502647	0.428122953
2289	0.478854	0.530542858	0.427165142
2290	0.4780776	0.529165222	0.426989978
2291	0.4777994	0.528196993	0.427401807
2292	0.4779296	0.528351788	0.427507412
2293	0.478505	0.529945113	0.427064887
2294	0.4789384	0.531209889	0.426666911
2295	0.4790106	0.531539365	0.426481835
2296	0.4792452	0.531593476	0.426896924
2297	0.4787038	0.529985771	0.427421829
2298	0.4779684	0.528536116	0.427400684
2299	0.4779958	0.52907449	0.42691711
2300	0.478044	0.529820059	0.426267941
2301	0.477606	0.529398727	0.425813273
2302	0.4770818	0.528705157	0.425458443
2303	0.4762552	0.52772024	0.42479016
2304	0.475373	0.526645257	0.424100743
2305	0.4746908	0.525887102	0.423494498
2306	0.4740682	0.525418709	0.422717691
2307	0.4740202	0.525751653	0.422288747
2308	0.4742562	0.526219031	0.422293369
2309	0.4746334	0.52629173	0.42297507
2310	0.4752082	0.526787662	0.423628738
2311	0.4750916	0.526289659	0.423893541
2312	0.4742168	0.524750195	0.423683405
2313	0.4731476	0.522654169	0.423641031
2314	0.4717242	0.520089605	0.423358795
2315	0.4708078	0.519388189	0.422227411
2316	0.4708264	0.520621576	0.421031224
2317	0.4709194	0.521484687	0.420354113
2318	0.4716368	0.522746674	0.420526926
2319	0.4718382	0.523069884	0.420606516
2320	0.470434	0.520569341	0.420298659
2321	0.4690576	0.518140581	0.419974619
2322	0.4678596	0.516573005	0.419146195
2323	0.467284	0.516153247	0.418414753
2324	0.4679532	0.517199252	0.418707148
2325	0.4682806	0.517642496	0.418918704
2326	0.4681022	0.518372889	0.417831511
2327	0.4681072	0.519525403	0.416688997
2328	0.4680264	0.519659406	0.416393394
2329	0.4678662	0.519425752	0.416306648
2330	0.4680026	0.518893603	0.417111597
2331	0.4681858	0.518419274	0.417952326
2332	0.4680858	0.518314053	0.417857547
2333	0.4680218	0.518562707	0.417480893
2334	0.4686938	0.520407205	0.416980395
2335	0.4695478	0.522505569	0.416590031
2336	0.4701708	0.523636662	0.416704938
2337	0.470572	0.524516053	0.416627947
2338	0.469771	0.523484015	0.416057985
2339	0.4688812	0.522174049	0.415588351
2340	0.4688908	0.5222813	0.4155003
2341	0.4695854	0.523147799	0.416023001
2342	0.470716	0.524137681	0.417294319
2343	0.4711882	0.524513368	0.417863032
2344	0.4706026	0.523312893	0.417892307
2345	0.4695368	0.521122374	0.417951226
2346	0.468725	0.520428379	0.417021621
2347	0.468689	0.521137774	0.416240226
2348	0.4689752	0.52127387	0.41667653
2349	0.4685898	0.520689672	0.416489928
2350	0.4675454	0.52015302	0.41493778
2351	0.4660196	0.519408973	0.412630227
2352	0.4648494	0.518652183	0.411046617
2353	0.4648196	0.519392888	0.410246312
2354	0.4653396	0.520543689	0.410135511
2355	0.4668702	0.521719728	0.412020672
2356	0.4679224	0.522262156	0.413582644
2357	0.4678772	0.521397657	0.414356743
2358	0.4673198	0.520178238	0.414461362
2359	0.464311	0.516772088	0.411849912
2360	0.4620716	0.514396673	0.409746527
2361	0.4623998	0.514862086	0.409937514
2362	0.4629876	0.515664789	0.410310411
2363	0.4638154	0.51660738	0.41102342
2364	0.4647312	0.51737011	0.41209229
2365	0.4663676	0.518211063	0.414524137
2366	0.4676096	0.519065202	0.416153998
2367	0.466961	0.519775054	0.414146946
2368	0.4661558	0.520114242	0.412197358
2369	0.464375	0.518089843	0.410660157
2370	0.4624656	0.516125324	0.408805876
2371	0.4625226	0.515568964	0.409476236
2372	0.4629252	0.515302317	0.410548083
2373	0.4624896	0.515897134	0.409082066
2374	0.461484	0.515916532	0.407051468
2375	0.4607504	0.51507017	0.40643063
2376	0.4604622	0.514649572	0.406274828
2377	0.460351	0.514081043	0.406620957
2378	0.4594628	0.512243037	0.406682563
2379	0.458726	0.510866366	0.406585634
2380	0.4586086	0.509930058	0.407287142
2381	0.4587278	0.508709264	0.408746336
2382	0.4589684	0.508481012	0.409455788
2383	0.4598466	0.510229465	0.409463735
2384	0.4606568	0.512749826	0.408563774
2385	0.4602472	0.512967984	0.407526416
2386	0.4602046	0.512987963	0.407421237
2387	0.4596334	0.513328699	0.405938101
2388	0.45876	0.512714217	0.404805783
2389	0.4591344	0.512093183	0.406175617
2390	0.4595944	0.511296731	0.407892069
2391	0.4597572	0.510887392	0.408627008
2392	0.459023	0.509624088	0.408421912
2393	0.45786	0.508109138	0.407610862
2394	0.4568718	0.507952272	0.405791328
2395	0.4552832	0.507751443	0.402814957
2396	0.4540372	0.507404565	0.400669835
2397	0.453324	0.507272214	0.399375786
2398	0.4524312	0.50586186	0.39900054
2399	0.4519994	0.504297844	0.399700956
2400	0.4535808	0.50452329	0.40263831
2401	0.4547184	0.504623669	0.404813131
2402	0.4556554	0.504664845	0.406645955
2403	0.457025	0.50526941	0.40878059
2404	0.4564784	0.504988485	0.407968315
2405	0.4553708	0.504606215	0.406135385
2406	0.45345	0.504028486	0.402871514
2407	0.4514116	0.503342172	0.399481028
2408	0.4498844	0.501451563	0.398317237
2409	0.4490918	0.500032789	0.398150811
2410	0.452322	0.502972838	0.401671162
2411	0.455697	0.505678976	0.405715024
2412	0.4551298	0.504608553	0.405651047
2413	0.4538646	0.503682893	0.404046307
2414	0.451026	0.500995907	0.401056093
2415	0.4477986	0.498068861	0.397528339
2416	0.4468542	0.496457999	0.397250401
2417	0.4461828	0.494497121	0.397868479
2418	0.4470304	0.49624708	0.39781372
2419	0.4490858	0.500432847	0.397738753
2420	0.447182	0.501997236	0.392366764
2421	0.4444152	0.501906388	0.386924012
2422	0.444061	0.498811398	0.389310602
2423	0.4438422	0.495800504	0.391883896
2424	0.445487	0.496110374	0.394863626
2425	0.4474942	0.497149824	0.397838576
2426	0.445418	0.494651566	0.396184434
2427	0.4420272	0.490805456	0.393248944
2428	0.4396126	0.489208109	0.390017091
2429	0.4365938	0.487353959	0.385833641
2430	0.4374904	0.487839534	0.387141266
2431	0.4408746	0.490020488	0.391728712
2432	0.4431248	0.491096759	0.395152841
2433	0.4453516	0.493876494	0.396826706
2434	0.4451114	0.497995408	0.392227392
2435	0.4435484	0.500668182	0.386428618
2436	0.4443706	0.503855171	0.384886029
2437	0.4446784	0.505299123	0.384057677
2438	0.4428244	0.502416459	0.383232341
2439	0.4413826	0.49941475	0.38335045
2440	0.4392402	0.495033703	0.383446697
2441	0.4369662	0.489770069	0.384162331
2442	0.437488	0.487612767	0.387363233
2443	0.4389594	0.488110733	0.389808067
2444	0.4382418	0.488435879	0.388047721
2445	0.4355716	0.485620583	0.385522617
2446	0.4340848	0.483194733	0.384974867
2447	0.437169	0.488967749	0.385370251
2448	0.4392708	0.496570742	0.381970858
2449	0.4362624	0.50137981	0.37114499
2450	0.4340672	0.504430843	0.363703557
2451	0.4319664	0.498551165	0.365381635
2452	0.4300832	0.49084582	0.36932058
2453	0.4293196	0.480836309	0.377802891
2454	0.42868	0.473298538	0.384061462
2455	0.431458	0.476735864	0.386180136
2456	0.4333838	0.480002267	0.386765333
2457	0.4340932	0.484446699	0.383739701
2458	0.4342388	0.487514458	0.380963142
2459	0.4298456	0.48160889	0.37808231
2460	0.4263128	0.477638582	0.374987018
2461	0.425897	0.479956788	0.371837212
2462	0.427728	0.483633452	0.371822548
2463	0.4321526	0.484404752	0.379900448
2464	0.4365386	0.487049489	0.386027711
2465	0.4363954	0.492980117	0.379810683
2466	0.4317242	0.492264579	0.371183821
2467	0.4221188	0.479851635	0.364385965
2468	0.4139998	0.468904075	0.359095525
2469	0.4168828	0.467774611	0.365990989
2470	0.4198822	0.469251906	0.370512494
2471	0.4197898	0.469327842	0.370251758
2472	0.421505	0.472979775	0.370030225
2473	0.4265414	0.479874918	0.373207882
2474	0.4300634	0.485000148	0.375126652
2475	0.4267252	0.479937582	0.373512818
2476	0.4237654	0.476182481	0.371348319
2477	0.4206266	0.478691505	0.362561695
2478	0.4161008	0.481613978	0.350587622
2479	0.4162714	0.487574288	0.344968512
2480	0.4205836	0.496946991	0.344220209
2481	0.4279372	0.519190793	0.336683607
2482	0.4384924	0.55428441	0.32270039
2483	0.4462536	0.588302279	0.304204921
2484	0.4410338	0.607984552	0.274083048
2485	0.4182662	0.592772381	0.243760019
2486	0.400984	0.578633091	0.223334909
2487	0.3903206	0.538006273	0.242634927
2488	0.3733788	0.491152962	0.255604638
2489	0.3648422	0.485807746	0.243876654
2490	0.3559854	0.481057446	0.230913354
2491	0.3445154	0.434431087	0.254599713
2492	0.343931	0.408114857	0.279747143
2493	0.361218	0.446392235	0.276043765
2494	0.3817208	0.494609426	0.268832174
2495	0.3906168	0.516753713	0.264479887
2496	0.386311	0.522193657	0.250428343
2497	0.3896584	0.513436604	0.265880196
2498	0.3983576	0.516476017	0.280239183
2499	0.3860682	0.504753727	0.267382673
2500	0.3697016	0.484852553	0.254550647
