Wavelength	Mean	Std+	Std-
350	0.124348225	0.135279192	0.113417258
351	0.12484565	0.135765558	0.113925742
352	0.125322425	0.136325344	0.114319506
353	0.126011475	0.137039535	0.114983415
354	0.12659735	0.137703357	0.115491343
355	0.1270729	0.138300204	0.115845596
356	0.1276554	0.138771099	0.116539701
357	0.128193425	0.139315172	0.117071678
358	0.12872595	0.139913265	0.117538635
359	0.12934195	0.140566535	0.118117365
360	0.1300487	0.141302374	0.118795026
361	0.13073075	0.142004212	0.119457288
362	0.131320925	0.142600741	0.120041109
363	0.13188515	0.143290253	0.120480047
364	0.13248665	0.143915457	0.121057843
365	0.133130125	0.144466921	0.121793329
366	0.133871825	0.145305906	0.122437744
367	0.13452945	0.146033233	0.123025667
368	0.135161525	0.146710773	0.123612277
369	0.1358958	0.147456277	0.124335323
370	0.13665215	0.148266723	0.125037577
371	0.13739405	0.149029595	0.125758505
372	0.1380796	0.14963421	0.12652499
373	0.139007725	0.150597503	0.127417947
374	0.139979875	0.151623266	0.128336484
375	0.140966875	0.152667931	0.129265819
376	0.141847075	0.153561067	0.130133083
377	0.142801025	0.15452938	0.13107267
378	0.143783575	0.155520874	0.132046276
379	0.144581475	0.156290615	0.132872335
380	0.14543075	0.157107398	0.133754102
381	0.146406425	0.158070255	0.134742595
382	0.1476239	0.159324301	0.135923499
383	0.14849665	0.160294235	0.136699065
384	0.149490825	0.161335147	0.137646503
385	0.150703125	0.162519746	0.138886504
386	0.151782225	0.163609938	0.139954512
387	0.152899375	0.164710019	0.141088731
388	0.1539976	0.165786967	0.142208233
389	0.1548854	0.166749132	0.143021668
390	0.155812275	0.167710123	0.143914427
391	0.156737925	0.168631277	0.144844573
392	0.1576531	0.169486535	0.145819665
393	0.158604025	0.170448158	0.146759892
394	0.1596121	0.171464023	0.147760177
395	0.160657	0.172499159	0.148814841
396	0.1617086	0.173570881	0.149846319
397	0.1627277	0.174617829	0.150837571
398	0.1636908	0.175609846	0.151771754
399	0.16453345	0.176458202	0.152608698
400	0.165285425	0.177183805	0.153387045
401	0.165986075	0.177856615	0.154115535
402	0.1667114	0.178578712	0.154844088
403	0.16745435	0.179359399	0.155549301
404	0.1682016	0.180128859	0.156274341
405	0.16896945	0.18088818	0.15705072
406	0.169815825	0.18173931	0.15789234
407	0.170632125	0.182564221	0.158700029
408	0.171422825	0.183361172	0.159484478
409	0.172225275	0.184132555	0.160317995
410	0.173028775	0.184951282	0.161106268
411	0.173829575	0.185776199	0.161882951
412	0.174646825	0.186586234	0.162707416
413	0.175461725	0.187427673	0.163495777
414	0.1762603	0.188240851	0.164279749
415	0.177050025	0.189016602	0.165083448
416	0.17790525	0.189838718	0.165971782
417	0.178759575	0.190683298	0.166835852
418	0.17960725	0.19154352	0.16767098
419	0.1804284	0.192389192	0.168467608
420	0.181302425	0.193264748	0.169340102
421	0.182203575	0.194157014	0.170250136
422	0.183117025	0.195064852	0.171169198
423	0.18404945	0.195980219	0.172118681
424	0.184974775	0.196894691	0.173054859
425	0.185890025	0.197814165	0.173965885
426	0.18680055	0.198720282	0.174880818
427	0.187754025	0.199674208	0.175833842
428	0.18875895	0.200682884	0.176835016
429	0.189831725	0.201726522	0.177936928
430	0.190931075	0.20279971	0.17906244
431	0.19204	0.203884503	0.180195497
432	0.193161025	0.204981919	0.181340131
433	0.1942694	0.206072227	0.182466573
434	0.195342375	0.20712219	0.18356256
435	0.196375025	0.208120175	0.184629875
436	0.1973864	0.209126305	0.185646495
437	0.198401375	0.210116591	0.186686159
438	0.1994295	0.211099869	0.187759131
439	0.20049195	0.21213811	0.18884579
440	0.20150725	0.213119887	0.189894613
441	0.202489975	0.214069928	0.190910022
442	0.20347605	0.215048013	0.191904087
443	0.20442945	0.215984593	0.192874307
444	0.20534715	0.216879735	0.193814565
445	0.206217375	0.217720899	0.194713851
446	0.207084575	0.218557387	0.195611763
447	0.207942725	0.219385818	0.196499632
448	0.2087922	0.220207598	0.197376802
449	0.209552125	0.220954349	0.198149901
450	0.210280025	0.221668912	0.198891138
451	0.210986825	0.222360243	0.199613407
452	0.21168395	0.22303365	0.20033425
453	0.212365925	0.223686065	0.201045785
454	0.213034225	0.224327411	0.201741039
455	0.21368535	0.22496173	0.20240897
456	0.21426335	0.225525806	0.203000894
457	0.214822225	0.226072972	0.203571478
458	0.215364325	0.226605901	0.204122749
459	0.215888925	0.227118423	0.204659427
460	0.216391275	0.22760936	0.20517319
461	0.216873975	0.22808245	0.2056655
462	0.217328375	0.228535803	0.206120947
463	0.21776555	0.228961576	0.206569524
464	0.218192425	0.229375297	0.207009553
465	0.218607475	0.229781736	0.207433214
466	0.219013925	0.230191643	0.207836207
467	0.2194297	0.230601332	0.208258068
468	0.21985895	0.231009542	0.208708358
469	0.2202438	0.231399825	0.209087775
470	0.22064225	0.231801792	0.209482708
471	0.22105235	0.232213499	0.209891201
472	0.2214783	0.232635654	0.210320946
473	0.22190035	0.233059857	0.210740843
474	0.222329275	0.233490901	0.211167649
475	0.22278065	0.233938356	0.211622944
476	0.2232474	0.234407091	0.212087709
477	0.22372105	0.234885719	0.212556381
478	0.224202275	0.235374642	0.213029908
479	0.2247268	0.235891789	0.213561811
480	0.225256975	0.23641814	0.21409581
481	0.225794675	0.236954807	0.214634543
482	0.22636315	0.23751904	0.21520726
483	0.2269185	0.238065598	0.215771402
484	0.227499725	0.238640317	0.216359133
485	0.2281589	0.239305316	0.217012484
486	0.2288215	0.239970265	0.217672735
487	0.229492525	0.240643766	0.218341284
488	0.230172175	0.241326969	0.219017381
489	0.230888225	0.242030442	0.219746008
490	0.231586875	0.242724437	0.220449313
491	0.232269575	0.243408278	0.221130872
492	0.233024625	0.244154522	0.221894728
493	0.233781025	0.244900303	0.222661747
494	0.234543175	0.245653258	0.223433092
495	0.235324525	0.246432366	0.224216684
496	0.23613855	0.247231975	0.225045125
497	0.236954725	0.248034054	0.225875396
498	0.237769675	0.248839389	0.226699961
499	0.23860685	0.249676786	0.227536914
500	0.23944115	0.250502764	0.228379536
501	0.24027505	0.251320439	0.229229661
502	0.241144125	0.252174269	0.230113981
503	0.24200545	0.253029041	0.230981859
504	0.242861925	0.253882467	0.231841383
505	0.243733675	0.25474869	0.23271866
506	0.244603975	0.255610807	0.233597143
507	0.245470275	0.256465568	0.234474982
508	0.24633825	0.25731729	0.23535921
509	0.2472102	0.258185391	0.236235009
510	0.248090325	0.259060703	0.237119947
511	0.2489784	0.259942244	0.238014556
512	0.249838025	0.260800205	0.238875845
513	0.2507136	0.26167259	0.23975461
514	0.251595275	0.262548069	0.240642481
515	0.252445875	0.263383315	0.241508435
516	0.2533254	0.264257591	0.242393209
517	0.2542176	0.265146778	0.243288422
518	0.255107575	0.266032731	0.244182419
519	0.25597465	0.266897698	0.245051602
520	0.2568413	0.26776495	0.24591765
521	0.257701575	0.26862717	0.24677598
522	0.2585595	0.269471738	0.247647262
523	0.25939485	0.270300138	0.248489562
524	0.260227225	0.271128177	0.249326273
525	0.261088425	0.271981246	0.250195604
526	0.261964275	0.272847335	0.251081215
527	0.26282615	0.273703005	0.251949295
528	0.2636611	0.274539385	0.252782815
529	0.2645071	0.275384753	0.253629447
530	0.265336425	0.276211844	0.254461006
531	0.2661442	0.277015522	0.255272878
532	0.2669651	0.277827006	0.256103194
533	0.267789625	0.2786443	0.25693495
534	0.268615575	0.279466044	0.257765106
535	0.269425175	0.280278021	0.258572329
536	0.2702283	0.281076559	0.259380041
537	0.2710181	0.281859818	0.260176382
538	0.27178865	0.28262449	0.26095281
539	0.27256175	0.283397126	0.261726374
540	0.273342575	0.284176751	0.262508399
541	0.2741271	0.28495863	0.26329557
542	0.27487145	0.285702668	0.264040232
543	0.275615025	0.286446568	0.264783482
544	0.276349725	0.287181451	0.265517999
545	0.277057125	0.287883523	0.266230727
546	0.2777803	0.288605429	0.266955171
547	0.27850465	0.289329689	0.267679611
548	0.279219225	0.290042177	0.268396273
549	0.27989455	0.290721413	0.269067687
550	0.280567625	0.291396849	0.269738401
551	0.2812453	0.292073924	0.270416676
552	0.281898975	0.292727967	0.271069983
553	0.282545325	0.293376509	0.271714141
554	0.283187225	0.294020887	0.272353563
555	0.283828025	0.294656961	0.272999089
556	0.28443985	0.295266635	0.273613065
557	0.28504555	0.295871543	0.274219557
558	0.2856618	0.296487927	0.274835673
559	0.28622615	0.297058411	0.275393889
560	0.286787	0.297625358	0.275948642
561	0.287355075	0.298196978	0.276513172
562	0.2878876	0.298728832	0.277046368
563	0.288413475	0.299255629	0.277571321
564	0.28893385	0.2997776	0.2780901
565	0.289437875	0.300279028	0.278596722
566	0.28991795	0.300759862	0.279076038
567	0.290382775	0.301227193	0.279538357
568	0.290830225	0.301677824	0.279982626
569	0.291272375	0.302121489	0.280423261
570	0.2917094	0.302561802	0.280856998
571	0.2921384	0.302997487	0.281279313
572	0.2925445	0.303408493	0.281680507
573	0.292947225	0.303813856	0.282080594
574	0.2933438	0.304211264	0.282476336
575	0.29370565	0.304574147	0.282837153
576	0.294077775	0.304950024	0.283205526
577	0.294445025	0.305322419	0.283567631
578	0.294773	0.305656267	0.283889733
579	0.295089625	0.305979182	0.284200068
580	0.295412125	0.30630743	0.28451682
581	0.295747775	0.30664761	0.28484794
582	0.2960437	0.306944992	0.285142408
583	0.2963128	0.30721363	0.28541197
584	0.2965581	0.307457207	0.285658993
585	0.296785225	0.30768306	0.28588739
586	0.2969933	0.30788694	0.28609966
587	0.2971805	0.308069072	0.286291928
588	0.2973228	0.3082094	0.2864362
589	0.297450625	0.308342723	0.286558527
590	0.297587475	0.308487314	0.286687636
591	0.297745675	0.308653202	0.286838148
592	0.297932225	0.308844771	0.287019679
593	0.298126325	0.309046985	0.287205665
594	0.298325725	0.309257393	0.287394057
595	0.29850225	0.309443182	0.287561318
596	0.298681475	0.309633432	0.287729518
597	0.298859075	0.309823512	0.287894638
598	0.29902095	0.309999379	0.288042521
599	0.299181225	0.310170505	0.288191945
600	0.29933595	0.310336544	0.288335356
601	0.299478925	0.310494151	0.288463699
602	0.299600675	0.310635783	0.288565567
603	0.299709375	0.310758329	0.288660421
604	0.2998041	0.310859466	0.288748734
605	0.2998644	0.310931319	0.288797481
606	0.299931975	0.311005702	0.288858248
607	0.299998975	0.311077629	0.288920321
608	0.3000404	0.311129865	0.288950935
609	0.300079175	0.311173449	0.288984901
610	0.3001159	0.311213519	0.289018281
611	0.300149375	0.311252059	0.289046691
612	0.300177825	0.311277293	0.289078357
613	0.300202875	0.311300581	0.289105169
614	0.30022415	0.3113231	0.2891252
615	0.300251725	0.311350614	0.289152836
616	0.300303675	0.311408219	0.289199131
617	0.300370675	0.311484568	0.289256782
618	0.300427525	0.31154767	0.28930738
619	0.300458375	0.311579911	0.289336839
620	0.300469925	0.311591551	0.289348299
621	0.3004587	0.311580689	0.289336711
622	0.300503425	0.311621653	0.289385197
623	0.300566975	0.311684944	0.289449006
624	0.300643425	0.311766735	0.289520115
625	0.300697575	0.311833136	0.289562014
626	0.30077435	0.311919911	0.289628789
627	0.300870125	0.312024028	0.289716222
628	0.30098355	0.312147958	0.289819142
629	0.301118625	0.312292519	0.289944731
630	0.3012547	0.312438609	0.290070791
631	0.3013742	0.312571166	0.290177234
632	0.301457575	0.312664346	0.290250804
633	0.30156765	0.31278559	0.29034971
634	0.301719125	0.312950605	0.290487645
635	0.301861525	0.313113559	0.290609491
636	0.3019756	0.313242877	0.290708323
637	0.3020711	0.313349636	0.290792564
638	0.3021855	0.31347658	0.29089442
639	0.302317375	0.313619902	0.291014848
640	0.302440125	0.313754517	0.291125733
641	0.302518425	0.313847497	0.291189353
642	0.302630175	0.313978659	0.291281691
643	0.30272665	0.314096139	0.291357161
644	0.3027936	0.314185384	0.291401816
645	0.302837025	0.314240367	0.291433683
646	0.302893925	0.31431622	0.29147163
647	0.302963475	0.31440935	0.2915176
648	0.30304525	0.314500945	0.291589555
649	0.30313685	0.314612576	0.291661124
650	0.303233675	0.314733845	0.291733505
651	0.303333725	0.314856908	0.291810542
652	0.3034228	0.314951827	0.291893773
653	0.303522875	0.315055973	0.291989777
654	0.30364565	0.315186024	0.292105276
655	0.3037141	0.315268498	0.292159702
656	0.303768675	0.315351474	0.292185876
657	0.30381395	0.315433849	0.292194051
658	0.3038841	0.315518036	0.292250164
659	0.303952925	0.315598366	0.292307484
660	0.304020425	0.315676616	0.292364234
661	0.304085875	0.315754742	0.292417008
662	0.304140975	0.315817234	0.292464716
663	0.304190325	0.315877601	0.292503049
664	0.30423425	0.3159412	0.2925273
665	0.30428595	0.316005398	0.292566502
666	0.304345975	0.316079048	0.292612902
667	0.304409725	0.316157497	0.292661953
668	0.30442875	0.316187896	0.292669604
669	0.304484225	0.316249551	0.292718899
670	0.304544	0.316317228	0.292770772
671	0.304549125	0.316345228	0.292753022
672	0.304579125	0.316391393	0.292766857
673	0.3046159	0.316442605	0.292789195
674	0.304652775	0.316493475	0.292812075
675	0.30467945	0.316541273	0.292817627
676	0.304703625	0.316580799	0.292826451
677	0.3047267	0.316613193	0.292840207
678	0.304757925	0.316660931	0.292854919
679	0.3047975	0.316716745	0.292878255
680	0.304837675	0.316774324	0.292901026
681	0.304860425	0.316820395	0.292900455
682	0.304885525	0.316856953	0.292914097
683	0.30491555	0.316896991	0.292934109
684	0.304954525	0.316950828	0.292958222
685	0.30495905	0.316961386	0.292956714
686	0.304926075	0.316947802	0.292904348
687	0.30485365	0.316912068	0.292795232
688	0.304828825	0.316928566	0.292729084
689	0.304817175	0.316946368	0.292687982
690	0.304813225	0.316968195	0.292658255
691	0.3048084	0.317007129	0.292609671
692	0.30475945	0.317000679	0.292518221
693	0.304736525	0.317017584	0.292455466
694	0.304798325	0.317113051	0.292483599
695	0.30489665	0.317217582	0.292575718
696	0.304988475	0.317316753	0.292660197
697	0.305065725	0.317406707	0.292724743
698	0.30505065	0.317431013	0.292670287
699	0.30506175	0.31746929	0.29265421
700	0.305092875	0.317519239	0.292666511
701	0.305134375	0.31758042	0.29268833
702	0.3051838	0.317646449	0.292721151
703	0.305235925	0.317713035	0.292758815
704	0.305288075	0.317777691	0.292798459
705	0.3053396	0.317833741	0.292845459
706	0.30538905	0.317892077	0.292886023
707	0.3054359	0.317954625	0.292917175
708	0.30546855	0.318005814	0.292931286
709	0.305511725	0.318067959	0.292955491
710	0.3055597	0.318134671	0.292984729
711	0.3055908	0.318180605	0.293000995
712	0.305593725	0.318214253	0.292973197
713	0.3055655	0.318229096	0.292901904
714	0.30548335	0.318207107	0.292759593
715	0.305246525	0.318095664	0.292397386
716	0.30498145	0.317992408	0.291970492
717	0.304718975	0.317924515	0.291513435
718	0.304648025	0.317906199	0.291389851
719	0.304739725	0.31796738	0.29151207
720	0.304945325	0.318091179	0.291799471
721	0.3051347	0.318231123	0.292038277
722	0.30510325	0.318250064	0.291956436
723	0.304994125	0.318232582	0.291755668
724	0.304934925	0.318249051	0.291620799
725	0.304946075	0.318268461	0.291623689
726	0.3049844	0.318306522	0.291662278
727	0.30504385	0.318372408	0.291715292
728	0.305110925	0.318451038	0.291770812
729	0.30517695	0.318509555	0.291844345
730	0.30525655	0.318562256	0.291950844
731	0.3054577	0.31870586	0.29220954
732	0.305644025	0.318839879	0.292448171
733	0.305798825	0.318963293	0.292634357
734	0.3058847	0.319069829	0.292699571
735	0.3059508	0.31915601	0.29274559
736	0.306029275	0.319245585	0.292812965
737	0.30613395	0.319347375	0.292920525
738	0.306178375	0.319375645	0.292981105
739	0.30624135	0.319439155	0.293043545
740	0.3063163	0.319529814	0.293102786
741	0.306317525	0.319538183	0.293096867
742	0.306343075	0.319577204	0.293108946
743	0.30638145	0.31963316	0.29312974
744	0.30642165	0.319694298	0.293149002
745	0.3064545	0.319751801	0.293157199
746	0.30648565	0.319803914	0.293167386
747	0.30651735	0.319849067	0.293185633
748	0.3065441	0.319896694	0.293191506
749	0.306556525	0.319931846	0.293181204
750	0.3065578	0.319956412	0.293159188
751	0.3065847	0.319999349	0.293170051
752	0.3066037	0.320041561	0.293165839
753	0.306619975	0.320084879	0.293155071
754	0.30664215	0.320133106	0.293151194
755	0.30667625	0.320191142	0.293161358
756	0.306744525	0.320273625	0.293215425
757	0.306880125	0.320406223	0.293354027
758	0.307111325	0.320636214	0.293586436
759	0.30730195	0.320877679	0.293726221
760	0.3072592	0.320967351	0.293551049
761	0.3066958	0.32040663	0.29298497
762	0.306478025	0.320200762	0.292755288
763	0.306400375	0.320137356	0.292663394
764	0.306296175	0.320038846	0.292553504
765	0.306327925	0.320065836	0.292590014
766	0.3064015	0.320138813	0.292664187
767	0.30649675	0.320244451	0.292749049
768	0.306567025	0.320333496	0.292800554
769	0.306617875	0.320403079	0.292832671
770	0.30664815	0.320451403	0.292844897
771	0.3066141	0.320444466	0.292783734
772	0.306598225	0.320440647	0.292755803
773	0.306596775	0.320445205	0.292748345
774	0.306607625	0.320479956	0.292735294
775	0.306579375	0.320476906	0.292681844
776	0.306552375	0.3204692	0.29263555
777	0.30655555	0.320478274	0.292632826
778	0.30652625	0.320477116	0.292575384
779	0.306511925	0.320489214	0.292534636
780	0.30652125	0.320518686	0.292523814
781	0.306498675	0.320503818	0.292493532
782	0.30648785	0.320523358	0.292452342
783	0.306482025	0.320557647	0.292406403
784	0.3064577	0.320538588	0.292376812
785	0.3063904	0.320506242	0.292274558
786	0.3063211	0.320482562	0.292159638
787	0.306286225	0.320490942	0.292081508
788	0.306228425	0.32045103	0.29200582
789	0.306191	0.320432271	0.291949729
790	0.306184925	0.320450466	0.291919384
791	0.30621645	0.320499206	0.291933694
792	0.3062382	0.320526202	0.291950198
793	0.30623535	0.320524955	0.291945745
794	0.306129375	0.320454419	0.291804331
795	0.306060575	0.320410271	0.291710879
796	0.3060269	0.320396087	0.291657713
797	0.3060449	0.320430974	0.291658826
798	0.306040275	0.320457331	0.291623219
799	0.305991625	0.320438244	0.291545006
800	0.305886375	0.320356531	0.291416219
801	0.305880825	0.320379593	0.291382057
802	0.3058881	0.320398057	0.291378143
803	0.3059029	0.320407935	0.291397865
804	0.305901475	0.32038569	0.29141726
805	0.30588845	0.320387439	0.291389461
806	0.30586385	0.320391664	0.291336036
807	0.30581975	0.320371205	0.291268295
808	0.30577385	0.320357803	0.291189897
809	0.3056802	0.320315282	0.291045118
810	0.305513625	0.320225331	0.290801919
811	0.30531115	0.320149734	0.290472566
812	0.305101325	0.320100627	0.290102023
813	0.3048849	0.320073416	0.289696384
814	0.304702475	0.320015491	0.289389459
815	0.30458355	0.319973962	0.289193138
816	0.3045472	0.319963695	0.289130705
817	0.304671725	0.320028594	0.289314856
818	0.30477625	0.32001735	0.28953515
819	0.3048462	0.319998735	0.289693665
820	0.30487065	0.319994027	0.289747273
821	0.304638	0.319931387	0.289344613
822	0.304522675	0.319885791	0.289159559
823	0.30455585	0.319861048	0.289250652
824	0.304701475	0.319856078	0.289546872
825	0.30472575	0.319873662	0.289577838
826	0.30466255	0.319869489	0.289455611
827	0.3045018	0.319753515	0.289250085
828	0.304473125	0.319739772	0.289206478
829	0.3044677	0.319731574	0.289203826
830	0.3044427	0.319685908	0.289199492
831	0.3044117	0.319617286	0.289206114
832	0.30444045	0.319607535	0.289273365
833	0.30452175	0.319650209	0.289393291
834	0.30450195	0.319578795	0.289425105
835	0.304500525	0.319541033	0.289460017
836	0.304496	0.319511214	0.289480786
837	0.3044417	0.319442388	0.289441012
838	0.30443915	0.319446637	0.289431663
839	0.3044326	0.319450731	0.289414469
840	0.304390875	0.319415686	0.289366064
841	0.304409775	0.319452144	0.289367406
842	0.30438355	0.319433273	0.289333827
843	0.304304775	0.319350027	0.289259523
844	0.30425415	0.31929643	0.28921187
845	0.30423525	0.319277899	0.289192601
846	0.30422415	0.319276051	0.289172249
847	0.304161325	0.319253874	0.289068776
848	0.304128925	0.319233783	0.289024067
849	0.304093325	0.319205732	0.288980918
850	0.304031825	0.319160732	0.288902918
851	0.30401725	0.319162114	0.288872386
852	0.3040114	0.319160692	0.288862108
853	0.30400635	0.319146518	0.288866182
854	0.303923575	0.319067803	0.288779347
855	0.303803025	0.318959543	0.288646507
856	0.303676725	0.318848521	0.288504929
857	0.30361245	0.318792631	0.288432269
858	0.303566325	0.318756278	0.288376372
859	0.303518675	0.318719459	0.288317891
860	0.303453775	0.318666715	0.288240835
861	0.303446875	0.318662699	0.288231051
862	0.303415825	0.318645547	0.288186103
863	0.3033458	0.318603895	0.288087705
864	0.303358575	0.318606066	0.288111084
865	0.30336465	0.318600034	0.288129266
866	0.303352925	0.318580098	0.288125752
867	0.30327585	0.318520294	0.288031406
868	0.303170825	0.31843713	0.28790452
869	0.3030721	0.318356127	0.287788073
870	0.303010975	0.318299339	0.287722611
871	0.30296965	0.318283755	0.287655545
872	0.3029403	0.318262718	0.287617882
873	0.30292315	0.318225278	0.287621022
874	0.302857825	0.318202128	0.287513522
875	0.3027973	0.31816496	0.28742964
876	0.302751925	0.318129928	0.287373922
877	0.30277485	0.318172398	0.287377302
878	0.302734925	0.31812456	0.28734529
879	0.3026669	0.318055582	0.287278218
880	0.302594625	0.31803041	0.28715884
881	0.30259865	0.318066536	0.287130764
882	0.30259465	0.318077469	0.287111831
883	0.302558275	0.318034471	0.287082079
884	0.302498125	0.318010358	0.286985892
885	0.30242575	0.317946368	0.286905132
886	0.3023526	0.31785947	0.28684573
887	0.3023508	0.317859952	0.286841648
888	0.302344425	0.317847657	0.286841193
889	0.302314925	0.317816367	0.286813483
890	0.302223975	0.317745809	0.286702141
891	0.3021509	0.317749418	0.286552382
892	0.302050075	0.317746643	0.286353507
893	0.30189875	0.317709012	0.286088488
894	0.30170895	0.317698082	0.285719818
895	0.3015781	0.3177126	0.2854436
896	0.301498575	0.317743606	0.285253544
897	0.30135035	0.317709785	0.284990915
898	0.301314425	0.317793876	0.284834974
899	0.301341975	0.317922279	0.284761671
900	0.3013789	0.317980809	0.284776991
901	0.3014024	0.317914169	0.284890631
902	0.301442925	0.317859109	0.285026741
903	0.301516	0.317869112	0.285162888
904	0.301536425	0.317855581	0.285217269
905	0.301514225	0.31787259	0.28515586
906	0.301449925	0.317916341	0.284983509
907	0.30134485	0.317920582	0.284769118
908	0.30125745	0.317868313	0.284646587
909	0.301193	0.317832609	0.284553391
910	0.301177525	0.317981063	0.284373987
911	0.301127275	0.317967845	0.284286705
912	0.3010782	0.317924436	0.284231964
913	0.301049	0.317907393	0.284190607
914	0.301055475	0.317983049	0.284127901
915	0.301054475	0.317981101	0.284127849
916	0.301040925	0.317890734	0.284191116
917	0.300998275	0.31778022	0.28421633
918	0.301138275	0.317879675	0.284396875
919	0.30133815	0.318048438	0.284627862
920	0.3013795	0.318036955	0.284722045
921	0.301450775	0.318084598	0.284816952
922	0.30151245	0.318113418	0.284911482
923	0.3015374	0.318069795	0.285005005
924	0.301394075	0.318028354	0.284759796
925	0.301351925	0.318095122	0.284608728
926	0.3014291	0.318274303	0.284583897
927	0.301142475	0.318157272	0.284127678
928	0.30098045	0.318286705	0.283674195
929	0.30090925	0.318609472	0.283209028
930	0.300875175	0.318979639	0.282770711
931	0.30059155	0.319108493	0.282074607
932	0.300327	0.319287294	0.281366706
933	0.300393025	0.31980035	0.2809857
934	0.300390325	0.320167626	0.280613024
935	0.300483625	0.320459741	0.280507509
936	0.30069725	0.320636186	0.280758314
937	0.30053445	0.32045659	0.28061231
938	0.300476125	0.320293597	0.280658653
939	0.300495375	0.320129075	0.280861675
940	0.300569725	0.319885974	0.281253476
941	0.300427875	0.3196502	0.28120555
942	0.300286125	0.31950863	0.28106362
943	0.300307575	0.319573228	0.281041922
944	0.3002766	0.319553503	0.280999697
945	0.300191925	0.319525301	0.280858549
946	0.300049475	0.319502035	0.280596915
947	0.300209375	0.319531369	0.280887381
948	0.30028825	0.31960216	0.28097434
949	0.3002842	0.31965688	0.28091152
950	0.30015445	0.319451578	0.280857322
951	0.30020725	0.319287508	0.281126992
952	0.3002873	0.31923641	0.28133819
953	0.300258975	0.319423129	0.281094821
954	0.300302075	0.319440378	0.281163772
955	0.3003612	0.31941531	0.28130709
956	0.300425975	0.319371294	0.281480656
957	0.30045105	0.319296783	0.281605317
958	0.3005067	0.31922507	0.28178833
959	0.300568675	0.319141156	0.281996194
960	0.3005204	0.318955421	0.282085379
961	0.300680775	0.319233218	0.282128332
962	0.300794775	0.319393881	0.282195669
963	0.3005528	0.318727218	0.282378382
964	0.3008067	0.318952062	0.282661338
965	0.30100035	0.319048508	0.282952192
966	0.300981375	0.318741191	0.283221559
967	0.301157825	0.318739677	0.283575973
968	0.301290925	0.3187838	0.28379805
969	0.301353275	0.318809756	0.283896794
970	0.3011716	0.318483539	0.283859661
971	0.3013304	0.318604631	0.284056169
972	0.301544925	0.31880881	0.28428104
973	0.301465875	0.31865838	0.28427337
974	0.301462425	0.318558953	0.284365897
975	0.30156215	0.318563731	0.284560569
976	0.3018028	0.318721134	0.284884466
977	0.301598025	0.318694724	0.284501326
978	0.30154275	0.318682846	0.284402654
979	0.30165355	0.318721754	0.284585346
980	0.301855575	0.319045051	0.284666099
981	0.301981225	0.31911251	0.28484994
982	0.3020565	0.319035697	0.285077303
983	0.3020932	0.318904157	0.285282243
984	0.30198125	0.318866355	0.285096145
985	0.301949475	0.31888106	0.28501789
986	0.302109225	0.318945691	0.285272759
987	0.302107425	0.318926939	0.285287911
988	0.302129925	0.318844658	0.285415192
989	0.3021839	0.318725831	0.285641969
990	0.302200575	0.318817749	0.285583401
991	0.302244425	0.318824841	0.285664009
992	0.302279725	0.31880827	0.28575118
993	0.302228025	0.31887211	0.28558394
994	0.30236245	0.318965256	0.285759644
995	0.302488925	0.319011721	0.285966129
996	0.30250485	0.318954992	0.286054708
997	0.30271435	0.319241223	0.286187477
998	0.3027531	0.319343842	0.286162358
999	0.302598625	0.319223652	0.285973598
1000	0.30247945	0.319082076	0.285876824
1001	0.29894685	0.316501429	0.281392271
1002	0.298897625	0.316456558	0.281338692
1003	0.298927675	0.316511516	0.281343834
1004	0.2989967	0.31663161	0.28136179
1005	0.298998225	0.316688211	0.281308239
1006	0.298972825	0.316718844	0.281226806
1007	0.29895985	0.316726664	0.281193036
1008	0.29897465	0.316725421	0.281223879
1009	0.299041025	0.3167846	0.28129745
1010	0.299114975	0.316887736	0.281342214
1011	0.299117225	0.316923512	0.281310938
1012	0.2990529	0.316867096	0.281238704
1013	0.29899675	0.316816539	0.281176961
1014	0.299003725	0.316826786	0.281180664
1015	0.29903415	0.316826333	0.281241967
1016	0.299044	0.316816023	0.281271977
1017	0.2991106	0.316910001	0.281311199
1018	0.2992175	0.317033721	0.281401279
1019	0.299275225	0.317102729	0.281447721
1020	0.2993123	0.317143517	0.281481083
1021	0.2993472	0.317182074	0.281512326
1022	0.299359325	0.317216188	0.281502462
1023	0.299385875	0.317232739	0.281539011
1024	0.299421875	0.317219063	0.281624687
1025	0.299398375	0.317180192	0.281616558
1026	0.29932785	0.317143192	0.281512508
1027	0.299288725	0.317119366	0.281458084
1028	0.299272075	0.317107325	0.281436825
1029	0.2992722	0.317111196	0.281433204
1030	0.299296725	0.317096292	0.281497158
1031	0.29926185	0.317045862	0.281477838
1032	0.299238375	0.317032506	0.281444244
1033	0.2992844	0.317066789	0.281502011
1034	0.29931265	0.317107869	0.281517431
1035	0.299293575	0.317134993	0.281452157
1036	0.299288075	0.317163484	0.281412666
1037	0.29931885	0.317207364	0.281430336
1038	0.29932325	0.317210263	0.281436237
1039	0.2992643	0.317143001	0.281385599
1040	0.299192425	0.317043673	0.281341177
1041	0.299188275	0.317003915	0.281372635
1042	0.2992245	0.317032839	0.281416161
1043	0.2991852	0.317025238	0.281345162
1044	0.29911195	0.316997017	0.281226883
1045	0.299090675	0.317000743	0.281180607
1046	0.299077625	0.316983089	0.281172161
1047	0.299125	0.31706438	0.28118562
1048	0.299145575	0.317136536	0.281154614
1049	0.29908435	0.317084332	0.281084368
1050	0.299089975	0.317106853	0.281073097
1051	0.29911745	0.317141303	0.281093597
1052	0.299104325	0.317114161	0.281094489
1053	0.299078775	0.317063874	0.281093676
1054	0.2990586	0.317024692	0.281092508
1055	0.299056725	0.317009058	0.281104392
1056	0.29907625	0.317015459	0.281137041
1057	0.299094525	0.317023366	0.281165684
1058	0.299084825	0.317006661	0.281162989
1059	0.299064725	0.3170247	0.28110475
1060	0.299036875	0.3170599	0.28101385
1061	0.2990268	0.3170588	0.2809948
1062	0.29903345	0.317031379	0.281035521
1063	0.298994675	0.316997824	0.280991526
1064	0.298971325	0.317023407	0.280919243
1065	0.298994275	0.317074588	0.280913962
1066	0.29898415	0.317047535	0.280920765
1067	0.298974925	0.317037429	0.280912421
1068	0.29900155	0.317119788	0.280883312
1069	0.2990113	0.317175858	0.280846742
1070	0.2989681	0.317136703	0.280799497
1071	0.298938475	0.317119001	0.280757949
1072	0.298999	0.317217541	0.280780459
1073	0.299073025	0.317314379	0.280831671
1074	0.2990914	0.31734244	0.28084036
1075	0.29908215	0.317363015	0.280801285
1076	0.299059375	0.317333662	0.280785088
1077	0.2990565	0.317286256	0.280826744
1078	0.2990118	0.317215249	0.280808351
1079	0.2989486	0.31716306	0.28073414
1080	0.2989427	0.317189988	0.280695412
1081	0.29896685	0.317274707	0.280658993
1082	0.298977475	0.317318153	0.280636797
1083	0.299011	0.317368556	0.280653444
1084	0.29903975	0.317438079	0.280641421
1085	0.29900105	0.317426978	0.280575122
1086	0.29896115	0.317405254	0.280517046
1087	0.29898315	0.317469903	0.280496397
1088	0.29901445	0.317549788	0.280479112
1089	0.298979525	0.317526669	0.280432381
1090	0.29892245	0.317482179	0.280362721
1091	0.298900575	0.317550311	0.280250839
1092	0.2988862	0.317633524	0.280138876
1093	0.29878645	0.317572788	0.280000112
1094	0.298694975	0.317496746	0.279893204
1095	0.298689125	0.317513038	0.279865212
1096	0.298686425	0.317520756	0.279852094
1097	0.2986878	0.317574464	0.279801136
1098	0.298758275	0.317794346	0.279722204
1099	0.29877175	0.31794061	0.27960289
1100	0.2986086	0.317847106	0.279370094
1101	0.29847585	0.317799138	0.279152562
1102	0.298426175	0.317860385	0.278991965
1103	0.29837575	0.317912162	0.278839338
1104	0.298336475	0.317936417	0.278736533
1105	0.298300725	0.317969767	0.278631683
1106	0.2981612	0.317946041	0.278376359
1107	0.2980017	0.317905975	0.278097425
1108	0.297902875	0.31796486	0.27784089
1109	0.297816625	0.318073698	0.277559552
1110	0.29762715	0.318101872	0.277152428
1111	0.29734815	0.318083255	0.276613045
1112	0.29707165	0.318041325	0.276101975
1113	0.296820825	0.31798996	0.27565169
1114	0.296553475	0.318039774	0.275067176
1115	0.29622385	0.318161094	0.274286606
1116	0.29581645	0.31819267	0.27344023
1117	0.295361775	0.31809545	0.2726281
1118	0.294910775	0.318045764	0.271775786
1119	0.29454815	0.3181022	0.2709941
1120	0.2941622	0.318162706	0.270161694
1121	0.294061875	0.318345505	0.269778245
1122	0.29400795	0.318570222	0.269445678
1123	0.293835475	0.318540142	0.269130808
1124	0.2936341	0.318472314	0.268795886
1125	0.29356425	0.318417678	0.268710822
1126	0.29352615	0.318324746	0.268727554
1127	0.2936271	0.318308662	0.268945538
1128	0.2938137	0.31834338	0.26928402
1129	0.29409255	0.318487512	0.269697588
1130	0.294467575	0.318749485	0.270185665
1131	0.29480035	0.318946313	0.270654387
1132	0.295099475	0.319084421	0.271114529
1133	0.295427025	0.319264451	0.271589599
1134	0.295811625	0.319463067	0.272160183
1135	0.296143025	0.319623119	0.272662931
1136	0.29635745	0.31975509	0.27295981
1137	0.296557525	0.319880743	0.273234307
1138	0.296747275	0.320072059	0.273422491
1139	0.29693	0.320261429	0.273598571
1140	0.297073575	0.320380174	0.273766976
1141	0.29720025	0.320473616	0.273926884
1142	0.2973481	0.320640645	0.274055555
1143	0.297507625	0.320833547	0.274181703
1144	0.2975502	0.320885997	0.274214403
1145	0.297537825	0.320871366	0.274204284
1146	0.2976082	0.320899227	0.274317173
1147	0.297737375	0.320959609	0.274515141
1148	0.297946775	0.321053344	0.274840206
1149	0.298260825	0.321193283	0.275328367
1150	0.2985481	0.321306641	0.275789559
1151	0.2988069	0.321378892	0.276234908
1152	0.299082275	0.321451608	0.276712942
1153	0.299458175	0.321501674	0.277414676
1154	0.2998088	0.321558739	0.278058861
1155	0.300202775	0.321777018	0.278628532
1156	0.30056525	0.321980076	0.279150424
1157	0.30093815	0.322064192	0.279812108
1158	0.301286225	0.322140537	0.280431913
1159	0.30168535	0.322378193	0.280992507
1160	0.302071975	0.322630571	0.281513379
1161	0.302362675	0.322776261	0.281949089
1162	0.30260805	0.322880449	0.282335651
1163	0.302824375	0.32297952	0.28266923
1164	0.303018775	0.323073291	0.282964259
1165	0.30322895	0.323194348	0.283263552
1166	0.3034591	0.323344569	0.283573631
1167	0.303646975	0.323465505	0.283828445
1168	0.303773675	0.323540574	0.284006776
1169	0.3039046	0.323625034	0.284184166
1170	0.304052825	0.323736828	0.284368822
1171	0.304193875	0.323848031	0.284539719
1172	0.304312875	0.323967242	0.284658508
1173	0.304430975	0.324086022	0.284775928
1174	0.304549425	0.324213132	0.284885718
1175	0.3046671	0.324339379	0.284994821
1176	0.304759175	0.324397781	0.285120569
1177	0.30484915	0.324451841	0.285246459
1178	0.304965875	0.324595189	0.285336561
1179	0.305087425	0.3247565	0.28541835
1180	0.305127025	0.324811104	0.285442946
1181	0.305135225	0.324824407	0.285446043
1182	0.30521085	0.324878272	0.285543428
1183	0.305329375	0.324958615	0.285700135
1184	0.30544955	0.325047623	0.285851477
1185	0.305568825	0.325143286	0.285994364
1186	0.30568925	0.325258969	0.286119531
1187	0.3058137	0.32540596	0.28622144
1188	0.3059325	0.325535305	0.286329695
1189	0.3060383	0.325622421	0.286454179
1190	0.306141575	0.325707654	0.286575496
1191	0.306228	0.325777454	0.286678546
1192	0.30630565	0.32583778	0.28677352
1193	0.306334675	0.325852776	0.286816574
1194	0.3063643	0.325868761	0.286859839
1195	0.3064292	0.325920996	0.286937404
1196	0.306492275	0.325971279	0.287013271
1197	0.306526075	0.325985369	0.287066781
1198	0.3065574	0.325994227	0.287120573
1199	0.3066029	0.326050667	0.287155133
1200	0.30665225	0.326122596	0.287181904
1201	0.3067301	0.326194172	0.287266028
1202	0.30682325	0.326267899	0.287378601
1203	0.30688935	0.326328758	0.287449942
1204	0.306931875	0.326377658	0.287486092
1205	0.30699295	0.326449396	0.287536504
1206	0.3070774	0.326546406	0.287608394
1207	0.3071615	0.326636412	0.287686588
1208	0.307240325	0.326702608	0.287778042
1209	0.30731165	0.326755665	0.287867635
1210	0.30737955	0.326798318	0.287960782
1211	0.307449675	0.326842075	0.288057275
1212	0.3075081	0.326874296	0.288141904
1213	0.3075648	0.326908476	0.288221124
1214	0.3076097	0.326945817	0.288273583
1215	0.307653725	0.326981613	0.288325837
1216	0.307706125	0.3270182	0.28839405
1217	0.307760175	0.327057863	0.288462487
1218	0.307812575	0.327090201	0.288534949
1219	0.307866475	0.327126015	0.288606935
1220	0.307917925	0.327147057	0.288688793
1221	0.3079664	0.327155801	0.288776999
1222	0.307997625	0.32716211	0.28883314
1223	0.308015275	0.327160444	0.288870106
1224	0.308039875	0.327154997	0.288924753
1225	0.308080225	0.327170181	0.288990269
1226	0.308120625	0.327190494	0.289050756
1227	0.308148575	0.327190644	0.289106506
1228	0.3081774	0.327200013	0.289154787
1229	0.308229075	0.327258432	0.289199718
1230	0.308275625	0.327305414	0.289245836
1231	0.30828645	0.32728786	0.28928504
1232	0.308301475	0.327280614	0.289322336
1233	0.308328725	0.327318899	0.289338551
1234	0.308354075	0.327352228	0.289355922
1235	0.308354025	0.327325162	0.289382888
1236	0.308352225	0.327295075	0.289409375
1237	0.30836785	0.327310293	0.289425407
1238	0.308388175	0.327335951	0.289440399
1239	0.308405175	0.327358716	0.289451634
1240	0.3084197	0.327377948	0.289461452
1241	0.308447	0.327406047	0.289487953
1242	0.3084791	0.327431715	0.289526485
1243	0.308479525	0.32745264	0.28950641
1244	0.3084578	0.327463366	0.289452234
1245	0.30843835	0.327440255	0.289436445
1246	0.30843385	0.327416474	0.289451226
1247	0.308446375	0.32741392	0.28947883
1248	0.30846345	0.327419527	0.289507373
1249	0.30848085	0.327430956	0.289530744
1250	0.308495325	0.327443121	0.289547529
1251	0.30851175	0.327460044	0.289563456
1252	0.308537025	0.327476649	0.289597401
1253	0.308565975	0.327496345	0.289635605
1254	0.30862785	0.327572784	0.289682916
1255	0.3086878	0.327647551	0.289728049
1256	0.30872695	0.327709927	0.289743973
1257	0.308766175	0.327774452	0.289757898
1258	0.308779775	0.327810475	0.289749075
1259	0.308789825	0.327842322	0.289737328
1260	0.308748725	0.32781083	0.28968662
1261	0.308696725	0.327765131	0.289628319
1262	0.308670775	0.327725817	0.289615733
1263	0.308651975	0.327699246	0.289604704
1264	0.30866725	0.32771582	0.28961868
1265	0.30870795	0.327752457	0.289663443
1266	0.3087397	0.327784526	0.289694874
1267	0.308753175	0.327798059	0.289708291
1268	0.308796	0.327836691	0.289755309
1269	0.308868225	0.327910924	0.289825526
1270	0.308934825	0.327978018	0.289891632
1271	0.308992575	0.328022241	0.289962909
1272	0.309050825	0.328058744	0.290042906
1273	0.3090976	0.328090253	0.290104947
1274	0.30915205	0.328130936	0.290173164
1275	0.30924435	0.328210948	0.290277752
1276	0.309330225	0.328299375	0.290361075
1277	0.30939635	0.328388811	0.290403889
1278	0.309456425	0.328460305	0.290452545
1279	0.309474	0.328467394	0.290480606
1280	0.30949775	0.328483312	0.290512188
1281	0.3095653	0.328553517	0.290577083
1282	0.309631925	0.328624873	0.290638977
1283	0.309656925	0.328639149	0.290674701
1284	0.30967705	0.328642593	0.290711507
1285	0.3097335	0.328714687	0.290752313
1286	0.3098025	0.328811545	0.290793455
1287	0.309863675	0.328909789	0.290817561
1288	0.30991055	0.328992163	0.290828937
1289	0.309925225	0.329033533	0.290816917
1290	0.30992955	0.32906935	0.29078975
1291	0.309945475	0.329106609	0.290784341
1292	0.30997925	0.329144959	0.290813541
1293	0.31001695	0.329216902	0.290816998
1294	0.310053575	0.329311989	0.290795161
1295	0.31006345	0.329362184	0.290764716
1296	0.310029925	0.329358583	0.290701267
1297	0.310013075	0.329386761	0.290639389
1298	0.310038225	0.32946372	0.29061273
1299	0.31006745	0.329541083	0.290593817
1300	0.3100993	0.329640622	0.290557978
1301	0.310128475	0.329728867	0.290528083
1302	0.3101467	0.32974324	0.29055016
1303	0.3101535	0.329749685	0.290557315
1304	0.3101068	0.329757359	0.290456241
1305	0.310072225	0.329789642	0.290354808
1306	0.310065975	0.329869445	0.290262505
1307	0.31005115	0.329935043	0.290167257
1308	0.31005375	0.329984825	0.290122675
1309	0.310068775	0.330049905	0.290087645
1310	0.31008885	0.330120265	0.290057435
1311	0.31010645	0.33018622	0.29002668
1312	0.310084975	0.330195144	0.289974806
1313	0.31004895	0.33018275	0.28991515
1314	0.310043175	0.330225986	0.289860364
1315	0.310050075	0.330311845	0.289788305
1316	0.310080475	0.330403334	0.289757616
1317	0.3101142	0.330470654	0.289757746
1318	0.3100926	0.330492848	0.289692352
1319	0.31004835	0.330512607	0.289584093
1320	0.310038575	0.330566606	0.289510544
1321	0.3100636	0.330655308	0.289471892
1322	0.310087825	0.330787129	0.289388521
1323	0.31008105	0.330930386	0.289231714
1324	0.31004335	0.330998783	0.289087917
1325	0.309972925	0.330965595	0.288980255
1326	0.30987965	0.330955047	0.288804253
1327	0.30974095	0.33098103	0.28850087
1328	0.309597025	0.330996912	0.288197138
1329	0.309489575	0.331030887	0.287948263
1330	0.3093835	0.331078091	0.287688909
1331	0.3092784	0.331119861	0.287436939
1332	0.309196175	0.331186217	0.287206133
1333	0.30919435	0.331313657	0.287075043
1334	0.309191525	0.331429015	0.286954035
1335	0.309177875	0.331455691	0.286900059
1336	0.309157975	0.331475266	0.286840684
1337	0.309144025	0.331554894	0.286733156
1338	0.309141475	0.331665508	0.286617442
1339	0.309091575	0.331809134	0.286374016
1340	0.30901105	0.331940977	0.286081123
1341	0.308747475	0.331849472	0.285645478
1342	0.3084503	0.331739011	0.285161589
1343	0.3081284	0.331729127	0.284527673
1344	0.307759725	0.331758474	0.283760976
1345	0.307368525	0.331781405	0.282955645
1346	0.306872425	0.331765108	0.281979742
1347	0.306286425	0.331623658	0.280949192
1348	0.305574325	0.331398333	0.279750317
1349	0.3047608	0.331334718	0.278186882
1350	0.3036722	0.3312594	0.276085
1351	0.302464475	0.330986866	0.273942084
1352	0.30124735	0.33053695	0.27195775
1353	0.299978825	0.330292665	0.269664985
1354	0.298614275	0.33004645	0.2671821
1355	0.296917825	0.329608346	0.264227304
1356	0.296521625	0.330534737	0.262508513
1357	0.29546695	0.331623848	0.259310052
1358	0.2928857	0.330893515	0.254877885
1359	0.289605025	0.329964506	0.249245544
1360	0.288640275	0.329070184	0.248210366
1361	0.286996975	0.328759705	0.245234245
1362	0.286446625	0.333674088	0.239219162
1363	0.287094825	0.34297792	0.23121173
1364	0.291139275	0.347270502	0.235008048
1365	0.294347975	0.351015796	0.237680154
1366	0.28082355	0.327742459	0.233904641
1367	0.267235175	0.314452299	0.220018051
1368	0.27163535	0.333114032	0.210156668
1369	0.2799377	0.357118798	0.202756602
1370	0.284968825	0.360688824	0.209248826
1371	0.2883138	0.363661987	0.212965613
1372	0.287024775	0.354243407	0.219806143
1373	0.2845096	0.344350143	0.224669057
1374	0.28459975	0.344132139	0.225067361
1375	0.28651095	0.350205845	0.222816055
1376	0.28642605	0.352965984	0.219886116
1377	0.28680925	0.355158659	0.218459841
1378	0.285150925	0.351938331	0.218363519
1379	0.28024665	0.342291111	0.218202189
1380	0.27802145	0.338137889	0.217905011
1381	0.2775623	0.338180733	0.216943867
1382	0.277009575	0.337603731	0.216415419
1383	0.2764114	0.337359071	0.215463729
1384	0.276231775	0.337086154	0.215377396
1385	0.27747195	0.337879772	0.217064128
1386	0.277109625	0.336073464	0.218145786
1387	0.27499145	0.331233854	0.218749046
1388	0.275175675	0.331005648	0.219345702
1389	0.2776271	0.334807778	0.220446422
1390	0.280142425	0.337251509	0.223033341
1391	0.282322125	0.338480899	0.226163351
1392	0.283312275	0.339224414	0.227400136
1393	0.284171925	0.339238908	0.229104942
1394	0.285038975	0.339288049	0.230789901
1395	0.28408365	0.337477007	0.230690293
1396	0.2833001	0.335367779	0.231232421
1397	0.284990975	0.335816095	0.234165855
1398	0.2865403	0.337051858	0.236028742
1399	0.286121875	0.336205013	0.236038737
1400	0.285868375	0.335204246	0.236532504
1401	0.2866053	0.335598432	0.237612168
1402	0.2868863	0.335562786	0.238209814
1403	0.2862365	0.33357633	0.23889667
1404	0.286084125	0.332392111	0.239776139
1405	0.28720525	0.332407064	0.242003436
1406	0.28806065	0.33208674	0.24403456
1407	0.288073175	0.331135189	0.245011161
1408	0.2880543	0.330260796	0.245847804
1409	0.28905165	0.330361791	0.247741509
1410	0.29014225	0.330884387	0.249400113
1411	0.2911131	0.3315449	0.2506813
1412	0.29166145	0.331681863	0.251641037
1413	0.29225985	0.331225303	0.253294397
1414	0.293003525	0.331077256	0.254929794
1415	0.29343085	0.330787115	0.256074585
1416	0.293689925	0.33051212	0.25686773
1417	0.294429225	0.33082211	0.25803634
1418	0.2954094	0.331370975	0.259447825
1419	0.296094875	0.331472326	0.260717424
1420	0.296510175	0.33120095	0.2618194
1421	0.29716415	0.331131048	0.263197252
1422	0.29789285	0.331165344	0.264620356
1423	0.298503325	0.331229819	0.265776831
1424	0.299099075	0.331411328	0.266786822
1425	0.299749125	0.331603296	0.267894954
1426	0.300432975	0.331750517	0.269115433
1427	0.3009426	0.331975353	0.269909847
1428	0.301266	0.332331488	0.270200512
1429	0.301607175	0.332533981	0.270680369
1430	0.301961575	0.332553062	0.271370088
1431	0.30220565	0.332606882	0.271804418
1432	0.302377	0.3327459	0.2720081
1433	0.30257485	0.332892222	0.272257478
1434	0.30281	0.333065409	0.272554591
1435	0.303012425	0.333213898	0.272810952
1436	0.302997175	0.333218939	0.272775411
1437	0.303043825	0.333320216	0.272767434
1438	0.3034627	0.333743804	0.273181596
1439	0.3038767	0.334104784	0.273648616
1440	0.30418265	0.33418759	0.27417771
1441	0.3044493	0.334230009	0.274668591
1442	0.30473	0.334120814	0.275339186
1443	0.30504975	0.334065645	0.276033855
1444	0.30553715	0.334176102	0.276898198
1445	0.305995275	0.334279878	0.277710672
1446	0.306557675	0.334536085	0.278579265
1447	0.307088325	0.334771946	0.279404704
1448	0.30756175	0.334796292	0.280327208
1449	0.307993275	0.334821024	0.281165526
1450	0.3084607	0.335003233	0.281918167
1451	0.308918525	0.335207241	0.282629809
1452	0.309505575	0.335510161	0.283500989
1453	0.31003535	0.335768983	0.284301717
1454	0.310394525	0.335843361	0.284945689
1455	0.310705	0.335889466	0.285520534
1456	0.3110159	0.336011661	0.286020139
1457	0.31132015	0.336166454	0.286473846
1458	0.311499925	0.336269212	0.286730638
1459	0.311660575	0.336379394	0.286941756
1460	0.311724575	0.336464955	0.286984195
1461	0.311732425	0.336509065	0.286955785
1462	0.31169285	0.336536282	0.286849418
1463	0.3116574	0.336583307	0.286731493
1464	0.311630625	0.336656195	0.286605055
1465	0.31157395	0.336710522	0.286437378
1466	0.311436725	0.336673139	0.286200311
1467	0.31125865	0.336584561	0.285932739
1468	0.3112619	0.336718613	0.285805187
1469	0.311381125	0.33699701	0.28576524
1470	0.311531175	0.337262382	0.285799968
1471	0.31169605	0.337481223	0.285910877
1472	0.311844325	0.337587737	0.286100913
1473	0.312001275	0.33762131	0.28638124
1474	0.312248125	0.337648462	0.286847788
1475	0.312560975	0.337664021	0.287457929
1476	0.312869925	0.337704017	0.288035833
1477	0.313218825	0.337876244	0.288561406
1478	0.313547125	0.338101658	0.288992592
1479	0.31380295	0.338271523	0.289334377
1480	0.314103375	0.338409886	0.289796864
1481	0.3144732	0.338545065	0.290401335
1482	0.31480235	0.338652447	0.290952253
1483	0.31509945	0.338698408	0.291500492
1484	0.315395375	0.338738045	0.292052705
1485	0.315712875	0.338835341	0.292590409
1486	0.3160795	0.339004813	0.293154187
1487	0.31654035	0.339250434	0.293830266
1488	0.316974975	0.339437758	0.294512192
1489	0.317395625	0.339556256	0.295234994
1490	0.31778705	0.339680991	0.295893109
1491	0.3181676	0.339815997	0.296519203
1492	0.318539075	0.339954971	0.297123179
1493	0.3189735	0.340189318	0.297757682
1494	0.319376525	0.340411739	0.298341311
1495	0.319706725	0.340584526	0.298828924
1496	0.3200172	0.340738553	0.299295847
1497	0.320269375	0.340811852	0.299726898
1498	0.3205158	0.340904824	0.300126776
1499	0.32078805	0.341105868	0.300470232
1500	0.321049125	0.341287601	0.300810649
1501	0.321256525	0.341366709	0.301146341
1502	0.321462225	0.341456456	0.301467994
1503	0.321671275	0.341627128	0.301715422
1504	0.32187175	0.341791478	0.301952022
1505	0.322079375	0.341946197	0.302212553
1506	0.322288075	0.34210163	0.30247452
1507	0.32249825	0.342246946	0.302749554
1508	0.32270395	0.342387729	0.303020171
1509	0.3228926	0.342492852	0.303292348
1510	0.323073225	0.342590832	0.303555618
1511	0.323252775	0.34270344	0.30380211
1512	0.32343585	0.342826103	0.304045597
1513	0.3236459	0.343003419	0.304288381
1514	0.3238471	0.343170757	0.304523443
1515	0.3239917	0.343253095	0.304730305
1516	0.324134575	0.343335243	0.304933907
1517	0.3243069	0.343497415	0.305116385
1518	0.32448165	0.343667854	0.305295446
1519	0.324640925	0.3437909	0.30549095
1520	0.32479455	0.343903785	0.305685315
1521	0.32495125	0.343994464	0.305908036
1522	0.3251072	0.344083915	0.306130485
1523	0.325271125	0.344231436	0.306310814
1524	0.32543795	0.344383034	0.306492866
1525	0.325592625	0.344517993	0.306667257
1526	0.325746175	0.344660798	0.306831552
1527	0.325889225	0.344771624	0.307006826
1528	0.326024225	0.344864938	0.307183512
1529	0.32617895	0.344993711	0.307364189
1530	0.326338675	0.345128289	0.307549061
1531	0.326448275	0.345191462	0.307705088
1532	0.3265488	0.345243019	0.307854581
1533	0.32669995	0.34536956	0.30803034
1534	0.32686165	0.34551529	0.30820801
1535	0.327014175	0.34564455	0.3083838
1536	0.327169325	0.345776659	0.308561991
1537	0.32729465	0.345891371	0.308697929
1538	0.327405675	0.345988859	0.308822491
1539	0.327525725	0.346106237	0.308945213
1540	0.327650075	0.346235475	0.309064675
1541	0.327779725	0.346345433	0.309214017
1542	0.327913525	0.346449235	0.309377815
1543	0.328035325	0.346585777	0.309484873
1544	0.328150575	0.346737341	0.309563809
1545	0.328286925	0.346871478	0.309702372
1546	0.3284331	0.346996218	0.309869982
1547	0.3285285	0.347088704	0.309968296
1548	0.32860055	0.347164119	0.310036981
1549	0.328707625	0.347270486	0.310144764
1550	0.328835075	0.347396953	0.310273197
1551	0.328959525	0.347530066	0.310388984
1552	0.3290767	0.347661966	0.310491434
1553	0.329164075	0.347755891	0.310572259
1554	0.32923935	0.347833095	0.310645605
1555	0.329340525	0.347948343	0.310732707
1556	0.329455125	0.348084297	0.310825953
1557	0.329584	0.348210855	0.310957145
1558	0.32971965	0.348326126	0.311113174
1559	0.3298648	0.348467929	0.311261671
1560	0.33001955	0.348631854	0.311407246
1561	0.330110975	0.348695758	0.311526192
1562	0.3301653	0.348703067	0.311627533
1563	0.3302628	0.348779213	0.311746387
1564	0.330382775	0.348892575	0.311872975
1565	0.3305295	0.349045357	0.312013643
1566	0.330695075	0.349223087	0.312167063
1567	0.3308056	0.34934015	0.31227105
1568	0.330884025	0.349420633	0.312347417
1569	0.330964175	0.349518915	0.312409435
1570	0.331049775	0.349636287	0.312463263
1571	0.33112145	0.349703483	0.312539417
1572	0.3311773	0.349728793	0.312625807
1573	0.331290775	0.349844464	0.312737086
1574	0.33144775	0.350024118	0.312871382
1575	0.33158615	0.350184601	0.312987699
1576	0.3317107	0.350337178	0.313084222
1577	0.33184875	0.350458199	0.313239301
1578	0.3319912	0.350547138	0.313435262
1579	0.332104475	0.350626966	0.313581984
1580	0.33220565	0.350711906	0.313699394
1581	0.332314625	0.350800576	0.313828674
1582	0.3324263	0.350890561	0.313962039
1583	0.332560775	0.351025248	0.314096302
1584	0.332709775	0.351189666	0.314229884
1585	0.332851275	0.351369622	0.314332928
1586	0.332988975	0.351557201	0.314420749
1587	0.333160575	0.351756867	0.314564283
1588	0.3333519	0.351966214	0.314737586
1589	0.33347635	0.352061722	0.314890978
1590	0.333562175	0.352083513	0.315040837
1591	0.3336373	0.352134374	0.315140226
1592	0.333698675	0.352200356	0.315196994
1593	0.333812775	0.352320772	0.315304778
1594	0.333966225	0.3524794	0.31545305
1595	0.3341081	0.35264043	0.31557577
1596	0.334244	0.352806279	0.315681721
1597	0.334372175	0.352951699	0.315792651
1598	0.3344938	0.353081179	0.315906421
1599	0.33460205	0.353170006	0.316034094
1600	0.3346995	0.353231476	0.316167524
1601	0.334796675	0.353320904	0.316272446
1602	0.33489615	0.353428259	0.316364041
1603	0.335001275	0.353561195	0.316441355
1604	0.335111075	0.353715489	0.316506661
1605	0.335224375	0.353842531	0.316606219
1606	0.3353414	0.353952819	0.316729981
1607	0.335499675	0.354112104	0.316887246
1608	0.335681325	0.354300867	0.317061783
1609	0.335842475	0.3544502	0.31723475
1610	0.335991	0.354574284	0.317407716
1611	0.33611755	0.354714654	0.317520446
1612	0.3362327	0.354864872	0.317600528
1613	0.3363683	0.354991855	0.317744745
1614	0.336515725	0.35510945	0.317922
1615	0.336685875	0.355260888	0.318110862
1616	0.3368677	0.355429867	0.318305533
1617	0.33701555	0.35556519	0.31846591
1618	0.337145075	0.355680624	0.318609526
1619	0.3373234	0.355853536	0.318793264
1620	0.3375251	0.35605535	0.31899485
1621	0.337678725	0.356204365	0.319153085
1622	0.337810675	0.356329651	0.319291699
1623	0.33794895	0.356452447	0.319445453
1624	0.33808985	0.356574759	0.319604941
1625	0.33829005	0.356785636	0.319794464
1626	0.338513375	0.357030761	0.319995989
1627	0.338676825	0.357206889	0.320146761
1628	0.3388185	0.357357992	0.320279008
1629	0.3389261	0.357475206	0.320376994
1630	0.339022175	0.357581185	0.320463165
1631	0.33913375	0.357679955	0.320587545
1632	0.33925135	0.357777582	0.320725118
1633	0.3393964	0.357946522	0.320846278
1634	0.3395501	0.358137669	0.320962531
1635	0.3396816	0.358296758	0.321066442
1636	0.33980905	0.358450138	0.321167962
1637	0.3399151	0.358537154	0.321293046
1638	0.3400169	0.358607883	0.321425917
1639	0.3402001	0.358787324	0.321612876
1640	0.340402425	0.35899228	0.32181257
1641	0.340501675	0.359111858	0.321891492
1642	0.340581675	0.35921683	0.32194652
1643	0.340690025	0.359303394	0.322076656
1644	0.340802475	0.359384455	0.322220495
1645	0.340939175	0.359521918	0.322356432
1646	0.3410818	0.359671685	0.322491915
1647	0.341286725	0.359896267	0.322677183
1648	0.34149685	0.360126776	0.322866924
1649	0.34164035	0.360260664	0.323020036
1650	0.3417802	0.360390243	0.323170157
1651	0.3419619	0.360604915	0.323318885
1652	0.34214585	0.360824549	0.323467151
1653	0.34230115	0.360982052	0.323620248
1654	0.342451525	0.36113229	0.32377076
1655	0.342524225	0.361211974	0.323836476
1656	0.342605225	0.361300368	0.323910082
1657	0.3428425	0.36152138	0.32416362
1658	0.3430753	0.361737026	0.324413574
1659	0.343155325	0.361834984	0.324475666
1660	0.3432383	0.361938665	0.324537935
1661	0.34342535	0.362127876	0.324722824
1662	0.34360985	0.362314098	0.324905602
1663	0.3437488	0.362468705	0.325028895
1664	0.343891975	0.362624532	0.325159418
1665	0.34408785	0.362792459	0.325383241
1666	0.34427035	0.362945569	0.325595131
1667	0.344311475	0.362966428	0.325656522
1668	0.34437225	0.363013253	0.325731247
1669	0.3445584	0.36320383	0.32591297
1670	0.3447393	0.363385112	0.326093488
1671	0.344886825	0.363513731	0.326259919
1672	0.34503535	0.363639831	0.326430869
1673	0.34520245	0.363789535	0.326615365
1674	0.345373825	0.36394591	0.32680174
1675	0.34553205	0.364072045	0.326992055
1676	0.345681225	0.364210159	0.327152291
1677	0.345821	0.364407714	0.327234286
1678	0.345989975	0.364616369	0.327363581
1679	0.34622175	0.364839552	0.327603948
1680	0.346422675	0.365044082	0.327801268
1681	0.3465602	0.365214831	0.327905569
1682	0.34669575	0.365369193	0.328022307
1683	0.34682215	0.365485227	0.328159073
1684	0.346965925	0.365637451	0.328294399
1685	0.3471342	0.365846286	0.328422114
1686	0.34730705	0.366059638	0.328554462
1687	0.347492875	0.366280529	0.328705221
1688	0.34767395	0.366449832	0.328898068
1689	0.3478424	0.366551647	0.329133153
1690	0.348009675	0.366708413	0.329310937
1691	0.3481812	0.366935371	0.329427029
1692	0.3483577	0.367138327	0.329577073
1693	0.34854025	0.367314199	0.329766301
1694	0.348730875	0.367516072	0.329945678
1695	0.34891815	0.367729017	0.330107283
1696	0.349066425	0.367875829	0.330257021
1697	0.349193725	0.36798774	0.33039971
1698	0.349344125	0.368159571	0.330528679
1699	0.349509825	0.368370075	0.330649575
1700	0.349629325	0.36852232	0.33073633
1701	0.349719675	0.368629326	0.330810024
1702	0.3498717	0.368773086	0.330970314
1703	0.35006205	0.36894751	0.33117659
1704	0.3502038	0.369100665	0.331306935
1705	0.350321575	0.369245016	0.331398134
1706	0.350398575	0.369322682	0.331474468
1707	0.35045595	0.369364639	0.331547261
1708	0.35061365	0.369510924	0.331716376
1709	0.350812475	0.369710067	0.331914883
1710	0.35095385	0.369898582	0.332009118
1711	0.351076025	0.370071319	0.332080731
1712	0.3512147	0.370201253	0.332228147
1713	0.351359025	0.370331159	0.332386891
1714	0.3514169	0.370409643	0.332424157
1715	0.351474075	0.370489426	0.332458724
1716	0.351602725	0.370592952	0.332612498
1717	0.351726225	0.370696404	0.332756046
1718	0.35175535	0.370783539	0.332727161
1719	0.351784675	0.370865604	0.332703746
1720	0.3518903	0.3709855	0.3327951
1721	0.352009775	0.371118571	0.332900979
1722	0.35210545	0.371210013	0.333000887
1723	0.3521749	0.371277157	0.333072643
1724	0.352218825	0.371379484	0.333058166
1725	0.35231525	0.371526093	0.333104407
1726	0.35251795	0.371733048	0.333302852
1727	0.352670975	0.371908111	0.333433839
1728	0.352700475	0.37197185	0.3334291
1729	0.35273605	0.372011186	0.333460914
1730	0.35281075	0.372026903	0.333594597
1731	0.352889675	0.372087439	0.333691911
1732	0.3529201	0.372181632	0.333658568
1733	0.352974275	0.372291971	0.333656579
1734	0.353111275	0.372478575	0.333743975
1735	0.353222775	0.372621028	0.333824522
1736	0.3532708	0.372647611	0.333893989
1737	0.353302275	0.372679388	0.333925162
1738	0.353324925	0.372761696	0.333888154
1739	0.353327425	0.372806552	0.333848298
1740	0.353314125	0.372805974	0.333822276
1741	0.35335925	0.372819707	0.333898793
1742	0.353442175	0.372846671	0.334037679
1743	0.353452075	0.372871183	0.334032967
1744	0.3534173	0.372889233	0.333945367
1745	0.353475625	0.372957637	0.333993613
1746	0.35357305	0.373031101	0.334114999
1747	0.35362065	0.373074649	0.334166651
1748	0.353659125	0.373122267	0.334195983
1749	0.353663525	0.37313076	0.33419629
1750	0.353670475	0.373147178	0.334193772
1751	0.353739225	0.3732506	0.33422785
1752	0.353804075	0.373359549	0.334248601
1753	0.354007325	0.373510838	0.334503812
1754	0.35421995	0.373649069	0.334790831
1755	0.354283075	0.373733459	0.334832691
1756	0.3543192	0.373803262	0.334835138
1757	0.3542838	0.37387144	0.33469616
1758	0.3542856	0.373982325	0.334588875
1759	0.35433345	0.373993142	0.334673758
1760	0.35434165	0.373976484	0.334706816
1761	0.3542716	0.373977362	0.334565838
1762	0.354229325	0.373992716	0.334465934
1763	0.3543792	0.374236391	0.334522009
1764	0.35450905	0.374476245	0.334541855
1765	0.35453155	0.37460897	0.33445413
1766	0.354555625	0.374691834	0.334419416
1767	0.354562175	0.374619635	0.334504715
1768	0.35454855	0.374576114	0.334520986
1769	0.354507775	0.374619413	0.334396137
1770	0.35448785	0.374706248	0.334269452
1771	0.35443505	0.374767263	0.334102837
1772	0.3543613	0.37479929	0.33392331
1773	0.3543708	0.374943989	0.333797611
1774	0.3543605	0.374991855	0.333729145
1775	0.35425005	0.374841472	0.333658628
1776	0.354234325	0.374937655	0.333530995
1777	0.3543271	0.375265458	0.333388742
1778	0.354277775	0.37533805	0.3332175
1779	0.3541162	0.375227565	0.333004835
1780	0.353963525	0.375168248	0.332758802
1781	0.3538615	0.37517714	0.33254586
1782	0.35387105	0.375316476	0.332425624
1783	0.353849925	0.375446614	0.332253236
1784	0.3538661	0.375599197	0.332133003
1785	0.35392145	0.375766078	0.332076822
1786	0.3538728	0.375836319	0.331909281
1787	0.353820475	0.375922968	0.331717982
1788	0.353822075	0.37606694	0.33157721
1789	0.353813175	0.376239416	0.331386934
1790	0.3536344	0.376430664	0.330838136
1791	0.3533834	0.376538985	0.330227815
1792	0.353157875	0.376345316	0.329970434
1793	0.352962925	0.37621844	0.32970741
1794	0.3527502	0.376202424	0.329297976
1795	0.3525304	0.376279803	0.328780997
1796	0.35231555	0.376497684	0.328133416
1797	0.352021375	0.376650478	0.327392272
1798	0.35175055	0.376915591	0.326585509
1799	0.351480675	0.37711916	0.32584219
1800	0.350925075	0.376787176	0.325062974
1801	0.350811025	0.374882476	0.326739574
1802	0.35004595	0.375885909	0.324205991
1803	0.34845535	0.374622111	0.322288589
1804	0.34581125	0.372268695	0.319353805
1805	0.3432379	0.370645914	0.315829886
1806	0.34184635	0.371382136	0.312310564
1807	0.3400568	0.370294999	0.309818601
1808	0.333985475	0.365479983	0.302490967
1809	0.331846825	0.363874557	0.299819093
1810	0.335153125	0.369621198	0.300685052
1811	0.3344425	0.37178155	0.29710345
1812	0.3335832	0.37168191	0.29548449
1813	0.335704475	0.374908346	0.296500604
1814	0.3396289	0.381663581	0.297594219
1815	0.340633825	0.386256554	0.295011096
1816	0.335922125	0.37986917	0.29197508
1817	0.332511625	0.375195254	0.289827996
1818	0.3374982	0.382583886	0.292412514
1819	0.347010275	0.398614046	0.295406504
1820	0.354430375	0.411207229	0.297653521
1821	0.36161775	0.422315364	0.300920136
1822	0.371273575	0.439535976	0.303011174
1823	0.377254825	0.454356283	0.300153367
1824	0.37005555	0.447477379	0.292633721
1825	0.351145625	0.426066227	0.276225023
1826	0.332418225	0.407773052	0.257063398
1827	0.3415474	0.416161729	0.266933071
1828	0.376364675	0.455158358	0.297570992
1829	0.413527625	0.509887448	0.317167802
1830	0.436585525	0.567198654	0.305972396
1831	0.45584485	0.62569845	0.28599125
1832	0.480225375	0.673348167	0.287102583
1833	0.4419552	0.654614507	0.229295893
1834	0.3729929	0.569424817	0.176560983
1835	0.335591675	0.524220361	0.146962989
1836	0.3004955	0.491600975	0.109390025
1837	0.31146745	0.531244114	0.091690786
1838	0.414968825	0.705763903	0.124173747
1839	0.777709125	1.398582871	0.156835379
1840	1.6321796	3.166226733	0.098132467
1841	2.2015722	4.270878183	0.132266217
1842	1.73152675	3.159918427	0.303135073
1843	0.98173265	1.747101706	0.216363594
1844	0.708537175	1.364518564	0.052555786
1845	0.631718325	1.148349233	0.115087417
1846	0.755455075	1.281271627	0.229638523
1847	1.13021855	1.971918364	0.288518736
1848	1.5622893	2.977552608	0.147025992
1849	1.089521325	1.893773466	0.285269184
1850	0.8186774	1.29673612	0.34061868
1851	0.86709185	1.353313901	0.380869799
1852	0.856669175	1.357558941	0.355779409
1853	0.638949125	1.027429584	0.250468666
1854	0.524745	0.815115746	0.234374254
1855	0.456365625	0.698999151	0.213732099
1856	0.39483755	0.601064358	0.188610742
1857	0.370302675	0.600810136	0.139795214
1858	0.373608975	0.572110342	0.175107608
1859	0.401254425	0.611982606	0.190526244
1860	0.41424425	0.647469024	0.181019476
1861	0.383784875	0.617965315	0.149604435
1862	0.347140475	0.583429628	0.110851322
1863	0.393128	0.632471756	0.153784244
1864	0.449928	0.750562708	0.149293292
1865	0.367178025	0.577776015	0.156580035
1866	0.309921025	0.494576787	0.125265263
1867	0.305938175	0.486984369	0.124891981
1868	0.36974975	0.659433562	0.080065938
1869	0.307150425	0.54268638	0.07161447
1870	0.23988215	0.418785975	0.060978325
1871	0.24279745	0.431449884	0.054145016
1872	0.3119049	0.505943712	0.117866088
1873	0.412430725	0.640104955	0.184756495
1874	0.4632123	0.739107478	0.187317122
1875	0.532599875	0.934775472	0.130424278
1876	0.394365725	0.596223115	0.192508335
1877	0.33109755	0.468171492	0.194023608
1878	0.40047745	0.548628299	0.252326601
1879	0.56442895	0.742649027	0.386208873
1880	0.711893075	0.90625059	0.51753556
1881	0.658797025	0.848468719	0.469125331
1882	0.58940215	0.789418366	0.389385934
1883	0.445703375	0.58914135	0.3022654
1884	0.364824125	0.481903899	0.247744351
1885	0.358027525	0.466405361	0.249649689
1886	0.367482925	0.476047727	0.258918123
1887	0.341483775	0.423033629	0.259933921
1888	0.31061245	0.373626525	0.247598375
1889	0.295728	0.35302596	0.23843004
1890	0.304091475	0.363737859	0.244445091
1891	0.320880575	0.399176153	0.242584997
1892	0.323431925	0.397526791	0.249337059
1893	0.322828175	0.403921898	0.241734452
1894	0.32452085	0.407216464	0.241825236
1895	0.335573525	0.445901718	0.225245332
1896	0.330727325	0.444760477	0.216694173
1897	0.324477075	0.449533629	0.199420521
1898	0.33980355	0.47479155	0.20481555
1899	0.391285875	0.543683355	0.238888395
1900	0.476140975	0.676744991	0.275536959
1901	0.522832075	0.737717194	0.307946956
1902	0.562881775	0.81986109	0.30590246
1903	0.57137925	0.891459721	0.251298779
1904	0.6807565	1.197637452	0.163875548
1905	0.5843068	1.024217687	0.144395913
1906	0.445663725	0.750469985	0.140857465
1907	0.4481036	0.725509292	0.170697908
1908	0.552911525	0.901165542	0.204657508
1909	0.5412159	0.876273057	0.206158743
1910	0.365525625	0.546667838	0.184383412
1911	0.2974672	0.424744821	0.170189579
1912	0.29127375	0.380997312	0.201550188
1913	0.2895814	0.367027585	0.212135215
1914	0.2941486	0.361313007	0.226984193
1915	0.29896005	0.363237939	0.234682161
1916	0.30566515	0.367310054	0.244020246
1917	0.3137196	0.376692018	0.250747182
1918	0.3220886	0.388828024	0.255349176
1919	0.3264075	0.399417498	0.253397502
1920	0.329491275	0.409885633	0.249096917
1921	0.334185375	0.421405897	0.246964853
1922	0.337996125	0.433087878	0.242904372
1923	0.32325825	0.401815045	0.244701455
1924	0.31026875	0.376481943	0.244055557
1925	0.311582275	0.371596026	0.251568524
1926	0.315893725	0.373175569	0.258611881
1927	0.3204667	0.375973497	0.264959903
1928	0.32610295	0.381535277	0.270670623
1929	0.3265303	0.378411731	0.274648869
1930	0.320497875	0.363876612	0.277119138
1931	0.316924625	0.355856547	0.277992703
1932	0.320807225	0.359996489	0.281617961
1933	0.32415325	0.36499803	0.28330847
1934	0.32604755	0.366660159	0.285434941
1935	0.32775375	0.368895572	0.286611928
1936	0.325617025	0.366499755	0.284734295
1937	0.3219729	0.363358466	0.280587334
1938	0.3191689	0.359963579	0.278374221
1939	0.3175149	0.35672642	0.27830338
1940	0.31723485	0.355681066	0.278788634
1941	0.318763525	0.35644498	0.28108207
1942	0.319922525	0.357166859	0.282678191
1943	0.3232799	0.359965532	0.286594268
1944	0.3263764	0.362828242	0.289924558
1945	0.326875625	0.36171486	0.29203639
1946	0.3267736	0.360034813	0.293512387
1947	0.327467925	0.360559897	0.294375953
1948	0.32857035	0.36229127	0.29484943
1949	0.329080875	0.363155839	0.295005911
1950	0.328680825	0.362806456	0.294555194
1951	0.3281208	0.362269825	0.293971775
1952	0.327011375	0.360266094	0.293756656
1953	0.3259568	0.358503883	0.293409717
1954	0.327319275	0.359579056	0.295059494
1955	0.328661525	0.36077457	0.29654848
1956	0.3312368	0.362614365	0.299859235
1957	0.3339557	0.364594005	0.303317395
1958	0.33526	0.364440968	0.306079032
1959	0.335556375	0.362920866	0.308191884
1960	0.3359933	0.362374619	0.309611981
1961	0.33665015	0.363135896	0.310164404
1962	0.337326375	0.363985323	0.310667427
1963	0.338495875	0.365422304	0.311569446
1964	0.3395042	0.366730821	0.312277579
1965	0.3397353	0.365880604	0.313589996
1966	0.339924075	0.365102947	0.314745203
1967	0.340584775	0.365250024	0.315919526
1968	0.3412945	0.365656941	0.316932059
1969	0.3414854	0.365484445	0.317486355
1970	0.34131585	0.364827365	0.317804335
1971	0.341367325	0.364404564	0.318330086
1972	0.34194905	0.364606113	0.319291987
1973	0.342659075	0.36504861	0.32026954
1974	0.34445185	0.36693948	0.32196422
1975	0.346118375	0.368718141	0.323518609
1976	0.3467153	0.369465599	0.323965001
1977	0.347134875	0.370044314	0.324225436
1978	0.3470193	0.370180911	0.323857689
1979	0.346766125	0.370231486	0.323300764
1980	0.3470681	0.370473408	0.323662792
1981	0.347793375	0.370819618	0.324767132
1982	0.348469325	0.371277109	0.325661541
1983	0.34918145	0.372008213	0.326354687
1984	0.3497999	0.372682725	0.326917075
1985	0.34985135	0.372926319	0.326776381
1986	0.349902025	0.373172747	0.326631303
1987	0.34986445	0.373082428	0.326646472
1988	0.34982725	0.373011444	0.326643056
1989	0.350330575	0.373370809	0.327290341
1990	0.3509854	0.373852963	0.328117837
1991	0.3516732	0.374647522	0.328698878
1992	0.352457225	0.375782306	0.329132144
1993	0.3531335	0.376673239	0.329593761
1994	0.353580675	0.377029791	0.330131559
1995	0.3540516	0.377391951	0.330711249
1996	0.3542957	0.37737576	0.33121564
1997	0.35459715	0.377420514	0.331773786
1998	0.3554153	0.37848682	0.33234378
1999	0.356412275	0.379854663	0.332969887
2000	0.356188075	0.379060717	0.333315433
2001	0.35560465	0.377479363	0.333729937
2002	0.35558685	0.377150314	0.334023386
2003	0.35574875	0.377669429	0.333828071
2004	0.3561728	0.378342754	0.334002846
2005	0.357635375	0.379686279	0.335584471
2006	0.359244075	0.381282565	0.337205585
2007	0.36066455	0.383365834	0.337963266
2008	0.362058975	0.385521609	0.338596341
2009	0.362996725	0.386842794	0.339150656
2010	0.36385555	0.388053163	0.339657937
2011	0.36287555	0.386195646	0.339555454
2012	0.361659425	0.384114109	0.339204741
2013	0.36166925	0.384152674	0.339185826
2014	0.362036825	0.384990934	0.339082716
2015	0.3624775	0.386087505	0.338867495
2016	0.363188	0.387166571	0.339209429
2017	0.363645375	0.387594359	0.339696391
2018	0.363869675	0.387489918	0.340249432
2019	0.3641778	0.387526389	0.340829211
2020	0.36489915	0.387828292	0.341970008
2021	0.365538675	0.388129324	0.342948026
2022	0.366165425	0.388943892	0.343386958
2023	0.36676375	0.389785822	0.343741678
2024	0.3677602	0.390938424	0.344581976
2025	0.36880075	0.39211088	0.34549062
2026	0.369608175	0.392721944	0.346494406
2027	0.3702648	0.393046853	0.347482747
2028	0.37069045	0.393218067	0.348162833
2029	0.370799975	0.393093378	0.348506572
2030	0.37094105	0.393192344	0.348689756
2031	0.371273425	0.393657232	0.348889618
2032	0.37161955	0.394048769	0.349190331
2033	0.371949675	0.394244747	0.349654603
2034	0.37223975	0.394471537	0.350007963
2035	0.372562625	0.394699384	0.350425866
2036	0.372968775	0.394974034	0.350963516
2037	0.373597725	0.395628559	0.351566891
2038	0.374195225	0.396264015	0.352126435
2039	0.37448585	0.396485142	0.352486558
2040	0.37455775	0.396450411	0.352665089
2041	0.3747526	0.39662057	0.35288463
2042	0.374983	0.396979043	0.352986957
2043	0.375136875	0.397242082	0.353031668
2044	0.375712325	0.397777978	0.353646672
2045	0.376354425	0.398378919	0.354329931
2046	0.3763335	0.398268495	0.354398505
2047	0.3760969	0.397927341	0.354266459
2048	0.3764795	0.398297148	0.354661852
2049	0.377113425	0.399012784	0.355214066
2050	0.3776477	0.399660892	0.355634508
2051	0.3780448	0.400200295	0.355889305
2052	0.378614125	0.400924376	0.356303874
2053	0.37939345	0.401775829	0.357011071
2054	0.3797607	0.402171776	0.357349624
2055	0.379058225	0.401080089	0.357036361
2056	0.3784587	0.40012226	0.35679514
2057	0.378443975	0.400167169	0.356720781
2058	0.378510525	0.400362962	0.356658088
2059	0.37890915	0.400865808	0.356952492
2060	0.379372625	0.401438716	0.357306534
2061	0.3795997	0.401324153	0.357875247
2062	0.379730925	0.401006058	0.358455792
2063	0.37959275	0.400616648	0.358568852
2064	0.3792831	0.400159159	0.358407041
2065	0.37918835	0.399959122	0.358417578
2066	0.379338975	0.400045546	0.358632404
2067	0.379618375	0.400397958	0.358838792
2068	0.38055275	0.401593986	0.359511514
2069	0.381510775	0.402830431	0.360191119
2070	0.3821372	0.403910304	0.360364096
2071	0.382560025	0.404777308	0.360342742
2072	0.3823222	0.404619912	0.360024488
2073	0.38207235	0.404418412	0.359726288
2074	0.38240435	0.404657213	0.360151487
2075	0.382735	0.404685169	0.360784831
2076	0.382879525	0.404732606	0.361026444
2077	0.3830892	0.405072802	0.361105598
2078	0.383453825	0.405354025	0.361553625
2079	0.383848725	0.405515555	0.362181895
2080	0.384177075	0.405659607	0.362694543
2081	0.3842672	0.405776106	0.362758294
2082	0.38430175	0.405874588	0.362728912
2083	0.384361025	0.405895374	0.362826676
2084	0.3845068	0.406016742	0.362996858
2085	0.384948175	0.406664362	0.363231988
2086	0.3853776	0.407340401	0.363414799
2087	0.38533515	0.407322591	0.363347709
2088	0.385244525	0.407168308	0.363320742
2089	0.38544345	0.407364939	0.363521961
2090	0.38565165	0.407666334	0.363636966
2091	0.38570945	0.407679276	0.363739624
2092	0.3857441	0.407556581	0.363931619
2093	0.3858457	0.407639641	0.364051759
2094	0.386205625	0.408137922	0.364273328
2095	0.38656315	0.408580484	0.364545816
2096	0.38687915	0.409062166	0.364696134
2097	0.387173475	0.409530812	0.364816138
2098	0.38738575	0.409766646	0.365004854
2099	0.387647375	0.410023715	0.365271035
2100	0.3882028	0.41051049	0.36589511
2101	0.3887089	0.41090028	0.36651752
2102	0.3887377	0.410767963	0.366707437
2103	0.38869555	0.410554536	0.366836564
2104	0.388794125	0.410646742	0.366941508
2105	0.38908915	0.411105364	0.367072936
2106	0.3892797	0.411320923	0.367238477
2107	0.3893079	0.411203123	0.367412677
2108	0.3893488	0.411146924	0.367550676
2109	0.389162425	0.410871037	0.367453813
2110	0.389023375	0.410659882	0.367386868
2111	0.38919625	0.410724833	0.367667667
2112	0.38944575	0.410871945	0.368019555
2113	0.3899832	0.411475918	0.368490482
2114	0.390602125	0.412217946	0.368986304
2115	0.3912263	0.413011455	0.369441145
2116	0.391858475	0.413910576	0.369806374
2117	0.392209575	0.414343478	0.370075672
2118	0.3922864	0.414315414	0.370257386
2119	0.392193225	0.414024162	0.370362288
2120	0.392200975	0.413751648	0.370650302
2121	0.392378675	0.413741416	0.371015934
2122	0.3925088	0.413916984	0.371100616
2123	0.39258955	0.414053051	0.371126049
2124	0.392527625	0.414127033	0.370928217
2125	0.392477225	0.414322153	0.370632297
2126	0.392605775	0.414740551	0.370470999
2127	0.392731075	0.415097005	0.370365145
2128	0.393027375	0.415418783	0.370635967
2129	0.3934644	0.415828775	0.371100025
2130	0.393677875	0.415918759	0.371436991
2131	0.39359725	0.415721829	0.371472671
2132	0.393671975	0.415878705	0.371465245
2133	0.393821925	0.416262469	0.371381381
2134	0.39394905	0.416444142	0.371453958
2135	0.39426935	0.416559472	0.371979228
2136	0.3945465	0.41664129	0.37245171
2137	0.394756075	0.41672454	0.37278761
2138	0.395042975	0.416929807	0.373156143
2139	0.39510755	0.417003702	0.373211398
2140	0.39502005	0.416966545	0.373073555
2141	0.3947107	0.41680377	0.37261763
2142	0.3943845	0.416596286	0.372172714
2143	0.3940473	0.416174226	0.371920374
2144	0.393751925	0.415763185	0.371740665
2145	0.393589725	0.41563034	0.37154911
2146	0.393392975	0.415549221	0.371236729
2147	0.3933011	0.415539882	0.371062318
2148	0.3933246	0.415535225	0.371113975
2149	0.3933979	0.41558076	0.37121504
2150	0.393594625	0.415779898	0.371409352
2151	0.3937102	0.415923329	0.371497071
2152	0.39354205	0.415912374	0.371171726
2153	0.393168375	0.415578321	0.370758429
2154	0.392886875	0.415203652	0.370570098
2155	0.392750925	0.415029358	0.370472492
2156	0.392545775	0.414849471	0.370242079
2157	0.392246875	0.414560834	0.369932916
2158	0.391846825	0.414115604	0.369578046
2159	0.391479525	0.41374071	0.36921834
2160	0.39119385	0.413554258	0.368833442
2161	0.390872475	0.413319349	0.368425601
2162	0.390184075	0.412565919	0.367802231
2163	0.38935855	0.411606443	0.367110657
2164	0.388704375	0.410788187	0.366620563
2165	0.38824215	0.410198137	0.366286163
2166	0.38798045	0.409950881	0.366010019
2167	0.387780875	0.409763999	0.365797751
2168	0.387396175	0.409284952	0.365507398
2169	0.38670805	0.408582164	0.364833936
2170	0.386078975	0.407916738	0.364241212
2171	0.38559005	0.407452654	0.363727446
2172	0.385044375	0.406965169	0.363123581
2173	0.384409225	0.406260139	0.362558311
2174	0.383877225	0.405656187	0.362098263
2175	0.3835229	0.405360419	0.361685381
2176	0.38312885	0.405025449	0.361232251
2177	0.382707675	0.404494772	0.360920578
2178	0.3823504	0.404027072	0.360673728
2179	0.38192045	0.403709608	0.360131292
2180	0.381326225	0.403284797	0.359367653
2181	0.3804115	0.402470965	0.358352035
2182	0.3796962	0.401884238	0.357508162
2183	0.379425225	0.4017197	0.35713075
2184	0.379256475	0.401467926	0.357045024
2185	0.3787524	0.400979277	0.356525523
2186	0.378012275	0.400427104	0.355597446
2187	0.37726415	0.399783854	0.354744446
2188	0.3764787	0.39892324	0.35403416
2189	0.375702	0.398063029	0.353340971
2190	0.3750301	0.397377551	0.352682649
2191	0.3745715	0.396883762	0.352259238
2192	0.3742475	0.396471213	0.352023787
2193	0.373866375	0.395987019	0.351745731
2194	0.373486325	0.395505105	0.351467545
2195	0.37305255	0.395023605	0.351081495
2196	0.372555	0.394627488	0.350482512
2197	0.372242025	0.394409903	0.350074147
2198	0.371772575	0.393882677	0.349662473
2199	0.370992	0.393037445	0.348946555
2200	0.3701744	0.392351756	0.347997044
2201	0.3695563	0.391901586	0.347211014
2202	0.369128925	0.391323924	0.346933926
2203	0.368992	0.390836683	0.347147317
2204	0.36907635	0.390758202	0.347394498
2205	0.369051375	0.390546691	0.347556059
2206	0.36901245	0.390410437	0.347614463
2207	0.368887725	0.390492109	0.347283341
2208	0.368776025	0.390467383	0.347084667
2209	0.3690229	0.390830964	0.347214836
2210	0.36928745	0.391249502	0.347325398
2211	0.3692624	0.391156185	0.347368615
2212	0.369194075	0.39100296	0.34738519
2213	0.3692559	0.391099983	0.347411817
2214	0.36935365	0.391214644	0.347492656
2215	0.369589925	0.391481972	0.347697878
2216	0.36990295	0.391967709	0.347838191
2217	0.36992065	0.39224711	0.34759419
2218	0.3697659	0.392244545	0.347287255
2219	0.3699453	0.392474133	0.347416467
2220	0.3703305	0.392888688	0.347772312
2221	0.370445175	0.392945003	0.347945347
2222	0.37047085	0.392912387	0.348029313
2223	0.370674825	0.392986659	0.348362991
2224	0.3707995	0.392981777	0.348617223
2225	0.370757675	0.393024215	0.348491135
2226	0.3709024	0.393308966	0.348495834
2227	0.37105565	0.393457802	0.348653498
2228	0.3712241	0.393636728	0.348811472
2229	0.371668225	0.394254719	0.349081731
2230	0.3721322	0.394997745	0.349266655
2231	0.37233935	0.395400353	0.349278347
2232	0.3720979	0.395147386	0.349048414
2233	0.371719375	0.394709343	0.348729407
2234	0.37108545	0.393845266	0.348325634
2235	0.3705926	0.393108206	0.348076994
2236	0.37061895	0.393056194	0.348181706
2237	0.370718525	0.393138652	0.348298398
2238	0.370849525	0.393381821	0.348317229
2239	0.37078835	0.393525247	0.348051453
2240	0.370713525	0.393532176	0.347894874
2241	0.3706021	0.393304654	0.347899546
2242	0.3704752	0.392996517	0.347953883
2243	0.37071685	0.393204866	0.348228834
2244	0.3707473	0.393193632	0.348300968
2245	0.370404225	0.392842199	0.347966251
2246	0.370215025	0.392807237	0.347622813
2247	0.3700972	0.392711479	0.347482921
2248	0.36987295	0.392468071	0.347277829
2249	0.3695354	0.392157339	0.346913461
2250	0.369342325	0.391894241	0.346790409
2251	0.369565075	0.39205327	0.34707688
2252	0.369816425	0.392397649	0.347235201
2253	0.370089775	0.39288372	0.34729583
2254	0.370373425	0.393310067	0.347436783
2255	0.370492875	0.393501693	0.347484057
2256	0.370561325	0.393668465	0.347454185
2257	0.3708061	0.394021913	0.347590287
2258	0.371091675	0.394441247	0.347742103
2259	0.371458425	0.394993706	0.347923144
2260	0.3718987	0.395651659	0.348145741
2261	0.371895675	0.395729034	0.348062316
2262	0.371728725	0.3955039	0.34795355
2263	0.3713359	0.394931321	0.347740479
2264	0.370739	0.394151364	0.347326636
2265	0.3703483	0.39360817	0.34708843
2266	0.3701454	0.39328369	0.34700711
2267	0.36994945	0.393074978	0.346823922
2268	0.3697873	0.392992926	0.346581674
2269	0.369703575	0.393004418	0.346402732
2270	0.370004	0.393618508	0.346389492
2271	0.3703126	0.394285098	0.346340102
2272	0.37100785	0.395228095	0.346787605
2273	0.371646825	0.396066396	0.347227254
2274	0.371638975	0.396012565	0.347265385
2275	0.371510675	0.395796131	0.347225219
2276	0.37100715	0.395367987	0.346646313
2277	0.370524075	0.395062891	0.345985259
2278	0.3707004	0.395363401	0.346037399
2279	0.370993375	0.395651511	0.346335239
2280	0.371016125	0.395336063	0.346696187
2281	0.370980675	0.394961416	0.346999934
2282	0.3708777	0.394726445	0.347028955
2283	0.370767725	0.394573252	0.346962198
2284	0.370997425	0.394831612	0.347163238
2285	0.3712318	0.395101402	0.347362198
2286	0.3707233	0.394549393	0.346897207
2287	0.3699532	0.39359565	0.34631075
2288	0.369334225	0.39275283	0.34591562
2289	0.36889965	0.392375702	0.345423598
2290	0.36842335	0.392176776	0.344669924
2291	0.367838625	0.39172469	0.34395256
2292	0.367533275	0.391454883	0.343611667
2293	0.367354325	0.391255789	0.343452861
2294	0.367406975	0.3914109	0.34340305
2295	0.3679753	0.392305067	0.343645533
2296	0.368433875	0.393053118	0.343814632
2297	0.368547825	0.393312907	0.343782743
2298	0.3683539	0.393186743	0.343521057
2299	0.367851425	0.392375647	0.343327203
2300	0.367433275	0.391603044	0.343263506
2301	0.366878125	0.39086932	0.34288693
2302	0.36621375	0.390134678	0.342292822
2303	0.365670025	0.389558929	0.341781121
2304	0.36527385	0.389110558	0.341437142
2305	0.365214725	0.389196683	0.341232767
2306	0.365298125	0.389601372	0.340994878
2307	0.365853975	0.390876031	0.340831919
2308	0.36635495	0.392049161	0.340660739
2309	0.3663618	0.3919911	0.3407325
2310	0.366340675	0.391832145	0.340849205
2311	0.366449225	0.391769743	0.341128707
2312	0.3664097	0.391477235	0.341342165
2313	0.3660999	0.390899581	0.341300219
2314	0.36582485	0.390445564	0.341204136
2315	0.3654146	0.389768969	0.341060231
2316	0.364838725	0.388944771	0.340732679
2317	0.364636975	0.388689971	0.340583979
2318	0.36473485	0.38891759	0.34055211
2319	0.364748975	0.389107322	0.340390628
2320	0.36497795	0.389365266	0.340590634
2321	0.36492495	0.389305403	0.340544497
2322	0.3645117	0.388964437	0.340058963
2323	0.364200225	0.388764778	0.339635672
2324	0.364034175	0.388747167	0.339321183
2325	0.3640266	0.388945672	0.339107528
2326	0.364240075	0.389084585	0.339395565
2327	0.364290725	0.388973077	0.339608373
2328	0.3638916	0.388159714	0.339623486
2329	0.3635818	0.387403981	0.339759619
2330	0.36314115	0.386763048	0.339519252
2331	0.362503425	0.385999792	0.339007058
2332	0.3621572	0.385625602	0.338688798
2333	0.36211665	0.385664343	0.338568957
2334	0.362380025	0.386321321	0.338438729
2335	0.362516125	0.3868731	0.33815915
2336	0.36207245	0.386653865	0.337491035
2337	0.36156085	0.386363949	0.336757751
2338	0.361287175	0.386031588	0.336542762
2339	0.3610438	0.385573733	0.336513867
2340	0.360401175	0.384840529	0.335961821
2341	0.359441275	0.38390291	0.33497964
2342	0.3590896	0.383600315	0.334578885
2343	0.359204625	0.383693466	0.334715784
2344	0.35918465	0.383737396	0.334631904
2345	0.359188825	0.383749195	0.334628455
2346	0.359460125	0.383537975	0.335382275
2347	0.35977495	0.383437658	0.336112242
2348	0.360175525	0.383918574	0.336432476
2349	0.360799075	0.384783085	0.336815065
2350	0.361057025	0.385342912	0.336771138
2351	0.360716675	0.385545978	0.335887372
2352	0.360495725	0.385821526	0.335169924
2353	0.360184025	0.385774582	0.334593468
2354	0.360315075	0.38585589	0.33477426
2355	0.36096985	0.386315757	0.335623943
2356	0.361102525	0.386408279	0.335796771
2357	0.361123025	0.386245585	0.336000465
2358	0.361428225	0.386541625	0.336314825
2359	0.36214035	0.387033443	0.337247257
2360	0.36250265	0.386967612	0.338037688
2361	0.361795475	0.38628526	0.33730569
2362	0.361226825	0.385987333	0.336466317
2363	0.3611244	0.385607451	0.336641349
2364	0.361062675	0.385240641	0.336884709
2365	0.3611837	0.38568669	0.33668071
2366	0.361337675	0.386165017	0.336510333
2367	0.36166	0.386537841	0.336782159
2368	0.362035375	0.386985302	0.337085448
2369	0.361806175	0.386624892	0.336987458
2370	0.361239525	0.386041552	0.336437498
2371	0.360338275	0.385279137	0.335397413
2372	0.3596384	0.384609959	0.334666841
2373	0.3597965	0.385063129	0.334529871
2374	0.360111975	0.385832554	0.334391396
2375	0.36082385	0.386585147	0.335062553
2376	0.3616966	0.38744732	0.33594588
2377	0.362077775	0.387825642	0.336329908
2378	0.362131775	0.387862201	0.336401349
2379	0.3618433	0.388218232	0.335468368
2380	0.361097775	0.388225496	0.333970054
2381	0.35997395	0.38723441	0.33271349
2382	0.359092725	0.386603873	0.331581577
2383	0.358457325	0.385898427	0.331016223
2384	0.357793175	0.384806289	0.330780061
2385	0.357294525	0.38406368	0.33052537
2386	0.3571802	0.383483799	0.330876601
2387	0.357690825	0.384158779	0.331222871
2388	0.35817745	0.385766461	0.330588439
2389	0.358196725	0.386420765	0.329972685
2390	0.358112725	0.38680683	0.32941862
2391	0.357948925	0.386842152	0.329055698
2392	0.357401575	0.385538412	0.329264738
2393	0.35645165	0.38413463	0.32876867
2394	0.355141625	0.382422548	0.327860702
2395	0.354219625	0.380914257	0.327524993
2396	0.354054975	0.380539125	0.327570825
2397	0.3537347	0.380242722	0.327226678
2398	0.35370575	0.380290077	0.327121423
2399	0.3534312	0.379838351	0.327024049
2400	0.351937625	0.377319012	0.326556238
2401	0.35065985	0.375365373	0.325954327
2402	0.350660725	0.376188052	0.325133398
2403	0.350892975	0.377184186	0.324601764
2404	0.350099375	0.376952863	0.323245887
2405	0.349162475	0.376819067	0.321505883
2406	0.34921745	0.377368182	0.321066718
2407	0.34934995	0.378086026	0.320613874
2408	0.34925815	0.37824585	0.32027045
2409	0.34898965	0.378097096	0.319882204
2410	0.34775295	0.377141184	0.318364716
2411	0.3463029	0.376178503	0.316427297
2412	0.345081975	0.375378462	0.314785488
2413	0.344029625	0.374362311	0.313696939
2414	0.34367335	0.372873561	0.314473139
2415	0.343353	0.37162064	0.31508536
2416	0.342934425	0.370703569	0.315165281
2417	0.3424594	0.370189335	0.314729465
2418	0.34143565	0.369726949	0.313144351
2419	0.340485725	0.368753895	0.312217555
2420	0.340862375	0.368619	0.31310575
2421	0.341476525	0.368876242	0.314076808
2422	0.341550825	0.36867585	0.3144258
2423	0.341632775	0.368712601	0.314552949
2424	0.341581775	0.368356221	0.314807329
2425	0.341228225	0.36787944	0.31457701
2426	0.340651275	0.366048872	0.315253678
2427	0.34037255	0.364586537	0.316158563
2428	0.341222575	0.364978709	0.317466441
2429	0.342035825	0.365441709	0.318629941
2430	0.341176225	0.365351218	0.317001232
2431	0.34037135	0.365912426	0.314830274
2432	0.340851525	0.367983891	0.313719159
2433	0.3401442	0.368312105	0.311976295
2434	0.337884375	0.364551167	0.311217583
2435	0.3358783	0.359812646	0.311943954
2436	0.335836025	0.358947856	0.312724194
2437	0.337169075	0.361416395	0.312921755
2438	0.3367364	0.360927347	0.312545453
2439	0.33556845	0.35918563	0.31195127
2440	0.335138275	0.359354364	0.310922186
2441	0.3355065	0.360799583	0.310213417
2442	0.335642225	0.361889219	0.309395231
2443	0.3346414	0.361861452	0.307421348
2444	0.3328673	0.360389171	0.305345429
2445	0.3307157	0.35782318	0.30360822
2446	0.328907275	0.355945933	0.301868617
2447	0.326792925	0.353959148	0.299626702
2448	0.326349675	0.35365114	0.29904821
2449	0.3270995	0.354800432	0.299398568
2450	0.3262684	0.355113188	0.297423612
2451	0.32682825	0.357012598	0.296643902
2452	0.32768	0.358805651	0.296554349
2453	0.327529	0.357299448	0.297758552
2454	0.3273952	0.356034422	0.298755978
2455	0.326850225	0.355802978	0.297897472
2456	0.32610415	0.35539403	0.29681427
2457	0.323173225	0.351498868	0.294847582
2458	0.32117955	0.34893478	0.29342432
2459	0.321623	0.34965628	0.29358972
2460	0.321627425	0.350479557	0.292775293
2461	0.322082675	0.352061651	0.292103699
2462	0.322010875	0.351751027	0.292270723
2463	0.321017025	0.349472988	0.292561062
2464	0.3206523	0.348174437	0.293130163
2465	0.3203586	0.345751321	0.294965879
2466	0.318662575	0.343285584	0.294039566
2467	0.3139955	0.337724297	0.290266703
2468	0.31007655	0.332363686	0.287789414
2469	0.309768225	0.332990532	0.286545918
2470	0.310703	0.336831788	0.284574212
2471	0.314096825	0.345982692	0.282210958
2472	0.318661675	0.357636562	0.279686788
2473	0.32389895	0.366345602	0.281452298
2474	0.3286491	0.373675347	0.283622853
2475	0.327847175	0.369135308	0.286559042
2476	0.324801025	0.360674533	0.288927517
2477	0.320285325	0.356782764	0.283787886
2478	0.314402275	0.353393793	0.275410757
2479	0.3088347	0.344048398	0.273621002
2480	0.306309425	0.339515895	0.273102955
2481	0.30638325	0.339865694	0.272900806
2482	0.30672335	0.341829674	0.271617026
2483	0.30685415	0.345394833	0.268313467
2484	0.305364225	0.347811896	0.262916554
2485	0.31123695	0.355822477	0.266651423
2486	0.32129955	0.36920638	0.27339272
2487	0.336272525	0.379409592	0.293135458
2488	0.350618925	0.39244089	0.30879696
2489	0.3299258	0.368367693	0.291483907
2490	0.312073225	0.355565556	0.268580894
2491	0.33012245	0.377257208	0.282987692
2492	0.35092605	0.408269636	0.293582464
2493	0.346004625	0.403752541	0.288256709
2494	0.33829585	0.393371949	0.283219751
2495	0.3296395	0.378353839	0.280925161
2496	0.31986625	0.369353898	0.270378602
2497	0.32223495	0.373989405	0.270480495
2498	0.326487625	0.381507618	0.271467632
2499	0.323170575	0.372779207	0.273561943
2500	0.322431825	0.374058373	0.270805277
