Wavelength	Mean	Std+	Std-
350	0.0606541	0.065407998	0.055900202
351	0.0610368	0.065802647	0.056270953
352	0.0612939	0.066066741	0.056521059
353	0.0617296	0.06653596	0.05692324
354	0.0620657	0.066920813	0.057210587
355	0.0623115	0.067225345	0.057397655
356	0.0628934	0.067821428	0.057965372
357	0.0632509	0.068170378	0.058331422
358	0.0635239	0.068435081	0.058612719
359	0.0639717	0.06893084	0.05901256
360	0.0644378	0.069417084	0.059458516
361	0.064904	0.069913834	0.059894166
362	0.0653663	0.07044227	0.06029033
363	0.0655907	0.070697686	0.060483714
364	0.0660084	0.071154016	0.060862784
365	0.0666532	0.07184713	0.06145927
366	0.0671553	0.072340801	0.061969799
367	0.0675363	0.072720093	0.062352507
368	0.0678971	0.073095391	0.062698809
369	0.0684949	0.073761717	0.063228083
370	0.0690077	0.074306674	0.063708726
371	0.069533	0.074852523	0.064213477
372	0.0701402	0.075480403	0.064799997
373	0.070823	0.076206024	0.065439976
374	0.0715146	0.07692018	0.06610902
375	0.0722047	0.077605535	0.066803865
376	0.0728615	0.07830061	0.06742239
377	0.0735785	0.079079789	0.068077211
378	0.07432	0.079893807	0.068746193
379	0.0749214	0.080523789	0.069319011
380	0.075585	0.081216421	0.069953579
381	0.0763622	0.082020666	0.070703734
382	0.0773439	0.083025385	0.071662415
383	0.0778254	0.083535603	0.072115197
384	0.0784623	0.084211038	0.072713562
385	0.0793881	0.085186706	0.073589494
386	0.0801962	0.086033821	0.074358579
387	0.0810897	0.08696072	0.07521868
388	0.0819788	0.08788461	0.07607299
389	0.0825292	0.088508923	0.076549477
390	0.0832047	0.089240424	0.077168976
391	0.0839353	0.090008677	0.077861923
392	0.0847034	0.09078876	0.07861804
393	0.0853968	0.09152721	0.07926639
394	0.0861596	0.092313203	0.080005997
395	0.0870034	0.093145878	0.080860922
396	0.087801	0.094020037	0.081581963
397	0.0885617	0.094834125	0.082289275
398	0.0892741	0.095581815	0.082966385
399	0.0899069	0.096238545	0.083575255
400	0.0905246	0.09688791	0.08416129
401	0.091105	0.097498239	0.084711761
402	0.09166	0.098073212	0.085246788
403	0.0921636	0.098597872	0.085729328
404	0.0927	0.099165477	0.086234523
405	0.0933072	0.099816858	0.086797542
406	0.0939589	0.100506595	0.087411205
407	0.0945831	0.101160969	0.088005231
408	0.0951911	0.101793725	0.088588475
409	0.0958575	0.102492252	0.089222748
410	0.0964589	0.103118657	0.089799143
411	0.0970471	0.103735833	0.090358367
412	0.0976971	0.104433647	0.090960553
413	0.0983163	0.105079002	0.091553598
414	0.098936	0.105720195	0.092151805
415	0.0995794	0.106384919	0.092773881
416	0.1003297	0.107168201	0.093491199
417	0.1010533	0.107930408	0.094176192
418	0.101744	0.108661486	0.094826514
419	0.1023835	0.109322151	0.095444849
420	0.1031125	0.110083962	0.096141038
421	0.1038937	0.110900151	0.096887249
422	0.1047088	0.111739128	0.097678472
423	0.1055594	0.112629987	0.098488813
424	0.1063984	0.113502216	0.099294584
425	0.107212	0.114330691	0.100093309
426	0.1080497	0.115204076	0.100895324
427	0.1089197	0.116113613	0.101725787
428	0.1098355	0.117071891	0.102599109
429	0.1109057	0.118189253	0.103622147
430	0.1120144	0.11933963	0.10468917
431	0.1131439	0.120505399	0.105782401
432	0.1143033	0.121694818	0.106911782
433	0.1154503	0.122875603	0.108024997
434	0.1165753	0.124035344	0.109115256
435	0.1176835	0.125179248	0.110187752
436	0.1187137	0.126249767	0.111177633
437	0.119785	0.127358095	0.112211905
438	0.1209113	0.128518121	0.113304479
439	0.1220744	0.129714396	0.114434404
440	0.1231972	0.130868475	0.115525925
441	0.1242877	0.131989408	0.116585992
442	0.1253664	0.133101137	0.117631663
443	0.1264208	0.134188684	0.118652916
444	0.1274417	0.135239845	0.119643555
445	0.1284159	0.136237772	0.120594028
446	0.1293942	0.137245755	0.121542645
447	0.1303519	0.138232894	0.122470906
448	0.1312865	0.139196305	0.123376695
449	0.1321053	0.140031091	0.124179509
450	0.1328834	0.14082988	0.12493692
451	0.1336353	0.141605305	0.125665295
452	0.1343821	0.142375265	0.126388935
453	0.1351168	0.143127999	0.127105601
454	0.135827	0.143855764	0.127798236
455	0.1364929	0.144543364	0.128442436
456	0.1370849	0.145148687	0.129021113
457	0.1376435	0.145719197	0.129567803
458	0.138168	0.146255774	0.130080226
459	0.1386927	0.146811854	0.130573546
460	0.1391828	0.147319941	0.131045659
461	0.1396371	0.147782783	0.131491417
462	0.1400245	0.148176246	0.131872754
463	0.1404309	0.148600104	0.132261696
464	0.1408323	0.14901842	0.13264618
465	0.1412024	0.14939539	0.13300941
466	0.1415462	0.149757558	0.133334842
467	0.1419259	0.150152402	0.133699398
468	0.1423588	0.150593107	0.134124493
469	0.142698	0.150949313	0.134446687
470	0.1430488	0.151310966	0.134786634
471	0.1434137	0.151682464	0.135144936
472	0.1438178	0.152094932	0.135540668
473	0.1442096	0.152509552	0.135909648
474	0.1446109	0.152932931	0.136288869
475	0.1450501	0.153377276	0.136722924
476	0.1454861	0.15383223	0.13713997
477	0.1459342	0.154294772	0.137573628
478	0.146401	0.154766717	0.138035283
479	0.1469364	0.155317347	0.138555453
480	0.1474686	0.15586537	0.13907183
481	0.1480028	0.156415534	0.139590066
482	0.1485877	0.157018999	0.140156401
483	0.1491831	0.157638075	0.140728125
484	0.149811	0.158289748	0.141332252
485	0.150503	0.159000192	0.142005808
486	0.1512378	0.159744861	0.142730739
487	0.1519958	0.160516155	0.143475445
488	0.1527722	0.161313788	0.144230612
489	0.1536369	0.162201865	0.145071935
490	0.1544655	0.163058794	0.145872206
491	0.1552637	0.163886342	0.146641058
492	0.1561684	0.164798075	0.147538725
493	0.1570962	0.165743217	0.148449183
494	0.1580395	0.166707264	0.149371736
495	0.1590025	0.167686999	0.150318001
496	0.1600239	0.168729522	0.151318278
497	0.1610661	0.169796178	0.152336022
498	0.162129	0.170887451	0.153370549
499	0.1631759	0.171949435	0.154402365
500	0.1642686	0.173060344	0.155476856
501	0.1654082	0.174220943	0.156595457
502	0.1665888	0.175418009	0.157759591
503	0.167762	0.176612907	0.158911093
504	0.1689325	0.177809713	0.160055287
505	0.1701314	0.179039487	0.161223313
506	0.1713163	0.180245544	0.162387056
507	0.1725093	0.181457163	0.163561437
508	0.1737338	0.182700556	0.164767044
509	0.1749398	0.183928871	0.165950729
510	0.1761638	0.185170486	0.167157114
511	0.1774079	0.186427983	0.168387817
512	0.1786202	0.18765716	0.16958324
513	0.1798451	0.188899739	0.170790461
514	0.1810896	0.190163806	0.172015394
515	0.1823517	0.19145055	0.17325285
516	0.1836446	0.192760714	0.174528486
517	0.184962	0.194090148	0.175833852
518	0.1862941	0.195428344	0.177159856
519	0.1876123	0.196764829	0.178459771
520	0.1889203	0.198092127	0.179748473
521	0.1902074	0.199398728	0.181016072
522	0.1914963	0.200708835	0.182283765
523	0.1927402	0.201970978	0.183509422
524	0.1939824	0.203230859	0.184733941
525	0.1953058	0.204574298	0.186037302
526	0.1966485	0.205925836	0.187371164
527	0.1979779	0.207264577	0.188691223
528	0.1992843	0.208587258	0.189981342
529	0.2005951	0.209913096	0.191277104
530	0.201876	0.211208495	0.192543505
531	0.2031212	0.212468337	0.193774063
532	0.2044148	0.213781473	0.195048127
533	0.2057204	0.215100414	0.196340386
534	0.2070313	0.216420594	0.197642006
535	0.2083139	0.217713545	0.198914255
536	0.2095859	0.218996687	0.200175113
537	0.2108447	0.220270352	0.201419048
538	0.212092	0.221542063	0.202641937
539	0.2133467	0.222811928	0.203881472
540	0.2146137	0.224090952	0.205136448
541	0.215886	0.225372343	0.206399657
542	0.2171087	0.226613701	0.207603699
543	0.2183318	0.227852432	0.208811168
544	0.2195405	0.229073582	0.210007418
545	0.2207009	0.230242101	0.211159699
546	0.2218936	0.231444796	0.212342404
547	0.2230871	0.232649688	0.213524512
548	0.2242574	0.233834323	0.214680477
549	0.2253755	0.234965801	0.215785199
550	0.2265005	0.236103932	0.216897068
551	0.2276445	0.237261388	0.218027612
552	0.2287282	0.238358314	0.219098086
553	0.2298066	0.239446452	0.220166748
554	0.2308826	0.240529868	0.221235332
555	0.2319575	0.241615863	0.222299137
556	0.2329904	0.242659423	0.223321377
557	0.2340155	0.243694584	0.224336416
558	0.2350566	0.244743918	0.225369282
559	0.2360435	0.245739005	0.226347995
560	0.2370163	0.24672198	0.22731062
561	0.2379798	0.247698618	0.228260982
562	0.2389118	0.248640643	0.229182957
563	0.2398307	0.249571324	0.230090076
564	0.2407393	0.250493254	0.230985346
565	0.2416235	0.251390775	0.231856225
566	0.2424856	0.252261895	0.232709305
567	0.2433337	0.253118184	0.233549216
568	0.2441642	0.253959493	0.234368907
569	0.2449652	0.254764122	0.235166278
570	0.2457696	0.255575962	0.235963238
571	0.2465857	0.256408399	0.236763001
572	0.2473237	0.257150055	0.237497345
573	0.2480532	0.257884439	0.238221961
574	0.2487748	0.258612473	0.238937127
575	0.2494645	0.259309024	0.239619976
576	0.2501584	0.260004053	0.240312747
577	0.2508501	0.260699685	0.241000515
578	0.2515166	0.261385046	0.241648154
579	0.2521541	0.262029665	0.242278535
580	0.2527981	0.262679238	0.242916962
581	0.2534621	0.263350428	0.243573772
582	0.2540659	0.26396107	0.24417073
583	0.2546593	0.26456388	0.24475472
584	0.2552472	0.265163982	0.245330418
585	0.2558204	0.26573787	0.24590293
586	0.2563898	0.266318569	0.246461031
587	0.2569656	0.266909502	0.247021698
588	0.2575526	0.267503423	0.247601777
589	0.2581057	0.268060475	0.248150925
590	0.2586488	0.26860606	0.24869154
591	0.259182	0.269142565	0.249221435
592	0.259699	0.26966213	0.24973587
593	0.260212	0.270178645	0.250245355
594	0.2607227	0.270693943	0.250751457
595	0.2611869	0.271160347	0.251213453
596	0.2616516	0.2716262	0.251677
597	0.2621146	0.272091471	0.252137729
598	0.2625656	0.272550737	0.252580463
599	0.2630316	0.273014594	0.253048606
600	0.2634924	0.273473433	0.253511367
601	0.2639278	0.273912828	0.253942772
602	0.2644027	0.274385641	0.254419759
603	0.2648394	0.274823808	0.254854992
604	0.2652313	0.27522151	0.25524109
605	0.2656525	0.275644236	0.255660764
606	0.2660623	0.276057814	0.256066786
607	0.2664622	0.276460509	0.256463891
608	0.2668346	0.27682767	0.25684153
609	0.2672115	0.277210472	0.257212528
610	0.2675895	0.277597601	0.257581399
611	0.2679596	0.277975188	0.257944012
612	0.268307	0.278327698	0.258286302
613	0.2686612	0.278689547	0.258632853
614	0.2690268	0.279065857	0.258987743
615	0.2693871	0.279437964	0.259336236
616	0.2697923	0.279847284	0.259737316
617	0.2702244	0.280279946	0.260168854
618	0.2706333	0.280696617	0.260569983
619	0.2710026	0.281070106	0.260935094
620	0.2713492	0.281419195	0.261279205
621	0.2716745	0.281744558	0.261604442
622	0.272068	0.282152505	0.261983495
623	0.2724755	0.282576062	0.262374938
624	0.2728858	0.283001321	0.262770279
625	0.2733458	0.283459614	0.263231986
626	0.2737963	0.283918211	0.263674389
627	0.2742457	0.284381454	0.264109946
628	0.2747379	0.284882229	0.264593571
629	0.2752288	0.285382224	0.265075376
630	0.2757178	0.285882461	0.265553139
631	0.2762078	0.286388891	0.266026709
632	0.276628	0.286815911	0.266440089
633	0.2770949	0.287293665	0.266896135
634	0.2776358	0.287852876	0.267418724
635	0.2781454	0.288378141	0.267912659
636	0.2785959	0.288834932	0.268356868
637	0.2790092	0.289250401	0.268767999
638	0.2794669	0.289728496	0.269205304
639	0.2799159	0.290190658	0.269641142
640	0.2803595	0.290647144	0.270071856
641	0.2807987	0.291106831	0.270490569
642	0.2812652	0.291575163	0.270955237
643	0.2817138	0.292028281	0.271399319
644	0.2821333	0.292460857	0.271805743
645	0.2825464	0.292883489	0.272209311
646	0.2829766	0.293325009	0.272628191
647	0.2834175	0.293777363	0.273057637
648	0.2838234	0.294188139	0.273458661
649	0.2842092	0.29458132	0.27383708
650	0.2845924	0.294970754	0.274214046
651	0.285001	0.295378142	0.274623858
652	0.2853556	0.295734779	0.274976421
653	0.2857277	0.296117718	0.275337682
654	0.2861528	0.29656664	0.27573896
655	0.2865533	0.296967489	0.276139111
656	0.2869714	0.297386208	0.276556592
657	0.2873912	0.297807994	0.276974406
658	0.2878106	0.29823131	0.27738989
659	0.2882111	0.298639222	0.277782978
660	0.2886054	0.299044783	0.278166017
661	0.2890093	0.299466761	0.278551839
662	0.2893983	0.299861291	0.278935309
663	0.2897957	0.300267675	0.279323725
664	0.2902133	0.300704716	0.279721884
665	0.2906327	0.301131937	0.280133463
666	0.2910476	0.301554636	0.280540564
667	0.2914554	0.301971317	0.280939483
668	0.2918145	0.30233775	0.28129125
669	0.2921929	0.302722074	0.281663726
670	0.2925818	0.303118195	0.282045405
671	0.292971	0.303519773	0.282422227
672	0.293364	0.303921085	0.282806915
673	0.2937536	0.304319043	0.283188157
674	0.2941364	0.304712278	0.283560522
675	0.2945201	0.305109304	0.283930896
676	0.2948916	0.305491631	0.284291569
677	0.2952519	0.30586037	0.28464343
678	0.2956295	0.306246614	0.285012386
679	0.296016	0.306643677	0.285388323
680	0.2964073	0.307046774	0.285767826
681	0.2967947	0.307445761	0.286143639
682	0.297141	0.307792225	0.286489775
683	0.2974749	0.308126014	0.286823786
684	0.2978134	0.308470918	0.287155882
685	0.2981392	0.308809465	0.287468935
686	0.2984717	0.309149006	0.287794394
687	0.298808	0.309484044	0.288131956
688	0.2992247	0.309898186	0.288551214
689	0.2996581	0.31034132	0.28897488
690	0.3001206	0.310821355	0.289419845
691	0.3006974	0.311417067	0.289977733
692	0.3012532	0.31198926	0.29051714
693	0.3017781	0.312527699	0.291028501
694	0.3022511	0.31300916	0.29149304
695	0.3025746	0.313340442	0.291808758
696	0.3029269	0.313701988	0.292151812
697	0.30334	0.314125454	0.292554546
698	0.3038114	0.314608926	0.293013874
699	0.3042598	0.315067159	0.293452441
700	0.3046864	0.315501283	0.293871517
701	0.3050775	0.315896681	0.294258319
702	0.3054471	0.316272272	0.294621928
703	0.3058142	0.316647297	0.294981103
704	0.3061985	0.317041512	0.295355488
705	0.3065628	0.317411937	0.295713663
706	0.3069362	0.317794242	0.296078158
707	0.3073248	0.31819678	0.29645282
708	0.3077009	0.318571397	0.296830403
709	0.3081007	0.31897766	0.29722374
710	0.3085169	0.319405252	0.297628548
711	0.3089274	0.319822495	0.298032305
712	0.3093726	0.320275644	0.298469556
713	0.3098484	0.32076424	0.29893256
714	0.3103723	0.321311917	0.299432683
715	0.3111384	0.322109742	0.300167058
716	0.3120243	0.323032391	0.301016209
717	0.3130186	0.324068049	0.301969151
718	0.3134732	0.32452662	0.30241978
719	0.3136594	0.324704819	0.302613981
720	0.3136697	0.324701272	0.302638128
721	0.3138972	0.324931509	0.302862891
722	0.3144378	0.325493785	0.303381815
723	0.3150932	0.326171864	0.304014536
724	0.3156327	0.326713634	0.304551766
725	0.3159681	0.327054535	0.304881665
726	0.3162923	0.327386428	0.305198172
727	0.3166631	0.327766618	0.305559582
728	0.3170451	0.328161767	0.305928433
729	0.3173614	0.328483554	0.306239246
730	0.3176079	0.328728122	0.306487678
731	0.3177668	0.328879721	0.306653879
732	0.3179453	0.329053612	0.306836988
733	0.3181888	0.329298181	0.307079419
734	0.3186068	0.329732448	0.307481152
735	0.3190035	0.330135949	0.307871051
736	0.3193801	0.330520322	0.308239878
737	0.3197326	0.330884492	0.308580708
738	0.3200121	0.331168218	0.308855982
739	0.3203362	0.331498055	0.309174345
740	0.3206977	0.331866916	0.309528484
741	0.321001	0.332178252	0.309823748
742	0.3213376	0.332524991	0.310150209
743	0.3216989	0.332894981	0.310502819
744	0.3220899	0.333286781	0.310893019
745	0.322482	0.33368667	0.31127733
746	0.3228633	0.334076313	0.311650287
747	0.3232287	0.33444772	0.31200968
748	0.3235993	0.334825031	0.312373569
749	0.3239674	0.335201901	0.312732899
750	0.3243304	0.335575318	0.313085482
751	0.3246906	0.3359401	0.3134411
752	0.3250592	0.336314932	0.313803468
753	0.3254321	0.336695983	0.314168217
754	0.3258064	0.337079316	0.314533484
755	0.3261533	0.337436083	0.314870517
756	0.3264354	0.337719466	0.315151334
757	0.3266206	0.337887415	0.315353785
758	0.3266945	0.337967381	0.315421619
759	0.3269488	0.338215689	0.315681911
760	0.3274688	0.338702374	0.316235226
761	0.3273976	0.338608682	0.316186518
762	0.3276779	0.338900657	0.316455143
763	0.3281322	0.339383343	0.316881057
764	0.3285602	0.339839998	0.317280402
765	0.3290297	0.340334683	0.317724717
766	0.3294559	0.340781583	0.318130217
767	0.3298488	0.341191703	0.318505897
768	0.3302352	0.34159009	0.31888031
769	0.3305927	0.341960726	0.319224674
770	0.3309223	0.342305145	0.319539455
771	0.3312127	0.342592566	0.319832834
772	0.3314897	0.342877665	0.320101735
773	0.3317677	0.343167912	0.320367488
774	0.3320872	0.343485798	0.320688602
775	0.3323433	0.3437407	0.3209459
776	0.3325907	0.343991214	0.321190186
777	0.3328663	0.3442777	0.3214549
778	0.3331408	0.34455754	0.32172406
779	0.3334238	0.344842355	0.322005245
780	0.3337159	0.345133479	0.322298321
781	0.3339419	0.345372746	0.322511054
782	0.3342214	0.345660599	0.322782201
783	0.3345293	0.345972404	0.323086196
784	0.3347784	0.346220379	0.323336421
785	0.3350417	0.34649364	0.32358976
786	0.3353309	0.346794601	0.323867199
787	0.3356665	0.347136487	0.324196513
788	0.3359307	0.347408648	0.324452752
789	0.3361686	0.347650785	0.324686415
790	0.3363856	0.347866791	0.324904409
791	0.3366015	0.34809769	0.32510531
792	0.3367723	0.348273965	0.325270635
793	0.336925	0.348426044	0.325423956
794	0.3371814	0.34868909	0.32567371
795	0.337418	0.348930298	0.325905702
796	0.337631	0.349146284	0.326115716
797	0.3378041	0.349321567	0.326286633
798	0.338042	0.349562416	0.326521584
799	0.33826	0.349788204	0.326731796
800	0.3384303	0.349972327	0.326888273
801	0.3386368	0.350175336	0.327098264
802	0.3388156	0.350361642	0.327269558
803	0.3389621	0.350522151	0.327402049
804	0.3390307	0.350587315	0.327474085
805	0.3391659	0.350724543	0.327607257
806	0.3393338	0.350896561	0.327771039
807	0.3395097	0.351077201	0.327942199
808	0.3397532	0.351322562	0.328183838
809	0.3400134	0.351586089	0.328440711
810	0.3402753	0.351854199	0.328696401
811	0.3406642	0.352255395	0.329073005
812	0.3411528	0.352761477	0.329544123
813	0.3417256	0.353356905	0.330094295
814	0.3421505	0.35380095	0.33050005
815	0.3424362	0.354099559	0.330772841
816	0.3426103	0.35428391	0.33093669
817	0.3426527	0.354339389	0.330966011
818	0.3424777	0.354150767	0.330804633
819	0.3423224	0.353978903	0.330665897
820	0.3422739	0.353916965	0.330630835
821	0.3426921	0.354350411	0.331033789
822	0.3429686	0.354645198	0.331292002
823	0.3430172	0.354708214	0.331326186
824	0.3426592	0.354323715	0.330994685
825	0.3426708	0.35433347	0.33100813
826	0.3428551	0.354525751	0.331184449
827	0.3430044	0.354674209	0.331334591
828	0.3431037	0.354786971	0.331420429
829	0.3431381	0.354826836	0.331449364
830	0.3430799	0.354753283	0.331406517
831	0.3430001	0.354664461	0.331335739
832	0.3429683	0.354631276	0.331305324
833	0.3429784	0.35464624	0.33131056
834	0.3428785	0.354538324	0.331218676
835	0.3428313	0.354481651	0.331180949
836	0.3428024	0.354444535	0.331160265
837	0.3427332	0.354375181	0.331091219
838	0.3428013	0.35444761	0.33115499
839	0.3428752	0.354524709	0.331225691
840	0.342887	0.354535597	0.331238403
841	0.3429986	0.354638004	0.331359196
842	0.3430355	0.354674433	0.331396567
843	0.3429867	0.354634467	0.331338933
844	0.3429942	0.354648371	0.331340029
845	0.3430375	0.354695831	0.331379169
846	0.3431047	0.354763013	0.331446387
847	0.3431779	0.354824979	0.331530821
848	0.3432065	0.35485206	0.33156094
849	0.3432499	0.354901535	0.331598265
850	0.3433519	0.355019261	0.331684539
851	0.343468	0.355142006	0.331793994
852	0.3434947	0.355174317	0.331815083
853	0.3434191	0.355103542	0.331734658
854	0.3435184	0.355196771	0.331840029
855	0.3435775	0.355262724	0.331892276
856	0.3435972	0.355290033	0.331904367
857	0.3435565	0.355223208	0.331889792
858	0.3435756	0.355251962	0.331899238
859	0.3436109	0.355303325	0.331918475
860	0.3436342	0.355327752	0.331940648
861	0.3437172	0.355416846	0.332017554
862	0.3438025	0.35551199	0.33209301
863	0.3438809	0.355603874	0.332157926
864	0.3439039	0.355616224	0.332191576
865	0.3439361	0.355649219	0.332222981
866	0.3439888	0.355710358	0.332267242
867	0.3441122	0.355838358	0.332386042
868	0.3441365	0.355864545	0.332408455
869	0.3441293	0.355858631	0.332399969
870	0.344135	0.355866198	0.332403802
871	0.3441862	0.355913558	0.332458842
872	0.3442278	0.355950537	0.332505063
873	0.3442454	0.355962592	0.332528208
874	0.3443471	0.356051895	0.332642305
875	0.3444251	0.356136481	0.332713719
876	0.3444972	0.356228159	0.332766241
877	0.3446519	0.356390661	0.332913139
878	0.3447012	0.356434421	0.332967979
879	0.3447254	0.356452755	0.332998045
880	0.3447987	0.356531079	0.333066321
881	0.3449335	0.356666979	0.333200021
882	0.3450463	0.356789559	0.333303041
883	0.3451104	0.356877715	0.333343085
884	0.3451878	0.356952653	0.333422947
885	0.345212	0.356972955	0.333451045
886	0.345206	0.356964812	0.333447188
887	0.3453083	0.357087352	0.333529248
888	0.3454138	0.357197734	0.333629866
889	0.34551	0.357288003	0.333731997
890	0.3455748	0.357335177	0.333814423
891	0.3458126	0.35759381	0.33403139
892	0.3461017	0.357904301	0.334299099
893	0.3464147	0.35822669	0.33460271
894	0.3468932	0.358721749	0.335064651
895	0.3473669	0.359210102	0.335523698
896	0.3478258	0.35968395	0.33596765
897	0.3482138	0.360106329	0.336321271
898	0.3486311	0.360539767	0.336722433
899	0.3490009	0.360918883	0.337082917
900	0.3491494	0.361089331	0.337209469
901	0.3490576	0.36100058	0.33711462
902	0.3489434	0.360874351	0.337012449
903	0.3488841	0.360787384	0.336980816
904	0.3489328	0.360852316	0.337013284
905	0.3490524	0.360977708	0.337127092
906	0.3492453	0.361161879	0.337328721
907	0.3495286	0.361414208	0.337642992
908	0.3497752	0.36168982	0.33786058
909	0.3500577	0.362024067	0.338091333
910	0.3505412	0.362510216	0.338572184
911	0.3507262	0.362704311	0.338748089
912	0.3508418	0.362824774	0.338858826
913	0.350979	0.362955512	0.339002488
914	0.3511862	0.363160571	0.339211829
915	0.3512849	0.363270221	0.339299579
916	0.3512554	0.363265112	0.339245688
917	0.3510926	0.363137818	0.339047382
918	0.3511063	0.363136666	0.339075934
919	0.3511888	0.36318609	0.33919151
920	0.3511581	0.363160672	0.339155528
921	0.3511705	0.363136581	0.339204419
922	0.3511972	0.363140215	0.339254185
923	0.3512273	0.363199672	0.339254928
924	0.3514735	0.363487199	0.339459801
925	0.3518699	0.363909591	0.339830209
926	0.3524139	0.364460938	0.340366862
927	0.3528195	0.364870146	0.340768854
928	0.3535691	0.36563188	0.34150632
929	0.354635	0.366723499	0.342546501
930	0.3559258	0.368071861	0.343779739
931	0.3569796	0.369173244	0.344785956
932	0.3581473	0.370404706	0.345889894
933	0.3596742	0.372032324	0.347316076
934	0.3608608	0.373325582	0.348396018
935	0.3617047	0.374226315	0.349183085
936	0.3620646	0.374570006	0.349559194
937	0.361994	0.374512391	0.349475609
938	0.3617776	0.374283223	0.349271977
939	0.3614643	0.373940125	0.348988475
940	0.3610952	0.373538363	0.348652037
941	0.3607914	0.373215739	0.348367061
942	0.3606172	0.373035823	0.348198577
943	0.3606832	0.373113245	0.348253155
944	0.3607268	0.373161325	0.348292275
945	0.360873	0.373288512	0.348457488
946	0.3611569	0.373527196	0.348786604
947	0.3612958	0.373736932	0.348854668
948	0.3614549	0.373936344	0.348973456
949	0.361579	0.374069019	0.349088981
950	0.3614282	0.373880306	0.348976094
951	0.3611819	0.373558467	0.348805333
952	0.3610768	0.373408943	0.348744657
953	0.3614144	0.373813572	0.349015228
954	0.3614485	0.373870493	0.349026507
955	0.3614237	0.373829319	0.349018081
956	0.3613858	0.37373364	0.34903796
957	0.3612397	0.373582229	0.348897171
958	0.3611027	0.373431101	0.348774299
959	0.3609485	0.373258894	0.348638106
960	0.3606311	0.372945142	0.348317058
961	0.3608678	0.373194043	0.348541557
962	0.3609798	0.373327788	0.348631812
963	0.3601396	0.372524311	0.347754889
964	0.3602053	0.372525803	0.347884797
965	0.3600943	0.372378275	0.347810325
966	0.3595041	0.371813534	0.347194666
967	0.3592786	0.37148189	0.34707531
968	0.3591939	0.37138878	0.34699902
969	0.3591549	0.371410217	0.346899583
970	0.3586785	0.370910074	0.346446926
971	0.3587818	0.370998656	0.346564944
972	0.3590019	0.371214299	0.346789501
973	0.3587902	0.371019576	0.346560824
974	0.3587885	0.371031651	0.346545349
975	0.358871	0.371132907	0.346609093
976	0.3590152	0.371305822	0.346724578
977	0.3591577	0.371386447	0.346928953
978	0.3593101	0.371520643	0.347099557
979	0.3594801	0.371713142	0.347247058
980	0.3597255	0.37194873	0.34750227
981	0.3597776	0.371945863	0.347609337
982	0.3597127	0.371836494	0.347588906
983	0.3595849	0.371766504	0.347403296
984	0.3595464	0.371742927	0.347349873
985	0.3595771	0.371777121	0.347377079
986	0.3596874	0.371887455	0.347487345
987	0.3596209	0.371769498	0.347472302
988	0.3594711	0.371633013	0.347309187
989	0.3592858	0.371519151	0.347052449
990	0.3595209	0.371713503	0.347328297
991	0.3595085	0.371670193	0.347346807
992	0.3594587	0.371610792	0.347306608
993	0.3597761	0.371977141	0.347575059
994	0.3598899	0.372002297	0.347777503
995	0.3599538	0.372005642	0.347901958
996	0.3600274	0.372140534	0.347914266
997	0.3605379	0.372657801	0.348417999
998	0.3608455	0.372965008	0.348725992
999	0.3608922	0.373010297	0.348774103
1000	0.360738	0.372882408	0.348593592
1001	0.358275	0.370224357	0.346325643
1002	0.358313	0.370259947	0.346366053
1003	0.3585166	0.370473502	0.346559698
1004	0.3588736	0.370840679	0.346906521
1005	0.3591247	0.371101449	0.347147951
1006	0.3592946	0.371291228	0.347297972
1007	0.3594258	0.37144187	0.34740973
1008	0.3595769	0.371580763	0.347573037
1009	0.3598139	0.371763282	0.347864518
1010	0.3601041	0.372014175	0.348194025
1011	0.3603319	0.372246371	0.348417429
1012	0.3604472	0.372358786	0.348535614
1013	0.3605483	0.372438553	0.348658047
1014	0.3607132	0.372621103	0.348805297
1015	0.3607984	0.372749412	0.348847388
1016	0.3609068	0.372904963	0.348908637
1017	0.3611738	0.373189841	0.349157759
1018	0.3614189	0.373377388	0.349460412
1019	0.3616485	0.373557508	0.349739492
1020	0.3618459	0.373761124	0.349930676
1021	0.3619769	0.373885811	0.350067989
1022	0.3621022	0.374002642	0.350201758
1023	0.3622358	0.374143202	0.350328398
1024	0.3623517	0.374265841	0.350437559
1025	0.36246	0.374387433	0.350532567
1026	0.3625805	0.374525655	0.350635345
1027	0.3626995	0.374622673	0.350776327
1028	0.3628196	0.374717353	0.350921847
1029	0.3629476	0.374887939	0.351007261
1030	0.3630583	0.375068958	0.351047642
1031	0.3631081	0.375103544	0.351112656
1032	0.3631932	0.375140006	0.351246394
1033	0.3633437	0.375312406	0.351374994
1034	0.3635625	0.37554542	0.35157958
1035	0.3637924	0.375725754	0.351859046
1036	0.3639304	0.375807951	0.352052849
1037	0.3640621	0.375949293	0.352174907
1038	0.3642091	0.37613825	0.35227995
1039	0.3642856	0.376231284	0.352339916
1040	0.3642532	0.376202405	0.352303995
1041	0.3642683	0.376223393	0.352313207
1042	0.3644703	0.376403449	0.352537151
1043	0.3646987	0.376607528	0.352789872
1044	0.3647737	0.376663304	0.352884096
1045	0.3648021	0.376679438	0.352924762
1046	0.3648515	0.376779854	0.352923146
1047	0.3650811	0.377089015	0.353073185
1048	0.365356	0.377386952	0.353325048
1049	0.365484	0.377461832	0.353506168
1050	0.3656537	0.377601355	0.353706045
1051	0.365788	0.37776136	0.35381464
1052	0.365882	0.377888899	0.353875101
1053	0.3659737	0.377984734	0.353962666
1054	0.3660468	0.378042782	0.354050818
1055	0.3661397	0.378107766	0.354171634
1056	0.3662934	0.378239786	0.354347014
1057	0.3664338	0.378377586	0.354490014
1058	0.3664934	0.378437754	0.354549046
1059	0.3666239	0.37855707	0.35469073
1060	0.3668317	0.37875072	0.35491268
1061	0.3669601	0.37885879	0.35506141
1062	0.3670296	0.37890135	0.35515785
1063	0.3671124	0.378979066	0.355245734
1064	0.3672538	0.379159351	0.355348249
1065	0.3674317	0.379372407	0.355490993
1066	0.3675782	0.379559802	0.355596598
1067	0.3677237	0.379739222	0.355708178
1068	0.3679136	0.379925237	0.355901963
1069	0.3680793	0.380083775	0.356074825
1070	0.3681991	0.38020701	0.35619119
1071	0.368359	0.380367357	0.356350643
1072	0.3686233	0.380589237	0.356657363
1073	0.3688603	0.380776195	0.356944405
1074	0.3690048	0.380953289	0.357056311
1075	0.3691736	0.381182595	0.357164605
1076	0.3693323	0.381345516	0.357319084
1077	0.3694304	0.381424914	0.357435886
1078	0.3694932	0.381523858	0.357462542
1079	0.3696051	0.381693025	0.357517175
1080	0.3698005	0.381896875	0.357704125
1081	0.3700464	0.382116222	0.357976578
1082	0.3702356	0.382281636	0.358189564
1083	0.3704238	0.382425014	0.358422586
1084	0.3706231	0.382596001	0.358650199
1085	0.3707315	0.382744345	0.358718655
1086	0.3708489	0.382897933	0.358799867
1087	0.3711256	0.383151694	0.359099506
1088	0.3714181	0.383415273	0.359420927
1089	0.3715426	0.383534801	0.359550399
1090	0.3716258	0.383616886	0.359634714
1091	0.3718763	0.383849095	0.359903505
1092	0.3721717	0.384122408	0.360220992
1093	0.372362	0.384322167	0.360401833
1094	0.3725565	0.384544054	0.360568946
1095	0.3728523	0.384839882	0.360864718
1096	0.3731379	0.38512274	0.36115306
1097	0.3734343	0.385440686	0.361427914
1098	0.3738712	0.38590005	0.36184235
1099	0.3742634	0.386299213	0.362227587
1100	0.3744859	0.386506715	0.362465085
1101	0.3747463	0.386773371	0.362719229
1102	0.375072	0.387141834	0.363002166
1103	0.3753892	0.387490628	0.363287772
1104	0.3757152	0.387806695	0.363623705
1105	0.3760615	0.388146228	0.363976772
1106	0.376377	0.388459501	0.364294499
1107	0.3766771	0.388754799	0.364599401
1108	0.3771438	0.389264251	0.365023349
1109	0.3777399	0.389945195	0.365534605
1110	0.3782522	0.390485578	0.366018822
1111	0.3787289	0.390930489	0.366527311
1112	0.3792674	0.391491364	0.367043436
1113	0.3798807	0.392199945	0.367561455
1114	0.3806259	0.393002711	0.368249089
1115	0.3814176	0.3937511	0.3690841
1116	0.3821752	0.394477408	0.369872992
1117	0.3829167	0.395224576	0.370608824
1118	0.3837663	0.396085219	0.371447381
1119	0.3845621	0.396956418	0.372167782
1120	0.3853946	0.397866644	0.372922556
1121	0.3862247	0.398678908	0.373770492
1122	0.3871197	0.399556626	0.374682774
1123	0.3876409	0.400066793	0.375215007
1124	0.3880795	0.400500259	0.375658741
1125	0.3882025	0.400679191	0.375725809
1126	0.3881674	0.400681654	0.375653146
1127	0.3880827	0.400591139	0.375574261
1128	0.387969	0.400451726	0.375486274
1129	0.3880098	0.400470562	0.375549038
1130	0.3882208	0.400697693	0.375743907
1131	0.3882712	0.400738102	0.375804298
1132	0.38811	0.40050689	0.37571311
1133	0.3880876	0.400453476	0.375721724
1134	0.3882417	0.400679436	0.375803964
1135	0.3883299	0.400825003	0.375834797
1136	0.3884026	0.400869551	0.375935649
1137	0.3884857	0.400926001	0.376045399
1138	0.3887401	0.401144991	0.376335209
1139	0.3889871	0.401359865	0.376614335
1140	0.3891994	0.401636662	0.376762138
1141	0.3893999	0.401912662	0.376887138
1142	0.3897677	0.402286261	0.377249139
1143	0.3901678	0.40267315	0.37766245
1144	0.3903518	0.402839755	0.377863845
1145	0.3904555	0.402920626	0.377990374
1146	0.3905508	0.403000052	0.378101548
1147	0.3906217	0.403067094	0.378176306
1148	0.3906202	0.403082839	0.378157561
1149	0.3905273	0.403027294	0.378027306
1150	0.3904204	0.402926497	0.377914303
1151	0.3902786	0.402734892	0.377822308
1152	0.3901191	0.402542117	0.377696083
1153	0.3898185	0.40224608	0.37739092
1154	0.3895427	0.401974834	0.377110566
1155	0.3894321	0.401901635	0.376962565
1156	0.3893305	0.401834665	0.376826335
1157	0.3891255	0.401601904	0.376649096
1158	0.3889263	0.401372145	0.376480455
1159	0.3889625	0.401402786	0.376522214
1160	0.3890358	0.401477061	0.376594539
1161	0.388991	0.40141873	0.37656327
1162	0.3889072	0.401316798	0.376497602
1163	0.3888528	0.401274102	0.376431498
1164	0.3888142	0.401265126	0.376363274
1165	0.388855	0.40132521	0.37638479
1166	0.388975	0.401452798	0.376497202
1167	0.3890566	0.401538737	0.376574463
1168	0.3890756	0.401557352	0.376593848
1169	0.389136	0.401619368	0.376652632
1170	0.3893074	0.40179704	0.37681776
1171	0.3894828	0.401975412	0.376990188
1172	0.3896986	0.402175858	0.377221342
1173	0.3899136	0.402378774	0.377448426
1174	0.390152	0.402650666	0.377653334
1175	0.3903892	0.402921138	0.377857262
1176	0.3905262	0.403049621	0.378002779
1177	0.390656	0.403168207	0.378143793
1178	0.3909339	0.403443139	0.378424661
1179	0.3912413	0.403749352	0.378733248
1180	0.3914138	0.403918956	0.378908644
1181	0.3915346	0.404036729	0.379032471
1182	0.3916793	0.404200435	0.379158165
1183	0.3918395	0.404393236	0.379285764
1184	0.3920191	0.404587469	0.379450731
1185	0.3922164	0.40478292	0.37964988
1186	0.3924211	0.404983061	0.379859139
1187	0.3926364	0.405189458	0.380083342
1188	0.3928355	0.405382436	0.380288564
1189	0.3929997	0.405546459	0.380452941
1190	0.3931627	0.405712221	0.380613179
1191	0.3933195	0.40588073	0.38075827
1192	0.3934684	0.406041916	0.380894884
1193	0.3935905	0.406189152	0.380991848
1194	0.3937126	0.406336081	0.381089119
1195	0.3938363	0.406444954	0.381227646
1196	0.3939574	0.40654847	0.38136633
1197	0.3940547	0.40666375	0.38144565
1198	0.3941482	0.406782931	0.381513469
1199	0.394321	0.406929152	0.381712848
1200	0.3945202	0.407084925	0.381955475
1201	0.3947014	0.407253757	0.382149043
1202	0.3948731	0.407425978	0.382320222
1203	0.3949943	0.407549492	0.382439108
1204	0.3950771	0.407641872	0.382512328
1205	0.3952381	0.407820797	0.382655403
1206	0.3954818	0.408091015	0.382872585
1207	0.3957061	0.408337856	0.383074344
1208	0.3958863	0.408532123	0.383240477
1209	0.3960291	0.408689539	0.383368661
1210	0.3961058	0.408774554	0.383437046
1211	0.3961905	0.408863507	0.383517493
1212	0.3962871	0.408948153	0.383626047
1213	0.3963897	0.409041252	0.383738148
1214	0.3965181	0.40917115	0.38386505
1215	0.3966427	0.409296867	0.383988533
1216	0.3967215	0.409391393	0.384051607
1217	0.3968057	0.40949312	0.38411828
1218	0.396898	0.409580368	0.384215632
1219	0.3969988	0.409672904	0.384324696
1220	0.3970933	0.409756596	0.384430004
1221	0.3971715	0.409822713	0.384520287
1222	0.397237	0.409868431	0.384605569
1223	0.3972847	0.40989265	0.38467675
1224	0.3973398	0.409956698	0.384722902
1225	0.3974347	0.410086145	0.384783255
1226	0.3975205	0.410191071	0.384849929
1227	0.3975619	0.41023006	0.38489374
1228	0.3976459	0.410320607	0.384971193
1229	0.3978445	0.410549653	0.385139347
1230	0.3980041	0.410733118	0.385275082
1231	0.3980133	0.41073496	0.38529164
1232	0.3980444	0.410754923	0.385333877
1233	0.3981931	0.410885591	0.385500609
1234	0.3983324	0.41100878	0.38565602
1235	0.3983682	0.411043133	0.385693267
1236	0.3983992	0.411073109	0.385725291
1237	0.3984905	0.411159637	0.385821363
1238	0.3985967	0.411261083	0.385932317
1239	0.3987279	0.411380617	0.386075183
1240	0.3988541	0.41149711	0.38621109
1241	0.3989814	0.411630846	0.386331954
1242	0.3990984	0.411755008	0.386441792
1243	0.3992307	0.411902098	0.386559302
1244	0.3993692	0.412058994	0.386679406
1245	0.3994608	0.412138388	0.386783212
1246	0.3995408	0.41218856	0.38689304
1247	0.3996087	0.412247012	0.386970388
1248	0.3996514	0.412296706	0.387006094
1249	0.3997266	0.412373521	0.387079679
1250	0.3998491	0.41249113	0.38720707
1251	0.3999731	0.412613891	0.387332309
1252	0.4000677	0.412719929	0.387415471
1253	0.4001707	0.412835727	0.387505673
1254	0.4003836	0.413071802	0.387695398
1255	0.4005908	0.413300727	0.387880873
1256	0.4007542	0.413449771	0.388058629
1257	0.4009245	0.413605264	0.388243736
1258	0.4010623	0.413733891	0.388390709
1259	0.4011947	0.413858519	0.388530881
1260	0.401256	0.413929812	0.388582188
1261	0.4013045	0.413989589	0.388619411
1262	0.4013034	0.413977483	0.388629317
1263	0.4013088	0.413967231	0.388650369
1264	0.4014167	0.414095899	0.388737501
1265	0.4015615	0.414276723	0.388846277
1266	0.4016915	0.414401695	0.388981305
1267	0.4018023	0.414496613	0.389107987
1268	0.4019336	0.414625557	0.389241643
1269	0.40209	0.41477871	0.38940129
1270	0.4022581	0.414949302	0.389566898
1271	0.4024303	0.41513132	0.38972928
1272	0.4025893	0.415299765	0.389878835
1273	0.4027284	0.415445816	0.390010984
1274	0.4028757	0.415608449	0.390142951
1275	0.4030662	0.415819877	0.390312523
1276	0.4032677	0.416034987	0.390500413
1277	0.4035077	0.416265648	0.390749752
1278	0.403733	0.416479549	0.390986451
1279	0.4038538	0.416618692	0.391088908
1280	0.4039813	0.416763755	0.391198845
1281	0.4041783	0.416959	0.3913976
1282	0.4043738	0.417152108	0.391595492
1283	0.4044649	0.417240134	0.391689666
1284	0.4045435	0.417314418	0.391772582
1285	0.4047778	0.417546591	0.392009009
1286	0.405049	0.417818787	0.392279213
1287	0.4053004	0.418086612	0.392514188
1288	0.4055312	0.418338966	0.392723434
1289	0.4057173	0.418523115	0.392911485
1290	0.4058983	0.41869292	0.39310368
1291	0.4060527	0.418859664	0.393245736
1292	0.4061913	0.419018036	0.393364564
1293	0.4064181	0.419250705	0.393585495
1294	0.4067149	0.419548484	0.393881316
1295	0.4069334	0.41976503	0.39410177
1296	0.4070654	0.419887266	0.394243534
1297	0.4072696	0.420080991	0.394458209
1298	0.4075527	0.420356864	0.394748536
1299	0.4078114	0.420616206	0.395006594
1300	0.4080925	0.420916562	0.395268438
1301	0.4083652	0.421201648	0.395528752
1302	0.4085362	0.421377041	0.395695359
1303	0.4087125	0.421558926	0.395866074
1304	0.4089005	0.421752334	0.396048666
1305	0.4091203	0.421989958	0.396250642
1306	0.4094146	0.422318288	0.396510912
1307	0.4096928	0.422627671	0.396757929
1308	0.4098955	0.422836717	0.396954283
1309	0.410108	0.423047399	0.397168601
1310	0.410301	0.423194387	0.397407613
1311	0.410499	0.42334663	0.39765137
1312	0.4107269	0.423554672	0.397899128
1313	0.4109359	0.423754767	0.398117033
1314	0.4111645	0.424003512	0.398325488
1315	0.4114436	0.42429598	0.39859122
1316	0.411699	0.424576908	0.398821092
1317	0.4119222	0.424837466	0.399006934
1318	0.4121245	0.425038499	0.399210501
1319	0.412328	0.425227966	0.399428034
1320	0.412567	0.425477877	0.399656123
1321	0.412848	0.425775867	0.399920133
1322	0.4132202	0.426163802	0.400276598
1323	0.413673	0.426629638	0.400716362
1324	0.414043	0.427003631	0.401082369
1325	0.4142742	0.42725528	0.40129312
1326	0.4145512	0.427547854	0.401554546
1327	0.4149144	0.427871625	0.401957175
1328	0.4152829	0.428207611	0.402358189
1329	0.4156678	0.428611928	0.402723672
1330	0.4160585	0.429024095	0.403092905
1331	0.416404	0.429374666	0.403433334
1332	0.4167805	0.429755318	0.403805682
1333	0.4171349	0.430078043	0.404191757
1334	0.4174733	0.430386048	0.404560552
1335	0.4176932	0.430640501	0.404745899
1336	0.4179018	0.430888923	0.404914677
1337	0.4182524	0.431269395	0.405235405
1338	0.4186736	0.431723992	0.405623208
1339	0.419088	0.432091569	0.406084431
1340	0.4194757	0.432403405	0.406547995
1341	0.4197944	0.432756764	0.406832036
1342	0.4201817	0.433223133	0.407140267
1343	0.4206606	0.433765452	0.407555748
1344	0.4212333	0.434387202	0.408079398
1345	0.4219053	0.435108827	0.408701773
1346	0.422666	0.435932904	0.409399096
1347	0.4233502	0.436627539	0.410072861
1348	0.4241211	0.437402073	0.410840127
1349	0.4251794	0.438541256	0.411817544
1350	0.4263246	0.439794888	0.412854312
1351	0.4271591	0.440706168	0.413612032
1352	0.4276025	0.441271689	0.413933311
1353	0.4287847	0.442601883	0.414967517
1354	0.4305597	0.44421308	0.41690632
1355	0.4320731	0.445296413	0.418849787
1356	0.4341227	0.447149602	0.421095798
1357	0.4374494	0.451055358	0.423843442
1358	0.4393187	0.453738061	0.424899339
1359	0.4419039	0.457799568	0.426008232
1360	0.4409829	0.455242672	0.426723128
1361	0.4399173	0.454029237	0.425805363
1362	0.4468148	0.465436781	0.428192819
1363	0.4597594	0.490612837	0.428905963
1364	0.4635612	0.500272945	0.426849455
1365	0.4605249	0.511001821	0.410047979
1366	0.4382186	0.480161693	0.396275507
1367	0.4253202	0.464338724	0.386301676
1368	0.4676588	0.495770135	0.439547465
1369	0.5090157	0.532718418	0.485312982
1370	0.5180585	0.541077872	0.495039128
1371	0.5208961	0.549477995	0.492314205
1372	0.5019399	0.520969682	0.482910118
1373	0.4839697	0.495340267	0.472599133
1374	0.4863516	0.496455492	0.476247708
1375	0.4964378	0.511957523	0.480918077
1376	0.4966821	0.512791097	0.480573103
1377	0.494938	0.512710129	0.477165871
1378	0.4908467	0.509070686	0.472622714
1379	0.4794568	0.49786818	0.46104542
1380	0.4746356	0.49196189	0.45730931
1381	0.4735822	0.490395134	0.456769266
1382	0.474261	0.491246303	0.457275697
1383	0.478654	0.497259211	0.460048789
1384	0.4794803	0.49918503	0.45977557
1385	0.477834	0.496884853	0.458783147
1386	0.4734765	0.491740148	0.455212852
1387	0.4668608	0.484878595	0.448843005
1388	0.4654808	0.484682488	0.446279112
1389	0.4672491	0.487885528	0.446612672
1390	0.4692618	0.489922067	0.448601533
1391	0.4723793	0.490759517	0.453999083
1392	0.4733422	0.490440255	0.456244145
1393	0.4733748	0.491411862	0.455337738
1394	0.4729861	0.491558689	0.454413511
1395	0.4667712	0.484226869	0.449315531
1396	0.4605919	0.477950071	0.443233729
1397	0.4594791	0.475878762	0.443079438
1398	0.4596907	0.475717849	0.443663551
1399	0.4573235	0.474224192	0.440422808
1400	0.4546214	0.47225475	0.43698805
1401	0.4541014	0.470213562	0.437989238
1402	0.4532408	0.468147885	0.438333715
1403	0.4489982	0.464107986	0.433888414
1404	0.44577	0.461151953	0.430388047
1405	0.4452975	0.459587633	0.431007367
1406	0.4443778	0.457809096	0.430946504
1407	0.4408448	0.454713623	0.426975977
1408	0.4377261	0.452262354	0.423189846
1409	0.436123	0.450729504	0.421516496
1410	0.4353279	0.449959027	0.420696773
1411	0.4344799	0.448506778	0.420453022
1412	0.4330421	0.446573429	0.419510771
1413	0.4317303	0.445020612	0.418439988
1414	0.4310686	0.444230037	0.417907163
1415	0.4300916	0.443311498	0.416871702
1416	0.4292186	0.442482563	0.415954637
1417	0.4292668	0.442608635	0.415924965
1418	0.429658	0.443133965	0.416182035
1419	0.4293306	0.442896318	0.415764882
1420	0.4285618	0.442180117	0.414943483
1421	0.4280526	0.441555314	0.414549886
1422	0.4276916	0.440982979	0.414400221
1423	0.4274295	0.440589702	0.414269298
1424	0.4272533	0.440322879	0.414183721
1425	0.4271996	0.440269497	0.414129703
1426	0.4272741	0.440427631	0.414120569
1427	0.4273467	0.440505894	0.414187506
1428	0.4273873	0.440431882	0.414342718
1429	0.4273577	0.440300795	0.414414605
1430	0.4273503	0.440306597	0.414394003
1431	0.4274566	0.440431241	0.414481959
1432	0.4278068	0.440741017	0.414872583
1433	0.4281381	0.441063821	0.415212379
1434	0.4285138	0.441466436	0.415561164
1435	0.4288366	0.441799586	0.415873614
1436	0.4287209	0.44172101	0.41572079
1437	0.4287208	0.441789992	0.415651608
1438	0.4292813	0.442379402	0.416183198
1439	0.4297843	0.442879106	0.416689494
1440	0.4297768	0.442799508	0.416754092
1441	0.4297036	0.442653864	0.416753336
1442	0.4294508	0.442272844	0.416628756
1443	0.4292326	0.441965739	0.416499461
1444	0.4290296	0.441842045	0.416217155
1445	0.4288099	0.441695221	0.415924579
1446	0.4286563	0.441555949	0.415756651
1447	0.4285136	0.441412484	0.415614716
1448	0.4281385	0.44100734	0.41526966
1449	0.4277881	0.440647668	0.414928532
1450	0.4275928	0.44047353	0.41471207
1451	0.4274448	0.440336186	0.414553414
1452	0.4274657	0.440360677	0.414570723
1453	0.4274762	0.440370053	0.414582347
1454	0.4272518	0.440100431	0.414403169
1455	0.4270123	0.439832865	0.414191735
1456	0.426894	0.439778465	0.414009535
1457	0.4268237	0.439767287	0.413880113
1458	0.4268108	0.439720878	0.413900722
1459	0.4268658	0.439728464	0.414003136
1460	0.4270476	0.439909936	0.414185264
1461	0.4272182	0.440096923	0.414339477
1462	0.4274082	0.440310067	0.414506333
1463	0.4276392	0.440569819	0.414708581
1464	0.4279373	0.440853815	0.415020785
1465	0.4282363	0.441121989	0.415350611
1466	0.4284571	0.441354136	0.415560064
1467	0.4286181	0.441532169	0.415704031
1468	0.4290174	0.441960394	0.416074406
1469	0.4296026	0.442603654	0.416601546
1470	0.430041	0.443084863	0.416997137
1471	0.4302856	0.443341684	0.417229516
1472	0.4303265	0.443391915	0.417261085
1473	0.430236	0.443329253	0.417142747
1474	0.4300419	0.443146577	0.416937223
1475	0.4297607	0.442833972	0.416687428
1476	0.4295682	0.442587637	0.416548763
1477	0.4296137	0.442585777	0.416641623
1478	0.4296952	0.442646758	0.416743642
1479	0.429649	0.442586	0.416712
1480	0.4295457	0.442497284	0.416594116
1481	0.4293931	0.442413792	0.416372408
1482	0.4291844	0.4422534	0.4161154
1483	0.4288538	0.441929819	0.415777781
1484	0.4285266	0.44157057	0.41548263
1485	0.4282996	0.441260203	0.415338997
1486	0.4281566	0.441070119	0.415243081
1487	0.4280874	0.44099564	0.41517916
1488	0.4279373	0.440852221	0.415022379
1489	0.4276533	0.440612888	0.414693712
1490	0.4273942	0.440392527	0.414395873
1491	0.4271027	0.44014416	0.41406124
1492	0.4268551	0.439936451	0.413773749
1493	0.4268265	0.439918984	0.413734016
1494	0.4268026	0.439894183	0.413711017
1495	0.4267219	0.439774023	0.413669777
1496	0.4266264	0.439651051	0.413601749
1497	0.4264548	0.43949067	0.41341893
1498	0.4263173	0.439361688	0.413272912
1499	0.4263543	0.439417562	0.413291038
1500	0.4263812	0.439460351	0.413302049
1501	0.4262889	0.439346857	0.413230943
1502	0.4262133	0.439254283	0.413172317
1503	0.4262814	0.439314366	0.413248434
1504	0.4263451	0.439368132	0.413322068
1505	0.4264012	0.439448784	0.413353616
1506	0.4264619	0.439538833	0.413384967
1507	0.4265019	0.439611861	0.413391939
1508	0.4265363	0.439678213	0.413394387
1509	0.4265276	0.439670823	0.413384377
1510	0.4265165	0.439656896	0.413376104
1511	0.4265896	0.439733938	0.413445262
1512	0.4266802	0.439830111	0.413530289
1513	0.4267786	0.439934247	0.413622953
1514	0.4268546	0.440016782	0.413692418
1515	0.4268241	0.439995246	0.413652954
1516	0.4268011	0.439981093	0.413621107
1517	0.4269005	0.44010205	0.41369895
1518	0.4270075	0.440232408	0.413782592
1519	0.427054	0.440264262	0.413843738
1520	0.427097	0.440288611	0.413905389
1521	0.4271372	0.440339074	0.413935326
1522	0.4271665	0.440381732	0.413951268
1523	0.4272532	0.440482259	0.414024141
1524	0.4273545	0.440594802	0.414114198
1525	0.4274532	0.440691364	0.414215036
1526	0.4275575	0.440798444	0.414316556
1527	0.4275963	0.44083134	0.41436126
1528	0.4276118	0.440833142	0.414390458
1529	0.427671	0.440864279	0.414477721
1530	0.4277349	0.440898989	0.414570811
1531	0.4277433	0.440938595	0.414548005
1532	0.4277439	0.440983103	0.414504697
1533	0.4278171	0.441081572	0.414552628
1534	0.4279062	0.441188298	0.414624102
1535	0.4279929	0.441281167	0.414704633
1536	0.4280907	0.441387153	0.414794247
1537	0.4281857	0.441476285	0.414895115
1538	0.428268	0.441549896	0.414986104
1539	0.4283718	0.44164573	0.41509787
1540	0.4284867	0.441749231	0.415224169
1541	0.428547	0.441811252	0.415282748
1542	0.4285861	0.441856699	0.415315501
1543	0.4287106	0.442002182	0.415419018
1544	0.4288721	0.442194882	0.415549318
1545	0.4289992	0.442339513	0.415658887
1546	0.4291072	0.442457131	0.415757269
1547	0.4292127	0.442560873	0.415864527
1548	0.4293172	0.442658547	0.415975853
1549	0.4294036	0.442744213	0.416062987
1550	0.429488	0.442834696	0.416141304
1551	0.4296178	0.44297791	0.41625769
1552	0.4297612	0.443131657	0.416390743
1553	0.4298411	0.443216229	0.416465971
1554	0.4298973	0.443280236	0.416514364
1555	0.4300058	0.443375276	0.416636324
1556	0.4301395	0.443479922	0.416799078
1557	0.4302323	0.443571817	0.416892783
1558	0.4302885	0.4436442	0.4169328
1559	0.4304106	0.44375965	0.41706155
1560	0.4305835	0.443912375	0.417254625
1561	0.4306004	0.443923012	0.417277788
1562	0.430525	0.443851698	0.417198302
1563	0.4305598	0.443902352	0.417217248
1564	0.4306616	0.444026715	0.417296485
1565	0.4308316	0.44420728	0.41745592
1566	0.4310359	0.444412435	0.417659365
1567	0.4311284	0.444510509	0.417746291
1568	0.4311608	0.444556571	0.417765029
1569	0.4312165	0.444622417	0.417810583
1570	0.4312911	0.44470147	0.41788073
1571	0.4313217	0.444741527	0.417901873
1572	0.4313127	0.444744918	0.417880482
1573	0.4313703	0.444797186	0.417943414
1574	0.4314729	0.444882137	0.418063663
1575	0.4316057	0.445005008	0.418206392
1576	0.4317725	0.445166107	0.418378893
1577	0.431863	0.445263603	0.418462397
1578	0.4318842	0.445300526	0.418467874
1579	0.431917	0.445344565	0.418489435
1580	0.4319767	0.445413892	0.418539508
1581	0.4320556	0.445498453	0.418612747
1582	0.4321422	0.445587476	0.418696924
1583	0.4322551	0.445706705	0.418803495
1584	0.4323851	0.445846973	0.418923227
1585	0.4325534	0.446011887	0.419094913
1586	0.4327464	0.446193705	0.419299095
1587	0.4329739	0.446426541	0.419521259
1588	0.4332223	0.446688714	0.419755886
1589	0.4333002	0.446767493	0.419832907
1590	0.4332673	0.446729682	0.419804918
1591	0.4332676	0.446727609	0.419807591
1592	0.4332873	0.44674359	0.41983101
1593	0.4333647	0.446835167	0.419894233
1594	0.4334808	0.446978327	0.419983273
1595	0.4336319	0.447125358	0.420138442
1596	0.4338084	0.447276817	0.420339983
1597	0.4339169	0.447384742	0.420449058
1598	0.4339809	0.447465885	0.420495915
1599	0.4340144	0.447525204	0.420503596
1600	0.4340253	0.447567852	0.420482748
1601	0.4340673	0.447599482	0.420535118
1602	0.4341265	0.447621544	0.420631456
1603	0.4342282	0.44773286	0.42072354
1604	0.4343627	0.447906892	0.420818508
1605	0.4344668	0.447993884	0.420939716
1606	0.4345519	0.448026018	0.421077782
1607	0.4346956	0.448156325	0.421234875
1608	0.4348753	0.448348901	0.421401699
1609	0.4350012	0.448497795	0.421504605
1610	0.4350929	0.448618845	0.421566955
1611	0.4351987	0.448736331	0.421661069
1612	0.4353107	0.448848965	0.421772435
1613	0.4354026	0.448948919	0.421856281
1614	0.4354886	0.449047835	0.421929365
1615	0.4356079	0.449165102	0.422050698
1616	0.435744	0.449290135	0.422197865
1617	0.4358387	0.449409416	0.422267984
1618	0.4359093	0.449523583	0.422295017
1619	0.4360336	0.449651761	0.422415439
1620	0.4361844	0.449788414	0.422580386
1621	0.4363371	0.449927067	0.422747133
1622	0.4364895	0.450064072	0.422914928
1623	0.4365447	0.450100939	0.422988461
1624	0.43656	0.450097159	0.423022841
1625	0.4367458	0.450299026	0.423192574
1626	0.4369983	0.450581703	0.423414897
1627	0.4371525	0.450742187	0.423562813
1628	0.4372704	0.450857508	0.423683292
1629	0.4373428	0.450932009	0.423753591
1630	0.4373993	0.450992238	0.423806362
1631	0.4374588	0.451043054	0.423874546
1632	0.4375199	0.451091347	0.423948453
1633	0.4376461	0.451206597	0.424085603
1634	0.4377913	0.451342122	0.424240478
1635	0.4379433	0.451519699	0.424366901
1636	0.4381008	0.451713217	0.424488383
1637	0.4381358	0.451761411	0.424510189
1638	0.4381388	0.451771823	0.424505777
1639	0.4382106	0.451830131	0.424591069
1640	0.4382986	0.45189982	0.42469738
1641	0.4383887	0.451998342	0.424779058
1642	0.4384806	0.452104272	0.424856928
1643	0.4384748	0.452100266	0.424849334
1644	0.4384493	0.452075251	0.424823349
1645	0.4386009	0.452215865	0.424985935
1646	0.4387843	0.452386549	0.425182051
1647	0.4389518	0.452569762	0.425333838
1648	0.4391109	0.452747514	0.425474286
1649	0.4392137	0.45286166	0.42556574
1650	0.4393201	0.452980088	0.425660112
1651	0.43948	0.453150465	0.425809535
1652	0.4396386	0.453318396	0.425958804
1653	0.4397546	0.453411416	0.426097784
1654	0.4398648	0.453498318	0.426231282
1655	0.4398892	0.453532649	0.426245751
1656	0.439925	0.453581101	0.426268899
1657	0.4401224	0.453816037	0.426428763
1658	0.4403098	0.454038676	0.426580924
1659	0.4403252	0.454036963	0.426613437
1660	0.4403507	0.454045802	0.426655598
1661	0.4405097	0.454189428	0.426829972
1662	0.4406621	0.454328199	0.426996001
1663	0.4407756	0.454426025	0.427125175
1664	0.4408887	0.454525943	0.427251457
1665	0.4409895	0.454658356	0.427320644
1666	0.4410658	0.454762536	0.427369064
1667	0.4409683	0.454657492	0.427279108
1668	0.4409037	0.454585431	0.427221969
1669	0.4410027	0.454668269	0.427337131
1670	0.4410991	0.454752323	0.427445877
1671	0.4412001	0.454870518	0.427529682
1672	0.441289	0.454977254	0.427600746
1673	0.4413506	0.455059364	0.427641836
1674	0.4414335	0.455155551	0.427711449
1675	0.4415256	0.455233932	0.427817268
1676	0.4416176	0.455313021	0.427922179
1677	0.4417455	0.455421353	0.428069647
1678	0.4418997	0.455564887	0.428234513
1679	0.4421013	0.455786306	0.428416294
1680	0.4422551	0.455959638	0.428550562
1681	0.4423197	0.456038661	0.428600739
1682	0.442385	0.456110169	0.428659831
1683	0.4424357	0.456152028	0.428719372
1684	0.4425467	0.456266072	0.428827328
1685	0.4427611	0.456503077	0.429019123
1686	0.4429369	0.456701177	0.429172623
1687	0.443061	0.456849043	0.429272957
1688	0.4431392	0.456932535	0.429345865
1689	0.4431542	0.456922109	0.429386291
1690	0.4432686	0.457045547	0.429491653
1691	0.4435074	0.457331096	0.429683704
1692	0.4436964	0.457534953	0.429857847
1693	0.4438207	0.457647556	0.429993844
1694	0.4439516	0.457763039	0.430140161
1695	0.4440812	0.457873432	0.430288968
1696	0.4441443	0.457932255	0.430356345
1697	0.4441759	0.457969074	0.430382726
1698	0.4443066	0.45811704	0.43049616
1699	0.4444976	0.458337267	0.430657933
1700	0.4445531	0.458422902	0.430683298
1701	0.44452	0.458418291	0.430621709
1702	0.4445768	0.458467744	0.430685856
1703	0.4446896	0.458554926	0.430824274
1704	0.4448004	0.45865244	0.43094836
1705	0.4449025	0.458747618	0.431057382
1706	0.4449152	0.458784891	0.431045509
1707	0.4448846	0.458788701	0.430980499
1708	0.4449831	0.458850405	0.431115795
1709	0.4451516	0.458963667	0.431339533
1710	0.4452356	0.45909084	0.43138036
1711	0.4452844	0.45920056	0.43136824
1712	0.4453633	0.459296465	0.431430135
1713	0.4454503	0.459395919	0.431504681
1714	0.4454753	0.459419393	0.431531207
1715	0.4455009	0.459444052	0.431557748
1716	0.4455668	0.459493167	0.431640433
1717	0.4456345	0.459537553	0.431731447
1718	0.4457204	0.459616381	0.431824419
1719	0.4457926	0.45968657	0.43189863
1720	0.4458068	0.459714132	0.431899468
1721	0.4458261	0.459750221	0.431901979
1722	0.4458029	0.459712721	0.431893079
1723	0.4457756	0.459672353	0.431878847
1724	0.4459	0.45982194	0.43197806
1725	0.446031	0.459967805	0.432094195
1726	0.4461031	0.460012536	0.432193664
1727	0.4461801	0.460071868	0.432288332
1728	0.4462126	0.460087658	0.432337542
1729	0.4462022	0.460059035	0.432345365
1730	0.4461712	0.460032823	0.432309577
1731	0.4462053	0.460070881	0.432339719
1732	0.4462865	0.460154181	0.432418819
1733	0.4463663	0.460231782	0.432500818
1734	0.4465121	0.460359936	0.432664264
1735	0.4466128	0.460471578	0.432754022
1736	0.4465707	0.460479832	0.432661568
1737	0.4465665	0.460502345	0.432630655
1738	0.4466627	0.460592652	0.432732748
1739	0.4466738	0.460603919	0.432743681
1740	0.4466132	0.460557555	0.432668845
1741	0.4465922	0.460525668	0.432658732
1742	0.4465973	0.46050651	0.43268809
1743	0.4465352	0.460453377	0.432617023
1744	0.4464168	0.460351428	0.432482172
1745	0.4464615	0.460392435	0.432530565
1746	0.4465656	0.46049309	0.43263811
1747	0.4465353	0.460424673	0.432645927
1748	0.4464652	0.460302897	0.432627503
1749	0.4463856	0.460166886	0.432604314
1750	0.4463353	0.46005456	0.43261604
1751	0.4463458	0.460072112	0.432619488
1752	0.4463475	0.460104607	0.432590393
1753	0.4464972	0.460291351	0.432703049
1754	0.4466484	0.460459169	0.432837631
1755	0.4466672	0.460502045	0.432832355
1756	0.4466529	0.460526022	0.432779778
1757	0.4466879	0.46055191	0.43282389
1758	0.4467916	0.460642707	0.432940493
1759	0.4468713	0.460749559	0.432993041
1760	0.4469182	0.460816054	0.433020346
1761	0.4469386	0.460799219	0.433077981
1762	0.4469506	0.46077923	0.43312197
1763	0.4471213	0.460925782	0.433316818
1764	0.4473099	0.461100188	0.433519612
1765	0.4475108	0.461333675	0.433687925
1766	0.4476084	0.461453581	0.433763219
1767	0.4473833	0.461208742	0.433557858
1768	0.4472818	0.461094031	0.433469569
1769	0.4474756	0.461284498	0.433666702
1770	0.4477416	0.461550431	0.433932769
1771	0.4480183	0.461843066	0.434193534
1772	0.4482171	0.462050438	0.434383762
1773	0.44846	0.462284619	0.434635381
1774	0.4486047	0.462443215	0.434766185
1775	0.4485559	0.462436163	0.434675637
1776	0.448808	0.462698237	0.434917763
1777	0.4493323	0.463212788	0.435451812
1778	0.4495808	0.463457861	0.435703739
1779	0.4496247	0.46348696	0.43576244
1780	0.4496727	0.46352773	0.43581767
1781	0.4497959	0.463641844	0.435949956
1782	0.4500601	0.463849479	0.436270721
1783	0.4503036	0.46404453	0.43656267
1784	0.4505952	0.46436879	0.43682161
1785	0.4508995	0.464725698	0.437073302
1786	0.4510457	0.464869938	0.437221462
1787	0.4512359	0.465043986	0.437427814
1788	0.4517262	0.465626519	0.437825881
1789	0.4522535	0.466265351	0.438241649
1790	0.4528299	0.466780843	0.438878957
1791	0.4533806	0.467246243	0.439514957
1792	0.4534945	0.467402985	0.439586015
1793	0.4536981	0.467649682	0.439746518
1794	0.4540786	0.468000658	0.440156542
1795	0.4545437	0.468476073	0.440611327
1796	0.4551522	0.469149092	0.441155308
1797	0.4557619	0.469812077	0.441711723
1798	0.4565251	0.470745905	0.442304295
1799	0.4573537	0.471683409	0.443023991
1800	0.4577924	0.47195075	0.44363405
1801	0.4574017	0.46843262	0.44637078
1802	0.4609537	0.473427453	0.448479947
1803	0.4613278	0.474642861	0.448012739
1804	0.4601945	0.473430461	0.446958539
1805	0.4601747	0.473744133	0.446605267
1806	0.4617795	0.477624436	0.445934564
1807	0.4602453	0.476956785	0.443533815
1808	0.4543504	0.471706557	0.436994243
1809	0.4530836	0.471808519	0.434358681
1810	0.4611598	0.477758327	0.444561273
1811	0.464381	0.47904491	0.44971709
1812	0.464469	0.479808726	0.449129274
1813	0.4672064	0.484829228	0.449583572
1814	0.4741441	0.486756272	0.461531928
1815	0.4803236	0.495507522	0.465139678
1816	0.4809507	0.49888501	0.46301639
1817	0.4863885	0.502497454	0.470279546
1818	0.5079993	0.527337834	0.488660766
1819	0.5331235	0.558198295	0.508048705
1820	0.542785	0.570254886	0.515315114
1821	0.5474448	0.573970705	0.520918895
1822	0.5651767	0.598844178	0.531509222
1823	0.585016	0.627995889	0.542036111
1824	0.569181	0.630725819	0.507636181
1825	0.525604	0.60416688	0.44704112
1826	0.4631924	0.539319783	0.387065017
1827	0.4390729	0.512424794	0.365721006
1828	0.4684837	0.551285734	0.385681666
1829	0.5362281	0.633023715	0.439432485
1830	0.5980686	0.707065362	0.489071838
1831	0.5989749	0.729888122	0.468061678
1832	0.5295532	0.6974516	0.3616548
1833	0.4131996	0.593488251	0.232910949
1834	0.281583	0.428247398	0.134918602
1835	0.2709841	0.421413168	0.120555032
1836	0.3004966	0.456355463	0.144637737
1837	0.3393348	0.478537713	0.200131887
1838	0.5370968	0.764847248	0.309346352
1839	1.2923214	2.044143176	0.540499624
1840	3.1491451	5.062462351	1.235827849
1841	4.1478087	6.543005145	1.752612255
1842	2.8523506	4.637053716	1.067647484
1843	1.7687145	2.64858886	0.88884014
1844	1.7587101	2.461228676	1.056191524
1845	1.460257	1.923231752	0.997282248
1846	1.453864	1.787894508	1.119833492
1847	2.1983239	3.061105741	1.335542059
1848	3.3870565	5.11896272	1.65515028
1849	2.1294656	3.178720731	1.080210469
1850	1.4564022	2.179890489	0.732913911
1851	1.5006464	2.392132011	0.609160789
1852	1.3672038	2.297893499	0.436514101
1853	0.9133364	1.603181243	0.223491557
1854	0.7679527	1.267850701	0.268054699
1855	0.6324451	0.985060046	0.279830154
1856	0.4515047	0.668137938	0.234871462
1857	0.3661561	0.542429241	0.189882959
1858	0.3879671	0.546544485	0.229389715
1859	0.3944788	0.516559151	0.272398449
1860	0.3989089	0.530740024	0.267077776
1861	0.4403295	0.613582409	0.267076591
1862	0.4164408	0.584376491	0.248505109
1863	0.5478717	0.765942789	0.329800611
1864	0.7273475	1.090552217	0.364142783
1865	0.5500535	0.828205587	0.271901413
1866	0.4293341	0.655455785	0.203212415
1867	0.4997418	0.735643427	0.263840173
1868	0.7509306	1.087498028	0.414363172
1869	0.6208507	0.853072551	0.388628849
1870	0.4230238	0.524751158	0.321296442
1871	0.400632	0.486828154	0.314435846
1872	0.4533184	0.601475177	0.305161623
1873	0.5553283	0.849327162	0.261329438
1874	0.8068057	1.252786017	0.360825383
1875	1.1005322	1.717662577	0.483401823
1876	0.6860182	0.996315508	0.375720892
1877	0.4917535	0.654288468	0.329218532
1878	0.5818205	0.73514297	0.42849803
1879	0.7656135	0.980952976	0.550274024
1880	0.8813879	1.105695714	0.657080086
1881	0.9031573	1.093281733	0.713032867
1882	0.8915674	1.075882316	0.707252484
1883	0.7194353	0.8504705	0.5884001
1884	0.6006076	0.717075073	0.484140127
1885	0.5413461	0.624654614	0.458037586
1886	0.5102349	0.573937884	0.446531916
1887	0.4424013	0.50167013	0.38313247
1888	0.3778181	0.433649983	0.321986217
1889	0.3467457	0.398247927	0.295243473
1890	0.3465045	0.392007256	0.301001744
1891	0.3564802	0.406409418	0.306550982
1892	0.3715714	0.432589551	0.310553249
1893	0.3910996	0.481962617	0.300236583
1894	0.417189	0.510131105	0.324246895
1895	0.4472741	0.538213252	0.356334948
1896	0.4448144	0.527186873	0.362441927
1897	0.4566734	0.546796647	0.366550153
1898	0.4824825	0.598887415	0.366077585
1899	0.5287822	0.675144667	0.382419733
1900	0.6143292	0.809390703	0.419267697
1901	0.6693885	0.891089118	0.447687882
1902	0.7206969	0.987242688	0.454151112
1903	0.8432294	1.132747235	0.553711565
1904	1.1601303	1.565547785	0.754712815
1905	0.9473406	1.299128978	0.595552222
1906	0.637672	0.960658969	0.314685031
1907	0.6821784	0.994928933	0.369427867
1908	1.0069645	1.363462923	0.650466077
1909	1.0396162	1.316368564	0.762863836
1910	0.6332921	0.770196784	0.496387416
1911	0.4843812	0.627503477	0.341258923
1912	0.4385424	0.543589935	0.333494865
1913	0.4073005	0.49274214	0.32185886
1914	0.402934	0.472246883	0.333621117
1915	0.4089181	0.482205702	0.335630498
1916	0.4307786	0.487668666	0.373888534
1917	0.4511139	0.496999211	0.405228589
1918	0.4716869	0.518694431	0.424679369
1919	0.4872441	0.531903658	0.442584542
1920	0.4983432	0.543056721	0.453629679
1921	0.5175733	0.559784293	0.475362307
1922	0.5352866	0.586096374	0.484476826
1923	0.5055677	0.546242929	0.464892471
1924	0.4770274	0.517903429	0.436151371
1925	0.4596338	0.492014688	0.427252912
1926	0.4478525	0.469362749	0.426342251
1927	0.4457531	0.462680084	0.428826116
1928	0.4541908	0.474125598	0.434256002
1929	0.4529021	0.475565021	0.430239179
1930	0.4362328	0.45597475	0.41649085
1931	0.4261581	0.446887484	0.405428716
1932	0.4351714	0.456000497	0.414342303
1933	0.4429565	0.464996315	0.420916685
1934	0.4506584	0.469412232	0.431904568
1935	0.4579757	0.475749596	0.440201804
1936	0.45683	0.470840716	0.442819284
1937	0.4528768	0.464592804	0.441160796
1938	0.4464682	0.45689934	0.43603706
1939	0.4376954	0.446280935	0.429109865
1940	0.4321932	0.441363721	0.423022679
1941	0.4310598	0.442284537	0.419835063
1942	0.429947	0.443395481	0.416498519
1943	0.4332385	0.445135008	0.421341992
1944	0.4363045	0.44734019	0.42526881
1945	0.4346641	0.444808514	0.424519686
1946	0.4321972	0.442269239	0.422125161
1947	0.4326246	0.443185027	0.422064173
1948	0.4346513	0.446346641	0.422955959
1949	0.4349036	0.447686157	0.422121043
1950	0.4325942	0.445907561	0.419280839
1951	0.4301208	0.443588542	0.416653058
1952	0.4265715	0.437624628	0.415518372
1953	0.4231967	0.432530947	0.413862453
1954	0.4236086	0.432212069	0.415005131
1955	0.4240872	0.433166092	0.415008308
1956	0.4258413	0.435801168	0.415881432
1957	0.4278178	0.439066937	0.416568663
1958	0.4270156	0.438517822	0.415513378
1959	0.4244433	0.435505521	0.413381079
1960	0.4229695	0.433870357	0.412068643
1961	0.4229834	0.433963857	0.412002943
1962	0.4232054	0.434351648	0.412059152
1963	0.4244876	0.435331811	0.413643389
1964	0.4255942	0.43628765	0.41490075
1965	0.4234878	0.434722194	0.412253406
1966	0.4215357	0.433337511	0.409733889
1967	0.4213433	0.433218688	0.409467912
1968	0.4216872	0.433489039	0.409885361
1969	0.421592	0.43339744	0.40978656
1970	0.421041	0.432944439	0.409137561
1971	0.4206496	0.432517421	0.408781779
1972	0.4208449	0.43245293	0.40923687
1973	0.4212224	0.432619334	0.409825466
1974	0.4226086	0.433685486	0.411531714
1975	0.4238941	0.434691034	0.413097166
1976	0.4247489	0.435763732	0.413734068
1977	0.4254678	0.436752872	0.414182728
1978	0.4259646	0.437450915	0.414478285
1979	0.4264504	0.438105762	0.414795038
1980	0.4266852	0.438265928	0.415104472
1981	0.4266264	0.437957495	0.415295305
1982	0.4267243	0.437915569	0.415533031
1983	0.4271785	0.438372901	0.415984099
1984	0.4275847	0.43881559	0.41635381
1985	0.4277367	0.439156929	0.416316471
1986	0.4278861	0.439514534	0.416257666
1987	0.4276662	0.439444549	0.415887851
1988	0.4274343	0.439367745	0.415500855
1989	0.4278535	0.439738638	0.415968362
1990	0.4285196	0.440313537	0.416725663
1991	0.4295597	0.441137541	0.417981859
1992	0.4309655	0.442208719	0.419722281
1993	0.4320498	0.443129463	0.420970137
1994	0.4325	0.443809009	0.421190991
1995	0.4329283	0.444522638	0.421333962
1996	0.432376	0.444441738	0.420310262
1997	0.4317754	0.444432635	0.419118165
1998	0.4323467	0.445220548	0.419472852
1999	0.4331405	0.446227729	0.420053271
2000	0.4314868	0.444472835	0.418500765
2001	0.4288739	0.441650665	0.416097135
2002	0.4281097	0.440676095	0.415543305
2003	0.4285416	0.441226362	0.415856838
2004	0.4286832	0.441453764	0.415912636
2005	0.4289205	0.441502414	0.416338586
2006	0.4294104	0.442059292	0.416761508
2007	0.4313926	0.444173261	0.418611939
2008	0.4334661	0.446392953	0.420539247
2009	0.4356736	0.448396381	0.422950819
2010	0.4377371	0.450305253	0.425168947
2011	0.435355	0.447615994	0.423094006
2012	0.4325239	0.444661106	0.420386694
2013	0.4331017	0.445271248	0.420932152
2014	0.4349198	0.447359748	0.422479852
2015	0.4367722	0.449281429	0.424262971
2016	0.4379983	0.450300521	0.425696079
2017	0.438121	0.450316179	0.425925821
2018	0.4372108	0.448991492	0.425430108
2019	0.4366543	0.448124268	0.425184332
2020	0.4370039	0.448391234	0.425616566
2021	0.4373016	0.448681189	0.425922011
2022	0.4377103	0.449179043	0.426241557
2023	0.4382129	0.449774103	0.426651697
2024	0.4393974	0.451138279	0.427656521
2025	0.440684	0.452664457	0.428703543
2026	0.4413943	0.453629486	0.429159114
2027	0.4417431	0.454313396	0.429172804
2028	0.441869	0.454718608	0.429019392
2029	0.4418364	0.454752328	0.428920472
2030	0.4421739	0.455173768	0.429174032
2031	0.4427975	0.455829026	0.429765974
2032	0.4432108	0.456258744	0.430162856
2033	0.4429741	0.456031688	0.429916512
2034	0.4427996	0.455902117	0.429697083
2035	0.4429342	0.4558232	0.4300452
2036	0.4431159	0.455750899	0.430480901
2037	0.4440632	0.456613743	0.431512657
2038	0.4449948	0.457482354	0.432507246
2039	0.4450837	0.457510294	0.432657106
2040	0.4447558	0.457122293	0.432389307
2041	0.4446578	0.456981873	0.432333727
2042	0.4447889	0.45716984	0.43240796
2043	0.444903	0.45732654	0.43247946
2044	0.4456897	0.458192752	0.433186648
2045	0.4465312	0.459174077	0.433888323
2046	0.4461193	0.458761234	0.433477366
2047	0.4453263	0.457877655	0.432774945
2048	0.4454821	0.458078554	0.432885646
2049	0.4460243	0.458709482	0.433339118
2050	0.4462705	0.458792603	0.433748397
2051	0.446452	0.45884152	0.43406248
2052	0.4470672	0.459356878	0.434777522
2053	0.4480559	0.460203394	0.435908406
2054	0.4484918	0.460587665	0.436395935
2055	0.4467815	0.458975289	0.434587711
2056	0.4452023	0.457569508	0.432835092
2057	0.4451023	0.457643283	0.432561317
2058	0.4452551	0.45791667	0.43259353
2059	0.4460588	0.458691288	0.433426312
2060	0.4469457	0.459618572	0.434272828
2061	0.446697	0.459312901	0.434081099
2062	0.4460776	0.458516631	0.433638569
2063	0.4453857	0.45772784	0.43304356
2064	0.4446051	0.456931397	0.432278803
2065	0.4438016	0.456194341	0.431408859
2066	0.4431117	0.455634239	0.430589161
2067	0.4430404	0.455682351	0.430398449
2068	0.4446591	0.457353928	0.431964272
2069	0.4462997	0.459035203	0.433564197
2070	0.4477407	0.460454958	0.435026442
2071	0.4488709	0.461583333	0.436158467
2072	0.4486539	0.461326759	0.435981041
2073	0.4483632	0.460996785	0.435729615
2074	0.4485292	0.461055347	0.436003053
2075	0.448269	0.460679971	0.435858029
2076	0.4479446	0.460222506	0.435666694
2077	0.4480391	0.460285479	0.435792721
2078	0.4479777	0.460280636	0.435674764
2079	0.4476943	0.460071449	0.435317151
2080	0.4474779	0.459959069	0.434996731
2081	0.4478976	0.460317512	0.435477688
2082	0.4483404	0.460732441	0.435948359
2083	0.4485377	0.461064455	0.436010945
2084	0.4487581	0.461411443	0.436104757
2085	0.4491989	0.461820814	0.436576986
2086	0.4495911	0.462188948	0.436993252
2087	0.4493537	0.462159304	0.436548096
2088	0.4490039	0.462046572	0.435961228
2089	0.4491365	0.462107463	0.436165537
2090	0.4494079	0.462249703	0.436566097
2091	0.4494905	0.46232612	0.43665488
2092	0.4493559	0.462241758	0.436470042
2093	0.4494423	0.462473505	0.436411095
2094	0.4501932	0.463366029	0.437020371
2095	0.450637	0.463814131	0.437459869
2096	0.4508933	0.463856233	0.437930367
2097	0.4512033	0.463966244	0.438440356
2098	0.4511109	0.46387194	0.43834986
2099	0.4509474	0.46376326	0.43813154
2100	0.451174	0.464011241	0.438336759
2101	0.4513428	0.464193004	0.438492596
2102	0.4508926	0.463727685	0.438057515
2103	0.4503579	0.463056933	0.437658867
2104	0.4504579	0.463136552	0.437779248
2105	0.4512002	0.463944218	0.438456182
2106	0.4514044	0.464208096	0.438600704
2107	0.4509125	0.463809937	0.438015063
2108	0.4505943	0.463631747	0.437556853
2109	0.450293	0.463364017	0.437221983
2110	0.45001	0.463073172	0.436946828
2111	0.4499165	0.462992211	0.436840789
2112	0.4499089	0.46298602	0.43683178
2113	0.4504607	0.463501893	0.437419507
2114	0.4511642	0.464220572	0.438107828
2115	0.4519275	0.464984743	0.438870257
2116	0.4528451	0.465851748	0.439838452
2117	0.4534327	0.466263251	0.440602149
2118	0.4534194	0.46602665	0.44081215
2119	0.4528219	0.465426362	0.440217438
2120	0.4522668	0.464975508	0.439558092
2121	0.4522217	0.465056342	0.439387058
2122	0.4525106	0.465452269	0.439568931
2123	0.4526621	0.465597554	0.439726646
2124	0.4525516	0.465399714	0.439703486
2125	0.4525471	0.46533973	0.43975447
2126	0.4526849	0.465399562	0.439970238
2127	0.4528657	0.465517636	0.440213764
2128	0.4535069	0.466359124	0.440654676
2129	0.4542295	0.467335353	0.441123647
2130	0.4539819	0.466968085	0.440995715
2131	0.4533229	0.466120001	0.440525799
2132	0.4532711	0.466091474	0.440450726
2133	0.453556	0.466422099	0.440689901
2134	0.4537368	0.466581985	0.440891615
2135	0.4537526	0.466598574	0.440906626
2136	0.4536109	0.466378594	0.440843206
2137	0.4534566	0.465919788	0.440993412
2138	0.4533431	0.46568639	0.44099981
2139	0.4531643	0.465698468	0.440630132
2140	0.4530553	0.465776105	0.440334495
2141	0.4530595	0.465867363	0.440251637
2142	0.4529731	0.465777332	0.440168868
2143	0.4525719	0.465250124	0.439893676
2144	0.4521799	0.464775656	0.439584144
2145	0.4520875	0.464609127	0.439565873
2146	0.4520371	0.464469865	0.439604335
2147	0.4519737	0.464447705	0.439499695
2148	0.4519256	0.46438586	0.43946534
2149	0.4517569	0.464220505	0.439293295
2150	0.451704	0.464260177	0.439147823
2151	0.4517375	0.464307914	0.439167086
2152	0.451603	0.464045578	0.439160422
2153	0.4509496	0.463210869	0.438688331
2154	0.4501618	0.462368195	0.437955405
2155	0.4496763	0.461862413	0.437490187
2156	0.4494473	0.461500509	0.437394091
2157	0.4490892	0.461069983	0.437108417
2158	0.4484113	0.460576367	0.436246233
2159	0.4477822	0.460109515	0.435454885
2160	0.4473641	0.45960934	0.43511886
2161	0.4468893	0.459043649	0.434734951
2162	0.4459133	0.457939288	0.433887312
2163	0.444687	0.456537005	0.432836995
2164	0.4437882	0.455629907	0.431946493
2165	0.4431394	0.455032754	0.431246046
2166	0.442834	0.454762805	0.430905195
2167	0.4426205	0.454586478	0.430654522
2168	0.4419696	0.45399059	0.42994861
2169	0.4409906	0.453074761	0.428906439
2170	0.4400327	0.452068566	0.427996834
2171	0.4396118	0.451558884	0.427664716
2172	0.4392061	0.451190458	0.427221742
2173	0.4383976	0.450425297	0.426369903
2174	0.4376327	0.449694983	0.425570417
2175	0.4371591	0.449131515	0.425186685
2176	0.4366714	0.44848077	0.42486203
2177	0.4360407	0.44769444	0.42438696
2178	0.4354676	0.447075166	0.423860034
2179	0.4351608	0.446824202	0.423497398
2180	0.4347909	0.446501018	0.423080782
2181	0.433982	0.445441719	0.422522281
2182	0.4333703	0.444390303	0.422350297
2183	0.4330421	0.443879896	0.422204304
2184	0.4324513	0.443495304	0.421407296
2185	0.4316725	0.443034641	0.420310359
2186	0.4310162	0.442748267	0.419284133
2187	0.4303064	0.442304919	0.418307881
2188	0.4294122	0.441199864	0.417624536
2189	0.4284203	0.439934405	0.416906195
2190	0.4274337	0.43881907	0.41604833
2191	0.4266143	0.437961706	0.415266894
2192	0.4256756	0.437099472	0.414251728
2193	0.4245645	0.43606046	0.41306854
2194	0.4235842	0.435053388	0.412115012
2195	0.4227581	0.434165823	0.411350377
2196	0.4221185	0.433315734	0.410921266
2197	0.4215581	0.432524207	0.410591993
2198	0.4208495	0.431887169	0.409811831
2199	0.4198796	0.431105204	0.408653996
2200	0.4188629	0.430073479	0.407652321
2201	0.4181728	0.429321959	0.407023641
2202	0.4174079	0.428606603	0.406209197
2203	0.4167561	0.428127876	0.405384324
2204	0.4166017	0.428027649	0.405175751
2205	0.41631	0.427369276	0.405250724
2206	0.4162064	0.426987422	0.405425378
2207	0.4164066	0.427223109	0.405590091
2208	0.4165692	0.427438583	0.405699817
2209	0.4173914	0.428283417	0.406499383
2210	0.4183258	0.429247959	0.407403641
2211	0.4187216	0.429663935	0.407779265
2212	0.4189871	0.429946797	0.408027403
2213	0.4195513	0.43055187	0.40855073
2214	0.4201884	0.431265837	0.409110963
2215	0.4209118	0.432011855	0.409811745
2216	0.4218314	0.432873793	0.410789007
2217	0.4227141	0.433715249	0.411712951
2218	0.4232914	0.434380644	0.412202156
2219	0.4238606	0.435034796	0.412686404
2220	0.4246992	0.435844706	0.413553694
2221	0.425208	0.436344689	0.414071311
2222	0.4255261	0.436581115	0.414471085
2223	0.4257963	0.43675132	0.41484128
2224	0.4258199	0.436863662	0.414776138
2225	0.4260572	0.437241586	0.414872814
2226	0.4265254	0.437824246	0.415226554
2227	0.4268297	0.438104784	0.415554616
2228	0.4271726	0.438310259	0.416034941
2229	0.4277916	0.438889847	0.416693353
2230	0.428425	0.439402364	0.417447636
2231	0.4287907	0.439697944	0.417883456
2232	0.428461	0.439539111	0.417382889
2233	0.4278911	0.439137153	0.416645047
2234	0.4269609	0.438215064	0.415706736
2235	0.4261867	0.437484229	0.414889171
2236	0.4263051	0.437675148	0.414935052
2237	0.4266325	0.438177575	0.415087425
2238	0.4268199	0.43821104	0.41542876
2239	0.4269202	0.437961768	0.415878632
2240	0.4269184	0.437832124	0.416004676
2241	0.4263957	0.437145619	0.415645781
2242	0.4258771	0.436497524	0.415256676
2243	0.4262036	0.436935235	0.415471965
2244	0.4261164	0.436995247	0.415237553
2245	0.425722	0.43669354	0.41475046
2246	0.4259359	0.436948142	0.414923658
2247	0.4257589	0.436815331	0.414702469
2248	0.4252897	0.436354121	0.414225279
2249	0.4248947	0.435759904	0.414029496
2250	0.4243951	0.435159876	0.413630324
2251	0.4243521	0.435176	0.4135282
2252	0.424761	0.43563534	0.41388666
2253	0.4256397	0.436541033	0.414738367
2254	0.4263203	0.437230205	0.415410395
2255	0.4261987	0.437006837	0.415390563
2256	0.4259273	0.43665144	0.41520316
2257	0.4260763	0.436777491	0.415375109
2258	0.4264046	0.437118433	0.415690767
2259	0.4271554	0.438088237	0.416222563
2260	0.4281044	0.439258522	0.416950278
2261	0.4282985	0.439468441	0.417128559
2262	0.4279021	0.439062644	0.416741556
2263	0.4268694	0.437767082	0.415971718
2264	0.4256478	0.436283266	0.415012334
2265	0.424811	0.435446956	0.414175044
2266	0.4242583	0.434984523	0.413532077
2267	0.4235402	0.434444334	0.412636066
2268	0.4227455	0.43378832	0.41170268
2269	0.4223978	0.433432216	0.411363384
2270	0.4232179	0.434315059	0.412120741
2271	0.4239737	0.435169189	0.412778211
2272	0.4250383	0.436415453	0.413661147
2273	0.4259488	0.437501641	0.414395959
2274	0.425653	0.437027999	0.414278001
2275	0.4252393	0.436416573	0.414062027
2276	0.4248587	0.435857606	0.413859794
2277	0.4245844	0.435439786	0.413729014
2278	0.4247148	0.435479525	0.413950075
2279	0.424721	0.435375899	0.414066101
2280	0.4240145	0.434635837	0.413393163
2281	0.4233474	0.434041377	0.412653423
2282	0.423009	0.433673118	0.412344882
2283	0.4227229	0.433281133	0.412164667
2284	0.4226533	0.433316788	0.411989812
2285	0.4224004	0.433221815	0.411578985
2286	0.4210795	0.432007803	0.410151197
2287	0.419376	0.430327995	0.408424005
2288	0.4181778	0.429097267	0.407258333
2289	0.4179453	0.428870048	0.407020552
2290	0.4180898	0.428914744	0.407264856
2291	0.4178502	0.428693634	0.407006766
2292	0.4174127	0.428242799	0.406582601
2293	0.4167953	0.427564245	0.406026355
2294	0.4168458	0.427641456	0.406050144
2295	0.4178126	0.428102871	0.407522329
2296	0.4185544	0.428369917	0.408738883
2297	0.4188678	0.428667318	0.409068282
2298	0.4187291	0.42856267	0.40889553
2299	0.4176261	0.427795817	0.407456383
2300	0.4166332	0.427191082	0.406075318
2301	0.4157892	0.426401327	0.405177073
2302	0.4149063	0.425458955	0.404353645
2303	0.4144517	0.42485278	0.40405062
2304	0.4141751	0.424481119	0.403869081
2305	0.4143257	0.424571087	0.404080313
2306	0.4148721	0.425061561	0.404682639
2307	0.4164301	0.426616042	0.406244158
2308	0.4177205	0.427942842	0.407498158
2309	0.4172896	0.427680628	0.406898572
2310	0.4166765	0.427254438	0.406098562
2311	0.4162668	0.426947245	0.405586355
2312	0.4154824	0.426304695	0.404660105
2313	0.4145237	0.425415418	0.403631982
2314	0.4140496	0.424995578	0.403103622
2315	0.4137404	0.424514752	0.402966048
2316	0.4135217	0.424075811	0.402967589
2317	0.4135241	0.424130338	0.402917862
2318	0.4137043	0.424451324	0.402957276
2319	0.4139055	0.424906447	0.402904553
2320	0.4142642	0.425606856	0.402921544
2321	0.414388	0.425812723	0.402963277
2322	0.4140646	0.425243428	0.402885772
2323	0.4139333	0.424955049	0.402911551
2324	0.4139482	0.424739182	0.403157218
2325	0.4141189	0.424648286	0.403589514
2326	0.4145268	0.424812377	0.404241223
2327	0.4147566	0.424926734	0.404586466
2328	0.4138205	0.424056328	0.403584672
2329	0.4125986	0.422877964	0.402319236
2330	0.4112823	0.421669661	0.400894939
2331	0.4100836	0.420628434	0.399538766
2332	0.40989	0.420479414	0.399300586
2333	0.4101745	0.420816832	0.399532168
2334	0.4110656	0.421696596	0.400434604
2335	0.4118246	0.42235971	0.40128949
2336	0.4121862	0.422422565	0.401949835
2337	0.4125374	0.42255874	0.40251606
2338	0.4118823	0.422132711	0.401631889
2339	0.4109183	0.421580686	0.400255914
2340	0.4098423	0.42059362	0.39909098
2341	0.4087548	0.419324729	0.398184871
2342	0.4088594	0.419499663	0.398219137
2343	0.4091313	0.420002622	0.398259978
2344	0.409084	0.419920325	0.398247675
2345	0.4089911	0.419885244	0.398096956
2346	0.4084756	0.419194748	0.397756452
2347	0.4079305	0.418188474	0.397672526
2348	0.4081641	0.418284929	0.398043271
2349	0.4089341	0.419140496	0.398727704
2350	0.4094539	0.419820028	0.399087772
2351	0.409723	0.420379071	0.399066929
2352	0.4098345	0.420540492	0.399128508
2353	0.409105	0.419450363	0.398759637
2354	0.4085722	0.41869146	0.39845294
2355	0.4089176	0.419309989	0.398525211
2356	0.4088913	0.419536093	0.398246507
2357	0.408799	0.41911374	0.39848426
2358	0.4092882	0.419290691	0.399285709
2359	0.4098157	0.419491707	0.400139693
2360	0.4096724	0.419193191	0.400151609
2361	0.4092646	0.41914126	0.39938794
2362	0.4092225	0.41949197	0.39895303
2363	0.4087296	0.419094993	0.398364207
2364	0.4082807	0.418690325	0.397871075
2365	0.4090377	0.419415149	0.398660251
2366	0.4098294	0.420287719	0.399371081
2367	0.4107965	0.421843199	0.399749801
2368	0.4118552	0.423499608	0.400210792
2369	0.4110312	0.422513334	0.399549066
2370	0.4096692	0.420952555	0.398385845
2371	0.4082517	0.419541592	0.396961808
2372	0.406842	0.418284297	0.395399703
2373	0.4071765	0.418670996	0.395682004
2374	0.4081845	0.419618152	0.396750848
2375	0.4097133	0.420728682	0.398697918
2376	0.411313	0.421766548	0.400859452
2377	0.4116152	0.421800196	0.401430204
2378	0.4110512	0.421279742	0.400822658
2379	0.4111189	0.421404816	0.400832984
2380	0.4109412	0.421247804	0.400634596
2381	0.409865	0.419928772	0.399801228
2382	0.4099587	0.419601209	0.400316191
2383	0.4099578	0.419833935	0.400081665
2384	0.4095132	0.41995386	0.39907254
2385	0.4095577	0.420142465	0.398972935
2386	0.4092339	0.419990413	0.398477387
2387	0.4099681	0.420904716	0.399031484
2388	0.4114051	0.422191275	0.400618925
2389	0.4117514	0.422240508	0.401262292
2390	0.4119837	0.422229027	0.401738373
2391	0.4117908	0.422129819	0.401451781
2392	0.4105551	0.421232508	0.399877692
2393	0.4095172	0.420409432	0.398624968
2394	0.4079959	0.419455793	0.396536007
2395	0.4065689	0.418350561	0.394787239
2396	0.4064721	0.417742728	0.395201472
2397	0.406418	0.417365111	0.395470889
2398	0.4068675	0.418215848	0.395519152
2399	0.406644	0.418445965	0.394842035
2400	0.4038741	0.415603474	0.392144726
2401	0.4019622	0.413913827	0.390010573
2402	0.4034902	0.415576852	0.391403548
2403	0.4046819	0.416723246	0.392640554
2404	0.4039499	0.415483651	0.392416149
2405	0.4035535	0.414856981	0.392250019
2406	0.4046534	0.416427367	0.392879433
2407	0.406184	0.418473781	0.393894219
2408	0.4075702	0.41924365	0.39589675
2409	0.4087586	0.419852564	0.397664636
2410	0.4087817	0.420229812	0.397333588
2411	0.4082213	0.420358277	0.396084323
2412	0.4070535	0.419326565	0.394780435
2413	0.4059315	0.418432287	0.393430713
2414	0.4057942	0.418614979	0.392973421
2415	0.4057113	0.419006905	0.392415695
2416	0.4036857	0.417231559	0.390139841
2417	0.4019222	0.415661921	0.388182479
2418	0.4009977	0.413929055	0.388066345
2419	0.3996022	0.411723961	0.387480439
2420	0.399158	0.410733011	0.387582989
2421	0.3987026	0.41001041	0.38739479
2422	0.397843	0.408847591	0.386838409
2423	0.3973367	0.408351686	0.386321714
2424	0.397958	0.409134102	0.386781898
2425	0.3989428	0.410441281	0.387444319
2426	0.3982743	0.409685089	0.386863511
2427	0.3978322	0.408992103	0.386672297
2428	0.3977036	0.408791715	0.386615485
2429	0.3969038	0.407993582	0.385814018
2430	0.3968984	0.407678382	0.386118418
2431	0.3983988	0.409599608	0.387197992
2432	0.4014751	0.411982343	0.390967857
2433	0.4017322	0.411128207	0.392336193
2434	0.3980853	0.407463195	0.388707405
2435	0.3934214	0.403244712	0.383598088
2436	0.3920112	0.403175165	0.380847235
2437	0.3948028	0.407315784	0.382289816
2438	0.3945458	0.407196077	0.381895523
2439	0.3921468	0.404191219	0.380102381
2440	0.3914424	0.402663928	0.380220872
2441	0.3928593	0.403453512	0.382265088
2442	0.3955667	0.405563563	0.385569837
2443	0.3974987	0.40670654	0.38829086
2444	0.396739	0.405572052	0.387905948
2445	0.3939858	0.402690633	0.385280967
2446	0.3919636	0.400784652	0.383142548
2447	0.3898819	0.398541455	0.381222345
2448	0.3910224	0.400303492	0.381741308
2449	0.3954796	0.404106023	0.386853177
2450	0.3979731	0.406203331	0.389742869
2451	0.3989638	0.408612094	0.389315506
2452	0.3985651	0.408993422	0.388136778
2453	0.3959199	0.406448892	0.385390908
2454	0.3946139	0.405778153	0.383449647
2455	0.3960662	0.406770831	0.385361569
2456	0.3951533	0.4052151	0.3850915
2457	0.3881046	0.399394084	0.376815116
2458	0.3835951	0.3969654	0.3702248
2459	0.3840307	0.397981539	0.370079861
2460	0.3851905	0.39991345	0.37046755
2461	0.3894329	0.404508423	0.374357377
2462	0.3914931	0.406160746	0.376825454
2463	0.390334	0.403125987	0.377542013
2464	0.3897313	0.40199025	0.37747235
2465	0.3887781	0.400229655	0.377326545
2466	0.3877485	0.398494542	0.377002458
2467	0.3837937	0.394360658	0.373226742
2468	0.3800229	0.391571068	0.368474732
2469	0.3827192	0.394084504	0.371353896
2470	0.3885104	0.399618145	0.377402655
2471	0.398888	0.410432137	0.387343863
2472	0.4105687	0.422419864	0.398717536
2473	0.4186873	0.429131013	0.408243587
2474	0.4252941	0.436654051	0.413934149
2475	0.4204038	0.432374852	0.408432748
2476	0.4098545	0.424829015	0.394879985
2477	0.4056004	0.424085961	0.387114839
2478	0.4022047	0.424084673	0.380324727
2479	0.3900013	0.412062071	0.367940529
2480	0.3823088	0.406177656	0.358439944
2481	0.3824021	0.405697763	0.359106437
2482	0.3843394	0.407214653	0.361464147
2483	0.3929957	0.413255586	0.372735814
2484	0.3969654	0.414861081	0.379069719
2485	0.4000078	0.420630177	0.379385423
2486	0.4025475	0.43140204	0.37369296
2487	0.4075517	0.436895239	0.378208161
2488	0.4147779	0.451032103	0.378523697
2489	0.3905276	0.429014595	0.352040605
2490	0.3768942	0.418864249	0.334924151
2491	0.4188056	0.468137203	0.369473997
2492	0.4670663	0.533655137	0.400477463
2493	0.4579562	0.515007745	0.400904655
2494	0.4295914	0.475001342	0.384181458
2495	0.4006979	0.443980061	0.357415739
2496	0.3882497	0.437049179	0.339450221
2497	0.4127713	0.456783778	0.368758822
2498	0.4346401	0.479398136	0.389882064
2499	0.4262459	0.471174124	0.381317676
2500	0.4191999	0.473530595	0.364869205
