Wavelength	Mean	Std+	Std-
350	0.1037329	0.113670175	0.093795625
351	0.104242825	0.114200357	0.094285293
352	0.104835125	0.114808266	0.094861984
353	0.105125325	0.115131457	0.095119193
354	0.105576375	0.115604732	0.095548018
355	0.106208325	0.116250277	0.096166373
356	0.1067426	0.11680715	0.09667805
357	0.1071742	0.117264473	0.097083927
358	0.107609075	0.117723595	0.097494555
359	0.1082936	0.118416865	0.098170335
360	0.108785975	0.118938441	0.098633509
361	0.1093605	0.119543686	0.099177314
362	0.110216775	0.120421652	0.100011898
363	0.110732575	0.120972394	0.100492756
364	0.11127125	0.121529735	0.101012765
365	0.111868675	0.122126696	0.101610654
366	0.1124267	0.122708979	0.102144421
367	0.112997325	0.123308493	0.102686157
368	0.1135828	0.123923811	0.103241789
369	0.1141833	0.124541878	0.103824722
370	0.11485475	0.125237012	0.104472488
371	0.11554655	0.125956427	0.105136673
372	0.116221925	0.126662448	0.105781402
373	0.11712005	0.127598674	0.106641426
374	0.11794865	0.128459179	0.107438121
375	0.118660825	0.129194579	0.108127071
376	0.11952285	0.130108011	0.108937689
377	0.120320125	0.130956962	0.109683288
378	0.121091875	0.131778227	0.110405523
379	0.12192155	0.132640599	0.111202501
380	0.1227249	0.133480909	0.111968891
381	0.123532025	0.134324705	0.112739345
382	0.124366625	0.135192517	0.113540733
383	0.1252546	0.136128775	0.114380425
384	0.126204325	0.137139126	0.115269524
385	0.1272233	0.13823107	0.11621553
386	0.12817015	0.139242671	0.117097629
387	0.129065875	0.140198602	0.117933148
388	0.1299192	0.141106668	0.118731732
389	0.130788775	0.142020928	0.119556622
390	0.1315006	0.142781631	0.120219569
391	0.132201675	0.143527671	0.120875679
392	0.1330511	0.144409906	0.121692294
393	0.133899725	0.145300704	0.122498746
394	0.134722525	0.146175138	0.123269912
395	0.13549155	0.147004693	0.123978407
396	0.13639485	0.147955995	0.124833705
397	0.137238125	0.148853689	0.125622561
398	0.13802805	0.149700493	0.126355607
399	0.138809475	0.150529048	0.127089902
400	0.13945895	0.151209625	0.127708275
401	0.140030025	0.151804314	0.128255736
402	0.1405872	0.152384436	0.128789964
403	0.141176375	0.152994084	0.129358666
404	0.141784725	0.153619979	0.129949471
405	0.142426525	0.154276737	0.130576313
406	0.1430813	0.15496251	0.13120009
407	0.143750875	0.155668612	0.131833138
408	0.14443205	0.156389963	0.132474137
409	0.145122475	0.157115393	0.133129557
410	0.145799225	0.157825371	0.133773079
411	0.146467425	0.158524646	0.134410204
412	0.147151525	0.159236936	0.135066114
413	0.147832275	0.159948123	0.135716427
414	0.1485012	0.160647737	0.136354663
415	0.149166	0.161343526	0.136988474
416	0.149837925	0.162043697	0.137632153
417	0.15052615	0.162760873	0.138291427
418	0.1512327	0.163497439	0.138967961
419	0.151986	0.164284942	0.139687058
420	0.152718275	0.165055789	0.140380761
421	0.153443575	0.165820542	0.141066608
422	0.15418745	0.166599388	0.141775512
423	0.15494265	0.167394432	0.142490868
424	0.155724025	0.168213519	0.143234531
425	0.156553075	0.169074552	0.144031598
426	0.157303575	0.169867149	0.144740001
427	0.1581151	0.170720474	0.145509726
428	0.158996325	0.171643438	0.146349212
429	0.15988795	0.172586293	0.147189607
430	0.160823725	0.173577547	0.148069903
431	0.161785575	0.174596849	0.148974301
432	0.16277725	0.175645755	0.149908745
433	0.1637436	0.176675341	0.150811859
434	0.164673225	0.177662202	0.151684248
435	0.16556325	0.178597115	0.152529385
436	0.16646885	0.179543047	0.153394653
437	0.167368175	0.180486791	0.154249559
438	0.1682667	0.1814346	0.1550988
439	0.169183775	0.182403826	0.155963724
440	0.170098725	0.183367632	0.156829818
441	0.17100585	0.184322606	0.157689094
442	0.171905725	0.185273753	0.158537697
443	0.172771375	0.186180955	0.159361795
444	0.173615875	0.187063475	0.160168275
445	0.17444295	0.187926963	0.160958937
446	0.175267325	0.188788306	0.161746344
447	0.17608005	0.189639248	0.162520852
448	0.176881175	0.190479632	0.163282718
449	0.177602875	0.191235525	0.163970225
450	0.17833405	0.191998026	0.164670074
451	0.1790648	0.192757027	0.165372573
452	0.179759525	0.193474667	0.166044383
453	0.18041175	0.194151189	0.166672311
454	0.18105595	0.194821548	0.167290352
455	0.181716575	0.195511388	0.167921762
456	0.18235045	0.196167345	0.168533555
457	0.18296235	0.196798521	0.169126179
458	0.183544725	0.197397835	0.169691615
459	0.184076875	0.197947008	0.170206742
460	0.184624025	0.19850835	0.1707397
461	0.185174375	0.19907113	0.17127762
462	0.18568105	0.199591997	0.171770103
463	0.18614895	0.200068604	0.172229296
464	0.1866122	0.200539675	0.172684725
465	0.18709545	0.201033123	0.173157777
466	0.187560025	0.201503445	0.173616605
467	0.188006275	0.201957424	0.174055126
468	0.188431175	0.202393541	0.174468809
469	0.188908	0.202873559	0.174942441
470	0.189363025	0.20333713	0.17538892
471	0.189800175	0.203786724	0.175813626
472	0.19023875	0.204236957	0.176240543
473	0.190705525	0.204710218	0.176700832
474	0.19117565	0.205186592	0.177164708
475	0.191627525	0.205649886	0.177605164
476	0.192118275	0.206151366	0.178085184
477	0.19261995	0.20666549	0.17857441
478	0.19312915	0.207189991	0.179068309
479	0.193627525	0.207707616	0.179547434
480	0.1941492	0.208243453	0.180054947
481	0.19468495	0.208789443	0.180580457
482	0.195191	0.209306433	0.181075567
483	0.19573035	0.209861626	0.181599074
484	0.1963004	0.210450946	0.182149854
485	0.1969006	0.211074333	0.182726867
486	0.19751045	0.21171147	0.18330943
487	0.198143425	0.212376004	0.183910846
488	0.19880545	0.213074296	0.184536604
489	0.1994603	0.213760858	0.185159742
490	0.200126725	0.214455016	0.185798434
491	0.200797075	0.215150188	0.186443962
492	0.201490175	0.215874134	0.187106216
493	0.202190325	0.216603211	0.187777439
494	0.202902775	0.217346123	0.188459427
495	0.20364605	0.218127226	0.189164874
496	0.204350125	0.218864767	0.189835483
497	0.205064625	0.219609864	0.190519386
498	0.205816525	0.220388884	0.191244166
499	0.206606625	0.221217906	0.191995344
500	0.207391325	0.222041202	0.192741448
501	0.208171375	0.222858907	0.193483843
502	0.208984	0.223709585	0.194258415
503	0.209778725	0.224546219	0.195011231
504	0.2105665	0.225375852	0.195757148
505	0.21137775	0.226221942	0.196533558
506	0.212152125	0.227031347	0.197272903
507	0.2129349	0.227848388	0.198021412
508	0.213755525	0.228702196	0.198808854
509	0.2145736	0.229560186	0.199587014
510	0.2153681	0.230393424	0.200342776
511	0.216144875	0.231207137	0.201082613
512	0.2169606	0.232054396	0.201866804
513	0.2177619	0.232890325	0.202633475
514	0.21855605	0.233721073	0.203391027
515	0.219336925	0.23453897	0.20413488
516	0.220163425	0.235401959	0.204924891
517	0.220998425	0.236278074	0.205718776
518	0.221815725	0.237144637	0.206486813
519	0.222663475	0.238038278	0.207288672
520	0.223515	0.238932105	0.208097895
521	0.224356825	0.239812681	0.208900969
522	0.22515615	0.240648695	0.209663605
523	0.225970025	0.241495465	0.210444585
524	0.2267963	0.242353072	0.211239528
525	0.22762615	0.243215357	0.212036943
526	0.228451075	0.244076181	0.212825969
527	0.229279775	0.244944515	0.213615035
528	0.23012765	0.245837809	0.214417491
529	0.23094885	0.246700658	0.215197042
530	0.2317682	0.24755715	0.21597925
531	0.23258675	0.248408079	0.216765421
532	0.2333823	0.249240437	0.217524163
533	0.2342035	0.250101833	0.218305167
534	0.23503695	0.250978107	0.219095793
535	0.23583705	0.251823415	0.219850685
536	0.2366575	0.252681823	0.220633177
537	0.23747325	0.253532733	0.221413767
538	0.2382689	0.254363344	0.222174456
539	0.239071875	0.255206307	0.222937443
540	0.239880925	0.25605812	0.22370373
541	0.240691125	0.256913567	0.224468683
542	0.241501125	0.257770642	0.225231608
543	0.24231415	0.258626467	0.226001833
544	0.2431248	0.25947709	0.22677251
545	0.243931425	0.260326711	0.227536139
546	0.244724525	0.261162416	0.228286634
547	0.245516525	0.261997419	0.229035631
548	0.24632095	0.262846659	0.229795241
549	0.247134925	0.26370494	0.23056491
550	0.2479354	0.264549672	0.231321128
551	0.24871525	0.265373865	0.232056635
552	0.249507175	0.266212144	0.232802206
553	0.250306175	0.267057992	0.233554358
554	0.251109225	0.267907329	0.234311121
555	0.251894575	0.268733551	0.235055599
556	0.252671075	0.269553034	0.235789116
557	0.25345245	0.270378483	0.236526417
558	0.2542499	0.271220184	0.237279616
559	0.255034225	0.272055026	0.238013424
560	0.255818	0.272888457	0.238747543
561	0.256601025	0.273718127	0.239483923
562	0.257382575	0.274543553	0.240221597
563	0.258151925	0.27535485	0.240949
564	0.25891395	0.27615777	0.24167013
565	0.259679025	0.276966103	0.242391947
566	0.260442725	0.277771327	0.243114123
567	0.261207075	0.278577634	0.243836516
568	0.261968375	0.279384328	0.244552422
569	0.262695375	0.280149565	0.245241185
570	0.263422075	0.280916341	0.245927809
571	0.26415695	0.281696112	0.246617788
572	0.264880925	0.282455877	0.247305973
573	0.2655904	0.283200463	0.247980337
574	0.266288625	0.283933173	0.248644077
575	0.26699145	0.284667246	0.249315654
576	0.267673025	0.285379796	0.249966254
577	0.268351825	0.286090103	0.250613547
578	0.2690429	0.286814117	0.251271683
579	0.269722375	0.287524196	0.251920554
580	0.270399625	0.288229956	0.252569294
581	0.271075775	0.28893206	0.25321949
582	0.271718975	0.289597346	0.253840604
583	0.272359225	0.290257744	0.254460706
584	0.27299795	0.290915109	0.255080791
585	0.273598225	0.291532251	0.255664199
586	0.274192075	0.292138654	0.256245496
587	0.27478265	0.292739353	0.256825947
588	0.275354175	0.293320613	0.257387737
589	0.2759233	0.29390327	0.25794333
590	0.276506025	0.294502237	0.258509813
591	0.27710625	0.295121182	0.259091318
592	0.277686825	0.295705505	0.259668145
593	0.278244725	0.296269292	0.260220158
594	0.278789175	0.296822725	0.260755625
595	0.279373925	0.297412011	0.261335839
596	0.279919475	0.297961219	0.261877731
597	0.280437675	0.298482757	0.262392593
598	0.280934075	0.29898397	0.26288418
599	0.2814461	0.299498008	0.263394192
600	0.281978625	0.300031012	0.263926238
601	0.28253665	0.30058796	0.26448534
602	0.283030825	0.301083574	0.264978076
603	0.283524625	0.301576581	0.265472669
604	0.2840238	0.302072706	0.265974894
605	0.28450315	0.302549201	0.266457099
606	0.284968375	0.3030059	0.26693085
607	0.285429175	0.303454518	0.267403832
608	0.285892875	0.303907986	0.267877764
609	0.286340425	0.304338836	0.268342014
610	0.286786025	0.304767232	0.268804818
611	0.2872315	0.305199154	0.269263846
612	0.287648075	0.305595285	0.269700865
613	0.28804875	0.305973069	0.270124431
614	0.28843575	0.306334861	0.270536639
615	0.288871675	0.306751903	0.270991447
616	0.289327875	0.307188636	0.271467114
617	0.2897921	0.307633728	0.271950472
618	0.290228025	0.308052697	0.272403353
619	0.29064345	0.308441902	0.272844998
620	0.291033725	0.308803707	0.273263743
621	0.29138245	0.309126649	0.273638251
622	0.291814825	0.309534001	0.274095649
623	0.292267825	0.309965091	0.274570559
624	0.292728025	0.310407286	0.275048764
625	0.2931516	0.31081001	0.27549319
626	0.293616675	0.311253574	0.275979776
627	0.294103675	0.311718632	0.276488718
628	0.294558575	0.312152068	0.276965082
629	0.295021825	0.312595791	0.277447859
630	0.2954683	0.313022881	0.277913719
631	0.295869625	0.313403455	0.278335795
632	0.2962388	0.313749365	0.278728235
633	0.2966292	0.31411583	0.27914257
634	0.297054125	0.314516385	0.279591865
635	0.297501675	0.314944941	0.280058409
636	0.2979398	0.315362445	0.280517155
637	0.2983686	0.315768719	0.280968481
638	0.29878385	0.316157785	0.281409915
639	0.29921555	0.316565297	0.281865803
640	0.299661025	0.316987437	0.282334613
641	0.3001256	0.317429603	0.282821597
642	0.300559925	0.317847456	0.283272394
643	0.300983225	0.318251915	0.283714535
644	0.301401925	0.318646889	0.284156961
645	0.3018654	0.319089476	0.284641324
646	0.30231445	0.31952065	0.28510825
647	0.30275505	0.319945717	0.285564383
648	0.30322425	0.320398121	0.286050379
649	0.303634175	0.320793804	0.286474546
650	0.304036025	0.321180385	0.286891665
651	0.304498525	0.321621445	0.287375605
652	0.304913725	0.322016806	0.287810644
653	0.30531855	0.322397568	0.288239532
654	0.305731	0.322778806	0.288683194
655	0.306132325	0.323163427	0.289101223
656	0.306548575	0.323564313	0.289532837
657	0.3069687	0.323968503	0.289968897
658	0.307426625	0.324395409	0.290457841
659	0.307910725	0.324849319	0.290972131
660	0.3084031	0.325313065	0.291493135
661	0.308883925	0.32576828	0.29199957
662	0.309332325	0.326189536	0.292475114
663	0.30977605	0.326606395	0.292945705
664	0.31022385	0.327028446	0.293419254
665	0.310683175	0.327457575	0.293908775
666	0.3111206	0.327866674	0.294374526
667	0.311539075	0.328258889	0.294819261
668	0.311976725	0.328670346	0.295283104
669	0.312416175	0.329082451	0.295749899
670	0.312851825	0.329490038	0.296213612
671	0.3132681	0.329878379	0.296657821
672	0.313694875	0.330277896	0.297111854
673	0.314127675	0.330684703	0.297570647
674	0.3145679	0.331100715	0.298035085
675	0.31499855	0.331503767	0.298493333
676	0.31542105	0.331897643	0.298944457
677	0.31583625	0.332283762	0.299388738
678	0.31625965	0.332679611	0.299839689
679	0.316692025	0.333085915	0.300298135
680	0.31712835	0.33349693	0.30075977
681	0.31755875	0.333901374	0.301216126
682	0.3179761	0.334288336	0.301663864
683	0.318385975	0.334667012	0.302104938
684	0.31879285	0.335043061	0.302542639
685	0.319142725	0.335356607	0.302928843
686	0.319506725	0.335689073	0.303324377
687	0.31988805	0.336046234	0.303729866
688	0.320308675	0.336447331	0.304170019
689	0.3207516	0.336865905	0.304637295
690	0.321205475	0.337293103	0.305117847
691	0.321674725	0.337736327	0.305613123
692	0.3221483	0.338183409	0.306113191
693	0.32260785	0.338615038	0.306600662
694	0.323037525	0.339013802	0.307061248
695	0.3234513	0.339397935	0.307504665
696	0.323868525	0.339785815	0.307951235
697	0.324294775	0.340182221	0.308407329
698	0.32470715	0.340564999	0.308849301
699	0.325133325	0.340964437	0.309302213
700	0.3255629	0.341369307	0.309756493
701	0.325952525	0.341734381	0.310170669
702	0.326363925	0.342117059	0.310610791
703	0.326781575	0.342504825	0.311058325
704	0.32720115	0.342895197	0.311507103
705	0.3276105	0.343277408	0.311943592
706	0.32802525	0.34366346	0.31238704
707	0.3284488	0.344056001	0.312841599
708	0.328872	0.344453178	0.313290822
709	0.32927165	0.34482356	0.31371974
710	0.3296599	0.345181006	0.314138794
711	0.330078825	0.345572839	0.314584811
712	0.330496375	0.345960568	0.315032182
713	0.330914075	0.346347847	0.315480303
714	0.331335525	0.346740663	0.315930387
715	0.331761475	0.347135002	0.316387948
716	0.332206775	0.347549336	0.316864214
717	0.332678275	0.347992384	0.317364166
718	0.33305955	0.348346467	0.317772633
719	0.333434325	0.348693387	0.318175263
720	0.333796325	0.34902829	0.31856436
721	0.334205675	0.34940602	0.31900533
722	0.334646925	0.34981609	0.31947776
723	0.335093475	0.35023276	0.31995419
724	0.33548505	0.350599269	0.320370831
725	0.3358895	0.350977785	0.320801215
726	0.336299425	0.351357068	0.321241782
727	0.3367185	0.351738515	0.321698485
728	0.33712645	0.352121611	0.322131289
729	0.337528325	0.352493472	0.322563178
730	0.337924925	0.352856882	0.322992968
731	0.338352525	0.353258789	0.323446261
732	0.3387674	0.353647875	0.323886925
733	0.339179475	0.354033172	0.324325778
734	0.3396101	0.354433133	0.324787067
735	0.34002125	0.354818645	0.325223855
736	0.3404215	0.355189711	0.325653289
737	0.340811775	0.355543728	0.326079822
738	0.341221075	0.355925677	0.326516473
739	0.34162545	0.35630226	0.32694864
740	0.342028275	0.356676128	0.327380422
741	0.34248015	0.357096766	0.327863534
742	0.34291265	0.357499534	0.328325766
743	0.343330475	0.357887977	0.328772973
744	0.343738275	0.35826389	0.32921266
745	0.34415535	0.358650799	0.329659901
746	0.344585325	0.359051964	0.330118686
747	0.34503575	0.359474444	0.330597056
748	0.3454293	0.359837551	0.331021049
749	0.345852025	0.360229051	0.331474999
750	0.34630005	0.360645654	0.331954446
751	0.3466914	0.361004845	0.332377955
752	0.34711785	0.361400962	0.332834738
753	0.347557625	0.361811316	0.333303934
754	0.347976	0.362199017	0.333752983
755	0.34841745	0.362613044	0.334221856
756	0.348839	0.363005244	0.334672756
757	0.349231425	0.363360883	0.335101967
758	0.349252375	0.363329089	0.335175661
759	0.34926225	0.363284179	0.335240321
760	0.349339125	0.363324913	0.335353337
761	0.349746775	0.363713142	0.335780408
762	0.350242475	0.364182278	0.336302672
763	0.350813875	0.364724175	0.336903575
764	0.351407925	0.365297282	0.337518568
765	0.35203945	0.365910997	0.338167903
766	0.352622725	0.366473058	0.338772392
767	0.353168675	0.366987977	0.339349373
768	0.353684925	0.367474244	0.339895606
769	0.35415605	0.367918119	0.340393981
770	0.3545858	0.368322574	0.340849026
771	0.355006475	0.368711355	0.341301595
772	0.355390225	0.369070028	0.341710422
773	0.355752325	0.36940916	0.34209549
774	0.356118775	0.369741321	0.342496229
775	0.356539525	0.37012787	0.34295118
776	0.3569599	0.370514992	0.343404808
777	0.35734295	0.370866087	0.343819813
778	0.3577385	0.371236742	0.344240258
779	0.3581531	0.371620617	0.344685583
780	0.358587425	0.37201635	0.3451585
781	0.358966525	0.372369353	0.345563697
782	0.35936005	0.372734333	0.345985767
783	0.359760575	0.373104588	0.346416562
784	0.360132925	0.373446752	0.346819098
785	0.36050595	0.373793007	0.347218893
786	0.360895	0.374155247	0.347634753
787	0.36131885	0.374548804	0.348088896
788	0.3617006	0.374900532	0.348500668
789	0.3620627	0.375233821	0.348891579
790	0.36240705	0.375550608	0.349263492
791	0.362785625	0.375901782	0.349669468
792	0.363131875	0.37622014	0.35004361
793	0.36346325	0.376523041	0.350403459
794	0.363859225	0.376888513	0.350829937
795	0.36424385	0.377248426	0.351239274
796	0.36461125	0.37759102	0.35163148
797	0.36494595	0.3778935	0.3519984
798	0.36529435	0.378202916	0.352385784
799	0.3656545	0.378533939	0.352775061
800	0.366022525	0.378889621	0.353155429
801	0.366375125	0.379209454	0.353540796
802	0.366695075	0.379496523	0.353893627
803	0.36698985	0.379757908	0.354221792
804	0.36727955	0.380009553	0.354549547
805	0.3676269	0.380332288	0.354921512
806	0.367995675	0.38067955	0.3553118
807	0.3683533	0.381006792	0.355699808
808	0.368682925	0.38131363	0.35605222
809	0.36901875	0.38163097	0.35640653
810	0.36936935	0.381968063	0.356770637
811	0.3697111	0.38229135	0.35713085
812	0.370073975	0.382642075	0.357505875
813	0.3704542	0.383013832	0.357894568
814	0.370762	0.383291229	0.358232771
815	0.37107215	0.383582052	0.358562248
816	0.3713624	0.383852432	0.358872368
817	0.37158015	0.384032983	0.359127317
818	0.371847975	0.384263437	0.359432513
819	0.37213755	0.384522163	0.359752937
820	0.3724455	0.384809223	0.360081777
821	0.372803075	0.385150791	0.360455359
822	0.373129075	0.385454255	0.360803895
823	0.3734027	0.385699567	0.361105833
824	0.3736668	0.385941848	0.361391752
825	0.3739621	0.386216149	0.361708051
826	0.3742655	0.386497872	0.362033128
827	0.3745195	0.386730071	0.362308929
828	0.374786225	0.386961719	0.362610731
829	0.37507535	0.387220466	0.362930234
830	0.375399425	0.387528342	0.363270508
831	0.37572595	0.387836429	0.363615471
832	0.3760005	0.388089491	0.363911509
833	0.376222225	0.38828813	0.36415632
834	0.376483675	0.388539944	0.364427406
835	0.376744275	0.388776664	0.364711886
836	0.376991425	0.388993447	0.364989403
837	0.3771863	0.38916458	0.36520802
838	0.377444825	0.389402829	0.365486821
839	0.37769775	0.389633383	0.365762117
840	0.377905675	0.389812611	0.365998739
841	0.378180375	0.390074209	0.366286541
842	0.37844445	0.390322857	0.366566043
843	0.378689375	0.390548139	0.366830611
844	0.37890295	0.390745924	0.367059976
845	0.37913615	0.390962473	0.367309827
846	0.379371225	0.391179909	0.367562541
847	0.379559925	0.39134791	0.36777194
848	0.379789	0.391565914	0.368012086
849	0.380018325	0.391780897	0.368255753
850	0.38020955	0.391944205	0.368474895
851	0.380412475	0.392130674	0.368694276
852	0.38062785	0.392331961	0.368923739
853	0.380861375	0.392551935	0.369170815
854	0.38104825	0.392713273	0.369383227
855	0.3813276	0.392982557	0.369672643
856	0.381644025	0.393294527	0.369993523
857	0.381919525	0.393542751	0.370296299
858	0.382164475	0.393781491	0.370547459
859	0.382394875	0.394007189	0.370782561
860	0.382611725	0.394206149	0.371017301
861	0.382827575	0.394406065	0.371249085
862	0.383054775	0.394622713	0.371486837
863	0.38329805	0.394861597	0.371734503
864	0.3834755	0.395029646	0.371921354
865	0.383651375	0.395181287	0.372121463
866	0.3838378	0.395336602	0.372338998
867	0.384082975	0.395574292	0.372591658
868	0.384316675	0.395809049	0.372824301
869	0.38455205	0.396044816	0.373059284
870	0.38481075	0.396294175	0.373327325
871	0.385030275	0.396499089	0.373561461
872	0.385246075	0.396709688	0.373782462
873	0.3854656	0.396937933	0.373993267
874	0.385646875	0.397093717	0.374200033
875	0.385882725	0.397309781	0.374455669
876	0.386145575	0.397557591	0.374733559
877	0.386316775	0.397713477	0.374920073
878	0.38656525	0.397970867	0.375159633
879	0.38681975	0.398234763	0.375404737
880	0.38700035	0.398398584	0.375602116
881	0.387317125	0.39871805	0.3759162
882	0.38759025	0.398993322	0.376187178
883	0.387761825	0.399161034	0.376362616
884	0.38799545	0.399363154	0.376627746
885	0.388229875	0.399586741	0.376873009
886	0.388469425	0.399830815	0.377108035
887	0.388744475	0.400090358	0.377398592
888	0.388967775	0.400323266	0.377612284
889	0.389171875	0.40054181	0.37780194
890	0.3893884	0.40075287	0.37802393
891	0.389638875	0.401021111	0.378256639
892	0.389909125	0.401307305	0.378510945
893	0.390199575	0.401603348	0.378795802
894	0.3904242	0.401830667	0.379017733
895	0.3906565	0.402059828	0.379253172
896	0.3909024	0.402301526	0.379503274
897	0.39117515	0.402614254	0.379736046
898	0.391407075	0.402871081	0.379943069
899	0.3916365	0.403111888	0.380161112
900	0.391919425	0.403388068	0.380450782
901	0.392186375	0.403664319	0.380708431
902	0.39241765	0.40387307	0.38096223
903	0.392598025	0.403973787	0.381222263
904	0.39291675	0.404317316	0.381516184
905	0.393132675	0.404539094	0.381726256
906	0.393269175	0.404664353	0.381873997
907	0.393622375	0.405070024	0.382174726
908	0.39392275	0.405376008	0.382469492
909	0.394192075	0.405634411	0.382749739
910	0.394448225	0.405917791	0.382978659
911	0.3946961	0.406167587	0.383224613
912	0.394953525	0.406434306	0.383472744
913	0.3952314	0.406747758	0.383715042
914	0.39548515	0.406967443	0.384002857
915	0.395751575	0.407220975	0.384282175
916	0.396022175	0.407503218	0.384541132
917	0.396165725	0.407627595	0.384703855
918	0.396357575	0.407814624	0.384900526
919	0.396594125	0.408055023	0.385133227
920	0.396897225	0.408362569	0.385431881
921	0.397116875	0.408564909	0.385668841
922	0.397345325	0.40877287	0.38591778
923	0.3976411	0.409055092	0.386227108
924	0.397842775	0.409254886	0.386430664
925	0.39808445	0.409520934	0.386647966
926	0.398380325	0.409869853	0.386890797
927	0.398602875	0.410133442	0.387072308
928	0.398788625	0.410346166	0.387231084
929	0.39897045	0.410555119	0.387385781
930	0.39922905	0.41088177	0.38757633
931	0.399484725	0.411205044	0.387764406
932	0.39970485	0.411482241	0.387927459
933	0.399818025	0.411616295	0.388019755
934	0.40021705	0.412116411	0.388317689
935	0.40049385	0.412457569	0.388530131
936	0.400548925	0.412507468	0.388590382
937	0.400766675	0.412661702	0.388871648
938	0.401034775	0.412931037	0.389138513
939	0.401301	0.413225643	0.389376357
940	0.401426325	0.413304496	0.389548154
941	0.401602325	0.413449323	0.389755327
942	0.401789275	0.413623698	0.389954852
943	0.401962525	0.41381395	0.3901111
944	0.40214035	0.413960445	0.390320255
945	0.4024201	0.414209861	0.390630339
946	0.402827025	0.414598631	0.391055419
947	0.402876075	0.414743204	0.391008946
948	0.4030376	0.414938108	0.391137092
949	0.403270975	0.415156544	0.391385406
950	0.4034431	0.415308746	0.391577454
951	0.4037034	0.415586106	0.391820694
952	0.40399625	0.415908393	0.392084107
953	0.4042817	0.416217917	0.392345483
954	0.40441405	0.416299311	0.392528789
955	0.404609825	0.416478604	0.392741046
956	0.404924775	0.416839407	0.393010143
957	0.405183175	0.417058874	0.393307476
958	0.405263725	0.417140722	0.393386728
959	0.40527025	0.417166068	0.393374432
960	0.40568975	0.417513078	0.393866422
961	0.40599245	0.417749764	0.394235136
962	0.406241925	0.41797681	0.39450704
963	0.40648385	0.418305186	0.394662514
964	0.406699575	0.418449446	0.394949704
965	0.40689465	0.418607505	0.395181795
966	0.40706675	0.418835341	0.395298159
967	0.407370125	0.419059572	0.395680678
968	0.407665675	0.419329787	0.396001563
969	0.40790815	0.41959609	0.39622021
970	0.407819175	0.419554003	0.396084347
971	0.408060025	0.419809418	0.396310632
972	0.408402775	0.420129319	0.396676231
973	0.4085971	0.420231891	0.396962309
974	0.408922	0.420537022	0.397306978
975	0.409137875	0.420776553	0.397499197
976	0.409127375	0.420835125	0.397419625
977	0.4095286	0.421299903	0.397757297
978	0.409806175	0.421605167	0.398007183
979	0.40995175	0.421737174	0.398166326
980	0.410088975	0.42178238	0.39839557
981	0.4102153	0.421891251	0.398539349
982	0.41039545	0.422081585	0.398709315
983	0.410766325	0.422430161	0.399102489
984	0.41088135	0.422569518	0.399193182
985	0.411021275	0.422740009	0.399302541
986	0.4113052	0.423045122	0.399565278
987	0.4116197	0.423363713	0.399875687
988	0.4119092	0.423633404	0.400184996
989	0.412146275	0.423822034	0.400470516
990	0.412068975	0.423624922	0.400513028
991	0.412156425	0.42377197	0.40054088
992	0.4123753	0.424128764	0.400621836
993	0.4127361	0.424535586	0.400936614
994	0.41275855	0.424516082	0.401001018
995	0.412888675	0.424669927	0.401107423
996	0.413389775	0.425363192	0.401416358
997	0.41367155	0.425462064	0.401881036
998	0.41384455	0.425577997	0.402111103
999	0.4139407	0.425776229	0.402105171
1000	0.414356	0.426308929	0.402403071
1001	0.416753575	0.429195199	0.404311951
1002	0.417088325	0.429557351	0.404619299
1003	0.417358825	0.429762614	0.404955036
1004	0.417527725	0.42988225	0.4051732
1005	0.417713375	0.430132753	0.405293997
1006	0.417905	0.43039842	0.40541158
1007	0.41817805	0.430727147	0.405628953
1008	0.418467275	0.431074096	0.405860454
1009	0.41869415	0.431342109	0.406046191
1010	0.41894325	0.431603742	0.406282758
1011	0.419295725	0.431958388	0.406633062
1012	0.4196391	0.432314567	0.406963633
1013	0.41987945	0.43256387	0.40719503
1014	0.419990075	0.432652586	0.407327564
1015	0.4200548	0.432729019	0.407380581
1016	0.420266675	0.433033213	0.407500137
1017	0.420506775	0.433279917	0.407733633
1018	0.420709825	0.433440087	0.407979563
1019	0.420928625	0.43365839	0.40819886
1020	0.4211124	0.433835399	0.408389401
1021	0.421288775	0.434009434	0.408568116
1022	0.42139865	0.43413493	0.40866237
1023	0.42144865	0.43421598	0.40868132
1024	0.421543825	0.434334483	0.408753167
1025	0.421699	0.434480722	0.408917278
1026	0.42185325	0.434615274	0.409091226
1027	0.422058075	0.434838741	0.409277409
1028	0.422323275	0.43515235	0.4094942
1029	0.422470425	0.435334575	0.409606275
1030	0.422499	0.435355688	0.409642312
1031	0.422664125	0.435506595	0.409821655
1032	0.422887625	0.435763574	0.410011676
1033	0.42301105	0.435934438	0.410087662
1034	0.423159275	0.43611092	0.41020763
1035	0.423357275	0.436342667	0.410371883
1036	0.42351515	0.436527192	0.410503108
1037	0.42360085	0.436596301	0.410605399
1038	0.42367145	0.436638918	0.410703982
1039	0.423808925	0.436791404	0.410826446
1040	0.42399935	0.437045133	0.410953567
1041	0.424166625	0.437279905	0.411053345
1042	0.42433985	0.437505565	0.411174135
1043	0.424528725	0.437705716	0.411351734
1044	0.42466045	0.437785551	0.411535349
1045	0.424767425	0.437857092	0.411677758
1046	0.42490675	0.438006263	0.411807237
1047	0.425053475	0.438170163	0.411936787
1048	0.4251195	0.438214656	0.412024344
1049	0.425214825	0.438298459	0.412131191
1050	0.425386975	0.438491794	0.412282156
1051	0.425541275	0.438670998	0.412411552
1052	0.425674925	0.438812512	0.412537338
1053	0.42581855	0.438929483	0.412707617
1054	0.425967525	0.439060531	0.412874519
1055	0.426110375	0.439241175	0.412979575
1056	0.4262586	0.439447878	0.413069322
1057	0.42641665	0.439654565	0.413178735
1058	0.426550675	0.439813866	0.413287484
1059	0.42659725	0.439809901	0.413384599
1060	0.4266491	0.439816255	0.413481945
1061	0.426818275	0.440029928	0.413606622
1062	0.427010825	0.440265385	0.413756265
1063	0.427150175	0.440409549	0.413890801
1064	0.42726045	0.440530974	0.413989926
1065	0.427349125	0.440624346	0.414073904
1066	0.427488425	0.440752158	0.414224692
1067	0.4276283	0.440890567	0.414366033
1068	0.427737325	0.441023338	0.414451312
1069	0.42786295	0.441181443	0.414544457
1070	0.4280471	0.441406044	0.414688156
1071	0.428225075	0.441620869	0.414829281
1072	0.428340125	0.441731744	0.414948506
1073	0.428443175	0.441807878	0.415078472
1074	0.42855425	0.441867394	0.415241106
1075	0.428675925	0.441953992	0.415397858
1076	0.428913	0.442240219	0.415585781
1077	0.429115275	0.442496767	0.415733783
1078	0.42921315	0.442615051	0.415811249
1079	0.429293825	0.442697974	0.415889676
1080	0.42938935	0.442776525	0.416002175
1081	0.429504075	0.44289724	0.41611091
1082	0.429611825	0.443035077	0.416188573
1083	0.429679075	0.443116331	0.416241819
1084	0.429753525	0.443201583	0.416305467
1085	0.429994075	0.443482279	0.416505871
1086	0.43025425	0.443778971	0.416729529
1087	0.430399625	0.443928762	0.416870488
1088	0.4305141	0.44405455	0.41697365
1089	0.43069065	0.444290138	0.417091162
1090	0.43088315	0.444535352	0.417230948
1091	0.43104275	0.444665282	0.417420218
1092	0.43117	0.444734333	0.417605667
1093	0.4313463	0.444919607	0.417772993
1094	0.4315979	0.445253485	0.417942315
1095	0.431822525	0.445545554	0.418099496
1096	0.4319555	0.445704601	0.418206399
1097	0.432074375	0.445825999	0.418322751
1098	0.43223605	0.445949593	0.418522507
1099	0.432413775	0.446097365	0.418730185
1100	0.432642925	0.446356593	0.418929257
1101	0.432882675	0.446633886	0.419131464
1102	0.433109225	0.446907161	0.419311289
1103	0.433327425	0.447175243	0.419479607
1104	0.43352665	0.447438113	0.419615187
1105	0.4337245	0.447698822	0.419750178
1106	0.433925075	0.447948565	0.419901585
1107	0.43413805	0.448205161	0.420070939
1108	0.43438945	0.448509192	0.420269708
1109	0.434650575	0.448844395	0.420456755
1110	0.4348998	0.449176186	0.420623414
1111	0.43516015	0.449533621	0.420786679
1112	0.435441725	0.449921933	0.420961517
1113	0.435796925	0.450399532	0.421194318
1114	0.436133275	0.450846813	0.421419737
1115	0.4363641	0.45114048	0.42158772
1116	0.43659705	0.451457938	0.421736162
1117	0.4368554	0.451852538	0.421858262
1118	0.437130675	0.452267471	0.421993879
1119	0.437385275	0.452652928	0.422117622
1120	0.437653775	0.453060222	0.422247328
1121	0.4379599	0.453485672	0.422434128
1122	0.4382714	0.453917511	0.422625289
1123	0.438426875	0.454069662	0.422784088
1124	0.4385606	0.454183363	0.422937837
1125	0.4387102	0.454377652	0.423042748
1126	0.43885855	0.454578503	0.423138597
1127	0.4390426	0.454762144	0.423323056
1128	0.439227325	0.454921592	0.423533058
1129	0.43936545	0.455016943	0.423713957
1130	0.439475625	0.455074981	0.423876269
1131	0.4396201	0.45520277	0.42403743
1132	0.439824925	0.455423709	0.424226141
1133	0.439980675	0.455575751	0.424385599
1134	0.43996605	0.455498391	0.424433709
1135	0.439986625	0.455453977	0.424519273
1136	0.440260925	0.455670151	0.424851699
1137	0.440522425	0.455885605	0.425159245
1138	0.440657625	0.456048499	0.425266751
1139	0.4407757	0.456193152	0.425358248
1140	0.4409729	0.456366754	0.425579046
1141	0.441195275	0.456571306	0.425819244
1142	0.44131545	0.45671103	0.42591987
1143	0.44141065	0.456835136	0.425986164
1144	0.441668125	0.457126341	0.426209909
1145	0.44199145	0.457478091	0.426504809
1146	0.442282525	0.457782923	0.426782127
1147	0.442566975	0.45808115	0.4270528
1148	0.442761425	0.458287079	0.427235771
1149	0.44281615	0.458343383	0.427288917
1150	0.442908875	0.458423771	0.427393979
1151	0.4431087	0.45858505	0.42763235
1152	0.44330565	0.458750278	0.427861022
1153	0.4434967	0.458916214	0.428077186
1154	0.443677975	0.459075125	0.428280825
1155	0.4438225	0.459213573	0.428431427
1156	0.443958725	0.459345615	0.428571835
1157	0.443976025	0.459260383	0.428691667
1158	0.4439868	0.459169335	0.428804265
1159	0.444078725	0.459246967	0.428910483
1160	0.44418355	0.459354778	0.429012322
1161	0.444324475	0.459486931	0.429162019
1162	0.444472725	0.459621881	0.429323569
1163	0.444624325	0.459749658	0.429498992
1164	0.444780575	0.459878614	0.429682536
1165	0.4449547	0.460047693	0.429861707
1166	0.4451395	0.460245421	0.430033579
1167	0.445314375	0.460426272	0.430202478
1168	0.445482675	0.460591842	0.430373508
1169	0.445653275	0.460744242	0.430562308
1170	0.445835975	0.460869127	0.430802823
1171	0.446009625	0.460995897	0.431023353
1172	0.446144875	0.461132989	0.431156761
1173	0.4462806	0.461270599	0.431290601
1174	0.44644695	0.461438054	0.431455846
1175	0.4466127	0.461605154	0.431620246
1176	0.44678345	0.461804055	0.431762845
1177	0.446954225	0.462004752	0.431903698
1178	0.447145225	0.462190349	0.432100101
1179	0.44734035	0.462373776	0.432306924
1180	0.44752205	0.462573371	0.432470729
1181	0.447698375	0.462778833	0.432617917
1182	0.4479227	0.463015845	0.432829555
1183	0.448173375	0.463268197	0.433078553
1184	0.448388025	0.46348765	0.4332884
1185	0.4485684	0.463676172	0.433460628
1186	0.448723875	0.463855752	0.433591998
1187	0.448846375	0.464027458	0.433665292
1188	0.4489759	0.464178251	0.433773549
1189	0.44912065	0.464277926	0.433963374
1190	0.4492759	0.464402173	0.434149627
1191	0.44948155	0.464630108	0.434332992
1192	0.449676775	0.464844482	0.434509068
1193	0.449797825	0.464979208	0.434616442
1194	0.44991905	0.465114304	0.434723796
1195	0.450071125	0.465241731	0.434900519
1196	0.4502204	0.465362784	0.435078016
1197	0.450327675	0.465487575	0.435167775
1198	0.450433475	0.465618707	0.435248243
1199	0.450597775	0.465790073	0.435405477
1200	0.450778075	0.465972146	0.435584004
1201	0.4509452	0.466132196	0.435758204
1202	0.45110455	0.466283323	0.435925777
1203	0.45127875	0.466469131	0.436088369
1204	0.451461525	0.466670187	0.436252863
1205	0.451633925	0.466841124	0.436426726
1206	0.451797575	0.466992264	0.436602886
1207	0.451975425	0.467178897	0.436771953
1208	0.4521711	0.467414678	0.436927522
1209	0.452353	0.467624795	0.437081205
1210	0.452520875	0.467788526	0.437253224
1211	0.452682975	0.467946764	0.437419186
1212	0.452770975	0.46800743	0.43753452
1213	0.4528576	0.46806619	0.43764901
1214	0.452976775	0.468198497	0.437755053
1215	0.4530964	0.468332826	0.437859974
1216	0.4532209	0.468464793	0.437977007
1217	0.45334375	0.468594586	0.438092914
1218	0.453460275	0.468734615	0.438185935
1219	0.45358045	0.468879254	0.438281646
1220	0.453692425	0.468966514	0.438418336
1221	0.453796325	0.469029275	0.438563375
1222	0.453922675	0.469154034	0.438691316
1223	0.4540677	0.469320715	0.438814685
1224	0.454190725	0.469465379	0.438916071
1225	0.454287475	0.46957855	0.4389964
1226	0.454382075	0.469669575	0.439094575
1227	0.45447185	0.469738252	0.439205448
1228	0.45455465	0.469808099	0.439301201
1229	0.454634475	0.469897433	0.439371517
1230	0.4547124	0.46999665	0.43942815
1231	0.4547931	0.470110865	0.439475335
1232	0.4548819	0.470220031	0.439543769
1233	0.454949975	0.470252651	0.439647299
1234	0.45501055	0.470283841	0.439737259
1235	0.4550924	0.470364462	0.439820338
1236	0.45517955	0.470449596	0.439909504
1237	0.4553138	0.470595067	0.440032533
1238	0.455451075	0.470748622	0.440153528
1239	0.455507725	0.470781439	0.440234011
1240	0.455545775	0.470786384	0.440305166
1241	0.45566495	0.470911519	0.440418381
1242	0.455806	0.471071152	0.440540848
1243	0.455913975	0.471209264	0.440618686
1244	0.45601375	0.471345722	0.440681778
1245	0.4561008	0.47145085	0.44075075
1246	0.4561713	0.471526232	0.440816368
1247	0.4562919	0.471653329	0.440930471
1248	0.4564742	0.471837075	0.441111325
1249	0.456628225	0.471984085	0.441272365
1250	0.456723875	0.472074311	0.441373439
1251	0.4568334	0.472193073	0.441473727
1252	0.457003975	0.472391957	0.441615993
1253	0.457174575	0.472597367	0.441751783
1254	0.45730955	0.472770718	0.441848382
1255	0.45743875	0.472925804	0.441951696
1256	0.45753945	0.473015547	0.442063353
1257	0.45764505	0.4731112	0.4421789
1258	0.45776415	0.473238493	0.442289807
1259	0.457885625	0.473371576	0.442399674
1260	0.458028825	0.473536589	0.442521061
1261	0.458176375	0.473704712	0.442648038
1262	0.45827595	0.473841677	0.442710223
1263	0.458375325	0.473977838	0.442772812
1264	0.458518025	0.47413775	0.4428983
1265	0.4586719	0.474304589	0.443039211
1266	0.458853425	0.474494386	0.443212464
1267	0.459034275	0.474685394	0.443383156
1268	0.459171	0.474843241	0.443498759
1269	0.459286	0.474983071	0.443588929
1270	0.459405125	0.475124725	0.443685525
1271	0.459548575	0.475292987	0.443804163
1272	0.45969765	0.475447555	0.443947745
1273	0.45984975	0.475578632	0.444120868
1274	0.45999035	0.475713981	0.444266719
1275	0.46011945	0.475870311	0.444368589
1276	0.460261275	0.47603794	0.44448461
1277	0.46040175	0.476207471	0.444596029
1278	0.46053785	0.476373859	0.444701841
1279	0.460688925	0.476534989	0.444842861
1280	0.4608422	0.476696762	0.444987638
1281	0.46098255	0.476835046	0.445130054
1282	0.46111985	0.476970562	0.445269138
1283	0.46124805	0.477114369	0.445381731
1284	0.4613726	0.477256673	0.445488527
1285	0.4615471	0.477449612	0.445644588
1286	0.46174885	0.477674172	0.445823528
1287	0.46190435	0.477833321	0.445975379
1288	0.462032025	0.477953332	0.446110718
1289	0.462167975	0.478103605	0.446232345
1290	0.4623079	0.478268241	0.446347559
1291	0.462473075	0.47848935	0.4464568
1292	0.46265275	0.478744695	0.446560805
1293	0.4628288	0.478941992	0.446715608
1294	0.46299335	0.479091605	0.446895095
1295	0.46316415	0.479284453	0.447043847
1296	0.4633491	0.479516293	0.447181907
1297	0.463534675	0.479729934	0.447339416
1298	0.46372995	0.47994437	0.44751553
1299	0.463883825	0.480126776	0.447640874
1300	0.463954775	0.480227503	0.447682047
1301	0.464054175	0.480351131	0.447757219
1302	0.464235125	0.48056809	0.44790216
1303	0.46443765	0.480814698	0.448060602
1304	0.464670325	0.481099488	0.448241162
1305	0.464884225	0.481360851	0.448407599
1306	0.4650203	0.481509513	0.448531087
1307	0.465165325	0.481663668	0.448666982
1308	0.465293775	0.481770938	0.448816612
1309	0.46542015	0.481878576	0.448961724
1310	0.465648025	0.482177044	0.449119006
1311	0.4659005	0.482511498	0.449289502
1312	0.466015175	0.482655802	0.449374548
1313	0.466089125	0.482746304	0.449431946
1314	0.466241425	0.482892004	0.449590846
1315	0.4664588	0.483126705	0.449790895
1316	0.466630775	0.483354913	0.449906637
1317	0.466758425	0.483537042	0.449979808
1318	0.4669218	0.48374564	0.45009796
1319	0.467096825	0.48395639	0.45023726
1320	0.46731625	0.484206026	0.450426474
1321	0.467581925	0.48449466	0.45066919
1322	0.46776105	0.48467751	0.45084459
1323	0.4678701	0.484767977	0.450972223
1324	0.46805865	0.484963816	0.451153484
1325	0.4683574	0.48532859	0.45138621
1326	0.4686163	0.485653184	0.451579416
1327	0.46875045	0.485836524	0.451664376
1328	0.46889665	0.486046715	0.451746585
1329	0.469115975	0.486353245	0.451878705
1330	0.4693654	0.486685554	0.452045246
1331	0.46966475	0.48702576	0.45230374
1332	0.46995725	0.48735496	0.45255954
1333	0.47010785	0.487538155	0.452677545
1334	0.470237025	0.487702469	0.452771581
1335	0.470423225	0.487949784	0.452896666
1336	0.47064125	0.488230294	0.453052206
1337	0.470891625	0.488518853	0.453264397
1338	0.471131775	0.48879963	0.45346392
1339	0.471278025	0.489001959	0.453554091
1340	0.471419125	0.489196379	0.453641871
1341	0.471679725	0.489510021	0.453849429
1342	0.4719995	0.489893323	0.454105677
1343	0.4722092	0.490176157	0.454242243
1344	0.47238455	0.490436435	0.454332665
1345	0.472596	0.490742095	0.454449905
1346	0.472906625	0.491177646	0.454635604
1347	0.47317425	0.491655639	0.454692861
1348	0.473354925	0.492122578	0.454587272
1349	0.47370335	0.492794786	0.454611914
1350	0.47421605	0.493668544	0.454763556
1351	0.4748191	0.494672641	0.454965559
1352	0.475355375	0.495641256	0.455069494
1353	0.47564345	0.496282635	0.455004265
1354	0.47581995	0.496754905	0.454884995
1355	0.476363675	0.49802473	0.45470262
1356	0.4769677	0.499699984	0.454235416
1357	0.477663325	0.501628681	0.453697969
1358	0.477892125	0.502532984	0.453251266
1359	0.47788715	0.50356141	0.45221289
1360	0.4796755	0.506637264	0.452713736
1361	0.4824636	0.511187412	0.453739788
1362	0.4843107	0.514381745	0.454239655
1363	0.4868323	0.518742442	0.454922158
1364	0.48798135	0.520073491	0.455889209
1365	0.48903825	0.52127776	0.45679874
1366	0.492308925	0.524897514	0.459720336
1367	0.495877075	0.529311243	0.462442907
1368	0.49559595	0.529578921	0.461612979
1369	0.4942463	0.528379046	0.460113554
1370	0.49353645	0.527039289	0.460033611
1371	0.49380075	0.527168775	0.460432725
1372	0.493252825	0.526804421	0.459701229
1373	0.492142875	0.525532902	0.458752848
1374	0.489129875	0.521447913	0.456811837
1375	0.486561	0.518213505	0.454908495
1376	0.48677325	0.517744223	0.455802277
1377	0.487800725	0.517848055	0.457753395
1378	0.487985175	0.518075053	0.457895297
1379	0.48765475	0.518520486	0.456789014
1380	0.487469625	0.518587795	0.456351455
1381	0.486804875	0.517582156	0.456027594
1382	0.48683565	0.517676577	0.455994723
1383	0.48798765	0.519344749	0.456630551
1384	0.487481875	0.51879047	0.45617328
1385	0.485729225	0.516321969	0.455136481
1386	0.484585625	0.514666847	0.454504403
1387	0.483691225	0.513431975	0.453950475
1388	0.483203925	0.512570982	0.453836868
1389	0.483388525	0.512668453	0.454108597
1390	0.483446475	0.512530781	0.454362169
1391	0.4834092	0.511949374	0.454869026
1392	0.48348655	0.511665081	0.455308019
1393	0.4833876	0.511490525	0.455284675
1394	0.483129175	0.51115846	0.45509989
1395	0.482282425	0.509904965	0.454659885
1396	0.481446725	0.508673228	0.454220222
1397	0.481430125	0.508398714	0.454461536
1398	0.48124715	0.507891587	0.454602713
1399	0.4796805	0.505790006	0.453570994
1400	0.478364225	0.504116553	0.452611897
1401	0.47802955	0.503775314	0.452283786
1402	0.4776114	0.503297989	0.451924811
1403	0.47681335	0.502077383	0.451549317
1404	0.4761216	0.500980099	0.451263101
1405	0.475276125	0.500029486	0.450522764
1406	0.474448025	0.499183404	0.449712646
1407	0.47414685	0.49887336	0.44942034
1408	0.47395585	0.49868585	0.44922585
1409	0.47314165	0.49734709	0.44893621
1410	0.472323575	0.495892939	0.448754211
1411	0.471704075	0.49478201	0.44862614
1412	0.4712384	0.493964352	0.448512448
1413	0.471175075	0.493608733	0.448741417
1414	0.471171325	0.493351318	0.448991332
1415	0.47131335	0.493212799	0.449413901
1416	0.47151045	0.493159464	0.449861436
1417	0.471712825	0.493163096	0.450262554
1418	0.4719032	0.493188175	0.450618225
1419	0.472096	0.493247569	0.450944431
1420	0.47231955	0.49332991	0.45130919
1421	0.472452425	0.493178437	0.451726413
1422	0.47252415	0.492905639	0.452142661
1423	0.47271205	0.492866524	0.452557576
1424	0.473008175	0.492998699	0.453017651
1425	0.473232925	0.493022808	0.453443042
1426	0.473278125	0.492817545	0.453738705
1427	0.4733041	0.492647809	0.453960391
1428	0.47342495	0.492685751	0.454164149
1429	0.473534575	0.492738863	0.454330287
1430	0.47358215	0.492743504	0.454420796
1431	0.47371865	0.492835403	0.454601897
1432	0.474019325	0.493115866	0.454922784
1433	0.47430985	0.493413867	0.455205833
1434	0.474475025	0.493587995	0.455362055
1435	0.474554275	0.493605095	0.455503455
1436	0.474731475	0.493569744	0.455893206
1437	0.4749364	0.493613013	0.456259787
1438	0.47488955	0.493557615	0.456221485
1439	0.474862025	0.493514452	0.456209598
1440	0.47500305	0.493609229	0.456396871
1441	0.475151275	0.493723826	0.456578724
1442	0.4753719	0.493922479	0.456821321
1443	0.475569125	0.494079287	0.457058963
1444	0.475584725	0.493995141	0.457174309
1445	0.475586675	0.493908228	0.457265122
1446	0.475604925	0.4938217	0.45738815
1447	0.4756246	0.493732581	0.457516619
1448	0.475618125	0.49359093	0.45764532
1449	0.4756052	0.493448149	0.457762251
1450	0.4756984	0.493465716	0.457931084
1451	0.475823325	0.493534271	0.458112379
1452	0.4759554	0.493521901	0.458388899
1453	0.47605925	0.493472762	0.458645738
1454	0.47611415	0.493505717	0.458722583
1455	0.476189075	0.493587161	0.458790989
1456	0.476313725	0.493660525	0.458966925
1457	0.4764378	0.493727509	0.459148091
1458	0.47658465	0.493890683	0.459278617
1459	0.47670945	0.494036201	0.459382699
1460	0.4768981	0.494236647	0.459559553
1461	0.477140925	0.494486698	0.459795152
1462	0.477336825	0.494709799	0.459963851
1463	0.477497425	0.494922337	0.460072513
1464	0.4776452	0.495143555	0.460146845
1465	0.4777778	0.495349114	0.460206486
1466	0.477899275	0.495473199	0.460325351
1467	0.4780319	0.495583744	0.460480056
1468	0.478241075	0.49583894	0.46064321
1469	0.478508525	0.496198188	0.460818862
1470	0.47871315	0.496492618	0.460933682
1471	0.47880755	0.496653225	0.460961875
1472	0.47890475	0.496745342	0.461064158
1473	0.479052175	0.496834161	0.461270189
1474	0.4791646	0.496911692	0.461417508
1475	0.4792559	0.497002691	0.461509109
1476	0.47943015	0.497183229	0.461677071
1477	0.479670025	0.497435645	0.461904405
1478	0.479814975	0.497566831	0.462063119
1479	0.479846125	0.497520137	0.462172113
1480	0.479920325	0.497509741	0.462330909
1481	0.48007075	0.49759527	0.46254623
1482	0.48016725	0.497627105	0.462707395
1483	0.4801511	0.497537451	0.462764749
1484	0.4801657	0.497493046	0.462838354
1485	0.4802432	0.497526111	0.462960289
1486	0.4803399	0.497569317	0.463110483
1487	0.480482125	0.497646222	0.463318028
1488	0.4805867	0.497682941	0.463490459
1489	0.4806435	0.497677159	0.463609841
1490	0.480711725	0.497692304	0.463731146
1491	0.480836375	0.497769763	0.463902987
1492	0.4809433	0.497821218	0.464065382
1493	0.48101785	0.497857133	0.464178567
1494	0.4811206	0.497945534	0.464295666
1495	0.48128075	0.498102159	0.464459341
1496	0.481432975	0.498249902	0.464616048
1497	0.48158265	0.498400129	0.464765171
1498	0.48171645	0.498524932	0.464907968
1499	0.481747775	0.498520634	0.464974916
1500	0.4817832	0.498527892	0.465038508
1501	0.481912275	0.498653236	0.465171314
1502	0.482063	0.498806054	0.465319946
1503	0.48228	0.49904464	0.46551536
1504	0.482478825	0.499253778	0.465703872
1505	0.482649925	0.499416521	0.465883329
1506	0.48282365	0.499586153	0.466061147
1507	0.4829655	0.499722563	0.466208437
1508	0.483104475	0.499858274	0.466350676
1509	0.48321875	0.499949266	0.466488234
1510	0.483326975	0.500031784	0.466622166
1511	0.483526825	0.500238733	0.466814917
1512	0.483735875	0.500458679	0.467013071
1513	0.48386405	0.500597962	0.467130138
1514	0.48397505	0.50071787	0.46723223
1515	0.4839959	0.500687403	0.467304397
1516	0.484013	0.500649939	0.467376061
1517	0.48414845	0.500811219	0.467485681
1518	0.4842988	0.500999002	0.467598598
1519	0.4844512	0.501148088	0.467754312
1520	0.484600375	0.501280619	0.467920131
1521	0.4847281	0.501437495	0.468018705
1522	0.4848504	0.50160461	0.46809619
1523	0.484984525	0.501732381	0.468236669
1524	0.485125225	0.501861766	0.468388684
1525	0.485272625	0.502051631	0.468493619
1526	0.485420625	0.502243982	0.468597268
1527	0.4855869	0.50240795	0.46876585
1528	0.485758425	0.502566644	0.468950206
1529	0.485851575	0.502622886	0.469080264
1530	0.48593535	0.502672025	0.469198675
1531	0.48603255	0.502767133	0.469297967
1532	0.4861154	0.502853423	0.469377377
1533	0.486278675	0.503048633	0.469508717
1534	0.48646965	0.503276132	0.469663168
1535	0.486615725	0.503459832	0.469771618
1536	0.486747	0.503630519	0.469863481
1537	0.486875475	0.503746536	0.470004414
1538	0.487008525	0.503850751	0.470166299
1539	0.487116175	0.503955491	0.470276859
1540	0.487204625	0.504055426	0.470353824
1541	0.487246575	0.504092521	0.470400629
1542	0.4872812	0.5041121	0.4704503
1543	0.487437775	0.50425542	0.47062013
1544	0.487638025	0.504442462	0.470833588
1545	0.48778475	0.504619731	0.470949769
1546	0.487903775	0.504784252	0.471023298
1547	0.4879838	0.50485844	0.47110916
1548	0.4880688	0.504924115	0.471213485
1549	0.488151425	0.505022416	0.471280434
1550	0.488215625	0.505109124	0.471322126
1551	0.488291075	0.505186121	0.471396029
1552	0.488377675	0.505271781	0.471483569
1553	0.48847115	0.505360814	0.471581486
1554	0.488568625	0.505445811	0.471691439
1555	0.488666225	0.505561781	0.471770669
1556	0.488763875	0.505691983	0.471835767
1557	0.488883425	0.505820144	0.471946706
1558	0.48901345	0.50595313	0.47207377
1559	0.48908075	0.506014216	0.472147284
1560	0.489112475	0.506033125	0.472191825
1561	0.48923385	0.506188253	0.472279447
1562	0.4894082	0.506421843	0.472394557
1563	0.489545725	0.50658647	0.47250498
1564	0.489658975	0.50671117	0.47260678
1565	0.48980955	0.506866512	0.472752588
1566	0.489990125	0.5070469	0.47293335
1567	0.490090675	0.507150573	0.473030777
1568	0.49014105	0.507206143	0.473075957
1569	0.490229475	0.507296641	0.473162309
1570	0.490337525	0.507402806	0.473272244
1571	0.490434075	0.507493747	0.473374403
1572	0.490522625	0.507573499	0.473471751
1573	0.490609725	0.507672941	0.473546509
1574	0.49068575	0.507772284	0.473599216
1575	0.490793675	0.507880608	0.473706742
1576	0.490949975	0.508029216	0.473870734
1577	0.4911181	0.508196703	0.474039497
1578	0.4912802	0.508360391	0.474200009
1579	0.4913997	0.508489824	0.474309576
1580	0.49148485	0.508591036	0.474378664
1581	0.49159625	0.508733275	0.474459225
1582	0.49173225	0.508911445	0.474553055
1583	0.491869375	0.509078711	0.474660039
1584	0.492005325	0.509235212	0.474775438
1585	0.49209865	0.509314848	0.474882452
1586	0.492168175	0.509353192	0.474983158
1587	0.49231975	0.509523924	0.475115576
1588	0.4925185	0.50976773	0.47526927
1589	0.4926442	0.509919642	0.475368758
1590	0.492722125	0.5100146	0.47542965
1591	0.492845375	0.510173852	0.475516898
1592	0.4930056	0.510380945	0.475630255
1593	0.493128525	0.510516629	0.475740421
1594	0.493225625	0.510607205	0.475844045
1595	0.493357625	0.510734408	0.475980842
1596	0.493513225	0.510885284	0.476141166
1597	0.49369365	0.511082828	0.476304472
1598	0.493887575	0.511309428	0.476465722
1599	0.49406355	0.511529369	0.476597731
1600	0.494227275	0.511741458	0.476713092
1601	0.494348825	0.511878469	0.476819181
1602	0.494445025	0.5119727	0.47691735
1603	0.494542625	0.512087618	0.476997632
1604	0.494642375	0.51221589	0.47706886
1605	0.49479145	0.512386057	0.477196843
1606	0.4949704	0.512581301	0.477359499
1607	0.495109825	0.51273961	0.47748004
1608	0.4952294	0.512880131	0.477578669
1609	0.49538565	0.513078585	0.477692715
1610	0.495560525	0.513308586	0.477812464
1611	0.495648875	0.513385539	0.477912211
1612	0.49569055	0.513379874	0.478001226
1613	0.495799325	0.513484087	0.478114563
1614	0.495939725	0.513641327	0.478238123
1615	0.496110625	0.513848145	0.478373105
1616	0.4963001	0.514084074	0.478516126
1617	0.4964121	0.514212803	0.478611397
1618	0.49648625	0.514288904	0.478683596
1619	0.496602675	0.514413155	0.478792195
1620	0.4967382	0.514559145	0.478917255
1621	0.496837525	0.514648589	0.479026461
1622	0.49692	0.514712587	0.479127413
1623	0.497074475	0.514917904	0.479231046
1624	0.497259125	0.515181759	0.479336491
1625	0.4974135	0.515367513	0.479459487
1626	0.497556725	0.515523783	0.479589667
1627	0.497747725	0.515742531	0.479752919
1628	0.4979566	0.515984583	0.479928617
1629	0.4981061	0.516166885	0.480045315
1630	0.498235725	0.516329321	0.480142129
1631	0.498298075	0.516397824	0.480198326
1632	0.49833895	0.516436721	0.480241179
1633	0.498424375	0.516511631	0.480337119
1634	0.4985243	0.516598274	0.480450326
1635	0.498615175	0.51669578	0.48053457
1636	0.498704075	0.516796875	0.480611275
1637	0.4987943	0.516927267	0.480661333
1638	0.4988878	0.517069309	0.480706291
1639	0.498999175	0.517183809	0.480814541
1640	0.49911125	0.517288043	0.480934457
1641	0.499247475	0.517439985	0.481054965
1642	0.499391325	0.517604362	0.481178288
1643	0.49942185	0.517613849	0.481229851
1644	0.49943425	0.517599424	0.481269076
1645	0.499539275	0.517735302	0.481343248
1646	0.499655625	0.517890547	0.481420703
1647	0.499736925	0.5179143	0.48155955
1648	0.499813175	0.5179213	0.48170505
1649	0.499956325	0.518122341	0.481790309
1650	0.500106025	0.518341941	0.481870109
1651	0.500140075	0.518384071	0.481896079
1652	0.50016665	0.518415958	0.481917342
1653	0.500286925	0.51855391	0.48201994
1654	0.500417275	0.518703713	0.482130837
1655	0.500418575	0.518675933	0.482161217
1656	0.500417575	0.518647005	0.482188145
1657	0.500548	0.51878346	0.48231254
1658	0.500672025	0.51891228	0.48243177
1659	0.50064615	0.518851559	0.482440741
1660	0.500626875	0.518796953	0.482456797
1661	0.500672425	0.518832361	0.482512489
1662	0.50071115	0.518861607	0.482560693
1663	0.5006994	0.518826816	0.482571984
1664	0.50069445	0.51879884	0.48259006
1665	0.500768325	0.518859167	0.482677483
1666	0.50083145	0.518904677	0.482758223
1667	0.500775975	0.518787091	0.482764859
1668	0.500754375	0.51871277	0.48279598
1669	0.5009658	0.518933013	0.482998587
1670	0.501170475	0.519137738	0.483203212
1671	0.501317825	0.519246141	0.483389509
1672	0.50146145	0.519364032	0.483558868
1673	0.50158035	0.519517878	0.483642822
1674	0.501681275	0.519652573	0.483709977
1675	0.5017207	0.519687445	0.483753955
1676	0.501788825	0.519763135	0.483814515
1677	0.5019511	0.519994963	0.483907237
1678	0.502130625	0.520227637	0.484033613
1679	0.502341825	0.520435161	0.484248489
1680	0.5025187	0.520614217	0.484423183
1681	0.50263845	0.520765405	0.484511495
1682	0.502788725	0.520928093	0.484649357
1683	0.502985875	0.521092314	0.484879436
1684	0.5031968	0.521294086	0.485099514
1685	0.503413275	0.521545173	0.485281377
1686	0.503590925	0.521749297	0.485432553
1687	0.50373525	0.521903997	0.485566503
1688	0.5039146	0.522090362	0.485738838
1689	0.50412735	0.52230362	0.48595108
1690	0.50431665	0.522486565	0.486146735
1691	0.5044906	0.522650947	0.486330253
1692	0.5046328	0.522791848	0.486473752
1693	0.50472125	0.522880693	0.486561807
1694	0.5048387	0.523021938	0.486655462
1695	0.504998375	0.523224973	0.486771777
1696	0.505077475	0.523328973	0.486825977
1697	0.505109875	0.523386089	0.486833661
1698	0.50521895	0.523531501	0.486906399
1699	0.5053533	0.523699084	0.487007516
1700	0.505430175	0.523710335	0.487150015
1701	0.50548675	0.523645137	0.487328363
1702	0.505587825	0.523747435	0.487428215
1703	0.505698125	0.523916201	0.487480049
1704	0.505751625	0.523975543	0.487527707
1705	0.50579315	0.524012705	0.487573595
1706	0.506021725	0.52427481	0.48776864
1707	0.506311225	0.524604652	0.488017798
1708	0.5063725	0.524740909	0.488004091
1709	0.506385925	0.52484169	0.48793016
1710	0.506369225	0.524798064	0.487940386
1711	0.5063373	0.524714326	0.487960274
1712	0.50643065	0.524799781	0.488061519
1713	0.506535525	0.524902827	0.488168223
1714	0.506546725	0.524949866	0.488143584
1715	0.50655645	0.524997655	0.488115245
1716	0.50665295	0.525049741	0.488256159
1717	0.506754875	0.525104271	0.488405479
1718	0.506727675	0.525008754	0.488446596
1719	0.50668885	0.524906373	0.488471327
1720	0.5067476	0.525044126	0.488451074
1721	0.5067977	0.52517899	0.48841641
1722	0.5066655	0.525025362	0.488305638
1723	0.506566	0.524898945	0.488233055
1724	0.50667925	0.524996465	0.488362035
1725	0.50674425	0.525035778	0.488452722
1726	0.50656505	0.524795988	0.488334112
1727	0.5064553	0.524661911	0.488248689
1728	0.506622425	0.524931687	0.488313163
1729	0.50677905	0.525150789	0.488407311
1730	0.506882175	0.525220533	0.488543817
1731	0.506977575	0.525319926	0.488635224
1732	0.5070464	0.525452775	0.488640025
1733	0.5070636	0.52550708	0.48862012
1734	0.50701945	0.525448128	0.488590772
1735	0.506975525	0.52538036	0.48857069
1736	0.50690655	0.525301797	0.488511303
1737	0.506900825	0.52534082	0.48846083
1738	0.5069911	0.525508905	0.488473295
1739	0.50701625	0.525553703	0.488478797
1740	0.506964425	0.525470914	0.488457936
1741	0.50693105	0.525456781	0.488405319
1742	0.506933575	0.525529796	0.488337354
1743	0.506991125	0.525607987	0.488374263
1744	0.5070584	0.525642808	0.488473992
1745	0.507090975	0.525653451	0.488528499
1746	0.5071127	0.525680452	0.488544948
1747	0.50714795	0.5257566	0.4885393
1748	0.50718735	0.525843253	0.488531447
1749	0.507185525	0.525813557	0.488557493
1750	0.507172875	0.525748997	0.488596753
1751	0.5072191	0.525816704	0.488621496
1752	0.507260775	0.525892056	0.488629494
1753	0.50721425	0.525851443	0.488577057
1754	0.50717795	0.525831574	0.488524326
1755	0.507231125	0.52590176	0.48856049
1756	0.5072806	0.525957183	0.488604017
1757	0.50718915	0.525823579	0.488554721
1758	0.507121475	0.525726508	0.488516442
1759	0.5072514	0.525951162	0.488551638
1760	0.507364775	0.526147251	0.488582299
1761	0.5073854	0.526141568	0.488629232
1762	0.507440775	0.526185737	0.488695813
1763	0.5075039	0.526230383	0.488777417
1764	0.507571975	0.526302044	0.488841906
1765	0.5077767	0.526661155	0.488892245
1766	0.507928425	0.526944606	0.488912244
1767	0.5080134	0.527063897	0.488962903
1768	0.508084375	0.527150918	0.489017832
1769	0.508063625	0.527130901	0.488996349
1770	0.50813375	0.5272316	0.4890359
1771	0.508303275	0.527422836	0.489183714
1772	0.50832685	0.527418103	0.489235597
1773	0.508249175	0.527310005	0.489188345
1774	0.508385825	0.527504947	0.489266703
1775	0.50865915	0.527888988	0.489429312
1776	0.5087308	0.528058182	0.489403418
1777	0.50866695	0.528080511	0.489253389
1778	0.508722175	0.528178076	0.489266274
1779	0.50889165	0.528379426	0.489403874
1780	0.509026375	0.528604852	0.489447898
1781	0.509103025	0.528788447	0.489417603
1782	0.509155625	0.528907222	0.489404028
1783	0.50923265	0.52905809	0.48940721
1784	0.509263775	0.52913039	0.48939716
1785	0.5092541	0.529131196	0.489377004
1786	0.50938005	0.529288858	0.489471242
1787	0.50952205	0.529490482	0.489553618
1788	0.509543	0.529525769	0.489560231
1789	0.5095642	0.529538326	0.489590074
1790	0.5095357	0.52943516	0.48963624
1791	0.509593175	0.52947892	0.48970743
1792	0.509791975	0.529918156	0.489665794
1793	0.509973275	0.530312855	0.489633695
1794	0.510322625	0.530717624	0.489927626
1795	0.5106438	0.531108076	0.490179524
1796	0.510879	0.531414938	0.490343062
1797	0.5112195	0.531860613	0.490578387
1798	0.511623875	0.53244394	0.49080381
1799	0.5119132	0.53285399	0.49097241
1800	0.512062375	0.53313952	0.49098523
1801	0.50869095	0.529447189	0.487934711
1802	0.511383975	0.533568678	0.489199272
1803	0.51318835	0.53527841	0.49109829
1804	0.513772375	0.535135555	0.492409195
1805	0.5134247	0.5346096	0.4922398
1806	0.5139695	0.536159003	0.491779997
1807	0.516734475	0.53982465	0.4936443
1808	0.5177631	0.540747715	0.494778485
1809	0.5171399	0.538902058	0.495377742
1810	0.51669635	0.538712799	0.494679901
1811	0.5154449	0.538665534	0.492224266
1812	0.514406775	0.538459421	0.490354129
1813	0.514422875	0.539428036	0.489417714
1814	0.516134075	0.542000787	0.490267363
1815	0.51808475	0.543778552	0.492390948
1816	0.51841735	0.541896449	0.494938251
1817	0.519493625	0.543752479	0.495234771
1818	0.52163465	0.548743684	0.494525616
1819	0.528918175	0.558292048	0.499544302
1820	0.538037875	0.570578345	0.505497405
1821	0.539561975	0.575726945	0.503397005
1822	0.5323994	0.570680888	0.494117912
1823	0.521948025	0.558928407	0.484967643
1824	0.51614195	0.551565751	0.480718149
1825	0.52337345	0.557144552	0.489602348
1826	0.538338125	0.574216437	0.502459813
1827	0.545991025	0.583665342	0.508316708
1828	0.542066	0.577969135	0.506162865
1829	0.534442425	0.568654912	0.500229938
1830	0.53274155	0.570767758	0.494715342
1831	0.54405515	0.595450258	0.492660042
1832	0.571118125	0.646963794	0.495272456
1833	0.599777825	0.698910952	0.500644698
1834	0.6298556	0.732797448	0.526913752
1835	0.6677259	0.794408871	0.541042929
1836	0.6371369	0.780664945	0.493608855
1837	0.610217825	0.769567483	0.450868167
1838	0.62565985	0.795286547	0.456033153
1839	0.641940025	0.797784257	0.486095793
1840	0.6237572	0.732903851	0.514610549
1841	0.5929548	0.677586055	0.508323545
1842	0.528739725	0.600683949	0.456795501
1843	0.46453645	0.52738355	0.40168935
1844	0.447237975	0.52220296	0.37227299
1845	0.467276725	0.561530006	0.373023444
1846	0.496369975	0.593742751	0.398997199
1847	0.539792925	0.619751309	0.459834541
1848	0.5965853	0.669237329	0.523933271
1849	0.62130585	0.695450957	0.547160743
1850	0.6015194	0.685201478	0.517837322
1851	0.6160294	0.729881313	0.502177487
1852	0.67799795	0.810139506	0.545856394
1853	0.659004175	0.759511698	0.558496652
1854	0.586075075	0.669063346	0.503086804
1855	0.539301325	0.616731416	0.461871234
1856	0.54739605	0.625945764	0.468846336
1857	0.5778329	0.669905239	0.485760561
1858	0.5886222	0.682959282	0.494285118
1859	0.5636454	0.639187163	0.488103637
1860	0.543712325	0.605822076	0.481602574
1861	0.540531925	0.601862774	0.479201076
1862	0.5370155	0.599131637	0.474899363
1863	0.52783025	0.586491744	0.469168756
1864	0.52522375	0.584826179	0.465621321
1865	0.54842465	0.619030499	0.477818801
1866	0.58097315	0.6771344	0.4848119
1867	0.5917956	0.712173712	0.471417488
1868	0.5962623	0.737847236	0.454677364
1869	0.60487145	0.750980896	0.458762004
1870	0.582376275	0.711843704	0.452908846
1871	0.5374911	0.633145349	0.441836851
1872	0.510431325	0.588035677	0.432826973
1873	0.499266775	0.569513373	0.429020177
1874	0.505268975	0.566442005	0.444095945
1875	0.512580025	0.569183	0.45597705
1876	0.523266975	0.575118749	0.471415201
1877	0.53190855	0.581745514	0.482071586
1878	0.527433625	0.57369052	0.48117673
1879	0.519250225	0.565661676	0.472838774
1880	0.512248175	0.558422973	0.466073377
1881	0.515849875	0.559155052	0.472544698
1882	0.5182094	0.559549698	0.476869102
1883	0.52057005	0.564193565	0.476946535
1884	0.524270475	0.573254608	0.475286342
1885	0.52645965	0.575053071	0.477866229
1886	0.525542275	0.57173603	0.47934852
1887	0.520021875	0.559118315	0.480925435
1888	0.514292125	0.545967798	0.482616452
1889	0.510919775	0.540938188	0.480901362
1890	0.5074966	0.541371757	0.473621443
1891	0.504950275	0.543043378	0.466857172
1892	0.5088068	0.548391641	0.469221959
1893	0.512989	0.556579617	0.469398383
1894	0.511483275	0.555634181	0.467332369
1895	0.5077464	0.551194831	0.464297969
1896	0.50374905	0.546013265	0.461484835
1897	0.5029677	0.549825423	0.456109977
1898	0.50103685	0.550756608	0.451317092
1899	0.495976275	0.545026267	0.446926283
1900	0.493196025	0.543031193	0.443360857
1901	0.470933425	0.511345001	0.430521849
1902	0.447853275	0.484635487	0.411071063
1903	0.444742875	0.479200053	0.410285697
1904	0.445922475	0.481698209	0.410146741
1905	0.447395775	0.481939965	0.412851585
1906	0.4492549	0.485186674	0.413323126
1907	0.45203835	0.48654381	0.41753289
1908	0.4521146	0.486744349	0.417484851
1909	0.4548576	0.490009066	0.419706134
1910	0.4671244	0.496920925	0.437327875
1911	0.47739305	0.509225243	0.445560857
1912	0.476120025	0.504453572	0.447786478
1913	0.47483005	0.502108625	0.447551475
1914	0.480974625	0.50781305	0.4541362
1915	0.488144625	0.516769993	0.459519257
1916	0.484428575	0.51395632	0.45490083
1917	0.474203525	0.504174199	0.444232851
1918	0.47107655	0.501170214	0.440982886
1919	0.476224275	0.50577115	0.4466774
1920	0.478980475	0.507620177	0.450340773
1921	0.476764325	0.502618409	0.450910241
1922	0.475291775	0.499239353	0.451344197
1923	0.481499775	0.506143338	0.456856212
1924	0.487896425	0.513822712	0.461970138
1925	0.48954245	0.515294909	0.463789991
1926	0.488808475	0.514152917	0.463464033
1927	0.485573075	0.509590361	0.461555789
1928	0.481839375	0.504312764	0.459365986
1929	0.4797255	0.501860643	0.457590357
1930	0.4794227	0.502601765	0.456243635
1931	0.479072325	0.50376396	0.45438069
1932	0.4809774	0.506941592	0.455013208
1933	0.4827419	0.510191954	0.455291846
1934	0.483889425	0.510087852	0.457690998
1935	0.48496715	0.510296895	0.459637405
1936	0.483346225	0.507038822	0.459653628
1937	0.48008295	0.501782812	0.458383088
1938	0.479009275	0.499868087	0.458150463
1939	0.48043865	0.501553187	0.459324113
1940	0.48168235	0.502954761	0.460409939
1941	0.482802075	0.503508911	0.462095239
1942	0.483805625	0.504164057	0.463447193
1943	0.48473405	0.505450329	0.464017771
1944	0.48560695	0.506830383	0.464383517
1945	0.4858133	0.506570162	0.465056438
1946	0.485883375	0.506085393	0.465681357
1947	0.48666655	0.506505616	0.466827484
1948	0.48779445	0.507428782	0.468160118
1949	0.488564075	0.508188284	0.468939866
1950	0.488783675	0.508586592	0.468980758
1951	0.48883435	0.508827379	0.468841321
1952	0.4884356	0.508327456	0.468543744
1953	0.48804575	0.507927478	0.468164022
1954	0.488185225	0.508360923	0.468009527
1955	0.4883367	0.508909822	0.467763578
1956	0.490450225	0.511006515	0.469893935
1957	0.4930283	0.51351087	0.47254573
1958	0.493779	0.514616387	0.472941613
1959	0.493193375	0.514688391	0.471698359
1960	0.492529025	0.514013569	0.471044481
1961	0.49166825	0.512040017	0.471296483
1962	0.4910142	0.510599515	0.471428885
1963	0.491240025	0.51100949	0.47147056
1964	0.491444	0.511424084	0.471463916
1965	0.49211715	0.512229079	0.472005221
1966	0.492739925	0.512976258	0.472503592
1967	0.493252825	0.513331503	0.473174147
1968	0.493735	0.513590027	0.473879973
1969	0.49402605	0.513833773	0.474218327
1970	0.494079075	0.513967588	0.474190562
1971	0.4940226	0.513866159	0.474179041
1972	0.493792525	0.513405996	0.474179054
1973	0.49358795	0.513001804	0.474174096
1974	0.494075325	0.513231518	0.474919132
1975	0.49453485	0.513460487	0.475609213
1976	0.49452375	0.513192578	0.475854922
1977	0.49438385	0.512812098	0.475955602
1978	0.494850425	0.513444822	0.476256028
1979	0.495581175	0.514490844	0.476671506
1980	0.4960483	0.514923539	0.477173061
1981	0.496341875	0.514865898	0.477817852
1982	0.496755025	0.515167068	0.478342982
1983	0.497093075	0.515844323	0.478341827
1984	0.4973003	0.516314781	0.478285819
1985	0.497544675	0.516621237	0.478468113
1986	0.49779065	0.516940197	0.478641103
1987	0.498578475	0.517968533	0.479188417
1988	0.499310125	0.518935648	0.479684602
1989	0.499326	0.518887181	0.479764819
1990	0.4991359	0.518528488	0.479743312
1991	0.499180175	0.518367678	0.479992672
1992	0.499464	0.518409885	0.480518115
1993	0.499549775	0.518398044	0.480701506
1994	0.49933705	0.518336135	0.480337965
1995	0.4993071	0.518326773	0.480287427
1996	0.499972425	0.518302236	0.481642614
1997	0.50071425	0.518355644	0.483072856
1998	0.50128945	0.519107709	0.483471191
1999	0.50196415	0.520084622	0.483843678
2000	0.502822575	0.521333119	0.484312031
2001	0.503640525	0.522603588	0.484677462
2002	0.504196075	0.523089167	0.485302983
2003	0.5047101	0.523222975	0.486197225
2004	0.5052506	0.523427496	0.487073704
2005	0.5055674	0.523225583	0.487909217
2006	0.5057376	0.523017351	0.488457849
2007	0.5055787	0.523078709	0.488078691
2008	0.5054242	0.52319845	0.48764995
2009	0.50530935	0.523569274	0.487049426
2010	0.505204325	0.524025391	0.486383259
2011	0.505826175	0.524677888	0.486974462
2012	0.506644875	0.525439482	0.487850268
2013	0.5069612	0.525474505	0.488447895
2014	0.5072493	0.525462385	0.489036215
2015	0.507177475	0.525189937	0.489165013
2016	0.5065137	0.524485518	0.488541882
2017	0.50637365	0.52432717	0.48842013
2018	0.506679125	0.524612913	0.488745337
2019	0.506797175	0.524750937	0.488843413
2020	0.506900325	0.524620916	0.489179734
2021	0.5070605	0.524595541	0.489525459
2022	0.50781235	0.525890547	0.489734153
2023	0.5085484	0.527233153	0.489863647
2024	0.508633375	0.527185483	0.490081267
2025	0.5084821	0.526706012	0.490258188
2026	0.508259975	0.526114797	0.490405153
2027	0.508091075	0.525556574	0.490625576
2028	0.507990425	0.525237806	0.490743044
2029	0.5077628	0.525054236	0.490471364
2030	0.507626825	0.525027116	0.490226534
2031	0.507866175	0.525576969	0.490155381
2032	0.5080059	0.525969682	0.490042118
2033	0.507647725	0.525411423	0.489884027
2034	0.507289375	0.524825792	0.489752958
2035	0.507427225	0.524715012	0.490139438
2036	0.507603525	0.524646801	0.490560249
2037	0.507900425	0.525083372	0.490717478
2038	0.508162325	0.525671299	0.490653351
2039	0.5082896	0.525915423	0.490663777
2040	0.508396775	0.525872658	0.490920892
2041	0.508485575	0.525790894	0.491180256
2042	0.508769275	0.526018601	0.491519949
2043	0.5090857	0.526300003	0.491871397
2044	0.508873425	0.525938332	0.491808518
2045	0.508576275	0.525472364	0.491680186
2046	0.5081274	0.524779517	0.491475283
2047	0.5076506	0.5240611	0.4912401
2048	0.507779025	0.524236545	0.491321505
2049	0.50826265	0.524860879	0.491664421
2050	0.50839535	0.525004807	0.491785893
2051	0.508267925	0.524912099	0.491623751
2052	0.50807175	0.524702671	0.491440829
2053	0.50750715	0.524036105	0.490978195
2054	0.5069775	0.523477174	0.490477826
2055	0.50686005	0.523168239	0.490551861
2056	0.506988075	0.523191678	0.490784472
2057	0.508410975	0.524882123	0.491939827
2058	0.50986	0.526619107	0.493100893
2059	0.510085525	0.526791497	0.493379553
2060	0.510035875	0.526648878	0.493422872
2061	0.509276675	0.525751431	0.492801919
2062	0.508262875	0.524544997	0.491980753
2063	0.50755635	0.523873806	0.491238894
2064	0.50730845	0.523851486	0.490765414
2065	0.507294025	0.523848743	0.490739307
2066	0.506942275	0.523314666	0.490569884
2067	0.506513875	0.52276946	0.49025829
2068	0.5070846	0.523534905	0.490634295
2069	0.507626275	0.52439441	0.49085814
2070	0.507617575	0.524736589	0.490498561
2071	0.50750095	0.52482935	0.49017255
2072	0.50720475	0.524192365	0.490217135
2073	0.5068847	0.523581245	0.490188155
2074	0.506843	0.52354899	0.49013701
2075	0.506847975	0.523568941	0.490127009
2076	0.50678815	0.523527384	0.490048916
2077	0.506826025	0.52357619	0.49007586
2078	0.5069759	0.523875337	0.490076463
2079	0.507235525	0.524309717	0.490161333
2080	0.507620375	0.524724603	0.490516147
2081	0.50766575	0.524628774	0.490702726
2082	0.507559175	0.524347163	0.490771187
2083	0.50766285	0.524282998	0.491042702
2084	0.5078007	0.524273074	0.491328326
2085	0.50762975	0.523779561	0.491479939
2086	0.5073759	0.523166896	0.491584904
2087	0.506877275	0.5226072	0.49114735
2088	0.506366875	0.522184654	0.490549096
2089	0.506511	0.522421707	0.490600293
2090	0.50669215	0.522624701	0.490759599
2091	0.5068791	0.522832666	0.490925534
2092	0.50702785	0.522956771	0.491098929
2093	0.507123225	0.523067679	0.491178771
2094	0.507379025	0.523466871	0.491291179
2095	0.507465025	0.523561913	0.491368137
2096	0.507327375	0.523243497	0.491411253
2097	0.50724765	0.523051996	0.491443304
2098	0.507296225	0.523054142	0.491538308
2099	0.50739295	0.523100407	0.491685493
2100	0.507738775	0.523495474	0.491982076
2101	0.508046875	0.523869354	0.492224396
2102	0.5081339	0.524063625	0.492204175
2103	0.508314425	0.524442861	0.492185989
2104	0.50812005	0.524365021	0.491875079
2105	0.507791225	0.524095264	0.491487186
2106	0.50770955	0.523925219	0.491493881
2107	0.507737325	0.523643631	0.491831019
2108	0.50788105	0.523634665	0.492127435
2109	0.508359525	0.524185152	0.492533898
2110	0.508801325	0.524647772	0.492954878
2111	0.508764325	0.524554144	0.492974506
2112	0.508635625	0.524351698	0.492919552
2113	0.50859555	0.52427175	0.49291935
2114	0.508587325	0.524284802	0.492889848
2115	0.50835405	0.524079137	0.492628963
2116	0.508113525	0.523808076	0.492418974
2117	0.508591225	0.524501153	0.492681297
2118	0.509379075	0.52557129	0.49318686
2119	0.510042425	0.52639424	0.49369061
2120	0.510532625	0.526926564	0.494138686
2121	0.511020375	0.527443877	0.494596873
2122	0.51142445	0.52810093	0.49474797
2123	0.511500775	0.528347883	0.494653667
2124	0.511176825	0.527725545	0.494628105
2125	0.511082275	0.527408263	0.494756287
2126	0.511292225	0.527625971	0.494958479
2127	0.511397025	0.527755592	0.495038458
2128	0.5110549	0.527378305	0.494731495
2129	0.510639275	0.526924764	0.494353786
2130	0.51054325	0.52691851	0.49416799
2131	0.510689575	0.527271645	0.494107505
2132	0.5109145	0.527685392	0.494143608
2133	0.510934225	0.527845577	0.494022873
2134	0.510584225	0.527410278	0.493758172
2135	0.509989775	0.52647677	0.49350278
2136	0.509854725	0.526006895	0.493702555
2137	0.51019865	0.526068116	0.494329184
2138	0.510236375	0.525881552	0.494591198
2139	0.51036655	0.526101941	0.494631159
2140	0.51067015	0.526557407	0.494782893
2141	0.510775125	0.52669736	0.49485289
2142	0.510666	0.526546364	0.494785636
2143	0.50999965	0.525767899	0.494231401
2144	0.509263875	0.524977026	0.493550724
2145	0.50861025	0.524382942	0.492837558
2146	0.507925325	0.523726508	0.492124142
2147	0.507566175	0.523457651	0.491674699
2148	0.507600125	0.523669851	0.491530399
2149	0.507606825	0.523790987	0.491422663
2150	0.50744355	0.523761616	0.491125484
2151	0.506957075	0.523312605	0.490601545
2152	0.506238325	0.522406064	0.490070586
2153	0.5055461	0.521539142	0.489553058
2154	0.5048943	0.520711612	0.489076988
2155	0.504309925	0.520046273	0.488573577
2156	0.503713325	0.519553479	0.487873171
2157	0.503277075	0.519257372	0.487296778
2158	0.503268725	0.519452253	0.487085197
2159	0.503265875	0.51958547	0.48694628
2160	0.503235025	0.519354597	0.487115453
2161	0.50317185	0.519046621	0.487297079
2162	0.502513125	0.518222726	0.486803524
2163	0.501814325	0.517500164	0.486128486
2164	0.501140075	0.516961824	0.485318326
2165	0.5004273	0.516336815	0.484517785
2166	0.500016175	0.515992137	0.484040213
2167	0.499934725	0.515921543	0.483947907
2168	0.4998529	0.51588643	0.48381937
2169	0.49935005	0.515396841	0.483303259
2170	0.498889825	0.514865276	0.482914374
2171	0.498246875	0.514064014	0.482429736
2172	0.4976126	0.513365248	0.481859952
2173	0.497352975	0.513389769	0.481316181
2174	0.4971685	0.513501686	0.480835314
2175	0.49669045	0.513094084	0.480286816
2176	0.49604945	0.512467117	0.479631783
2177	0.495316475	0.511648087	0.478984863
2178	0.494629025	0.510858754	0.478399296
2179	0.49405115	0.510259547	0.477842753
2180	0.49358545	0.509777729	0.477393171
2181	0.493035775	0.509138895	0.476932655
2182	0.4924623	0.508328464	0.476596136
2183	0.49224335	0.508030023	0.476456677
2184	0.49213275	0.508159718	0.476105782
2185	0.491511325	0.507607023	0.475415627
2186	0.4905678	0.50678097	0.47435463
2187	0.4899267	0.50645908	0.47339432
2188	0.489520275	0.505983572	0.473056978
2189	0.4889536	0.505108562	0.472798638
2190	0.488151	0.504030682	0.472271318
2191	0.487469125	0.503236328	0.471701922
2192	0.487016875	0.502969999	0.471063751
2193	0.48652	0.502690687	0.470349313
2194	0.485798075	0.502035321	0.469560829
2195	0.484981275	0.501188795	0.468773755
2196	0.4840461	0.500072773	0.468019427
2197	0.483144125	0.498999514	0.467288736
2198	0.4821554	0.497775399	0.466535401
2199	0.481288775	0.496666661	0.465910889
2200	0.480596525	0.49589302	0.46530003
2201	0.47974655	0.494946464	0.464546636
2202	0.479433925	0.494688112	0.464179738
2203	0.479281125	0.494844125	0.463718125
2204	0.4789954	0.49478626	0.46320454
2205	0.479109825	0.495145143	0.463074507
2206	0.4791708	0.495430969	0.462910631
2207	0.478732775	0.494666545	0.462799005
2208	0.478403325	0.494071467	0.462735183
2209	0.478267575	0.493741696	0.462793454
2210	0.478320425	0.49364302	0.46299783
2211	0.478898925	0.494224527	0.463573323
2212	0.479503725	0.494839	0.46416845
2213	0.48032045	0.495833146	0.464807754
2214	0.4813221	0.497136369	0.465507831
2215	0.482261925	0.498150372	0.466373478
2216	0.483017625	0.498805887	0.467229363
2217	0.4838337	0.499657648	0.468009752
2218	0.48478475	0.500764589	0.468804911
2219	0.4855547	0.501537759	0.469571641
2220	0.4861396	0.502162935	0.470116265
2221	0.486886475	0.502944927	0.470828023
2222	0.48781825	0.503881898	0.471754602
2223	0.4886518	0.504971632	0.472331968
2224	0.4894613	0.50607254	0.47285006
2225	0.490018325	0.506699339	0.473337311
2226	0.489535825	0.506012497	0.473059153
2227	0.489026175	0.505296434	0.472755916
2228	0.488504325	0.504610175	0.472398475
2229	0.48813415	0.504107451	0.472160849
2230	0.488493775	0.504359149	0.472628401
2231	0.488901525	0.50471656	0.47308649
2232	0.489273525	0.50518418	0.47336287
2233	0.489625925	0.505605956	0.473645894
2234	0.489468075	0.505234454	0.473701696
2235	0.4890659	0.504556928	0.473574872
2236	0.4885504	0.503924934	0.473175866
2237	0.488221275	0.50365181	0.47279074
2238	0.48789505	0.503608854	0.472181246
2239	0.487412425	0.503395601	0.471429249
2240	0.487322975	0.503521699	0.471124251
2241	0.487181325	0.503449867	0.470912783
2242	0.486865925	0.5029598	0.47077205
2243	0.48654455	0.50248499	0.47060411
2244	0.4863114	0.502336798	0.470286002
2245	0.486537025	0.502815601	0.470258449
2246	0.48657085	0.503012752	0.470128948
2247	0.486270825	0.502596538	0.469945112
2248	0.48605055	0.502117352	0.469983748
2249	0.485758625	0.501473314	0.470043936
2250	0.48564825	0.501220833	0.470075667
2251	0.485661275	0.501305993	0.470016557
2252	0.485558175	0.501204536	0.469911814
2253	0.485208875	0.500923052	0.469494698
2254	0.48476475	0.500620747	0.468908753
2255	0.484291025	0.500190743	0.468391307
2256	0.483925225	0.49985333	0.46799712
2257	0.483485625	0.499583277	0.467387973
2258	0.482925475	0.499182772	0.466668178
2259	0.482554925	0.498770686	0.466339164
2260	0.48244055	0.498666928	0.466214172
2261	0.482793675	0.499187292	0.466400058
2262	0.48306195	0.499576667	0.466547233
2263	0.482596875	0.498884696	0.466309054
2264	0.481783975	0.497533592	0.466034358
2265	0.4814723	0.49693863	0.46600597
2266	0.481727225	0.497298298	0.466156152
2267	0.48174235	0.497337627	0.466147073
2268	0.48160675	0.497331588	0.465881912
2269	0.48150195	0.49727062	0.46573328
2270	0.48071875	0.4962204	0.4652171
2271	0.48011945	0.495408921	0.464829979
2272	0.479995875	0.495346869	0.464644881
2273	0.479888	0.495400234	0.464375766
2274	0.4801397	0.495799867	0.464479533
2275	0.480232175	0.496009131	0.464455219
2276	0.4795134	0.495197732	0.463829068
2277	0.478769775	0.494317425	0.463222125
2278	0.4784023	0.49367038	0.46313422
2279	0.478140725	0.493108204	0.463173246
2280	0.4781036	0.493048855	0.463158345
2281	0.4780387	0.493078616	0.462998784
2282	0.477918825	0.49309411	0.46274354
2283	0.477850225	0.493316012	0.462384438
2284	0.47738695	0.492939655	0.461834245
2285	0.4768844	0.492390356	0.461378444
2286	0.476633125	0.492015023	0.461251227
2287	0.4763633	0.49146076	0.46126584
2288	0.476132175	0.491150401	0.461113949
2289	0.4756855	0.490669993	0.460701007
2290	0.475179275	0.490080102	0.460278448
2291	0.4749629	0.490091626	0.459834174
2292	0.474683525	0.489976949	0.459390101
2293	0.474445925	0.489629267	0.459262583
2294	0.47397305	0.489120235	0.458825865
2295	0.473496125	0.488677152	0.458315098
2296	0.47300225	0.488184067	0.457820433
2297	0.472301925	0.487497256	0.457106594
2298	0.4718847	0.486969111	0.456800289
2299	0.471783425	0.486442494	0.457124356
2300	0.471497875	0.485776451	0.457219299
2301	0.47105995	0.485165228	0.456954672
2302	0.470848725	0.484899042	0.456798408
2303	0.4709138	0.484963095	0.456864505
2304	0.470927575	0.484952685	0.456902465
2305	0.4710663	0.485303031	0.456829569
2306	0.471192825	0.485794798	0.456590852
2307	0.47105465	0.486057343	0.456051957
2308	0.470912775	0.486224731	0.455600819
2309	0.470774	0.486098569	0.455449431
2310	0.47084235	0.486317858	0.455366842
2311	0.4708446	0.486448113	0.455241087
2312	0.47054155	0.485988939	0.455094161
2313	0.470415825	0.485727694	0.455103956
2314	0.47048365	0.485745738	0.455221562
2315	0.470343475	0.485517959	0.455168991
2316	0.47013595	0.485311367	0.454960533
2317	0.469851225	0.484897209	0.454805241
2318	0.4693876	0.484225735	0.454549465
2319	0.469018125	0.4838665	0.45416975
2320	0.468790625	0.48364543	0.45393582
2321	0.468332425	0.483046002	0.453618848
2322	0.4673977	0.481987128	0.452808272
2323	0.46679035	0.481232928	0.452347772
2324	0.466765725	0.481100721	0.452430729
2325	0.466631525	0.480916786	0.452346264
2326	0.4671401	0.481523221	0.452756979
2327	0.4678988	0.482462699	0.453334901
2328	0.4686102	0.483271584	0.453948816
2329	0.46914735	0.483902337	0.454392363
2330	0.468625775	0.483509219	0.453742331
2331	0.467907275	0.482905993	0.452908557
2332	0.467414875	0.482295109	0.452534641
2333	0.46695195	0.481652528	0.452251372
2334	0.46688675	0.481397623	0.452375877
2335	0.467065125	0.481461047	0.452669203
2336	0.466538875	0.480932931	0.452144819
2337	0.465673875	0.480085029	0.451262721
2338	0.465237275	0.479591399	0.450883151
2339	0.4649834	0.479282758	0.450684042
2340	0.465184225	0.479394013	0.450974437
2341	0.46536155	0.479535897	0.451187203
2342	0.465506425	0.480041665	0.450971185
2343	0.465939925	0.480930483	0.450949367
2344	0.46650025	0.481492226	0.451508274
2345	0.466840425	0.481570855	0.452109995
2346	0.466765175	0.481179818	0.452350532
2347	0.466179125	0.480453354	0.451904896
2348	0.465733975	0.480098273	0.451369677
2349	0.46611285	0.480604661	0.451621039
2350	0.465949625	0.480458045	0.451441205
2351	0.46520395	0.47973968	0.45066822
2352	0.46553995	0.48039139	0.45068851
2353	0.46651275	0.481842793	0.451182707
2354	0.4667054	0.48220073	0.45121007
2355	0.46661405	0.481918404	0.451309696
2356	0.4670123	0.48233208	0.45169252
2357	0.4676744	0.483151092	0.452197708
2358	0.468222	0.483777846	0.452666154
2359	0.468323625	0.483625075	0.453022175
2360	0.468319	0.483382466	0.453255534
2361	0.4683507	0.483793698	0.452907702
2362	0.468413075	0.484296935	0.452529215
2363	0.4685642	0.484385897	0.452742503
2364	0.468818675	0.484618982	0.453018368
2365	0.4684681	0.484035521	0.452900679
2366	0.467968375	0.483157366	0.452779384
2367	0.468475825	0.483600317	0.453351333
2368	0.469219625	0.484605535	0.453833715
2369	0.469263725	0.484897786	0.453629664
2370	0.4689802	0.484620727	0.453339673
2371	0.468510025	0.484042966	0.452977084
2372	0.46840415	0.484074591	0.452733709
2373	0.4685673	0.484138357	0.452996243
2374	0.468591625	0.483902622	0.453280628
2375	0.46834425	0.483187905	0.453500595
2376	0.46781285	0.482369922	0.453255778
2377	0.466824275	0.481171874	0.452476676
2378	0.4663049	0.480489347	0.452120453
2379	0.466435925	0.480895795	0.451976055
2380	0.466497575	0.481280416	0.451714734
2381	0.4666741	0.481882339	0.451465861
2382	0.466595225	0.482476725	0.450713725
2383	0.46687435	0.483031925	0.450716775
2384	0.467453425	0.483531665	0.451375185
2385	0.467585575	0.483729145	0.451442005
2386	0.467613425	0.484049699	0.451177151
2387	0.467418225	0.484020139	0.450816311
2388	0.466439575	0.482676912	0.450202238
2389	0.46559325	0.481309573	0.449876927
2390	0.465244475	0.480354088	0.450134862
2391	0.4649171	0.479704491	0.450129709
2392	0.464915925	0.480007909	0.449823941
2393	0.46545195	0.480946436	0.449957464
2394	0.46632925	0.481971467	0.450687033
2395	0.4665562	0.482188389	0.450924011
2396	0.465801225	0.481243305	0.450359145
2397	0.4651149	0.480252106	0.449977694
2398	0.466007825	0.481398457	0.450617193
2399	0.467109025	0.482993047	0.451225003
2400	0.466626525	0.482071207	0.451181843
2401	0.4660132	0.480978729	0.451047671
2402	0.4653245	0.480144346	0.450504654
2403	0.4646671	0.479344208	0.449989992
2404	0.464971475	0.479450725	0.450492225
2405	0.465536025	0.48024551	0.45082654
2406	0.46601015	0.481220285	0.450800015
2407	0.466319375	0.481929087	0.450709663
2408	0.4672614	0.483690378	0.450832422
2409	0.4681656	0.485620263	0.450710937
2410	0.46609	0.48293546	0.44924454
2411	0.4634713	0.479387745	0.447554855
2412	0.462839925	0.478294032	0.447385818
2413	0.4625343	0.477867088	0.447201512
2414	0.4612724	0.47681672	0.44572808
2415	0.45997495	0.475848142	0.444101758
2416	0.459647025	0.475214254	0.444079796
2417	0.459776675	0.474969093	0.444584257
2418	0.46077855	0.47530828	0.44624882
2419	0.461311525	0.47507373	0.44754932
2420	0.460851975	0.474095135	0.447608815
2421	0.460127425	0.473207547	0.447047303
2422	0.457995625	0.470635969	0.445355281
2423	0.45686185	0.469144785	0.444578915
2424	0.45671065	0.469380924	0.444040376
2425	0.455855375	0.469128193	0.442582557
2426	0.4579491	0.471768021	0.444130179
2427	0.45992435	0.47452946	0.44531924
2428	0.45995455	0.474486008	0.445423092
2429	0.4605753	0.47500153	0.44614907
2430	0.459181325	0.474471167	0.443891483
2431	0.457131225	0.473581581	0.440680869
2432	0.4568893	0.473503404	0.440275196
2433	0.45603615	0.472183172	0.439889128
2434	0.4559126	0.471673131	0.440152069
2435	0.4572746	0.472991028	0.441558172
2436	0.457601275	0.473200149	0.442002401
2437	0.457443675	0.472700929	0.442186421
2438	0.4570652	0.47272148	0.44140892
2439	0.456271875	0.473704699	0.438839051
2440	0.453499375	0.47165879	0.43533996
2441	0.45005725	0.467515309	0.432599191
2442	0.44902435	0.465907436	0.432141264
2443	0.449472725	0.465821969	0.433123481
2444	0.449141875	0.464649098	0.433634652
2445	0.448349025	0.463198708	0.433499342
2446	0.4479839	0.462970198	0.432997602
2447	0.446874525	0.462988738	0.430760312
2448	0.445017375	0.46201668	0.42801807
2449	0.4426543	0.459038079	0.426270521
2450	0.4418574	0.45786119	0.42585361
2451	0.444029975	0.460206948	0.427853002
2452	0.446019575	0.462536273	0.429502877
2453	0.4469629	0.463873915	0.430051885
2454	0.447296925	0.464801636	0.429792214
2455	0.44656165	0.463970739	0.429152561
2456	0.4448054	0.461527971	0.428082829
2457	0.441817475	0.45717383	0.42646112
2458	0.440936275	0.455672738	0.426199812
2459	0.441098375	0.45550662	0.42669013
2460	0.439978225	0.454106308	0.425850142
2461	0.4418965	0.456475003	0.427317997
2462	0.44403785	0.459765514	0.428310186
2463	0.4434036	0.458901717	0.427905483
2464	0.443701825	0.459890082	0.427513568
2465	0.44665465	0.463784865	0.429524435
2466	0.448375425	0.466115424	0.430635426
2467	0.44678235	0.464742717	0.428821983
2468	0.4445672	0.461930133	0.427204267
2469	0.44133045	0.456799517	0.425861383
2470	0.43879735	0.453594636	0.424000064
2471	0.436087825	0.450625463	0.421550187
2472	0.432641025	0.447160838	0.418121212
2473	0.42863245	0.443098168	0.414166732
2474	0.426436	0.441290839	0.411581161
2475	0.431357825	0.447813894	0.414901756
2476	0.43427105	0.453173498	0.415368602
2477	0.429739425	0.449714545	0.409764305
2478	0.42665225	0.447851431	0.405453069
2479	0.4279381	0.447627672	0.408248528
2480	0.4300602	0.449127932	0.410992468
2481	0.4370284	0.457092958	0.416963842
2482	0.44556305	0.467183679	0.423942421
2483	0.4510309	0.472183028	0.429878772
2484	0.456463175	0.4786132	0.43431315
2485	0.46004455	0.483094993	0.436994107
2486	0.460577375	0.486888287	0.434266463
2487	0.4566475	0.483499406	0.429795594
2488	0.454654125	0.482263397	0.427044853
2489	0.449944025	0.47660491	0.42328314
2490	0.444003675	0.47023939	0.41776796
2491	0.442919725	0.468982232	0.416857218
2492	0.442252225	0.470516787	0.413987663
2493	0.439970925	0.467049775	0.412892075
2494	0.4343762	0.463377348	0.405375052
2495	0.4261276	0.461379247	0.390875953
2496	0.420696075	0.463619599	0.377772551
2497	0.41213475	0.449721887	0.374547613
2498	0.404860225	0.434427739	0.375292711
2499	0.412255525	0.437898625	0.386612425
2500	0.42470175	0.452983111	0.396420389
