Wavelength	Mean	Std+	Std-
350	0.009621133	0.010909253	0.008333013
351	0.009701733	0.010949006	0.00845446
352	0.0096482	0.010882451	0.008413949
353	0.0101702	0.01141266	0.00892774
354	0.0103322	0.011598177	0.009066223
355	0.0101058	0.011411105	0.008800495
356	0.010127467	0.011419673	0.00883526
357	0.009861067	0.01114744	0.008574694
358	0.009591533	0.010894828	0.008288239
359	0.009956333	0.011330062	0.008582605
360	0.010227267	0.011598551	0.008855982
361	0.010244667	0.011597439	0.008891894
362	0.009816	0.011163906	0.008468094
363	0.010234067	0.011545805	0.008922328
364	0.0106138	0.011918866	0.009308734
365	0.0108376	0.012163381	0.009511819
366	0.010817267	0.012167453	0.009467081
367	0.010697867	0.012089714	0.009306019
368	0.010669133	0.012103788	0.009234479
369	0.011341133	0.0127427	0.009939567
370	0.011434467	0.012829873	0.01003906
371	0.011274933	0.012685029	0.009864837
372	0.010990267	0.012436846	0.009543688
373	0.011098933	0.012522804	0.009675062
374	0.0113084	0.012744881	0.009871919
375	0.011580867	0.013078799	0.010082934
376	0.011852	0.013361995	0.010342005
377	0.0118434	0.013335342	0.010351458
378	0.011740267	0.013196031	0.010284502
379	0.012186267	0.013626314	0.010746219
380	0.012513	0.013998298	0.011027702
381	0.012651533	0.014186126	0.011116941
382	0.0124582	0.013998021	0.010918379
383	0.0127428	0.014280356	0.011205244
384	0.0129856	0.014529902	0.011441298
385	0.0130842	0.014645869	0.011522531
386	0.0128732	0.01445402	0.01129238
387	0.013033333	0.0146255	0.011441167
388	0.013419733	0.01501296	0.011826507
389	0.013576333	0.015152162	0.012000505
390	0.0135658	0.015143573	0.011988027
391	0.013590067	0.015189949	0.011990184
392	0.013862067	0.015509596	0.012214538
393	0.0141254	0.015794069	0.012456731
394	0.0143136	0.015986036	0.012641164
395	0.014406	0.016063191	0.012748809
396	0.0147242	0.016436938	0.013011462
397	0.015044067	0.016763111	0.013325022
398	0.0153396	0.017035693	0.013643507
399	0.015517	0.017214288	0.013819712
400	0.015603467	0.017300666	0.013906267
401	0.0156734	0.017377666	0.013969134
402	0.0157978	0.017529562	0.014066038
403	0.016090667	0.017851602	0.014329731
404	0.016340867	0.018134567	0.014547167
405	0.016496067	0.018324495	0.014667639
406	0.016636667	0.018452133	0.0148212
407	0.0169424	0.018755288	0.015129512
408	0.017330867	0.019151596	0.015510137
409	0.017344733	0.019185056	0.01550441
410	0.0175286	0.019400562	0.015656638
411	0.017796467	0.019703147	0.015889787
412	0.0180948	0.0200297	0.0161599
413	0.0182908	0.020236411	0.016345189
414	0.018494	0.020450237	0.016537763
415	0.018745133	0.020717328	0.016772939
416	0.019019	0.021018555	0.017019445
417	0.019285	0.021317314	0.017252686
418	0.019539133	0.021607894	0.017470372
419	0.0197558	0.021848321	0.017663279
420	0.0200522	0.022170153	0.017934247
421	0.020340533	0.022483624	0.018197443
422	0.020474733	0.022638982	0.018310485
423	0.0207582	0.022944961	0.018571439
424	0.0210536	0.023261028	0.018846172
425	0.021310933	0.023535019	0.019086848
426	0.021544	0.023805409	0.019282591
427	0.0217756	0.024068075	0.019483125
428	0.0220142	0.02432962	0.01969878
429	0.022334667	0.02467046	0.019998874
430	0.0226292	0.02499389	0.02026451
431	0.022910467	0.025308689	0.020512245
432	0.0232042	0.025635155	0.020773245
433	0.0234766	0.025942133	0.021011067
434	0.0237334	0.02622807	0.02123873
435	0.023977467	0.026491369	0.021463564
436	0.024386533	0.026934444	0.021838622
437	0.024670067	0.027246829	0.022093304
438	0.024830733	0.027430797	0.02223067
439	0.025191533	0.027829401	0.022553666
440	0.025436333	0.028104878	0.022767789
441	0.025641667	0.028336337	0.022946996
442	0.025975933	0.028695873	0.023255994
443	0.026212533	0.028965725	0.023459341
444	0.026447067	0.029229759	0.023664374
445	0.0267394	0.029538519	0.023940281
446	0.027084467	0.029917945	0.024250988
447	0.027397733	0.030262516	0.024532951
448	0.0276712	0.030561727	0.024780673
449	0.0279582	0.03086567	0.02505073
450	0.028233133	0.031159625	0.025306641
451	0.028511133	0.031461862	0.025560405
452	0.028834733	0.031827649	0.025841817
453	0.029106333	0.032130225	0.026082441
454	0.029395067	0.032445809	0.026344324
455	0.029763133	0.032839911	0.026686356
456	0.030018533	0.033126027	0.02691104
457	0.0302758	0.033413192	0.027138408
458	0.030552	0.033716607	0.027387393
459	0.030799533	0.033989155	0.027609912
460	0.031098867	0.034318303	0.02787943
461	0.031443667	0.034694805	0.028192528
462	0.0318354	0.035110922	0.028559878
463	0.032104733	0.035411168	0.028798299
464	0.0323572	0.035691323	0.029023077
465	0.0326756	0.036023854	0.029327346
466	0.032913867	0.036286431	0.029541303
467	0.0331726	0.036578116	0.029767084
468	0.033475933	0.036924487	0.030027379
469	0.033868533	0.037339249	0.030397818
470	0.034210067	0.0377057	0.030714433
471	0.0344932	0.038016295	0.030970105
472	0.0346648	0.038219306	0.031110294
473	0.034992267	0.038571978	0.031412555
474	0.0353384	0.038939999	0.031736801
475	0.0355734	0.039194732	0.031952068
476	0.035912133	0.039560982	0.032263285
477	0.0362546	0.03993507	0.03257413
478	0.036579133	0.040295503	0.032862763
479	0.036904267	0.04064756	0.033160973
480	0.037239667	0.041009932	0.033469402
481	0.0375694	0.041366363	0.033772437
482	0.037799867	0.041624292	0.033975441
483	0.038152867	0.04200392	0.034301813
484	0.0385398	0.042418399	0.034661201
485	0.0388536	0.042761425	0.034945775
486	0.039209267	0.043149964	0.035268569
487	0.039555667	0.043528293	0.035583041
488	0.039873533	0.043876213	0.035870854
489	0.040165067	0.044193441	0.036136693
490	0.040514067	0.044572543	0.03645559
491	0.040903933	0.044996217	0.03681165
492	0.04127	0.045397122	0.037142878
493	0.041618933	0.045775769	0.037462098
494	0.041942267	0.04612509	0.037759443
495	0.042213933	0.046418007	0.038009859
496	0.042590667	0.046821511	0.038359822
497	0.042988133	0.047252321	0.038723946
498	0.043382933	0.047689185	0.039076681
499	0.043683267	0.048015727	0.039350806
500	0.044029933	0.048389092	0.039670774
501	0.0444198	0.048807843	0.040031757
502	0.0447704	0.049195032	0.040345768
503	0.0451424	0.04960512	0.04067968
504	0.045515933	0.050016218	0.041015649
505	0.045866667	0.050400126	0.041333207
506	0.046191467	0.050754318	0.041628616
507	0.0465344	0.051125942	0.041942858
508	0.046924	0.051544904	0.042303096
509	0.047317067	0.051968362	0.042665771
510	0.047696	0.052379799	0.043012201
511	0.0480654	0.05278274	0.04334806
512	0.048477067	0.053221395	0.043732738
513	0.048896733	0.053681706	0.044111761
514	0.0493252	0.054154047	0.044496353
515	0.049761533	0.054617371	0.044905695
516	0.050085533	0.05496319	0.045207877
517	0.050429067	0.055335658	0.045522476
518	0.0508672	0.055818819	0.045915581
519	0.051258133	0.056250728	0.046265539
520	0.051672067	0.056703433	0.0466407
521	0.05211	0.057178089	0.047041911
522	0.0525284	0.057623813	0.047432987
523	0.052938467	0.058069822	0.047807112
524	0.053355	0.058525296	0.048184704
525	0.053812733	0.059013064	0.048612403
526	0.054251867	0.059479882	0.049023852
527	0.054658067	0.059919172	0.049396962
528	0.055014867	0.060321665	0.049708068
529	0.0554962	0.060844461	0.050147939
530	0.055987667	0.061370566	0.050604768
531	0.056470867	0.061881699	0.051060035
532	0.056844333	0.062303084	0.051385583
533	0.057273867	0.062766456	0.051781277
534	0.0577388	0.063260007	0.052217593
535	0.0581928	0.063762526	0.052623074
536	0.058633267	0.064241512	0.053025021
537	0.0590938	0.064737639	0.053449961
538	0.0596124	0.065293173	0.053931627
539	0.060046667	0.065765933	0.0543274
540	0.0604928	0.066248219	0.054737381
541	0.0609644	0.066753103	0.055175697
542	0.061436933	0.067276335	0.055597532
543	0.061900867	0.067782262	0.056019472
544	0.062359533	0.068277418	0.056441649
545	0.062836667	0.068793395	0.056879938
546	0.063309267	0.069304816	0.057313718
547	0.063779133	0.069812252	0.057746015
548	0.0642476	0.070316338	0.058178862
549	0.0647528	0.070859675	0.058645925
550	0.065245467	0.071392967	0.059097966
551	0.065713333	0.071904779	0.059521888
552	0.066236533	0.07246967	0.060003396
553	0.0667728	0.07304604	0.06049956
554	0.0673068	0.073620336	0.060993264
555	0.067758067	0.074117296	0.061398837
556	0.068257867	0.074657086	0.061858648
557	0.068776	0.075215913	0.062336087
558	0.0692854	0.075772961	0.062797839
559	0.0697914	0.076317297	0.063265503
560	0.070307	0.076873688	0.063740312
561	0.0708354	0.077448005	0.064222795
562	0.071294733	0.077947785	0.064641682
563	0.071813933	0.078513205	0.065114661
564	0.072375067	0.079124582	0.065625551
565	0.0728626	0.079652462	0.066072738
566	0.0733852	0.080216395	0.066554005
567	0.0739206	0.080793995	0.067047205
568	0.074443533	0.081359265	0.067527802
569	0.075019467	0.08198624	0.068052693
570	0.0755708	0.08258565	0.06855595
571	0.076064067	0.083119893	0.06900824
572	0.076593133	0.083693877	0.06949239
573	0.077131533	0.084279473	0.069983594
574	0.077678133	0.08487456	0.070481707
575	0.078231733	0.085474194	0.070989273
576	0.078795667	0.086085156	0.071506177
577	0.079370933	0.086707529	0.072034338
578	0.079957133	0.087338374	0.072575893
579	0.080475067	0.087908051	0.073042083
580	0.081005133	0.088488011	0.073522255
581	0.081579067	0.089105729	0.074052404
582	0.082129267	0.089697689	0.074560844
583	0.082721333	0.090335452	0.075107214
584	0.083349667	0.091013892	0.075685442
585	0.083878333	0.091594351	0.076162316
586	0.0844326	0.092189046	0.076676154
587	0.085001133	0.092795374	0.077206893
588	0.085549533	0.093393623	0.077705443
589	0.0861286	0.094037723	0.078219477
590	0.086714667	0.094684741	0.078744593
591	0.087289133	0.095304069	0.079274198
592	0.087855667	0.095920338	0.079790995
593	0.088459133	0.096573981	0.080344286
594	0.089101667	0.097267937	0.080935396
595	0.089704933	0.097927292	0.081482574
596	0.0902868	0.098563017	0.082010583
597	0.090859467	0.099187719	0.082531214
598	0.0914398	0.099817362	0.083062238
599	0.092022533	0.100451727	0.08359334
600	0.092627267	0.101110129	0.084144404
601	0.093267933	0.101806922	0.084728945
602	0.0939202	0.102516176	0.085324224
603	0.094508533	0.103167347	0.08584972
604	0.095030733	0.103757783	0.086303684
605	0.0956646	0.104446609	0.086882591
606	0.096305467	0.105141593	0.08746934
607	0.096943133	0.105834703	0.088051563
608	0.097523533	0.106477289	0.088569778
609	0.098105667	0.107122279	0.089089055
610	0.098709267	0.107786457	0.089632076
611	0.099348	0.108478783	0.090217217
612	0.099983467	0.109165848	0.090801085
613	0.100630133	0.109868968	0.091391299
614	0.101290867	0.110592309	0.091989425
615	0.101943933	0.111297544	0.092590322
616	0.102576467	0.111988346	0.093164587
617	0.103204067	0.112675214	0.093732919
618	0.103876667	0.113389718	0.094363615
619	0.1045504	0.114104702	0.094996098
620	0.105211133	0.114807907	0.09561436
621	0.105839733	0.115481727	0.09619774
622	0.106558133	0.116239686	0.096876581
623	0.107222467	0.116953722	0.097491211
624	0.1077962	0.117590307	0.098002093
625	0.108533	0.118364731	0.098701269
626	0.109205133	0.119088301	0.099321966
627	0.1098354	0.119776672	0.099894128
628	0.110514667	0.120499189	0.100530144
629	0.1111826	0.121226469	0.101138731
630	0.111822267	0.121926246	0.101718287
631	0.112409867	0.122560066	0.102259668
632	0.113041733	0.123229806	0.102853661
633	0.113705533	0.123933496	0.103477571
634	0.114401867	0.124673961	0.104129773
635	0.115146	0.125469236	0.104822764
636	0.115813067	0.126184413	0.105441721
637	0.116417133	0.126836092	0.105998175
638	0.116993867	0.127474989	0.106512745
639	0.117682667	0.128214027	0.107151307
640	0.118402467	0.12898443	0.107820504
641	0.1190802	0.129728051	0.108432349
642	0.119798067	0.130498052	0.109098081
643	0.120492533	0.131249979	0.109735087
644	0.1211484	0.131974564	0.110322236
645	0.121802733	0.132696043	0.110909424
646	0.1224738	0.13343339	0.11151421
647	0.123163933	0.134189698	0.112138169
648	0.123898067	0.134994617	0.112801516
649	0.124592933	0.135763668	0.113422198
650	0.1252586	0.136505462	0.114011738
651	0.1258998	0.137224298	0.114575302
652	0.126581267	0.137972599	0.115189934
653	0.127273933	0.138724301	0.115823566
654	0.127982667	0.13948452	0.116480813
655	0.128694533	0.140280859	0.117108207
656	0.129457733	0.14112941	0.117786056
657	0.130235467	0.141989526	0.118481407
658	0.1309712	0.142811982	0.119130418
659	0.131800867	0.14370766	0.119894073
660	0.1326266	0.144593022	0.120660178
661	0.133299733	0.145337169	0.121262298
662	0.134071733	0.146173122	0.121970345
663	0.134851333	0.147017672	0.122684995
664	0.1356014	0.147837005	0.123365795
665	0.136381333	0.148685916	0.124076751
666	0.137146267	0.149519607	0.124772926
667	0.137899	0.15034149	0.12545651
668	0.138672667	0.151183425	0.126161908
669	0.139423333	0.152000663	0.126846004
670	0.140166467	0.152810367	0.127522566
671	0.1409228	0.153636371	0.128209229
672	0.141656867	0.154442669	0.128871065
673	0.1424144	0.155270348	0.129558452
674	0.1432282	0.156149742	0.130306658
675	0.144036067	0.157033746	0.131038387
676	0.144809933	0.157883259	0.131736608
677	0.1455554	0.15870251	0.13240829
678	0.1464032	0.159619095	0.133187305
679	0.1471786	0.160465909	0.133891291
680	0.147913867	0.161275384	0.13455235
681	0.148659733	0.162099513	0.135219953
682	0.149415	0.162925602	0.135904398
683	0.150151467	0.163727078	0.136575855
684	0.150854133	0.16448835	0.137219917
685	0.151550333	0.165243393	0.137857274
686	0.152270933	0.166047031	0.138494836
687	0.153006267	0.166893046	0.139119487
688	0.153827867	0.167808835	0.139846899
689	0.1546332	0.168694362	0.140572038
690	0.155434733	0.169565273	0.141304194
691	0.1563142	0.170511539	0.142116861
692	0.157195867	0.171470704	0.14292103
693	0.15807	0.172427145	0.143712855
694	0.158926267	0.173367586	0.144484947
695	0.1597032	0.174227165	0.145179235
696	0.160487333	0.175085072	0.145889595
697	0.161300333	0.175962844	0.146637822
698	0.162129267	0.176862901	0.147395632
699	0.162927933	0.177742921	0.148112945
700	0.163722467	0.178624351	0.148820582
701	0.164590867	0.179571313	0.149610421
702	0.165422667	0.180488009	0.150357324
703	0.166232867	0.181380007	0.151085727
704	0.167038933	0.182255333	0.151822534
705	0.1677898	0.183086748	0.152492852
706	0.1685798	0.183956933	0.153202667
707	0.169429	0.184883546	0.153974454
708	0.170254933	0.185789639	0.154720228
709	0.1710746	0.18668695	0.15546225
710	0.171884667	0.187576146	0.156193188
711	0.172667533	0.188457048	0.156878019
712	0.1734386	0.189310463	0.157566737
713	0.174211	0.190157538	0.158264462
714	0.175004867	0.191023589	0.158986145
715	0.175749067	0.191846452	0.159651682
716	0.176469733	0.192650697	0.160288769
717	0.1771594	0.193429073	0.160889727
718	0.1780238	0.194399826	0.161647774
719	0.178854667	0.195337871	0.162371462
720	0.179631733	0.19620947	0.163053997
721	0.1805392	0.197169065	0.163909335
722	0.181335133	0.198032468	0.164637798
723	0.182109	0.198890559	0.165327441
724	0.1828674	0.19975349	0.16598131
725	0.1836628	0.200629523	0.166696077
726	0.184466133	0.201512647	0.167419619
727	0.185280867	0.202413445	0.168148288
728	0.1861112	0.203339922	0.168882478
729	0.186967667	0.204285747	0.169649587
730	0.187829067	0.20522866	0.170429474
731	0.188643667	0.206118516	0.171168817
732	0.189493133	0.207052528	0.171933738
733	0.190327333	0.207968608	0.172686059
734	0.1910954	0.208800569	0.173390231
735	0.1919072	0.20971648	0.17409792
736	0.192723333	0.21063004	0.174816627
737	0.193531333	0.211510922	0.175551745
738	0.1942938	0.212356525	0.176231075
739	0.19511	0.213262271	0.176957729
740	0.1959704	0.21421679	0.17772401
741	0.1967788	0.215113367	0.178444233
742	0.197575733	0.215998726	0.179152741
743	0.198356133	0.216865312	0.179846954
744	0.19911	0.217698498	0.180521502
745	0.199941	0.218613782	0.181268218
746	0.200747467	0.219506051	0.181988883
747	0.201482867	0.220327418	0.182638315
748	0.202260667	0.221200179	0.183321154
749	0.203046533	0.222077763	0.184015304
750	0.203833333	0.222952468	0.184714198
751	0.204604133	0.223818178	0.185390089
752	0.205366467	0.224669764	0.186063169
753	0.206126467	0.22551519	0.186737743
754	0.2069012	0.22637415	0.18742825
755	0.207692933	0.227262011	0.188123856
756	0.208390667	0.228037777	0.188743556
757	0.208933067	0.228618963	0.189247171
758	0.208900533	0.228532863	0.189268204
759	0.208792267	0.228474075	0.189110458
760	0.208769867	0.22870857	0.188831163
761	0.209955533	0.230030775	0.189880292
762	0.2109882	0.23117371	0.19080269
763	0.212065733	0.23235571	0.191775756
764	0.213333933	0.23373462	0.192933246
765	0.214572267	0.235072438	0.194072095
766	0.215636267	0.236221842	0.195050692
767	0.216548067	0.237210258	0.195885875
768	0.217420533	0.238170475	0.196670592
769	0.21825	0.239082826	0.197417174
770	0.219048667	0.239959231	0.198138103
771	0.219872467	0.240876252	0.198868681
772	0.220626133	0.241724166	0.199528101
773	0.221350533	0.242542019	0.200159047
774	0.222135333	0.243412004	0.200858663
775	0.2228906	0.244259118	0.201522082
776	0.223618933	0.245080392	0.202157474
777	0.224315867	0.245868251	0.202763482
778	0.2250398	0.246673753	0.203405847
779	0.225762667	0.247485531	0.204039802
780	0.226479733	0.248301711	0.204657756
781	0.227262533	0.249166063	0.205359004
782	0.228008133	0.249996412	0.206019855
783	0.228728467	0.250806472	0.206650462
784	0.229434533	0.251616714	0.207252353
785	0.230174733	0.2524557	0.207893767
786	0.230909933	0.25328401	0.208535857
787	0.231594667	0.254051283	0.20913805
788	0.232329267	0.254877282	0.209781251
789	0.233065133	0.255705624	0.210424643
790	0.2337904	0.256523135	0.211057665
791	0.234465267	0.257266015	0.211664518
792	0.235164267	0.258054708	0.212273825
793	0.235877667	0.258871577	0.212883757
794	0.236570333	0.259650157	0.21349051
795	0.237248733	0.260420527	0.214076939
796	0.237973267	0.26123755	0.214708983
797	0.238830533	0.262182184	0.215478883
798	0.2394732	0.262915892	0.216030508
799	0.2401258	0.263654059	0.216597541
800	0.240836133	0.264440712	0.217231555
801	0.241476067	0.265164293	0.217787841
802	0.2421878	0.265966345	0.218409255
803	0.242945	0.266819834	0.219070166
804	0.243582667	0.267558578	0.219606756
805	0.2443128	0.268377237	0.220248363
806	0.245056933	0.269203814	0.220910053
807	0.245725533	0.26995389	0.221497177
808	0.246344333	0.270659059	0.222029608
809	0.246985467	0.271390543	0.22258039
810	0.247670333	0.272169397	0.223171269
811	0.248326933	0.272916139	0.223737727
812	0.2489072	0.273588162	0.224226238
813	0.249438467	0.274212599	0.224664335
814	0.250046467	0.274892195	0.225200738
815	0.2506724	0.275586732	0.225758068
816	0.251330867	0.276320629	0.226341104
817	0.252052133	0.277143174	0.226961093
818	0.252809267	0.27798842	0.227630114
819	0.253524467	0.278796104	0.228252829
820	0.254173867	0.279551558	0.228796175
821	0.254669333	0.280113544	0.229225123
822	0.2553376	0.280867921	0.229807279
823	0.2561272	0.281758369	0.230496031
824	0.256915667	0.282654773	0.23117656
825	0.257588067	0.283412403	0.23176373
826	0.258217667	0.284116494	0.23231884
827	0.2588228	0.284788441	0.232857159
828	0.2595308	0.285575974	0.233485626
829	0.260254133	0.286392388	0.234115878
830	0.260958067	0.287208105	0.234708028
831	0.261588867	0.287906159	0.235271575
832	0.262304867	0.288701909	0.235907825
833	0.263094667	0.289586531	0.236602802
834	0.263767667	0.290358996	0.237176338
835	0.264406867	0.291088222	0.237725511
836	0.265039467	0.291804062	0.238274871
837	0.265710267	0.292552975	0.238867558
838	0.266373867	0.293285815	0.239461918
839	0.266996333	0.29398603	0.240006637
840	0.267546	0.294633377	0.240458623
841	0.268192467	0.29535294	0.241031994
842	0.2688656	0.296111102	0.241620098
843	0.269552133	0.296897238	0.242207029
844	0.270135333	0.297560975	0.242709692
845	0.270740933	0.298236014	0.243245852
846	0.271370867	0.298936042	0.243805692
847	0.272041667	0.2997088	0.244374533
848	0.272544067	0.300288778	0.244799355
849	0.273053933	0.300863669	0.245244198
850	0.273673267	0.301534368	0.245812165
851	0.2741466	0.302102331	0.246190869
852	0.274661267	0.302688872	0.246633661
853	0.2752644	0.303332704	0.247196096
854	0.275931667	0.304047845	0.247815489
855	0.276666	0.30489321	0.24843879
856	0.277371733	0.305734643	0.249008824
857	0.2778862	0.306339585	0.249432815
858	0.2785176	0.307037816	0.249997384
859	0.2791474	0.307739378	0.250555422
860	0.279666267	0.308358887	0.250973647
861	0.280288067	0.309063793	0.25151234
862	0.280872333	0.309723547	0.25202112
863	0.281395067	0.310315862	0.252474271
864	0.281757467	0.310745318	0.252769615
865	0.282313933	0.311348041	0.253279826
866	0.2829904	0.312065199	0.253915601
867	0.283521667	0.312686879	0.254356454
868	0.2840206	0.313285299	0.254755901
869	0.284530333	0.313893086	0.255167581
870	0.285113867	0.3145669	0.255660833
871	0.285780733	0.315321263	0.256240203
872	0.286433733	0.316055593	0.256811874
873	0.2870494	0.316745051	0.257353749
874	0.287561733	0.317323964	0.257799503
875	0.288084867	0.317922052	0.258247682
876	0.288628	0.318544604	0.258711396
877	0.289245533	0.319227643	0.259263424
878	0.2897534	0.319806684	0.259700116
879	0.290277133	0.320405853	0.260148414
880	0.290953333	0.321161789	0.260744878
881	0.291523667	0.321814262	0.261233072
882	0.2920374	0.322416107	0.261658693
883	0.292493867	0.322968107	0.262019626
884	0.292994067	0.323508891	0.262479243
885	0.293521667	0.324117278	0.262926055
886	0.2940448	0.324744647	0.263344953
887	0.294358533	0.325079163	0.263637904
888	0.294870267	0.325661639	0.264078895
889	0.2954304	0.326314173	0.264546627
890	0.295866467	0.326838634	0.264894299
891	0.2963698	0.327397445	0.265342155
892	0.29684	0.327938008	0.265741992
893	0.297235667	0.328438849	0.266032484
894	0.297613267	0.328849619	0.266376914
895	0.297970333	0.329253395	0.266687272
896	0.298306067	0.329649271	0.266962863
897	0.298600667	0.329972273	0.26722906
898	0.2990792	0.330500774	0.267657626
899	0.2996022	0.331072332	0.268132068
900	0.299929133	0.331401656	0.268456611
901	0.3006408	0.332172698	0.269108902
902	0.301368133	0.332996112	0.269740155
903	0.301980667	0.333741619	0.270219715
904	0.302399733	0.334293917	0.270505549
905	0.302815467	0.334799009	0.270831924
906	0.303266533	0.335299735	0.271233331
907	0.303924267	0.335998816	0.271849717
908	0.3043514	0.336456652	0.272246148
909	0.3046636	0.33680291	0.27252429
910	0.305026733	0.337233041	0.272820426
911	0.305282	0.33757824	0.27298576
912	0.305601533	0.33796865	0.273234417
913	0.306091067	0.33848307	0.273699063
914	0.306603267	0.339063109	0.274143424
915	0.307124667	0.33964572	0.274603613
916	0.3076642	0.340230652	0.275097748
917	0.308384667	0.340925211	0.275844123
918	0.3090078	0.341632222	0.276383378
919	0.309523333	0.34228488	0.276761786
920	0.309842867	0.342712837	0.276972897
921	0.310357467	0.343348136	0.277366797
922	0.310933933	0.344003913	0.277863954
923	0.3115174	0.344577741	0.278457059
924	0.311704267	0.344805669	0.278602865
925	0.311990667	0.345171461	0.278809873
926	0.312431667	0.345729901	0.279133432
927	0.3126556	0.346049123	0.279262077
928	0.312796	0.346259609	0.279332391
929	0.312901733	0.346408161	0.279395306
930	0.3131012	0.346586621	0.279615779
931	0.312877733	0.346311513	0.279443954
932	0.312550867	0.345903369	0.279198364
933	0.312406067	0.345638718	0.279173416
934	0.312258933	0.345393853	0.279124014
935	0.3125488	0.345668962	0.279428638
936	0.313392933	0.346609157	0.28017671
937	0.3141028	0.34743801	0.28076759
938	0.314885733	0.34837072	0.281400747
939	0.315605333	0.349231864	0.281978803
940	0.315906733	0.349558975	0.282254492
941	0.3165876	0.350359332	0.282815868
942	0.317074333	0.35097493	0.283173737
943	0.316838333	0.35081777	0.282858897
944	0.317546533	0.351546024	0.283547043
945	0.318424667	0.352418395	0.284430938
946	0.319335533	0.353300245	0.285370822
947	0.31893	0.352853755	0.285006245
948	0.318954667	0.352955359	0.284953974
949	0.319316533	0.353480782	0.285152285
950	0.319778	0.354102948	0.285453052
951	0.320354067	0.354693038	0.286015096
952	0.321060933	0.355363348	0.286758519
953	0.321979133	0.356261025	0.287697242
954	0.3223828	0.356686096	0.288079504
955	0.322522867	0.356927079	0.288118655
956	0.322423533	0.357024736	0.287822331
957	0.322952067	0.357561781	0.288342352
958	0.323642	0.358218566	0.289065434
959	0.324430467	0.358976763	0.28988417
960	0.325091333	0.359839045	0.290343622
961	0.325409867	0.360201352	0.290618382
962	0.325775467	0.360559437	0.290991496
963	0.326656733	0.361474673	0.291838793
964	0.3271002	0.362033547	0.292166853
965	0.3271818	0.362251973	0.292111627
966	0.326874733	0.362088724	0.291660743
967	0.327798333	0.362991689	0.292604978
968	0.328316667	0.363571945	0.293061388
969	0.3286402	0.364014449	0.293265951
970	0.3300236	0.3654325	0.2946147
971	0.330575333	0.366098969	0.295051697
972	0.330645467	0.366286529	0.295004404
973	0.330375533	0.366032148	0.294718919
974	0.3303622	0.365951838	0.294772562
975	0.330556067	0.366139921	0.294972212
976	0.330995133	0.366701906	0.29528836
977	0.331403667	0.367002679	0.295804654
978	0.3319974	0.367559208	0.296435592
979	0.3326742	0.368287678	0.297060722
980	0.3325446	0.368336634	0.296752566
981	0.332766333	0.368582388	0.296950279
982	0.3330982	0.368879485	0.297316915
983	0.333221133	0.369026425	0.297415841
984	0.333698867	0.369594361	0.297803372
985	0.334170333	0.37016437	0.298176296
986	0.3344916	0.37057202	0.29841118
987	0.335420733	0.371432196	0.299409271
988	0.3358694	0.371898986	0.299839814
989	0.335837133	0.371983992	0.299690275
990	0.3361664	0.372470459	0.299862341
991	0.3362054	0.372471258	0.299939542
992	0.336216533	0.372375571	0.300057496
993	0.336714467	0.372913949	0.300514984
994	0.3371204	0.373438275	0.300802525
995	0.3374354	0.373832714	0.301038086
996	0.337624467	0.373987858	0.301261076
997	0.338617267	0.375004953	0.30222958
998	0.339011467	0.375399803	0.30262313
999	0.338768067	0.375137659	0.302398474
1000	0.339470133	0.375987401	0.302952866
1001	0.345300333	0.383918894	0.306681772
1002	0.345707933	0.384393069	0.307022797
1003	0.346124133	0.384871369	0.307376898
1004	0.346513067	0.38528665	0.307739483
1005	0.346826733	0.385587049	0.308066418
1006	0.3471516	0.385914065	0.308389135
1007	0.347532	0.386331695	0.308732305
1008	0.3479412	0.386784219	0.309098181
1009	0.348322733	0.387197857	0.309447609
1010	0.348627933	0.387518985	0.309736882
1011	0.348876733	0.387769386	0.30998408
1012	0.349166733	0.388066229	0.310267238
1013	0.349526733	0.388445298	0.310608169
1014	0.349887	0.388828886	0.310945114
1015	0.350244933	0.389219235	0.311270631
1016	0.350750933	0.389802401	0.311699466
1017	0.351279067	0.390401666	0.312156468
1018	0.351653467	0.390802458	0.312504475
1019	0.352019467	0.391199425	0.312839508
1020	0.352407467	0.391596963	0.31321797
1021	0.352816267	0.392007619	0.313624914
1022	0.353234867	0.392474874	0.313994859
1023	0.353634533	0.392965163	0.314303903
1024	0.353983867	0.393375699	0.314592034
1025	0.3543104	0.393716087	0.314904713
1026	0.354696533	0.394138422	0.315254645
1027	0.355141467	0.394658125	0.315624808
1028	0.355515467	0.395059525	0.315971409
1029	0.3558342	0.395369616	0.316298784
1030	0.3561792	0.395758627	0.316599773
1031	0.3565148	0.396141898	0.316887702
1032	0.3567554	0.396376067	0.317134733
1033	0.357050467	0.396671784	0.317429149
1034	0.357562333	0.397232615	0.317892051
1035	0.3580718	0.397803471	0.318340129
1036	0.358433267	0.398219126	0.318647407
1037	0.358726867	0.398553553	0.318900181
1038	0.359026667	0.398871763	0.319181571
1039	0.359288067	0.39914456	0.319431574
1040	0.359543533	0.399433193	0.319653873
1041	0.359917133	0.399857352	0.319976914
1042	0.360390333	0.400360678	0.320419989
1043	0.360762533	0.400737746	0.32078732
1044	0.361032267	0.401038811	0.321025722
1045	0.361240333	0.401302073	0.321178593
1046	0.361562133	0.401666021	0.321458246
1047	0.362014733	0.402157911	0.321871556
1048	0.362438867	0.402632219	0.322245514
1049	0.362895267	0.403159975	0.322630558
1050	0.363266333	0.403577573	0.322955094
1051	0.363545333	0.403869872	0.323220794
1052	0.363861133	0.404207539	0.323514727
1053	0.364166	0.404546801	0.323785199
1054	0.364462867	0.404886826	0.324038908
1055	0.364737	0.405194324	0.324279676
1056	0.364979267	0.405450567	0.324507967
1057	0.365300467	0.405808371	0.324792563
1058	0.365730333	0.406315435	0.325145232
1059	0.366146	0.406792674	0.325499326
1060	0.366479	0.407147112	0.325810888
1061	0.366780467	0.407441911	0.326119022
1062	0.367163267	0.407836275	0.326490259
1063	0.367539333	0.4082484	0.326830267
1064	0.367753667	0.408507404	0.32699993
1065	0.367980867	0.408783712	0.327178021
1066	0.368353067	0.409191866	0.327514267
1067	0.368709867	0.409574062	0.327845671
1068	0.368979933	0.409854865	0.328105002
1069	0.369286067	0.410177662	0.328394471
1070	0.369727933	0.410656499	0.328799367
1071	0.370159133	0.411124098	0.329194168
1072	0.370481467	0.411464206	0.329498727
1073	0.370798667	0.411793691	0.329803642
1074	0.371143	0.412132643	0.330153357
1075	0.3715194	0.412504371	0.330534429
1076	0.371803133	0.412832603	0.330773664
1077	0.371954667	0.413036991	0.330872342
1078	0.372229267	0.413343541	0.331114992
1079	0.3726628	0.413810594	0.331515006
1080	0.373053933	0.41424831	0.331859556
1081	0.373413733	0.414658858	0.332168608
1082	0.373781533	0.415064926	0.33249814
1083	0.374045533	0.415346293	0.332744773
1084	0.374304133	0.41562505	0.332983217
1085	0.374668733	0.415988584	0.333348882
1086	0.3750558	0.416371332	0.333740268
1087	0.3753538	0.416702748	0.334004852
1088	0.375609267	0.41700016	0.334218374
1089	0.375846467	0.417233741	0.334459192
1090	0.376103067	0.417480416	0.334725718
1091	0.376410067	0.417824566	0.334995568
1092	0.3767324	0.418182571	0.335282229
1093	0.377077667	0.418547673	0.33560766
1094	0.377418467	0.418909551	0.335927382
1095	0.3776862	0.419194465	0.336177935
1096	0.377873733	0.419368774	0.336378693
1097	0.378077267	0.419557357	0.336597177
1098	0.378440467	0.419943993	0.33693694
1099	0.378824867	0.420347553	0.33730218
1100	0.379065667	0.420605509	0.337525825
1101	0.379314067	0.420878663	0.33774947
1102	0.379649133	0.421211385	0.338086881
1103	0.379989933	0.421543086	0.338436781
1104	0.3801992	0.421779564	0.338618836
1105	0.380379467	0.422000723	0.33875821
1106	0.3807196	0.4223644	0.3390748
1107	0.381128067	0.422794381	0.339461752
1108	0.381366267	0.423091557	0.339640977
1109	0.381520733	0.423302495	0.339738972
1110	0.381785133	0.423590252	0.339980014
1111	0.382176267	0.423987767	0.340364766
1112	0.382512533	0.424354308	0.340670758
1113	0.382760267	0.424672293	0.34084824
1114	0.382971	0.424910121	0.341031879
1115	0.383073867	0.424961516	0.341186217
1116	0.383172733	0.425036393	0.341309073
1117	0.3833936	0.425306068	0.341481132
1118	0.383629	0.425581089	0.341676911
1119	0.383682133	0.42556976	0.341794507
1120	0.383715267	0.425532761	0.341897772
1121	0.383669733	0.425486629	0.341852838
1122	0.383628533	0.425456135	0.341800932
1123	0.383583467	0.425361328	0.341805606
1124	0.383520733	0.425237659	0.341803807
1125	0.383656667	0.425357842	0.341955492
1126	0.383823733	0.425531438	0.342116028
1127	0.383950133	0.425664276	0.342235991
1128	0.384132	0.425843169	0.342420831
1129	0.384283267	0.425959628	0.342606905
1130	0.384307467	0.425928331	0.342686602
1131	0.384418067	0.426008929	0.342827204
1132	0.384715533	0.426304319	0.343126748
1133	0.3849428	0.426534799	0.343350801
1134	0.3849736	0.426586229	0.343360971
1135	0.385038533	0.426675104	0.343401962
1136	0.385345067	0.427021094	0.343669039
1137	0.3856322	0.427342236	0.343922164
1138	0.3857376	0.427438469	0.344036731
1139	0.385823	0.427514669	0.344131331
1140	0.385748333	0.427413447	0.34408322
1141	0.385681533	0.427317294	0.344045773
1142	0.385724067	0.427377381	0.344070753
1143	0.3857938	0.427480016	0.344107584
1144	0.385811	0.427481958	0.344140042
1145	0.385791067	0.42741917	0.344162963
1146	0.385821	0.427399934	0.344242066
1147	0.385913667	0.427443794	0.344383539
1148	0.385894	0.427358796	0.344429204
1149	0.385705533	0.427080802	0.344330264
1150	0.385563333	0.426870328	0.344256339
1151	0.385518133	0.42679608	0.344240187
1152	0.385474	0.426720166	0.344227834
1153	0.3854658	0.426669753	0.344261847
1154	0.385456733	0.426620935	0.344292532
1155	0.3853758	0.426476783	0.344274817
1156	0.385301267	0.42634463	0.344257904
1157	0.3852416	0.426244233	0.344238967
1158	0.385183867	0.42615057	0.344217164
1159	0.385092933	0.426032912	0.344152954
1160	0.385003333	0.425919905	0.344086761
1161	0.385010467	0.425881032	0.344139901
1162	0.385044067	0.425861952	0.344226181
1163	0.384966333	0.425740582	0.344192085
1164	0.3848306	0.425567263	0.344093937
1165	0.384802	0.425512493	0.344091507
1166	0.384866667	0.425561782	0.344171552
1167	0.384858867	0.42552246	0.344195273
1168	0.384744133	0.42535024	0.344138027
1169	0.384658933	0.425214641	0.344103226
1170	0.384646133	0.425166987	0.34412528
1171	0.384618667	0.425105074	0.34413226
1172	0.3845142	0.424962973	0.344065427
1173	0.384416267	0.424828178	0.344004356
1174	0.384417133	0.424797585	0.344036682
1175	0.384418	0.42476701	0.34406899
1176	0.3843654	0.424678869	0.344051931
1177	0.384309733	0.424587665	0.344031802
1178	0.384215	0.424467291	0.343962709
1179	0.384113	0.424341872	0.343884128
1180	0.38411	0.424323458	0.343896542
1181	0.384143333	0.424343956	0.34394271
1182	0.384052	0.424213488	0.343890512
1183	0.383884667	0.42399059	0.343778744
1184	0.383822067	0.423883312	0.343760821
1185	0.383861067	0.423889045	0.343833089
1186	0.383867733	0.423863265	0.343872201
1187	0.3838216	0.423783368	0.343859832
1188	0.383788333	0.423724597	0.34385207
1189	0.383794733	0.423724753	0.343864714
1190	0.3838052	0.423728159	0.343882241
1191	0.3838292	0.423743646	0.343914754
1192	0.383849133	0.423754909	0.343943358
1193	0.383835733	0.423718642	0.343952824
1194	0.383822467	0.423682679	0.343962254
1195	0.3838386	0.423702449	0.343974751
1196	0.3838562	0.423725025	0.343987375
1197	0.383910267	0.423768454	0.34405208
1198	0.383968867	0.42381443	0.344123303
1199	0.384062267	0.42391302	0.344211514
1200	0.3841694	0.424031079	0.344307721
1201	0.3842194	0.424067459	0.344371341
1202	0.384237667	0.424060635	0.344414698
1203	0.384283333	0.424096772	0.344469894
1204	0.384344867	0.424161041	0.344528693
1205	0.3844366	0.424248925	0.344624275
1206	0.384567667	0.424365972	0.344769361
1207	0.384721067	0.424512968	0.344929166
1208	0.384921667	0.424719694	0.34512364
1209	0.385120133	0.42492615	0.345314117
1210	0.3853022	0.425126553	0.345477847
1211	0.385494467	0.425334917	0.345654016
1212	0.385767267	0.425608311	0.345926222
1213	0.3860332	0.425875173	0.346191227
1214	0.386259733	0.426108719	0.346410748
1215	0.3864846	0.426340792	0.346628408
1216	0.386873733	0.426746918	0.347000548
1217	0.387275867	0.427167654	0.34738408
1218	0.3876126	0.427532373	0.347692827
1219	0.387929867	0.427878761	0.347980973
1220	0.3883738	0.42834429	0.34840331
1221	0.388859533	0.428847895	0.348871172
1222	0.389331733	0.429366601	0.349296865
1223	0.389794867	0.429894685	0.349695048
1224	0.39026	0.430417938	0.350102062
1225	0.390726467	0.430932671	0.350520263
1226	0.391168267	0.431419215	0.350917319
1227	0.391572333	0.431868332	0.351276334
1228	0.391978267	0.432315443	0.35164109
1229	0.3924046	0.432771711	0.352037489
1230	0.3928512	0.433250276	0.352452124
1231	0.393354267	0.433788607	0.352919926
1232	0.3938474	0.434316692	0.353378108
1233	0.394282533	0.434797143	0.353767924
1234	0.394717733	0.435278126	0.354157341
1235	0.395197	0.435801717	0.354592283
1236	0.3956732	0.436320778	0.355025622
1237	0.396073933	0.436748487	0.35539938
1238	0.396470133	0.43717169	0.355768576
1239	0.396924	0.437655722	0.356192278
1240	0.397373133	0.438131326	0.356614941
1241	0.397752267	0.438545674	0.356958859
1242	0.398123467	0.438956568	0.357290365
1243	0.398563	0.439441472	0.357684528
1244	0.399022067	0.439948501	0.358095633
1245	0.399421933	0.440382454	0.358461413
1246	0.3997938	0.440778705	0.358808895
1247	0.4001456	0.441146279	0.359144921
1248	0.400473867	0.441485854	0.359461879
1249	0.400831867	0.441868754	0.359794979
1250	0.4012304	0.442310058	0.360150742
1251	0.401606067	0.442722114	0.360490019
1252	0.4019218	0.443058702	0.360784898
1253	0.4022338	0.443393449	0.361074151
1254	0.402561667	0.443752454	0.36137088
1255	0.402897933	0.444120081	0.361675786
1256	0.4031916	0.444437623	0.361945577
1257	0.4034832	0.444751829	0.362214571
1258	0.4037206	0.444998666	0.362442534
1259	0.403956533	0.445244784	0.362668283
1260	0.4042138	0.445525416	0.362902184
1261	0.4044878	0.445823978	0.363151622
1262	0.404689067	0.446037369	0.363340764
1263	0.4048752	0.446235708	0.363514692
1264	0.405135267	0.446512183	0.36375835
1265	0.405425733	0.446820479	0.364030988
1266	0.405718733	0.447116547	0.36432092
1267	0.4059932	0.447383213	0.364603187
1268	0.406272267	0.447667914	0.364876619
1269	0.406546067	0.447959354	0.36513278
1270	0.406846333	0.448270576	0.365422091
1271	0.407209133	0.44864309	0.365775176
1272	0.407564733	0.44900581	0.366123657
1273	0.407921	0.449358926	0.366483074
1274	0.408288133	0.449729464	0.366846802
1275	0.408661533	0.45011375	0.367209317
1276	0.409050533	0.450518904	0.367582163
1277	0.409490333	0.450994254	0.367986413
1278	0.409920333	0.451457885	0.368382782
1279	0.410302267	0.45186359	0.368740943
1280	0.410657867	0.45223977	0.369075963
1281	0.4109164	0.45251538	0.36931742
1282	0.411193667	0.452811844	0.369575489
1283	0.4115978	0.453249936	0.369945664
1284	0.411997067	0.453682702	0.370311431
1285	0.412316667	0.454004773	0.370628561
1286	0.412632533	0.454317442	0.370947625
1287	0.4129734	0.454695034	0.371251766
1288	0.413314133	0.455075385	0.371552882
1289	0.413620133	0.455413266	0.371827
1290	0.413929267	0.455757826	0.372100707
1291	0.414296467	0.456151124	0.372441809
1292	0.4146776	0.456549051	0.372806149
1293	0.414992267	0.456902723	0.37308181
1294	0.415271333	0.457245158	0.373297509
1295	0.415501333	0.457514198	0.373488469
1296	0.415704	0.45772192	0.37368608
1297	0.4159976	0.458032736	0.373962464
1298	0.416354867	0.458425695	0.374284038
1299	0.416662533	0.458759783	0.374565283
1300	0.416931267	0.459056617	0.374805917
1301	0.417214267	0.459380078	0.375048455
1302	0.417443933	0.459643544	0.375244322
1303	0.417643267	0.459864146	0.375422388
1304	0.417789	0.460000611	0.375577389
1305	0.417948533	0.460150255	0.375746811
1306	0.418125333	0.460340081	0.375910586
1307	0.418295133	0.460528579	0.376061688
1308	0.4183582	0.460589413	0.376126987
1309	0.418421467	0.460642075	0.376200858
1310	0.4185558	0.460755374	0.376356226
1311	0.4186798	0.460857703	0.376501897
1312	0.41868	0.460830238	0.376529762
1313	0.418703267	0.46082737	0.376579164
1314	0.418854467	0.460958377	0.376750556
1315	0.4190126	0.461096861	0.376928339
1316	0.419108733	0.461179198	0.377038269
1317	0.419186333	0.461243009	0.377129658
1318	0.4192268	0.461248733	0.377204867
1319	0.419268533	0.461240604	0.377296463
1320	0.419350533	0.461302299	0.377398768
1321	0.419441	0.461400817	0.377481183
1322	0.419427667	0.461367158	0.377488176
1323	0.419341867	0.46122381	0.377459923
1324	0.4192872	0.461121819	0.377452581
1325	0.419252133	0.461070169	0.377434098
1326	0.419192867	0.460984467	0.377401266
1327	0.419018	0.460743623	0.377292377
1328	0.418825067	0.460468676	0.377181457
1329	0.4186712	0.460224728	0.377117672
1330	0.418523	0.460000559	0.377045441
1331	0.418307733	0.459741318	0.376874148
1332	0.418066867	0.459455881	0.376677852
1333	0.417695467	0.459027566	0.376363368
1334	0.417313733	0.458581868	0.376045598
1335	0.417104867	0.45830812	0.375901613
1336	0.4169084	0.458052251	0.375764549
1337	0.416651933	0.457746315	0.375557552
1338	0.416381533	0.457420135	0.375342932
1339	0.416016133	0.456988562	0.375043705
1340	0.415620933	0.456533507	0.374708359
1341	0.415324067	0.456214197	0.374433937
1342	0.415026533	0.455890384	0.374162682
1343	0.4145698	0.455376639	0.373762961
1344	0.414002067	0.454747763	0.37325637
1345	0.413716867	0.454453841	0.372979892
1346	0.4134964	0.454228199	0.372764601
1347	0.4131718	0.453912509	0.372431091
1348	0.412631133	0.453379134	0.371883133
1349	0.411984667	0.452636656	0.371332677
1350	0.411264067	0.451794341	0.370733792
1351	0.4104918	0.451014983	0.369968617
1352	0.409769333	0.450337034	0.369201633
1353	0.408998	0.449563052	0.368432948
1354	0.407756067	0.448295537	0.367216597
1355	0.405877533	0.446433993	0.365321074
1356	0.405224667	0.446015289	0.364434044
1357	0.404391067	0.445509126	0.363273008
1358	0.402319	0.443114889	0.361523111
1359	0.399109333	0.439772577	0.358446089
1360	0.3946024	0.435268646	0.353936154
1361	0.387096667	0.427654857	0.346538476
1362	0.382047867	0.423148099	0.340947634
1363	0.374590533	0.418307942	0.330873124
1364	0.3835912	0.423283542	0.343898858
1365	0.396746667	0.433464035	0.360029298
1366	0.3954482	0.436491844	0.354404556
1367	0.3941404	0.442668894	0.345611906
1368	0.403795667	0.453527724	0.354063609
1369	0.4113196	0.462604715	0.360034485
1370	0.412104267	0.457728702	0.366479832
1371	0.4123824	0.453809231	0.370955569
1372	0.402509533	0.443697864	0.361321203
1373	0.393501333	0.435799269	0.351203397
1374	0.397734867	0.439347891	0.356121842
1375	0.403461267	0.444683802	0.362238731
1376	0.4015316	0.441937135	0.361126065
1377	0.395713667	0.434827608	0.356599726
1378	0.392984533	0.431266773	0.354702293
1379	0.393502267	0.431231344	0.355773189
1380	0.395784	0.433183999	0.358384001
1381	0.400315667	0.439090956	0.361540377
1382	0.398918467	0.439939935	0.357896999
1383	0.391439933	0.433751754	0.349128112
1384	0.389417267	0.430874482	0.347960051
1385	0.3903152	0.430313945	0.350316455
1386	0.390127467	0.430101998	0.350152936
1387	0.393260333	0.434718373	0.351802294
1388	0.397631333	0.440129379	0.355133287
1389	0.400163933	0.442890757	0.35743711
1390	0.398173667	0.440810824	0.355536509
1391	0.390968733	0.432324897	0.34961257
1392	0.386152333	0.426648487	0.34565618
1393	0.383910333	0.423765518	0.344055148
1394	0.383263733	0.42241159	0.344115876
1395	0.383905067	0.422351542	0.345458592
1396	0.382993867	0.420999489	0.344988244
1397	0.3807204	0.418063956	0.343376844
1398	0.3789302	0.415800425	0.342059975
1399	0.376192733	0.413009229	0.339376237
1400	0.373403467	0.410177016	0.336629917
1401	0.370014267	0.406406559	0.333621975
1402	0.3667906	0.40298483	0.33059637
1403	0.364045667	0.400545777	0.327545556
1404	0.361679133	0.398430809	0.324927458
1405	0.358261267	0.394548169	0.321974364
1406	0.3549492	0.390773407	0.319124993
1407	0.350376467	0.385715459	0.315037475
1408	0.346214133	0.381169019	0.311259248
1409	0.3436026	0.37847053	0.30873467
1410	0.3417926	0.376551986	0.307033214
1411	0.3400238	0.374378475	0.305669125
1412	0.3383074	0.37235467	0.30426013
1413	0.335190933	0.369099891	0.301281975
1414	0.332105	0.365911997	0.298298003
1415	0.3291304	0.36284132	0.29541948
1416	0.326545533	0.36020455	0.292886517
1417	0.324007733	0.35755201	0.290463457
1418	0.321492267	0.354872249	0.288112284
1419	0.318797467	0.351962274	0.28563266
1420	0.316248	0.349149671	0.283346329
1421	0.3138832	0.346399245	0.281367155
1422	0.3116412	0.34377804	0.27950436
1423	0.309407667	0.341342121	0.277473212
1424	0.3071932	0.33903165	0.27535475
1425	0.305206267	0.336933061	0.273479472
1426	0.303474733	0.335075331	0.271874136
1427	0.3018146	0.333242229	0.270386971
1428	0.300121067	0.331298644	0.26894349
1429	0.298566067	0.329532742	0.267599391
1430	0.2972024	0.328050615	0.266354185
1431	0.295831067	0.326565475	0.265096658
1432	0.2943552	0.324936083	0.263774317
1433	0.292974333	0.323420474	0.262528192
1434	0.291697667	0.322031412	0.261363921
1435	0.290415267	0.320620032	0.260210501
1436	0.289254733	0.319357752	0.259151715
1437	0.2882318	0.318251484	0.258212116
1438	0.287521667	0.317428029	0.257615304
1439	0.2868214	0.316629327	0.257013473
1440	0.2860568	0.31582072	0.25629288
1441	0.285319467	0.315027635	0.255611298
1442	0.284644533	0.314290001	0.254999066
1443	0.2840544	0.313659631	0.254449169
1444	0.283570933	0.313137898	0.254003968
1445	0.283129467	0.312645142	0.253613791
1446	0.2828154	0.312212188	0.253418612
1447	0.2825096	0.311790818	0.253228382
1448	0.282202867	0.311436382	0.252969351
1449	0.281948867	0.311161896	0.252735837
1450	0.281831	0.311075898	0.252586102
1451	0.2817466	0.311014738	0.252478462
1452	0.281617	0.310791971	0.252442029
1453	0.281475	0.310548291	0.252401709
1454	0.281304933	0.310314448	0.252295418
1455	0.281137733	0.310101141	0.252174325
1456	0.281088933	0.310032047	0.252145819
1457	0.2810672	0.309994306	0.252140094
1458	0.281076533	0.310002742	0.252150325
1459	0.281102533	0.310029925	0.252175141
1460	0.281086133	0.309984352	0.252187915
1461	0.281054667	0.30990596	0.252203373
1462	0.281042467	0.30990354	0.252181393
1463	0.2810258	0.309931808	0.252119792
1464	0.280999267	0.309901634	0.2520969
1465	0.280985333	0.30986461	0.252106056
1466	0.281144067	0.310018608	0.252269525
1467	0.281347933	0.310212954	0.252482912
1468	0.281386733	0.310266887	0.25250658
1469	0.2813516	0.310257749	0.252445451
1470	0.281447267	0.310354842	0.252539692
1471	0.2816344	0.310533065	0.252735735
1472	0.281782733	0.310651731	0.252913736
1473	0.281898267	0.310710915	0.253085619
1474	0.2820384	0.310798696	0.253278104
1475	0.282230333	0.310966838	0.253493829
1476	0.2824958	0.311215219	0.253776381
1477	0.282851867	0.311555878	0.254147856
1478	0.283125267	0.311821191	0.254429343
1479	0.283266533	0.311954772	0.254578295
1480	0.283450333	0.312141966	0.2547587
1481	0.283677733	0.312381277	0.25497419
1482	0.283918267	0.312614471	0.255222062
1483	0.2842434	0.312931064	0.255555736
1484	0.2846104	0.313299736	0.255921064
1485	0.285005	0.31367769	0.25633231
1486	0.2853634	0.314010184	0.256716616
1487	0.2857052	0.314320735	0.257089665
1488	0.286024333	0.31461189	0.257436776
1489	0.2863562	0.314912502	0.257799898
1490	0.286718533	0.315253098	0.258183969
1491	0.287131067	0.315680994	0.25858114
1492	0.2875048	0.316064709	0.258944891
1493	0.287885667	0.316443552	0.259327781
1494	0.288261533	0.316817859	0.259705208
1495	0.288675733	0.317218763	0.260132704
1496	0.289078067	0.317610813	0.260545321
1497	0.289465867	0.318009732	0.260922001
1498	0.2898558	0.318409644	0.261301956
1499	0.290347333	0.318900505	0.261794162
1500	0.2908444	0.319401939	0.262286861
1501	0.291422867	0.319999591	0.262846142
1502	0.291988267	0.32058527	0.263391264
1503	0.292517133	0.321143205	0.263891062
1504	0.293043	0.321693632	0.264392368
1505	0.2936082	0.32226275	0.26495365
1506	0.294163933	0.322825798	0.265502068
1507	0.2947204	0.323417473	0.266023327
1508	0.2952762	0.324007559	0.266544841
1509	0.295861733	0.324598878	0.267124589
1510	0.296430333	0.32517004	0.267690627
1511	0.297010333	0.325761511	0.268259156
1512	0.297590533	0.326356757	0.26882431
1513	0.298219533	0.327016022	0.269423045
1514	0.2988372	0.327663163	0.270011237
1515	0.299372067	0.328228377	0.270515756
1516	0.2998938	0.328782165	0.271005435
1517	0.300479333	0.329393238	0.271565429
1518	0.3010756	0.330011795	0.272139405
1519	0.301633667	0.33059225	0.272675083
1520	0.3021758	0.331159049	0.273192551
1521	0.302729867	0.331760911	0.273698823
1522	0.3032822	0.332361759	0.274202641
1523	0.3038132	0.332908394	0.274718006
1524	0.304335	0.333439439	0.275230561
1525	0.3047512	0.333862582	0.275639818
1526	0.3051534	0.334276582	0.276030218
1527	0.3056402	0.334783568	0.276496832
1528	0.306136067	0.335298944	0.27697319
1529	0.306590867	0.335773735	0.277407998
1530	0.3070426	0.336242099	0.277843101
1531	0.3074766	0.336684799	0.278268401
1532	0.307898067	0.337115354	0.278680779
1533	0.308196267	0.337429583	0.27896295
1534	0.3084646	0.337718241	0.279210959
1535	0.308742133	0.338011792	0.279472474
1536	0.309034267	0.338317619	0.279750914
1537	0.309361733	0.33865139	0.280072077
1538	0.309686867	0.338979489	0.280394245
1539	0.309978533	0.339269426	0.280687641
1540	0.310261067	0.339551682	0.280970452
1541	0.310529067	0.339825128	0.281233005
1542	0.310798	0.34009871	0.28149729
1543	0.3109894	0.340294402	0.281684398
1544	0.311146333	0.340455583	0.281837084
1545	0.311408867	0.340726082	0.282091651
1546	0.311723067	0.341049855	0.282396279
1547	0.311993733	0.341335396	0.28265207
1548	0.312239867	0.341599229	0.282880504
1549	0.3124546	0.34181209	0.28309711
1550	0.312656267	0.342002979	0.283309554
1551	0.312849933	0.342190934	0.283508933
1552	0.3130438	0.342381569	0.283706031
1553	0.313281733	0.342616459	0.283947007
1554	0.313538733	0.342869125	0.284208342
1555	0.313797067	0.343133621	0.284460512
1556	0.314062667	0.343411445	0.284713888
1557	0.3142994	0.343647026	0.284951774
1558	0.314516133	0.343856022	0.285176245
1559	0.3147184	0.34406677	0.28537003
1560	0.3149176	0.344281284	0.285553916
1561	0.3151386	0.344508464	0.285768736
1562	0.315358667	0.344729792	0.285987542
1563	0.3155412	0.344904338	0.286178062
1564	0.315714	0.345065795	0.286362205
1565	0.315949067	0.345291765	0.286606369
1566	0.316226067	0.345560392	0.286891741
1567	0.316448933	0.34579048	0.287107387
1568	0.3166294	0.345984635	0.287274165
1569	0.3167894	0.346146572	0.287432228
1570	0.316951333	0.346306404	0.287596262
1571	0.317117467	0.346472104	0.287762829
1572	0.317273133	0.346627843	0.287918423
1573	0.317461933	0.34680426	0.288119607
1574	0.317679533	0.346999745	0.288359322
1575	0.317925667	0.34725228	0.288599053
1576	0.318194	0.34754764	0.28884036
1577	0.318483667	0.347836351	0.289130982
1578	0.318785	0.348120043	0.289449957
1579	0.319003	0.348319718	0.289686282
1580	0.319170933	0.348466482	0.289875385
1581	0.319474467	0.348771055	0.290177878
1582	0.3198654	0.349182513	0.290548287
1583	0.320230667	0.349548845	0.290912488
1584	0.320571533	0.34987389	0.291269176
1585	0.320919467	0.35023054	0.291608394
1586	0.321280733	0.350617675	0.291943791
1587	0.3216648	0.351007558	0.292322042
1588	0.32206	0.351395656	0.292724344
1589	0.322515667	0.351857183	0.29317415
1590	0.3230172	0.352372697	0.293661703
1591	0.323495667	0.352866048	0.294125285
1592	0.323955	0.353339064	0.294570936
1593	0.3244424	0.353842268	0.295042532
1594	0.324953933	0.354374461	0.295533406
1595	0.325511867	0.354967681	0.296056052
1596	0.3261024	0.35560258	0.29660222
1597	0.326719533	0.356240965	0.297198102
1598	0.327357933	0.356887262	0.297828604
1599	0.327928733	0.357492537	0.29836493
1600	0.3284546	0.35806666	0.29884254
1601	0.329072267	0.358701876	0.299442657
1602	0.329752533	0.359383154	0.300121913
1603	0.330371733	0.360018154	0.300725312
1604	0.3309556	0.360624367	0.301286833
1605	0.3315934	0.361295104	0.301891696
1606	0.332266067	0.362008848	0.302523286
1607	0.332932067	0.362707017	0.303157116
1608	0.3335936	0.363394893	0.303792307
1609	0.334225133	0.364039499	0.304410768
1610	0.3348374	0.364657154	0.305017646
1611	0.335532933	0.365385388	0.305680478
1612	0.3362732	0.366174414	0.306371986
1613	0.336888733	0.366816805	0.306960662
1614	0.337437533	0.367381168	0.307493899
1615	0.338030467	0.367986996	0.308073937
1616	0.338646667	0.368614237	0.308679096
1617	0.339193467	0.369183663	0.30920327
1618	0.339705	0.369723921	0.309686079
1619	0.340238333	0.370273593	0.310203074
1620	0.340781267	0.370826293	0.31073624
1621	0.341322267	0.371369422	0.311275111
1622	0.341862067	0.37190833	0.311815804
1623	0.3423712	0.372444041	0.312298359
1624	0.342867667	0.372978183	0.31275715
1625	0.343402933	0.373535743	0.313270124
1626	0.3439534	0.374102501	0.313804299
1627	0.344399533	0.374574386	0.314224681
1628	0.3448082	0.375012498	0.314603902
1629	0.3452272	0.375447783	0.315006617
1630	0.345651467	0.375883899	0.315419034
1631	0.345959467	0.376190895	0.315728039
1632	0.346232467	0.376458828	0.316006106
1633	0.346572667	0.37681196	0.316333373
1634	0.3469356	0.377193084	0.316678116
1635	0.347265133	0.377544332	0.316985935
1636	0.3475882	0.377890704	0.317285696
1637	0.348015733	0.378316794	0.317714672
1638	0.348473933	0.37876727	0.318180597
1639	0.3487468	0.379055649	0.318437951
1640	0.348980667	0.379310335	0.318650999
1641	0.349221933	0.379563973	0.318879894
1642	0.349464933	0.379819315	0.319110551
1643	0.349588733	0.379932652	0.319244815
1644	0.349692867	0.380021837	0.319363897
1645	0.349882067	0.380206706	0.319557428
1646	0.350085	0.380406958	0.319763042
1647	0.350159867	0.380449781	0.319869952
1648	0.350218933	0.38047428	0.319963587
1649	0.350207867	0.380467794	0.31994794
1650	0.350188867	0.380457434	0.319920299
1651	0.350189533	0.380443708	0.319935359
1652	0.350194333	0.380432825	0.319955842
1653	0.350170267	0.380382776	0.319957757
1654	0.3501424	0.380328248	0.319956552
1655	0.3500686	0.380221252	0.319915948
1656	0.349985933	0.380106643	0.319865224
1657	0.3498192	0.379913643	0.319724757
1658	0.349654	0.379721465	0.319586535
1659	0.349530133	0.379594613	0.319465654
1660	0.3494008	0.37946248	0.31933912
1661	0.349131933	0.379172587	0.31909128
1662	0.348869867	0.378888088	0.318851645
1663	0.348646267	0.378620268	0.318672265
1664	0.348426133	0.378357883	0.318494383
1665	0.348307867	0.37820799	0.318407743
1666	0.348168	0.378036072	0.318299928
1667	0.347879933	0.377730317	0.31802955
1668	0.3475888	0.377423067	0.317754533
1669	0.347279467	0.377101702	0.317457232
1670	0.3469668	0.376767283	0.317166317
1671	0.346611933	0.376343504	0.316880362
1672	0.346238733	0.375894924	0.316582543
1673	0.345852267	0.375409098	0.316295435
1674	0.3454862	0.374966468	0.316005932
1675	0.345157	0.374627343	0.315686657
1676	0.344763333	0.37420391	0.315322756
1677	0.344192	0.373554431	0.314829569
1678	0.343637667	0.372940926	0.314334407
1679	0.3431386	0.372432759	0.313844441
1680	0.342658133	0.371934977	0.31338129
1681	0.3422232	0.371455669	0.312990731
1682	0.3417016	0.370875174	0.312528026
1683	0.341005333	0.370095303	0.311915363
1684	0.3403548	0.369369027	0.311340573
1685	0.339801867	0.368755242	0.310848492
1686	0.339205467	0.368088327	0.310322606
1687	0.338524	0.367318122	0.309729878
1688	0.337853267	0.366575101	0.309131432
1689	0.3372282	0.365902799	0.308553601
1690	0.336625067	0.36525543	0.307994703
1691	0.336023533	0.364617982	0.307429085
1692	0.335410933	0.363967025	0.306854841
1693	0.3347902	0.363298729	0.306281671
1694	0.334132933	0.362576385	0.305689482
1695	0.333438533	0.361802693	0.305074374
1696	0.332853333	0.361170451	0.304536216
1697	0.332361733	0.360655907	0.304067559
1698	0.3318028	0.360060686	0.303544914
1699	0.331188	0.359404042	0.302971958
1700	0.330593533	0.358807769	0.302379297
1701	0.330012	0.358241571	0.301782429
1702	0.329582667	0.357761976	0.301403357
1703	0.329218267	0.357320442	0.301116092
1704	0.3286634	0.356726347	0.300600453
1705	0.3280314	0.356066517	0.299996283
1706	0.327579	0.355605019	0.299552981
1707	0.3271708	0.355192153	0.299149447
1708	0.326686133	0.354668431	0.298703835
1709	0.3262044	0.354143949	0.298264851
1710	0.325658	0.353571003	0.297744997
1711	0.3250832	0.3529683	0.2971981
1712	0.324400067	0.352236743	0.296563391
1713	0.323688933	0.351476843	0.295901024
1714	0.323118333	0.350859564	0.295377102
1715	0.322559467	0.350251933	0.294867001
1716	0.3219284	0.349523128	0.294333672
1717	0.321293267	0.348796961	0.293789573
1718	0.320792333	0.348290783	0.293293884
1719	0.320291667	0.347783121	0.292800212
1720	0.3197476	0.347196498	0.292298702
1721	0.319181667	0.346584782	0.291778552
1722	0.318577733	0.345945022	0.291210445
1723	0.318019733	0.345354071	0.290685395
1724	0.317733067	0.345030204	0.29043593
1725	0.317425067	0.344685639	0.290164494
1726	0.317062267	0.344293202	0.289831331
1727	0.316749733	0.343952236	0.289547231
1728	0.316672867	0.343863169	0.289482564
1729	0.3166488	0.343832494	0.289465106
1730	0.316690467	0.343860255	0.289520678
1731	0.3167872	0.343947756	0.289626644
1732	0.317007867	0.344168858	0.289846876
1733	0.3172794	0.344446116	0.290112684
1734	0.3176918	0.344904041	0.290479559
1735	0.318108467	0.34537383	0.290843103
1736	0.3184974	0.345803787	0.291191013
1737	0.318818533	0.346149857	0.29148721
1738	0.319060733	0.346394973	0.291726494
1739	0.319413067	0.346783651	0.292042482
1740	0.3198722	0.34731864	0.29242576
1741	0.320245133	0.347742085	0.292748182
1742	0.320542533	0.348061753	0.293023313
1743	0.320760067	0.348305551	0.293214582
1744	0.320946	0.348530128	0.293361872
1745	0.321030867	0.348641643	0.29342009
1746	0.3210482	0.348680987	0.293415413
1747	0.3211566	0.348815737	0.293497463
1748	0.321308067	0.348993718	0.293622415
1749	0.321353467	0.349054328	0.293652605
1750	0.3213766	0.349092652	0.293660548
1751	0.321398467	0.349150333	0.2936466
1752	0.321415	0.34920053	0.29362947
1753	0.321444267	0.349247422	0.293641111
1754	0.321466133	0.349285241	0.293647026
1755	0.321430533	0.349237187	0.29362388
1756	0.321404067	0.349200118	0.293608015
1757	0.321399867	0.34918017	0.293619564
1758	0.321392667	0.349153768	0.293631565
1759	0.321282533	0.349081041	0.293484026
1760	0.321160867	0.348997661	0.293324072
1761	0.321137333	0.349037663	0.293237003
1762	0.321111533	0.349078291	0.293144776
1763	0.321205067	0.349172541	0.293237593
1764	0.321331067	0.349308382	0.293353751
1765	0.321382867	0.349391139	0.293374594
1766	0.321407933	0.349426782	0.293389084
1767	0.3214402	0.349469005	0.293411395
1768	0.321611067	0.349684184	0.293537949
1769	0.322075067	0.350227033	0.2939231
1770	0.3224436	0.350654472	0.294232728
1771	0.3226484	0.350913765	0.294383035
1772	0.322976133	0.351280514	0.294671752
1773	0.323393667	0.351682125	0.295105208
1774	0.323641133	0.351939569	0.295342697
1775	0.323784467	0.352121528	0.295447405
1776	0.3240434	0.352442794	0.295644006
1777	0.3244134	0.352918034	0.295908766
1778	0.324562733	0.353102558	0.296022909
1779	0.3245768	0.353092132	0.296061468
1780	0.324642933	0.353169156	0.29611671
1781	0.324666	0.353222126	0.296109874
1782	0.324754	0.353332064	0.296175936
1783	0.324950933	0.353566537	0.29633533
1784	0.325254	0.353857555	0.296650445
1785	0.325543667	0.35411129	0.296976044
1786	0.325708733	0.35431221	0.297105256
1787	0.325831	0.354484121	0.297177879
1788	0.325829	0.354487986	0.297170014
1789	0.3259004	0.354563289	0.297237511
1790	0.3263324	0.355004077	0.297660723
1791	0.326727867	0.355397167	0.298058567
1792	0.3268738	0.355508972	0.298238628
1793	0.327079533	0.355725072	0.298433995
1794	0.327318067	0.356167071	0.298469062
1795	0.3274946	0.356512623	0.298476577
1796	0.327720533	0.35676184	0.298679226
1797	0.327880867	0.356959162	0.298802571
1798	0.327775267	0.356905281	0.298645253
1799	0.327861867	0.357032607	0.298691127
1800	0.327938533	0.357081269	0.298795797
1801	0.329970667	0.363593711	0.296347622
1802	0.331121667	0.364810028	0.297433306
1803	0.3358746	0.369679166	0.302070034
1804	0.3374636	0.371685069	0.303242131
1805	0.3339502	0.368488088	0.299412312
1806	0.331748933	0.367439566	0.296058301
1807	0.3320034	0.367474015	0.296532785
1808	0.330713467	0.365109772	0.296317161
1809	0.327760733	0.362101005	0.293420462
1810	0.324440533	0.358059276	0.29082179
1811	0.3228898	0.357533449	0.288246151
1812	0.321588867	0.35695534	0.286222394
1813	0.321100533	0.355864418	0.286336649
1814	0.3243788	0.357562643	0.291194957
1815	0.330040533	0.364365424	0.295715643
1816	0.339392	0.372047799	0.306736201
1817	0.3510044	0.382879259	0.319129541
1818	0.349519667	0.381059545	0.317979788
1819	0.3535234	0.385792043	0.321254757
1820	0.363356467	0.401500822	0.325212112
1821	0.370730267	0.416475572	0.324984962
1822	0.372163933	0.421243711	0.323084156
1823	0.3645126	0.410451261	0.318573939
1824	0.344242667	0.38753749	0.300947843
1825	0.338789067	0.385220991	0.292357142
1826	0.351718067	0.402048752	0.301387381
1827	0.335489	0.393195889	0.277782111
1828	0.306847	0.375496213	0.238197787
1829	0.291118933	0.369545684	0.212692183
1830	0.2935524	0.380522642	0.206582158
1831	0.326244733	0.42122643	0.231263037
1832	0.451892667	0.577504837	0.326280496
1833	0.778454533	1.06443114	0.492477927
1834	0.705084667	1.064496076	0.345673257
1835	0.5048258	0.841109063	0.168542537
1836	0.4484152	0.756043927	0.140786473
1837	0.4354198	0.729172252	0.141667348
1838	0.433351133	0.687848386	0.178853881
1839	0.4359566	0.652866937	0.219046263
1840	0.463433333	0.680570997	0.24629567
1841	0.5198858	0.781277953	0.258493647
1842	0.534345467	0.853827176	0.214863758
1843	0.682438533	1.139217225	0.225659842
1844	1.016029933	1.720500432	0.311559435
1845	0.763483467	1.191922801	0.335044132
1846	0.584465667	0.901845271	0.267086062
1847	0.657429667	1.011447215	0.303412118
1848	0.839396467	1.272802463	0.40599047
1849	0.744519	1.161190153	0.327847847
1850	0.510666867	0.897879027	0.123454706
1851	0.402376733	0.765245096	0.039508371
1852	0.3407938	0.627834828	0.053752772
1853	0.3018842	0.535300856	0.068467544
1854	0.366795667	0.666905316	0.066686017
1855	0.435022933	0.80729067	0.062755197
1856	0.355842267	0.657955393	0.053729141
1857	0.291251667	0.535848731	0.046654603
1858	0.300667267	0.509843069	0.091491464
1859	0.352829	0.574312435	0.131345565
1860	0.482935067	0.730174808	0.235695325
1861	0.998099667	1.395300743	0.600898591
1862	1.8196224	2.504765689	1.134479111
1863	1.747861467	2.392648752	1.103074181
1864	2.290617333	3.302422883	1.278811784
1865	1.3515304	2.064399136	0.638661664
1866	0.707735667	1.203208282	0.212263051
1867	0.549319467	0.939168162	0.159470772
1868	0.5482934	0.938824087	0.157762713
1869	0.466467267	0.802227994	0.130706539
1870	0.520356067	0.828516991	0.212195143
1871	0.5877338	0.82423532	0.35123228
1872	0.416459067	0.592048858	0.240869276
1873	0.3827	0.603068753	0.162331247
1874	0.357652467	0.56539224	0.149912693
1875	0.3308634	0.508139721	0.153587079
1876	0.364982733	0.493120752	0.236844715
1877	0.428736933	0.557959408	0.299514458
1878	0.4194448	0.544223989	0.294665611
1879	0.431218533	0.558893405	0.303543662
1880	0.4194572	0.540169769	0.298744631
1881	0.417308267	0.519385445	0.315231088
1882	0.399688	0.502594322	0.296781678
1883	0.372470533	0.464254623	0.280686444
1884	0.355931733	0.44922209	0.262641376
1885	0.3285878	0.408926999	0.248248601
1886	0.293752533	0.363223252	0.224281814
1887	0.296791933	0.367205479	0.226378387
1888	0.3040062	0.369949509	0.238062891
1889	0.310410467	0.368086081	0.252734852
1890	0.334193467	0.389817719	0.278569215
1891	0.3567144	0.418244808	0.295183992
1892	0.3696096	0.436898715	0.302320485
1893	0.372348667	0.451205804	0.293491529
1894	0.3168968	0.383789975	0.250003625
1895	0.264480133	0.326095968	0.202864298
1896	0.262560733	0.324545274	0.200576193
1897	0.274340333	0.349798208	0.198882459
1898	0.277276	0.363244798	0.191307202
1899	0.2721372	0.369704544	0.174569856
1900	0.268170333	0.382402483	0.153938184
1901	0.339580733	0.470698901	0.208462566
1902	0.520214933	0.727800547	0.312629319
1903	0.503876733	0.730121442	0.277632025
1904	0.399681533	0.634424622	0.164938444
1905	0.299807067	0.466101858	0.133512276
1906	0.267615067	0.410405443	0.12482469
1907	0.292453133	0.433512131	0.151394136
1908	0.336917133	0.491223565	0.182610702
1909	0.3579818	0.525663273	0.190300327
1910	0.309376933	0.452109341	0.166644525
1911	0.272230533	0.396822952	0.147638115
1912	0.2621468	0.368185908	0.156107692
1913	0.2561978	0.357216245	0.155179355
1914	0.249785333	0.323292962	0.176277704
1915	0.244031667	0.301557578	0.186505756
1916	0.245185933	0.296013375	0.194358492
1917	0.2519008	0.304547387	0.199254213
1918	0.260267933	0.315778593	0.204757274
1919	0.263577	0.317021724	0.210132276
1920	0.2637808	0.31747697	0.21008463
1921	0.2646618	0.312420086	0.216903514
1922	0.264078267	0.308522837	0.219633697
1923	0.24713	0.285178519	0.209081481
1924	0.232758333	0.269180737	0.196335929
1925	0.230927467	0.26336172	0.198493213
1926	0.2313688	0.261784532	0.200953068
1927	0.2321082	0.26112058	0.20309582
1928	0.2329964	0.260973423	0.205019377
1929	0.234814867	0.263445192	0.206184542
1930	0.2395188	0.270563607	0.208473993
1931	0.242930533	0.276794897	0.209066169
1932	0.236377667	0.266973805	0.205781528
1933	0.23097	0.259469631	0.202470369
1934	0.234116933	0.26136737	0.206866496
1935	0.2379682	0.26519522	0.21074118
1936	0.238364467	0.265281598	0.211447335
1937	0.2371602	0.263787875	0.210532525
1938	0.2368364	0.263575597	0.210097203
1939	0.237403533	0.264614451	0.210192616
1940	0.236203933	0.263857275	0.208550592
1941	0.2309906	0.258668769	0.203312431
1942	0.226893533	0.255029836	0.198757231
1943	0.227041067	0.256170884	0.19791125
1944	0.227190533	0.257454563	0.196926503
1945	0.231318533	0.262005496	0.20063157
1946	0.2360942	0.266952038	0.205236362
1947	0.237937933	0.268343427	0.20753244
1948	0.2379394	0.267767482	0.208111318
1949	0.237169533	0.266702142	0.207636925
1950	0.235520867	0.265067133	0.2059746
1951	0.2345204	0.264163241	0.204877559
1952	0.2357914	0.265116092	0.206466708
1953	0.237016133	0.266267587	0.207764679
1954	0.2382824	0.267882101	0.208682699
1955	0.239495333	0.269648399	0.209342267
1956	0.2397096	0.270325702	0.209093498
1957	0.239625933	0.270667841	0.208584026
1958	0.2401802	0.271455197	0.208905203
1959	0.2411386	0.272527249	0.209749951
1960	0.242476533	0.273753118	0.211199948
1961	0.244536	0.275318768	0.213753232
1962	0.2460736	0.276526851	0.215620349
1963	0.245950267	0.276435939	0.215464594
1964	0.245843867	0.276382739	0.215304994
1965	0.246435933	0.276677713	0.216194154
1966	0.2469686	0.276965581	0.216971619
1967	0.247376	0.277338159	0.217413841
1968	0.2477064	0.277719832	0.217692968
1969	0.248065667	0.278086386	0.218044948
1970	0.248507333	0.278500375	0.218514292
1971	0.249462067	0.279475394	0.21944874
1972	0.251450667	0.281562026	0.221339307
1973	0.253199733	0.283401835	0.222997632
1974	0.253727333	0.283874674	0.223579993
1975	0.254217133	0.284321397	0.22411287
1976	0.254910667	0.284963936	0.224857398
1977	0.255626	0.285639312	0.225612688
1978	0.2559228	0.285808139	0.226037461
1979	0.256066533	0.285799504	0.226333562
1980	0.256532667	0.286267269	0.226798064
1981	0.257183867	0.287050878	0.227316856
1982	0.257745467	0.287711614	0.22777932
1983	0.258424733	0.288517287	0.228332179
1984	0.259137867	0.289334551	0.228941182
1985	0.259217867	0.289045904	0.229389829
1986	0.2592964	0.288767977	0.229824823
1987	0.260086067	0.289481996	0.230690137
1988	0.261027667	0.290390636	0.231664697
1989	0.261566467	0.290938782	0.232194151
1990	0.262035667	0.29143059	0.232640743
1991	0.2626878	0.291974024	0.233401576
1992	0.263428867	0.292512789	0.234344944
1993	0.263948067	0.292910135	0.234985998
1994	0.263786867	0.292743885	0.234829848
1995	0.263550067	0.292515107	0.234585027
1996	0.263670133	0.292831456	0.234508811
1997	0.2638084	0.293187197	0.234429603
1998	0.264137067	0.293655088	0.234619046
1999	0.264552533	0.294307968	0.234797099
2000	0.265394733	0.295144193	0.235645274
2001	0.266287933	0.295795135	0.236780732
2002	0.265966133	0.295285064	0.236647203
2003	0.264320667	0.293510057	0.235131277
2004	0.262893067	0.291953706	0.233832428
2005	0.262218067	0.291196389	0.233239745
2006	0.261759067	0.290752536	0.232765597
2007	0.262301333	0.291416814	0.233185853
2008	0.262641067	0.291895765	0.233386368
2009	0.261204333	0.289601546	0.23280712
2010	0.259757133	0.287250665	0.232263601
2011	0.259029867	0.285943064	0.232116669
2012	0.258569067	0.285168018	0.231970115
2013	0.258200933	0.284825688	0.231576179
2014	0.2578176	0.284635728	0.230999472
2015	0.257264733	0.284048401	0.230481066
2016	0.256011267	0.282407969	0.229614565
2017	0.254605267	0.280730304	0.228480229
2018	0.253566267	0.279811999	0.227320535
2019	0.2525898	0.278970225	0.226209375
2020	0.2513018	0.277619104	0.224984496
2021	0.250147133	0.276392459	0.223901807
2022	0.249108267	0.275284542	0.222931991
2023	0.248162733	0.274371191	0.221954276
2024	0.247234067	0.273360724	0.22110741
2025	0.246240067	0.27220362	0.220276513
2026	0.244809933	0.270555972	0.219063895
2027	0.2431798	0.268611941	0.217747659
2028	0.241646667	0.266847458	0.216445875
2029	0.2401266	0.265263512	0.214989688
2030	0.238860133	0.263948756	0.213771511
2031	0.238267067	0.263226464	0.21330767
2032	0.237640067	0.262481823	0.212798311
2033	0.236594333	0.261395137	0.21179353
2034	0.235537067	0.260322585	0.210751549
2035	0.234284733	0.25877587	0.209793596
2036	0.233069467	0.257212838	0.208926096
2037	0.2317072	0.25568198	0.20773242
2038	0.230188467	0.25409729	0.206279643
2039	0.228887533	0.252642086	0.205132981
2040	0.2277614	0.251215819	0.204306981
2041	0.226547933	0.249793655	0.203302211
2042	0.2252146	0.248409285	0.202019915
2043	0.223759533	0.246853773	0.200665294
2044	0.222550733	0.245525667	0.199575799
2045	0.221379533	0.244238881	0.198520185
2046	0.220034667	0.242761326	0.197308007
2047	0.218512867	0.241118476	0.195907257
2048	0.2171066	0.239612814	0.194600386
2049	0.215624333	0.237975224	0.193273443
2050	0.214388267	0.236554077	0.192222457
2051	0.213379467	0.235320271	0.191438663
2052	0.212186133	0.233988798	0.190383469
2053	0.210776867	0.232602995	0.188950738
2054	0.2094098	0.231179517	0.187640083
2055	0.208019133	0.229564914	0.186473352
2056	0.2065632	0.227916605	0.185209795
2057	0.2053598	0.226622409	0.184097191
2058	0.204295533	0.225510816	0.18308025
2059	0.203867533	0.225146002	0.182589065
2060	0.2035006	0.224828379	0.182172821
2061	0.202531867	0.223736252	0.181327481
2062	0.201224667	0.222337702	0.180111631
2063	0.200000533	0.221139409	0.178861658
2064	0.199000333	0.220156031	0.177844636
2065	0.1982548	0.219269516	0.177240084
2066	0.1981462	0.219030252	0.177262148
2067	0.198035133	0.21891201	0.177158257
2068	0.197620267	0.218436003	0.17680453
2069	0.197145133	0.217843716	0.17644655
2070	0.196072	0.216459787	0.175684213
2071	0.194958667	0.215088729	0.174828605
2072	0.1939096	0.214126764	0.173692436
2073	0.192905933	0.213279859	0.172532008
2074	0.192431533	0.212767896	0.172095171
2075	0.192181467	0.212449419	0.171913515
2076	0.191705267	0.211883498	0.171527036
2077	0.191084733	0.211115356	0.17105411
2078	0.1905984	0.210557653	0.170639147
2079	0.1904492	0.210511059	0.170387341
2080	0.1902896	0.21039421	0.17018499
2081	0.1898778	0.209883266	0.169872334
2082	0.189483733	0.209443162	0.169524305
2083	0.188991733	0.208926921	0.169056546
2084	0.188551	0.208453619	0.168648381
2085	0.1884356	0.208234302	0.168636898
2086	0.188348467	0.208025134	0.168671799
2087	0.188129067	0.207759872	0.168498261
2088	0.1879544	0.207645918	0.168262882
2089	0.1877502	0.207410277	0.168090123
2090	0.187510467	0.207006044	0.168014889
2091	0.187089333	0.20644999	0.167728677
2092	0.186647733	0.205982244	0.167313223
2093	0.1864792	0.20588595	0.16707245
2094	0.186633467	0.206124117	0.167142816
2095	0.186768467	0.206337508	0.167199425
2096	0.1867522	0.206368476	0.167135924
2097	0.186651667	0.206288142	0.167015191
2098	0.1863456	0.205980572	0.166710628
2099	0.186069467	0.205714853	0.16642408
2100	0.1860324	0.205668055	0.166396745
2101	0.186003533	0.205641139	0.166365928
2102	0.185840867	0.205452144	0.166229589
2103	0.185715733	0.205347939	0.166083528
2104	0.1857476	0.205478979	0.166016221
2105	0.1858204	0.205560482	0.166080318
2106	0.185812	0.205521961	0.166102039
2107	0.185820333	0.205511338	0.166129328
2108	0.185861	0.205539567	0.166182433
2109	0.1856058	0.205185778	0.166025822
2110	0.1854636	0.204970337	0.165956863
2111	0.1858094	0.205337058	0.166281742
2112	0.1861802	0.205691379	0.166669021
2113	0.1865408	0.205955619	0.167125981
2114	0.1869056	0.206284405	0.167526795
2115	0.186973533	0.206481595	0.167465472
2116	0.186999333	0.206612252	0.167386415
2117	0.187512933	0.207233842	0.167792025
2118	0.188121533	0.207937079	0.168305988
2119	0.188587333	0.208464719	0.168709948
2120	0.1888906	0.208831446	0.168949754
2121	0.189244733	0.209187607	0.16930186
2122	0.189562733	0.20936427	0.169761196
2123	0.1896554	0.209278776	0.170032024
2124	0.1898178	0.209441212	0.170194388
2125	0.190169267	0.209869276	0.170469257
2126	0.190481933	0.210282196	0.17068167
2127	0.190715333	0.210594073	0.170836594
2128	0.191038267	0.210947094	0.171129439
2129	0.191404067	0.211322247	0.171485887
2130	0.191678533	0.211532382	0.171824685
2131	0.1919746	0.211814003	0.172135197
2132	0.1921394	0.212057245	0.172221555
2133	0.192322	0.212290328	0.172353672
2134	0.192797867	0.212841824	0.17275391
2135	0.1933762	0.213377045	0.173375355
2136	0.193930133	0.213873072	0.173987194
2137	0.194399867	0.214440492	0.174359241
2138	0.194806733	0.214892963	0.174720504
2139	0.1949978	0.215092437	0.174903163
2140	0.194972	0.215018892	0.174925108
2141	0.194760267	0.21449981	0.175020724
2142	0.194680867	0.214144556	0.175217177
2143	0.195124	0.214653727	0.175594273
2144	0.195716933	0.215425247	0.17600862
2145	0.1964436	0.216441414	0.176445786
2146	0.197101667	0.217366516	0.176836817
2147	0.1975574	0.217858782	0.177256018
2148	0.197874333	0.218118697	0.17762997
2149	0.198002733	0.218145718	0.177859748
2150	0.197963533	0.218110965	0.177816101
2151	0.198092267	0.218343052	0.177841481
2152	0.198585933	0.218897561	0.178274306
2153	0.199065467	0.219305094	0.17882584
2154	0.199486733	0.219616967	0.179356499
2155	0.199891333	0.219942121	0.179840546
2156	0.200157	0.220031223	0.180282777
2157	0.200314867	0.220053446	0.180576287
2158	0.200375933	0.220126159	0.180625708
2159	0.2005544	0.22031682	0.18079198
2160	0.201081933	0.220768874	0.181394993
2161	0.201604133	0.22121751	0.181990757
2162	0.201898067	0.221518765	0.182277368
2163	0.2022124	0.221911646	0.182513154
2164	0.202252267	0.221957613	0.18254692
2165	0.2020968	0.221729842	0.182463758
2166	0.202320133	0.221968078	0.182672188
2167	0.202766867	0.22239793	0.183135804
2168	0.203115933	0.222809637	0.183422229
2169	0.203321533	0.223254063	0.183389003
2170	0.203507733	0.223586034	0.183429433
2171	0.203641267	0.223688699	0.183593834
2172	0.2036938	0.22371686	0.18367074
2173	0.203897333	0.223920435	0.183874231
2174	0.20413	0.224130008	0.184129992
2175	0.204298533	0.22430877	0.184288296
2176	0.204484667	0.224550872	0.184418462
2177	0.204792667	0.224862796	0.184722537
2178	0.205144667	0.225178646	0.185110687
2179	0.205675867	0.225807639	0.185544094
2180	0.206124667	0.226399058	0.185850275
2181	0.206326133	0.226612874	0.186039392
2182	0.206686933	0.226943483	0.186430383
2183	0.207052467	0.227255124	0.18684981
2184	0.2072374	0.227394285	0.187080515
2185	0.2075748	0.227754139	0.187395461
2186	0.207892	0.228221811	0.187562189
2187	0.208057733	0.228431623	0.187683844
2188	0.208465533	0.228678463	0.188252604
2189	0.2088094	0.228971697	0.188647103
2190	0.208921867	0.229106466	0.188737267
2191	0.209073267	0.229225931	0.188920602
2192	0.209181133	0.22924546	0.189116807
2193	0.209230533	0.229226886	0.18923418
2194	0.209363	0.229363563	0.189362437
2195	0.2095822	0.229629075	0.189535325
2196	0.209781533	0.229968973	0.189594094
2197	0.2099094	0.2302653	0.1895535
2198	0.210113867	0.230388799	0.189838935
2199	0.210509467	0.230567879	0.190451055
2200	0.210886467	0.230886869	0.190886065
2201	0.211187533	0.231138134	0.191236933
2202	0.2117062	0.231682356	0.191730044
2203	0.212205133	0.232361149	0.192049117
2204	0.2124772	0.232684658	0.192269742
2205	0.212568133	0.232818974	0.192317292
2206	0.212701267	0.233027837	0.192374696
2207	0.212856133	0.23314351	0.192568757
2208	0.213007667	0.233302232	0.192713102
2209	0.213155267	0.233533739	0.192776794
2210	0.213232933	0.233685595	0.192780271
2211	0.2131664	0.233661103	0.192671697
2212	0.213147267	0.233671742	0.192622791
2213	0.2133406	0.233857076	0.192824124
2214	0.2135456	0.234055685	0.193035515
2215	0.21361	0.234062581	0.193157419
2216	0.2136502	0.234029756	0.193270644
2217	0.2137868	0.234182165	0.193391435
2218	0.213885133	0.234350075	0.193420192
2219	0.213925933	0.234491494	0.193360372
2220	0.214109733	0.234731216	0.193488251
2221	0.214078	0.234581836	0.193574164
2222	0.213692267	0.233977469	0.193407065
2223	0.2131366	0.233245583	0.193027617
2224	0.212604	0.232643631	0.192564369
2225	0.212425	0.232426309	0.192423691
2226	0.212282467	0.232214632	0.192350301
2227	0.211897	0.231822386	0.191971614
2228	0.2112162	0.231048728	0.191383672
2229	0.210390667	0.230069526	0.190711808
2230	0.2093388	0.228910781	0.189766819
2231	0.208369133	0.227890101	0.188848166
2232	0.2074424	0.227112145	0.187772655
2233	0.206424333	0.226272839	0.186575828
2234	0.2055862	0.225438754	0.185733646
2235	0.2049618	0.224790275	0.185133325
2236	0.204501133	0.224280271	0.184721996
2237	0.203963067	0.223594181	0.184331952
2238	0.202876733	0.222203531	0.183549936
2239	0.2015486	0.220616236	0.182480964
2240	0.200118667	0.21894139	0.181295943
2241	0.198805133	0.217408993	0.180201274
2242	0.197682067	0.216212615	0.179151518
2243	0.1966338	0.215130235	0.178137365
2244	0.195584	0.214048561	0.177119439
2245	0.194444133	0.212901654	0.175986612
2246	0.193272667	0.211712074	0.174833259
2247	0.192013867	0.210386148	0.173641585
2248	0.190683933	0.208972686	0.172395181
2249	0.1894506	0.207655421	0.171245779
2250	0.1883072	0.206472041	0.170142359
2251	0.187184867	0.205400348	0.168969385
2252	0.185909067	0.204166034	0.167652099
2253	0.1844308	0.202543621	0.166317979
2254	0.1830686	0.201014336	0.165122864
2255	0.1821998	0.200181562	0.164218038
2256	0.181439	0.199518714	0.163359286
2257	0.180791	0.198887027	0.162694973
2258	0.1801204	0.19823333	0.16200747
2259	0.179074067	0.196980674	0.161167459
2260	0.177915133	0.195505909	0.160324358
2261	0.176793067	0.194123734	0.1594624
2262	0.175685133	0.192900443	0.158469823
2263	0.174878667	0.192107883	0.157649451
2264	0.174217067	0.191428107	0.157006026
2265	0.1734628	0.190686848	0.156238752
2266	0.1725736	0.189819698	0.155327502
2267	0.171713667	0.188921334	0.154505999
2268	0.170879267	0.187898317	0.153860216
2269	0.1699808	0.18674435	0.15321725
2270	0.169291667	0.185852454	0.152730879
2271	0.1687444	0.185222212	0.152266588
2272	0.168453267	0.185040177	0.151866357
2273	0.168127067	0.184783991	0.151470142
2274	0.167495667	0.184146806	0.150844528
2275	0.166834267	0.183490731	0.150177802
2276	0.166151467	0.182797437	0.149505496
2277	0.165534	0.182201193	0.148866807
2278	0.1654002	0.182123718	0.148676682
2279	0.1653254	0.182078725	0.148572075
2280	0.165044467	0.181799029	0.148289904
2281	0.1648418	0.181636794	0.148046806
2282	0.164885467	0.181620389	0.148150544
2283	0.164804667	0.181417256	0.148192077
2284	0.164716	0.181440342	0.147991658
2285	0.164715933	0.181600628	0.147831238
2286	0.1644604	0.181305559	0.147615241
2287	0.1641414	0.180932387	0.147350413
2288	0.163751933	0.180552952	0.146950914
2289	0.163415	0.180225636	0.146604364
2290	0.1631328	0.179885813	0.146379787
2291	0.1628474	0.179544583	0.146150217
2292	0.162872733	0.179519677	0.14622579
2293	0.1628296	0.17941945	0.14623975
2294	0.162505267	0.179091917	0.145918616
2295	0.161932	0.178449984	0.145414016
2296	0.161345933	0.177763327	0.14492854
2297	0.161143867	0.177532207	0.144755527
2298	0.1609786	0.177327619	0.144629581
2299	0.160517933	0.176713987	0.14432188
2300	0.159932467	0.175991772	0.143873161
2301	0.159104267	0.175079276	0.143129257
2302	0.158258333	0.174176139	0.142340528
2303	0.157513733	0.173465947	0.14156152
2304	0.1568282	0.172844435	0.140811965
2305	0.156392267	0.172466887	0.140317646
2306	0.1560462	0.172197823	0.139894577
2307	0.1556932	0.171974522	0.139411878
2308	0.1553154	0.171686493	0.138944307
2309	0.154958133	0.171320718	0.138595549
2310	0.1545132	0.170922844	0.138103556
2311	0.154223267	0.170499564	0.137946969
2312	0.154068733	0.170088415	0.138049052
2313	0.1541608	0.170066135	0.138255465
2314	0.154342867	0.170414069	0.138271664
2315	0.154320733	0.17059605	0.138045417
2316	0.154339	0.170531167	0.138146833
2317	0.154548533	0.170673188	0.138423878
2318	0.154738333	0.170872501	0.138604166
2319	0.155016933	0.171106815	0.138927051
2320	0.1554492	0.171479862	0.139418538
2321	0.155446867	0.171396826	0.139496907
2322	0.154865467	0.17088795	0.138842984
2323	0.154726467	0.170858463	0.13859447
2324	0.155255267	0.171278049	0.139232484
2325	0.155638333	0.171628435	0.139648231
2326	0.1558692	0.172027042	0.139711358
2327	0.1559572	0.172233958	0.139680442
2328	0.1557384	0.172153724	0.139323076
2329	0.155592467	0.172053912	0.139131021
2330	0.155583067	0.171707121	0.139459012
2331	0.155547133	0.171382513	0.139711753
2332	0.155343933	0.171005706	0.139682161
2333	0.155137533	0.17065565	0.139619416
2334	0.155144733	0.17082113	0.139468336
2335	0.155202467	0.171143602	0.139261331
2336	0.155441067	0.17140279	0.139479344
2337	0.1557026	0.171555462	0.139849738
2338	0.155473467	0.171308452	0.139638481
2339	0.155171533	0.17112029	0.139222776
2340	0.1546666	0.170961893	0.138371307
2341	0.154443333	0.171194936	0.137691731
2342	0.154727333	0.17165011	0.137804557
2343	0.154524667	0.171449376	0.137599957
2344	0.154790333	0.171825124	0.137755543
2345	0.1554042	0.172536676	0.138271724
2346	0.1553998	0.172169395	0.138630205
2347	0.154845	0.171039235	0.138650765
2348	0.154279333	0.170534429	0.138024238
2349	0.154162067	0.171111453	0.13721268
2350	0.1543234	0.171579234	0.137067566
2351	0.154682333	0.171794678	0.137569989
2352	0.154772467	0.171750312	0.137794621
2353	0.1547326	0.171281616	0.138183584
2354	0.154874333	0.171107495	0.138641171
2355	0.155211133	0.171580752	0.138841515
2356	0.155750667	0.172159714	0.139341619
2357	0.1561854	0.172427737	0.139943063
2358	0.156677733	0.172862782	0.140492685
2359	0.156959133	0.173231879	0.140686388
2360	0.157206533	0.173609361	0.140803705
2361	0.1575388	0.174150063	0.140927537
2362	0.157712533	0.174491156	0.140933911
2363	0.157839333	0.174282302	0.141396365
2364	0.157963467	0.174068018	0.141858915
2365	0.1580474	0.174407259	0.141687541
2366	0.1582716	0.175023384	0.141519816
2367	0.158797267	0.175705041	0.141889492
2368	0.159232333	0.176361381	0.142103286
2369	0.159453533	0.176771436	0.142135631
2370	0.159734267	0.177145367	0.142323167
2371	0.1594612	0.176537351	0.142385049
2372	0.158942	0.175587718	0.142296282
2373	0.158852867	0.175152425	0.142553308
2374	0.1589254	0.174992995	0.142857805
2375	0.158594267	0.174684838	0.142503695
2376	0.1580642	0.174377633	0.141750767
2377	0.158290733	0.175225451	0.141356016
2378	0.158793467	0.176342595	0.141244338
2379	0.159421733	0.177233631	0.141609836
2380	0.159855067	0.17771891	0.141991223
2381	0.1599098	0.177477004	0.142342596
2382	0.160263267	0.177503109	0.143023425
2383	0.160625133	0.177778837	0.14347143
2384	0.160755867	0.178103512	0.143408222
2385	0.160745933	0.178288447	0.14320342
2386	0.1608858	0.178353148	0.143418452
2387	0.161051	0.178340467	0.143761533
2388	0.1607842	0.178023579	0.143544821
2389	0.160716533	0.178020123	0.143412943
2390	0.161274867	0.178673867	0.143875867
2391	0.161853067	0.179150073	0.14455606
2392	0.1618112	0.178962683	0.144659717
2393	0.1616558	0.178668112	0.144643488
2394	0.160972133	0.177858158	0.144086109
2395	0.160375667	0.177481974	0.14326936
2396	0.160859733	0.178314532	0.143404935
2397	0.1611828	0.178801138	0.143564462
2398	0.1610128	0.178306543	0.143719057
2399	0.160839533	0.17790649	0.143772577
2400	0.161035067	0.178366208	0.143703925
2401	0.161176333	0.178860427	0.143492239
2402	0.161468867	0.179441033	0.1434967
2403	0.161808667	0.179893942	0.143723391
2404	0.161274733	0.179286891	0.143262576
2405	0.1604852	0.178705192	0.142265208
2406	0.1597188	0.17789324	0.14154436
2407	0.159080867	0.177142266	0.141019467
2408	0.159459533	0.177473404	0.141445662
2409	0.160186933	0.178256411	0.142117456
2410	0.160191533	0.178339962	0.142043105
2411	0.159944867	0.178385439	0.141504295
2412	0.160055267	0.178761428	0.141349105
2413	0.159880333	0.178891533	0.140869134
2414	0.158284467	0.177266899	0.139302034
2415	0.156542933	0.175197067	0.137888799
2416	0.154649533	0.172765643	0.136533423
2417	0.152901067	0.171107015	0.134695118
2418	0.152629067	0.170930986	0.134327147
2419	0.152672533	0.170656039	0.134689027
2420	0.1533984	0.171009092	0.135787708
2421	0.154216467	0.171720529	0.136712404
2422	0.153819467	0.171017527	0.136621407
2423	0.152937867	0.169884565	0.135991168
2424	0.150872867	0.16765721	0.134088524
2425	0.148886867	0.165796386	0.131977347
2426	0.1496102	0.166102296	0.133118104
2427	0.1508426	0.16691911	0.13476609
2428	0.150128	0.166421562	0.133834438
2429	0.1489358	0.165330805	0.132540795
2430	0.148406133	0.164695171	0.132117096
2431	0.1480732	0.164660839	0.131485561
2432	0.147613733	0.164662952	0.130564515
2433	0.147103067	0.164683005	0.129523128
2434	0.146583133	0.164388416	0.128777851
2435	0.145696067	0.163485072	0.127907061
2436	0.1436762	0.161361021	0.125991379
2437	0.1409038	0.158246362	0.123561238
2438	0.139481933	0.156280708	0.122683159
2439	0.139759733	0.156264977	0.123254489
2440	0.1399114	0.156203687	0.123619113
2441	0.139332467	0.155808923	0.12285601
2442	0.138311133	0.15497647	0.121645797
2443	0.1374892	0.153962124	0.121016276
2444	0.137101867	0.153363892	0.120839841
2445	0.1357704	0.152180013	0.119360787
2446	0.134238667	0.151021934	0.1174554
2447	0.133686933	0.150151498	0.117222368
2448	0.133824867	0.150575596	0.117074137
2449	0.1351048	0.152299833	0.117909767
2450	0.1350592	0.151861868	0.118256532
2451	0.132537533	0.148473527	0.116601539
2452	0.1307446	0.146675763	0.114813437
2453	0.130505733	0.14666735	0.114344117
2454	0.1298864	0.145662557	0.114110243
2455	0.128076267	0.14283194	0.113320593
2456	0.126006867	0.140252846	0.111760887
2457	0.125045533	0.139339523	0.110751544
2458	0.124459867	0.139462472	0.109457261
2459	0.124337867	0.140120109	0.108555624
2460	0.1251552	0.141529222	0.108781178
2461	0.1255898	0.142263693	0.108915907
2462	0.1257172	0.142615828	0.108818572
2463	0.1249552	0.141430438	0.108479962
2464	0.123284667	0.139965007	0.106604326
2465	0.122607667	0.13927263	0.105942703
2466	0.122693133	0.138483213	0.106903054
2467	0.123192133	0.137533793	0.108850474
2468	0.123261733	0.137934945	0.108588521
2469	0.1223144	0.138957995	0.105670805
2470	0.121031933	0.13923268	0.102831186
2471	0.1193104	0.137139054	0.101481746
2472	0.1182026	0.135701949	0.100703251
2473	0.119343733	0.135786211	0.102901256
2474	0.120077	0.136239599	0.103914401
2475	0.118030667	0.134370011	0.101691322
2476	0.1160134	0.134171331	0.097855469
2477	0.1141428	0.13543272	0.09285288
2478	0.1115832	0.136249018	0.086917382
2479	0.1092238	0.134866267	0.083581333
2480	0.109433867	0.136373871	0.082493862
2481	0.1149142	0.140311194	0.089517206
2482	0.1198324	0.144326923	0.095337877
2483	0.1216182	0.148515584	0.094720816
2484	0.1235626	0.155215124	0.091910076
2485	0.123600667	0.153332005	0.093869328
2486	0.1230846	0.149849243	0.096319957
2487	0.128720333	0.158958233	0.098482434
2488	0.133954467	0.170827846	0.097081088
2489	0.122975267	0.15443192	0.091518614
2490	0.112194733	0.144323508	0.080065959
2491	0.112365133	0.146798974	0.077931293
2492	0.115760533	0.15428326	0.077237807
2493	0.122414933	0.156015859	0.088814008
2494	0.1297174	0.157816206	0.101618594
2495	0.126574733	0.152336001	0.100813465
2496	0.118064333	0.144566513	0.091562154
2497	0.1118526	0.140212197	0.083493003
2498	0.109762067	0.141983132	0.077541001
2499	0.117605067	0.145196013	0.09001412
2500	0.1274716	0.152574309	0.102368891
