Wavelength	Mean	Std+	Std-
350	0.041927933	0.050393958	0.033461908
351	0.042015067	0.050480291	0.033549842
352	0.0420926	0.050486136	0.033699064
353	0.042115133	0.050705828	0.033524439
354	0.042174467	0.050839385	0.033509548
355	0.042260533	0.050859248	0.033661819
356	0.0421364	0.050750968	0.033521832
357	0.042144867	0.050804508	0.033485226
358	0.042258267	0.050967656	0.033548877
359	0.042490533	0.051202815	0.033778252
360	0.042597533	0.051242728	0.033952338
361	0.042706467	0.05131834	0.034094594
362	0.042892333	0.051573209	0.034211457
363	0.042707067	0.051435734	0.033978399
364	0.042677533	0.051423604	0.033931463
365	0.0428514	0.051583035	0.034119765
366	0.042814867	0.051509564	0.034120169
367	0.042918067	0.051619561	0.034216572
368	0.043125	0.051846875	0.034403125
369	0.0434102	0.052092474	0.034727926
370	0.043242467	0.051982675	0.034502258
371	0.0431118	0.051912285	0.034311315
372	0.043387133	0.052181521	0.034592745
373	0.043577933	0.052425385	0.034730481
374	0.043651667	0.052506211	0.034797123
375	0.043602867	0.052404069	0.034801664
376	0.043915667	0.052824007	0.035007326
377	0.043980267	0.052928734	0.035031799
378	0.043892867	0.052830268	0.034955465
379	0.043922933	0.052828162	0.035017705
380	0.044050733	0.052991883	0.035109584
381	0.044246267	0.053231796	0.035260737
382	0.044512467	0.053499995	0.035524939
383	0.044474533	0.053419173	0.035529894
384	0.044480667	0.053425315	0.035536019
385	0.044597867	0.053603778	0.035591955
386	0.044613667	0.053719881	0.035507452
387	0.0445864	0.053757775	0.035415025
388	0.044575	0.053773316	0.035376684
389	0.044841533	0.053998647	0.035684419
390	0.0450158	0.054175679	0.035855921
391	0.045125	0.054304689	0.035945311
392	0.0451674	0.054366478	0.035968322
393	0.045216133	0.054451264	0.035981003
394	0.045332067	0.054572503	0.03609163
395	0.0455256	0.054730468	0.036320732
396	0.0455272	0.054807313	0.036247087
397	0.0456626	0.054944762	0.036380438
398	0.045855933	0.055115284	0.036596583
399	0.045879	0.055252588	0.036505412
400	0.0459206	0.055306456	0.036534744
401	0.045978467	0.055353635	0.036603298
402	0.046063533	0.055471402	0.036655665
403	0.046127267	0.05550586	0.036748673
404	0.046232467	0.055605978	0.036858956
405	0.046400733	0.055816333	0.036985134
406	0.046428	0.055859914	0.036996086
407	0.04648	0.0559146	0.0370454
408	0.046558867	0.055988584	0.037129149
409	0.046667467	0.056115327	0.037219607
410	0.046732067	0.056200572	0.037263562
411	0.0468048	0.056296554	0.037313046
412	0.046958533	0.056477851	0.037439215
413	0.047035467	0.056582292	0.037488642
414	0.0471042	0.056680409	0.037527991
415	0.047186333	0.056795112	0.037577555
416	0.047217467	0.05684692	0.037588013
417	0.047279533	0.056918939	0.037640128
418	0.047375467	0.057017153	0.03773378
419	0.04752	0.057180747	0.037859253
420	0.047630133	0.057323591	0.037936675
421	0.047722067	0.057444924	0.037999209
422	0.047813533	0.057532682	0.038094385
423	0.047874933	0.057647073	0.038102794
424	0.047949067	0.057753849	0.038144284
425	0.048057067	0.057836985	0.038277148
426	0.048157133	0.057941117	0.038373149
427	0.048260867	0.058056745	0.038464988
428	0.0483688	0.058184896	0.038552704
429	0.0484794	0.0583426	0.0386162
430	0.048593533	0.058479942	0.038707125
431	0.048704467	0.058601071	0.038807862
432	0.048799667	0.05870875	0.038890584
433	0.0488978	0.058845281	0.038950319
434	0.049001267	0.058975369	0.039027165
435	0.049114	0.059081896	0.039146104
436	0.0492454	0.059242693	0.039248107
437	0.049350267	0.059378872	0.039321662
438	0.049427467	0.059486039	0.039368894
439	0.049489267	0.059565538	0.039412995
440	0.049597467	0.059694385	0.039500548
441	0.049727667	0.059842752	0.039612581
442	0.0498376	0.059955069	0.039720131
443	0.0499236	0.060072976	0.039774224
444	0.0500016	0.060189697	0.039813503
445	0.0500792	0.060300933	0.039857467
446	0.050188467	0.06040973	0.039967203
447	0.050300267	0.060532526	0.040068008
448	0.050409667	0.060668868	0.040150466
449	0.050480067	0.060752158	0.040207976
450	0.050573733	0.060869106	0.040278361
451	0.050672	0.060995173	0.040348827
452	0.050724533	0.061066268	0.040382799
453	0.0507956	0.06115868	0.04043252
454	0.050879867	0.061257258	0.040502475
455	0.050979267	0.061354858	0.040603675
456	0.051082733	0.061473137	0.04069233
457	0.051183333	0.061597591	0.040769076
458	0.0512788	0.06172488	0.04083272
459	0.051330267	0.061791117	0.040869417
460	0.051387733	0.061865739	0.040909728
461	0.051449067	0.061945791	0.040952343
462	0.051507467	0.062020622	0.040994311
463	0.051600133	0.062111655	0.041088612
464	0.051693133	0.062205218	0.041181048
465	0.051757333	0.062290858	0.041223809
466	0.051854867	0.062415863	0.04129387
467	0.0519242	0.062507741	0.041340659
468	0.051947467	0.062545298	0.041349635
469	0.052023267	0.062631391	0.041415142
470	0.052099067	0.062711433	0.0414867
471	0.052172333	0.062787863	0.041556804
472	0.052232533	0.062874301	0.041590765
473	0.0523236	0.062985535	0.041661665
474	0.052400133	0.063082165	0.041718102
475	0.052409867	0.063118513	0.04170122
476	0.052506933	0.063222319	0.041791547
477	0.052603133	0.0633156	0.041890667
478	0.052678533	0.063379999	0.041977068
479	0.052769267	0.063505875	0.042032658
480	0.052850533	0.063623618	0.042077448
481	0.0529234	0.063730083	0.042116717
482	0.052991267	0.063808239	0.042174294
483	0.053083667	0.063912978	0.042254355
484	0.0531806	0.064021797	0.042339403
485	0.053255933	0.064106783	0.042405084
486	0.053334	0.064201658	0.042466342
487	0.0534174	0.064307208	0.042527592
488	0.053507733	0.064425797	0.042589669
489	0.0535774	0.064522104	0.042632696
490	0.053657	0.064624324	0.042689676
491	0.053744133	0.064729909	0.042758358
492	0.053833	0.064830065	0.042835935
493	0.0539374	0.064945587	0.042929213
494	0.054042867	0.065065671	0.043020062
495	0.0541294	0.065176808	0.043081992
496	0.054197667	0.065257862	0.043137471
497	0.054275467	0.065351872	0.043199061
498	0.054376467	0.065479197	0.043273736
499	0.054488933	0.065604966	0.043372901
500	0.054583733	0.065721475	0.043445992
501	0.054665133	0.065832792	0.043497475
502	0.054777533	0.065969515	0.043585552
503	0.054885	0.066094085	0.043675915
504	0.054983467	0.066207558	0.043759375
505	0.0550618	0.066304932	0.043818668
506	0.0551562	0.066416849	0.043895551
507	0.055254533	0.066534317	0.04397475
508	0.0553544	0.066655896	0.044052904
509	0.055454533	0.066782075	0.044126992
510	0.055562667	0.066911381	0.044213952
511	0.055675867	0.067042128	0.044309605
512	0.055756533	0.067153358	0.044359709
513	0.055850533	0.067271827	0.044429239
514	0.0559544	0.067397324	0.044511476
515	0.056067133	0.067533502	0.044600765
516	0.056169867	0.067659763	0.04467997
517	0.056271	0.067782416	0.044759584
518	0.0563734	0.067902298	0.044844502
519	0.056470533	0.068021951	0.044919115
520	0.056573533	0.068149077	0.04499799
521	0.056681133	0.06828019	0.045082077
522	0.056771733	0.068376562	0.045166905
523	0.056876067	0.068507266	0.045244868
524	0.0569898	0.068657347	0.045322253
525	0.057107533	0.068801541	0.045413525
526	0.057216067	0.068929766	0.045502368
527	0.057317733	0.069055256	0.04558021
528	0.0574124	0.069186322	0.045638478
529	0.057524333	0.069318825	0.045729841
530	0.0576284	0.069444075	0.045812725
531	0.057722133	0.069562023	0.045882244
532	0.057834467	0.069706653	0.04596228
533	0.0579582	0.069848594	0.046067806
534	0.058086333	0.069992592	0.046180074
535	0.058197133	0.070149484	0.046244782
536	0.058301933	0.070281578	0.046322289
537	0.058401	0.070406143	0.046395857
538	0.0584932	0.070534445	0.046451955
539	0.058609333	0.070666591	0.046552076
540	0.0587218	0.070797842	0.046645758
541	0.058826	0.070928229	0.046723771
542	0.0589404	0.071078305	0.046802495
543	0.0590508	0.071213784	0.046887816
544	0.059156333	0.071338225	0.046974442
545	0.059252533	0.071465039	0.047040028
546	0.059369067	0.071613477	0.047124657
547	0.0594918	0.071768498	0.047215102
548	0.059610733	0.071918917	0.04730255
549	0.059707533	0.072032479	0.047382588
550	0.059824733	0.072177288	0.047472178
551	0.0599732	0.072371005	0.047575395
552	0.060080933	0.072501519	0.047660348
553	0.060173267	0.072619242	0.047727291
554	0.060258867	0.072733213	0.04778452
555	0.0603726	0.072884047	0.047861153
556	0.060506467	0.073043906	0.047969028
557	0.060640733	0.073202223	0.048079244
558	0.060751867	0.073344825	0.048158908
559	0.060891	0.073517523	0.048264477
560	0.061017267	0.07367827	0.048356264
561	0.0611166	0.073812171	0.048421029
562	0.061197067	0.073921295	0.048472838
563	0.061311067	0.074063761	0.048558373
564	0.061446333	0.074227993	0.048664673
565	0.061530267	0.074344691	0.048715843
566	0.061654667	0.074495784	0.04881355
567	0.0617824	0.074651552	0.048913248
568	0.061865533	0.07477324	0.048957827
569	0.0619522	0.074890165	0.049014235
570	0.062048467	0.0750157	0.049081233
571	0.062158267	0.075155625	0.049160908
572	0.062279867	0.075317997	0.049241736
573	0.062414867	0.075485351	0.049344382
574	0.062557933	0.075652884	0.049462983
575	0.0626658	0.075783857	0.049547743
576	0.062759867	0.075907586	0.049612147
577	0.062856133	0.076037427	0.04967484
578	0.062980267	0.076196571	0.049763962
579	0.063082733	0.076332724	0.049832743
580	0.0631992	0.076482086	0.049916314
581	0.0633464	0.076660992	0.050031808
582	0.063471867	0.076822884	0.050120849
583	0.063590667	0.076976987	0.050204346
584	0.063703867	0.077123169	0.050284565
585	0.063805933	0.077253099	0.050358768
586	0.0638768	0.077346071	0.050407529
587	0.063945333	0.077437806	0.05045286
588	0.064065067	0.077594079	0.050536055
589	0.064141733	0.077688586	0.050594881
590	0.064226667	0.077795451	0.050657883
591	0.0643448	0.077952586	0.050737014
592	0.064469933	0.078103422	0.050836445
593	0.064582533	0.078247543	0.050917524
594	0.064684	0.078388074	0.050979926
595	0.0647948	0.078546089	0.051043511
596	0.064932533	0.07870527	0.051159797
597	0.065070867	0.078858146	0.051283587
598	0.065146133	0.078978951	0.051313316
599	0.0652954	0.079154019	0.051436781
600	0.065450867	0.079334442	0.051567291
601	0.065572867	0.079491135	0.051654599
602	0.065669267	0.079631867	0.051706666
603	0.065765267	0.07976521	0.051765323
604	0.065865333	0.079893384	0.051837283
605	0.0660062	0.080058189	0.051954211
606	0.066135333	0.080220326	0.05205034
607	0.0662564	0.080378379	0.052134421
608	0.066369333	0.080522298	0.052216369
609	0.066473	0.080668489	0.052277511
610	0.066573533	0.080811455	0.052335612
611	0.066673	0.080944027	0.052401973
612	0.066777533	0.08106644	0.052488627
613	0.066879	0.081193265	0.052564735
614	0.066977267	0.081328649	0.052625884
615	0.067121933	0.081514168	0.052729698
616	0.0672448	0.08166715	0.05282245
617	0.067349667	0.081797955	0.052901379
618	0.067441667	0.081932996	0.052950338
619	0.067553133	0.082077781	0.053028486
620	0.067663667	0.082223551	0.053103782
621	0.067756667	0.082364353	0.05314898
622	0.067875133	0.082500206	0.053250061
623	0.067991933	0.082633797	0.053350069
624	0.068101733	0.082765919	0.053437547
625	0.068223333	0.082944239	0.053502428
626	0.068327733	0.08308519	0.053570276
627	0.068424333	0.083205322	0.053643345
628	0.068547933	0.083362031	0.053733836
629	0.068651133	0.083498874	0.053803393
630	0.068752933	0.08363166	0.053874207
631	0.06887	0.083773102	0.053966898
632	0.069009	0.083942981	0.054075019
633	0.069132867	0.084098968	0.054166766
634	0.0692328	0.084231836	0.054233764
635	0.069367333	0.084395473	0.054339193
636	0.0694788	0.084543741	0.054413859
637	0.069580133	0.08468521	0.054475056
638	0.0697314	0.084865513	0.054597287
639	0.0698728	0.085044498	0.054701102
640	0.070005867	0.085216057	0.054795677
641	0.070128933	0.085369879	0.054887988
642	0.070267933	0.085553402	0.054982465
643	0.070397267	0.085725608	0.055068925
644	0.070510267	0.085875366	0.055145167
645	0.070611133	0.085998317	0.05522395
646	0.0707056	0.086120004	0.055291196
647	0.070802133	0.086247207	0.055357059
648	0.070954067	0.086424259	0.055483874
649	0.0710842	0.086588239	0.055580161
650	0.0712058	0.086746565	0.055665035
651	0.071333267	0.086907274	0.05575926
652	0.071486933	0.087107219	0.055866648
653	0.0716392	0.087308721	0.055969679
654	0.071783667	0.08750326	0.056064074
655	0.071899067	0.087656677	0.056141456
656	0.0720312	0.087836976	0.056225424
657	0.072175533	0.088037307	0.05631376
658	0.072331333	0.088254347	0.056408319
659	0.072493933	0.088466016	0.056521851
660	0.072660067	0.088680288	0.056639846
661	0.072827133	0.088911583	0.056742683
662	0.072976067	0.089118448	0.056833686
663	0.073127067	0.089318561	0.056935572
664	0.073288733	0.089516789	0.057060678
665	0.073439733	0.089722881	0.057156585
666	0.073579667	0.089907963	0.05725137
667	0.0737118	0.090075663	0.057347937
668	0.073866333	0.090275169	0.057457498
669	0.0740036	0.090459235	0.057547965
670	0.0741356	0.090638466	0.057632734
671	0.0742814	0.090828668	0.057734132
672	0.074437467	0.091023987	0.057850946
673	0.074588267	0.091220379	0.057956154
674	0.0747256	0.091418193	0.058033007
675	0.074865467	0.09159633	0.058134603
676	0.075006867	0.091772031	0.058241702
677	0.075149467	0.091948431	0.058350502
678	0.075289933	0.092146646	0.058433221
679	0.0754286	0.092330323	0.058526877
680	0.075573067	0.092515267	0.058630867
681	0.075745667	0.092738524	0.058752809
682	0.0758934	0.092919814	0.058866986
683	0.0760274	0.09308711	0.05896769
684	0.07615	0.093252376	0.059047624
685	0.0762284	0.093373021	0.059083779
686	0.0763038	0.093496071	0.059111529
687	0.0763838	0.093628456	0.059139144
688	0.076588333	0.093878029	0.059298637
689	0.076767133	0.094106448	0.059427818
690	0.076929867	0.094320242	0.059539491
691	0.077102467	0.094540035	0.059664899
692	0.0772516	0.094743083	0.059760117
693	0.0774014	0.094940966	0.059861834
694	0.077567933	0.095137364	0.059998503
695	0.0777918	0.095427344	0.060156256
696	0.0780064	0.095697977	0.060314823
697	0.078205267	0.095937451	0.060473082
698	0.078393333	0.09618303	0.060603637
699	0.078525467	0.096366618	0.060684316
700	0.078635533	0.096524359	0.060746708
701	0.078827867	0.096767618	0.060888116
702	0.0790436	0.097035885	0.061051315
703	0.079257933	0.097303776	0.061212091
704	0.0794544	0.097554692	0.061354108
705	0.079663733	0.097817134	0.061510333
706	0.0798534	0.09805698	0.06164982
707	0.080016267	0.098267458	0.061765075
708	0.080218733	0.098522529	0.061914938
709	0.0804218	0.098782315	0.062061285
710	0.080617467	0.099036106	0.062198828
711	0.080769867	0.099235095	0.062304639
712	0.080959867	0.09947734	0.062442394
713	0.081149067	0.099715984	0.06258215
714	0.0812998	0.099902651	0.062696949
715	0.081343133	0.09998892	0.062697347
716	0.081382667	0.100067161	0.062698172
717	0.081447	0.100160496	0.062733504
718	0.081625867	0.100392813	0.06285892
719	0.0818848	0.100711216	0.063058384
720	0.082177133	0.101064685	0.063289581
721	0.082409667	0.101363409	0.063455924
722	0.082565067	0.101587105	0.063543029
723	0.0827062	0.101792459	0.063619941
724	0.082880467	0.102007177	0.063753756
725	0.083077667	0.10226338	0.063891953
726	0.0832778	0.102529255	0.064026345
727	0.0834792	0.102801655	0.064156745
728	0.0836848	0.103063672	0.064305928
729	0.0838962	0.103331341	0.064461059
730	0.084119933	0.103612953	0.064626913
731	0.084426133	0.103994035	0.064858232
732	0.084688867	0.104323572	0.065054161
733	0.084923467	0.104616822	0.065230111
734	0.085140267	0.104881307	0.065399226
735	0.085338067	0.105137362	0.065538771
736	0.0855494	0.105407033	0.065691767
737	0.0857886	0.105700744	0.065876456
738	0.086009467	0.105983665	0.066035268
739	0.086216533	0.106254261	0.066178805
740	0.086412867	0.10651467	0.066311064
741	0.0866312	0.1067963	0.0664661
742	0.0868488	0.107073577	0.066624023
743	0.087060867	0.10734165	0.066780084
744	0.087259267	0.107589427	0.066929106
745	0.087432133	0.10782483	0.067039436
746	0.087615533	0.108074473	0.067156593
747	0.0878288	0.10835484	0.06730276
748	0.088034067	0.108617879	0.067450254
749	0.088216933	0.108863728	0.067570138
750	0.088382133	0.109096667	0.067667599
751	0.0885956	0.109364684	0.067826516
752	0.088779933	0.10961353	0.067946337
753	0.088955867	0.109857689	0.068054044
754	0.089164133	0.110128232	0.068200034
755	0.089351067	0.110363221	0.068338912
756	0.089520467	0.110580356	0.068460578
757	0.089679667	0.11079834	0.068560993
758	0.089554267	0.110643708	0.068464826
759	0.089305333	0.110364007	0.068246659
760	0.089003067	0.110065679	0.067940455
761	0.089306333	0.110434066	0.0681786
762	0.089575267	0.110780906	0.068369627
763	0.089893933	0.111189674	0.068598193
764	0.090369	0.111760771	0.068977229
765	0.090788933	0.112281441	0.069296426
766	0.0911498	0.11273479	0.06956481
767	0.091482867	0.113156484	0.06980925
768	0.091747067	0.113490148	0.070003985
769	0.091984267	0.11379534	0.070173194
770	0.092203267	0.11408408	0.070322453
771	0.0924268	0.114379773	0.070473827
772	0.0926394	0.114651675	0.070627125
773	0.092845867	0.114910468	0.070781266
774	0.093052	0.115172497	0.070931503
775	0.093251533	0.115440929	0.071062138
776	0.093449533	0.115709464	0.071189603
777	0.093649933	0.115974213	0.071325654
778	0.093805	0.116178977	0.071431023
779	0.093975133	0.116404235	0.071546032
780	0.0941718	0.116664107	0.071679493
781	0.0944098	0.1169487	0.0718709
782	0.094611533	0.117206496	0.07201657
783	0.094791733	0.117451268	0.072132199
784	0.094989333	0.117719094	0.072259573
785	0.095167133	0.11795309	0.072381177
786	0.095332333	0.118175143	0.072489524
787	0.095482333	0.118395889	0.072568778
788	0.0956782	0.118637867	0.072718533
789	0.095870067	0.118888377	0.072851756
790	0.096047067	0.119144205	0.072949929
791	0.096269667	0.119425586	0.073113747
792	0.096493267	0.119702904	0.073283629
793	0.096708333	0.119968253	0.073448413
794	0.096871133	0.120188705	0.073553562
795	0.0970422	0.120421753	0.073662647
796	0.0972378	0.120685545	0.073790055
797	0.0974872	0.121014403	0.073959997
798	0.097676067	0.121254753	0.07409738
799	0.097850667	0.121482158	0.074219176
800	0.098017067	0.121710155	0.074323979
801	0.0982396	0.121971091	0.074508109
802	0.098444067	0.122240658	0.074647475
803	0.0986402	0.122522103	0.074758297
804	0.0988804	0.122836061	0.074924739
805	0.0991104	0.123117941	0.075102859
806	0.099337933	0.123392112	0.075283755
807	0.099573133	0.123688071	0.075458196
808	0.0997158	0.123901374	0.075530226
809	0.099849	0.124099965	0.075598035
810	0.0999966	0.124300721	0.075692479
811	0.100097667	0.124434307	0.075761026
812	0.100189733	0.124576575	0.075802892
813	0.100282667	0.124735693	0.07582964
814	0.100420867	0.124917812	0.075923921
815	0.100596867	0.125153598	0.076040135
816	0.100791533	0.125415724	0.076167343
817	0.100981333	0.125669268	0.076293398
818	0.101276733	0.126032317	0.07652115
819	0.101554133	0.126379179	0.076729088
820	0.101772867	0.126670808	0.076874925
821	0.101880333	0.126843977	0.07691669
822	0.102051067	0.127090062	0.077012071
823	0.1022854	0.127399393	0.077171407
824	0.102634333	0.127800605	0.077468062
825	0.102874533	0.128073875	0.077675192
826	0.103060867	0.128300825	0.077820909
827	0.1032144	0.128550179	0.077878621
828	0.103422	0.128820449	0.078023551
829	0.103652933	0.129114866	0.078191
830	0.103901667	0.129443562	0.078359772
831	0.104104933	0.129725794	0.078484073
832	0.104347	0.130037782	0.078656218
833	0.104625133	0.13037503	0.078875237
834	0.1048612	0.130654398	0.079068002
835	0.105109867	0.130964295	0.079255438
836	0.1053642	0.131286448	0.079441952
837	0.105608867	0.131585694	0.079632039
838	0.105783333	0.131855315	0.079711351
839	0.105971867	0.132122407	0.079821327
840	0.106224267	0.13240077	0.080047764
841	0.106453667	0.132679204	0.080228129
842	0.106680133	0.13295311	0.080407157
843	0.106905267	0.133223288	0.080587245
844	0.107119267	0.133513581	0.080724952
845	0.107303667	0.133775206	0.080832128
846	0.107492467	0.13403471	0.080950223
847	0.107780267	0.134361769	0.081198764
848	0.1079548	0.134588109	0.081321491
849	0.1081226	0.134816012	0.081429188
850	0.1083466	0.135105806	0.081587394
851	0.1085948	0.135411793	0.081777807
852	0.1087998	0.135671701	0.081927899
853	0.108959667	0.13588629	0.082033044
854	0.109225067	0.136217872	0.082232262
855	0.109417333	0.136489273	0.082345393
856	0.109584867	0.136735124	0.082434609
857	0.109886467	0.137090063	0.08268287
858	0.110119333	0.137372752	0.082865915
859	0.110334667	0.137634858	0.083034476
860	0.110560067	0.137901565	0.083218569
861	0.110731867	0.13818119	0.083282543
862	0.110928133	0.138461872	0.083394395
863	0.111166333	0.138743919	0.083588748
864	0.1113764	0.138985812	0.083766988
865	0.111582067	0.139223965	0.083940168
866	0.1117884	0.139473451	0.084103349
867	0.1120094	0.139787546	0.084231254
868	0.112211	0.140060189	0.084361811
869	0.112411067	0.140317973	0.08450416
870	0.112632533	0.140585792	0.084679275
871	0.112913333	0.140982242	0.084844424
872	0.113157267	0.141308063	0.085006471
873	0.113337667	0.141508379	0.085166954
874	0.113562867	0.141769746	0.085355988
875	0.1137882	0.14205157	0.08552483
876	0.114009733	0.142341972	0.085677494
877	0.114207333	0.142590659	0.085824008
878	0.114380933	0.142821365	0.085940502
879	0.114577733	0.143078932	0.086076535
880	0.114859067	0.14342424	0.086293893
881	0.115048	0.143698671	0.086397329
882	0.115244933	0.143969039	0.086520828
883	0.115477667	0.144250983	0.08670435
884	0.115750533	0.144613789	0.086887277
885	0.115982333	0.144894366	0.0870703
886	0.116185867	0.145120779	0.087250955
887	0.116436533	0.145461075	0.087411991
888	0.116673733	0.14575241	0.087595057
889	0.116885267	0.146008551	0.087761982
890	0.117039133	0.146226984	0.087851283
891	0.117123867	0.146366175	0.087881559
892	0.117233067	0.146534583	0.087931551
893	0.117404867	0.146776417	0.088033317
894	0.117458333	0.146883206	0.08803346
895	0.1176144	0.147077214	0.088151586
896	0.1178652	0.147352378	0.088378022
897	0.117992733	0.14751045	0.088475017
898	0.118054133	0.147646718	0.088461549
899	0.1181272	0.147822557	0.088431843
900	0.1183524	0.148160785	0.088544015
901	0.1186772	0.148555115	0.088799285
902	0.1190138	0.148946682	0.089080918
903	0.119334933	0.149317748	0.089352119
904	0.119563533	0.149502713	0.089624353
905	0.119766667	0.149746588	0.089786745
906	0.119954933	0.150055467	0.0898544
907	0.120129533	0.150296204	0.089962863
908	0.1203056	0.150538885	0.090072315
909	0.1204806	0.150773163	0.090188037
910	0.12064	0.15096054	0.09031946
911	0.120929933	0.151278961	0.090580905
912	0.121187933	0.151573306	0.090802561
913	0.1213218	0.151757652	0.090885948
914	0.1215526	0.152129477	0.090975723
915	0.121753733	0.152447004	0.091060463
916	0.121922533	0.152693669	0.091151398
917	0.122183267	0.152970748	0.091395786
918	0.1225348	0.153365355	0.091704245
919	0.122892867	0.153791773	0.09199396
920	0.123094133	0.154100345	0.092087922
921	0.1233034	0.154393241	0.092213559
922	0.123510533	0.154666552	0.092354515
923	0.123709867	0.154911054	0.09250868
924	0.124063133	0.155245691	0.092880575
925	0.124311067	0.155487618	0.093134515
926	0.1244138	0.15561013	0.09321747
927	0.124385667	0.155681414	0.093089919
928	0.124414667	0.155800511	0.093028822
929	0.1244246	0.15589121	0.09295799
930	0.124128333	0.155643885	0.092612781
931	0.1240936	0.155638773	0.092548427
932	0.124099267	0.155639095	0.092559439
933	0.1239484	0.155407449	0.092489351
934	0.123887067	0.15531627	0.092457863
935	0.123906267	0.155375852	0.092436682
936	0.1240198	0.155612987	0.092426613
937	0.1242754	0.156105362	0.092445438
938	0.124596333	0.156513525	0.092679141
939	0.124948133	0.15684764	0.093048627
940	0.125293133	0.15712594	0.093460327
941	0.125649133	0.157563294	0.093734973
942	0.125972267	0.157980166	0.093964368
943	0.126218733	0.158237163	0.094200304
944	0.126429533	0.158555817	0.09430325
945	0.1266034	0.158799598	0.094407202
946	0.126730867	0.158929748	0.094531985
947	0.1266082	0.158979845	0.094236555
948	0.126888467	0.159249099	0.094527834
949	0.1274278	0.159682032	0.095173568
950	0.127758067	0.160127085	0.095389048
951	0.1280898	0.160580992	0.095598608
952	0.128421333	0.161013888	0.095828779
953	0.1287484	0.161381249	0.096115551
954	0.128836067	0.161501844	0.096170289
955	0.1289756	0.161732384	0.096218816
956	0.129236867	0.162163756	0.096309978
957	0.129547333	0.162316945	0.096777722
958	0.1299302	0.162770139	0.097090261
959	0.1303366	0.163386697	0.097286503
960	0.130555533	0.163619986	0.09749108
961	0.130879267	0.164017078	0.097741455
962	0.131183267	0.164377085	0.097989448
963	0.131320133	0.164459922	0.098180345
964	0.131762067	0.165110238	0.098413895
965	0.132250867	0.165763851	0.098737883
966	0.132726333	0.166275577	0.09917709
967	0.133251533	0.166757664	0.099745402
968	0.1335976	0.167119992	0.100075208
969	0.1338118	0.167407982	0.100215618
970	0.134082533	0.167828929	0.100336138
971	0.134469667	0.16819816	0.100741174
972	0.134740867	0.16845631	0.101025424
973	0.134503	0.168444393	0.100561607
974	0.135018867	0.169002151	0.101035583
975	0.135492667	0.169495299	0.101490035
976	0.135625733	0.169679775	0.101571692
977	0.135938067	0.169960521	0.101915612
978	0.136203067	0.17019402	0.102212113
979	0.136416333	0.170403632	0.102429034
980	0.136627533	0.170838384	0.102416682
981	0.136869	0.171277836	0.102460164
982	0.137172	0.171696939	0.102647061
983	0.137623867	0.172041867	0.103205866
984	0.137884867	0.172317943	0.10345179
985	0.138205333	0.172666053	0.103744613
986	0.138698667	0.173159837	0.104237497
987	0.1387126	0.173326216	0.104098984
988	0.138880533	0.173547417	0.10421365
989	0.1392402	0.173871894	0.104608506
990	0.139706667	0.174513712	0.104899621
991	0.1399284	0.174797076	0.105059724
992	0.1401108	0.174981181	0.105240419
993	0.140638267	0.17552303	0.105753503
994	0.140881733	0.17588992	0.105873546
995	0.141110467	0.176249218	0.105971715
996	0.141452067	0.176676741	0.106227393
997	0.141149067	0.176410759	0.105887374
998	0.141338	0.176678032	0.105997968
999	0.142053867	0.177504381	0.106603352
1000	0.142074	0.177388446	0.106759554
1001	0.142609	0.176896404	0.108321596
1002	0.142877067	0.177218955	0.108535179
1003	0.143110067	0.177486647	0.108733487
1004	0.1433558	0.177807723	0.108903877
1005	0.1436774	0.178214439	0.109140361
1006	0.144028133	0.178638467	0.109417799
1007	0.1443782	0.179065446	0.109690954
1008	0.144699867	0.179473333	0.1099264
1009	0.1449526	0.179789357	0.110115843
1010	0.145158467	0.180023104	0.110293829
1011	0.145379067	0.180259621	0.110498513
1012	0.145666333	0.180584082	0.110748585
1013	0.1460248	0.181006295	0.111043305
1014	0.146355133	0.181420194	0.111290072
1015	0.146601533	0.181755458	0.111447609
1016	0.1468394	0.182078477	0.111600323
1017	0.147071467	0.182341524	0.11180141
1018	0.1473548	0.182638395	0.112071205
1019	0.1476936	0.183031917	0.112355283
1020	0.148035867	0.183423871	0.112647863
1021	0.148373667	0.183799501	0.112947832
1022	0.1486864	0.184156207	0.113216593
1023	0.148948067	0.184479076	0.113417058
1024	0.1491704	0.184760673	0.113580127
1025	0.149424667	0.185044706	0.113804627
1026	0.149748467	0.185385127	0.114111806
1027	0.150077067	0.185750352	0.114403782
1028	0.1503592	0.186078817	0.114639583
1029	0.1506648	0.186451472	0.114878128
1030	0.150967333	0.186837483	0.115097183
1031	0.151206733	0.187126081	0.115287386
1032	0.1514508	0.187416201	0.115485399
1033	0.151710133	0.187705063	0.115715204
1034	0.152009933	0.188009419	0.116010448
1035	0.152318733	0.188348921	0.116288545
1036	0.1525868	0.188676066	0.116497534
1037	0.152838333	0.188966151	0.116710515
1038	0.1531212	0.189271602	0.116970798
1039	0.153415867	0.189609488	0.117222246
1040	0.153688333	0.189931282	0.117445384
1041	0.1539508	0.190221503	0.117680097
1042	0.154221867	0.190539495	0.117904239
1043	0.154486867	0.190888715	0.118085018
1044	0.154760933	0.19122586	0.118296007
1045	0.155049533	0.191533952	0.118565114
1046	0.155324067	0.191815014	0.11883312
1047	0.155577333	0.192093924	0.119060743
1048	0.155821333	0.192368077	0.119274589
1049	0.156032867	0.192604102	0.119461632
1050	0.156276867	0.192903071	0.119650662
1051	0.1566014	0.193308499	0.119894301
1052	0.156915267	0.193676179	0.120154354
1053	0.157174667	0.193976396	0.120372937
1054	0.157420933	0.194270955	0.120570912
1055	0.157681533	0.194556461	0.120806606
1056	0.157946933	0.194830554	0.121063313
1057	0.158206067	0.195115418	0.121296715
1058	0.1584682	0.19541426	0.12152214
1059	0.1587422	0.195704821	0.121779579
1060	0.1590054	0.195988817	0.122021983
1061	0.159242333	0.196304584	0.122180083
1062	0.159493133	0.196637212	0.122349054
1063	0.1597764	0.196991381	0.122561419
1064	0.160090133	0.197365155	0.122815112
1065	0.160416	0.197733194	0.123098806
1066	0.1606636	0.198022122	0.123305078
1067	0.160900467	0.198300003	0.123500931
1068	0.161190733	0.19862528	0.123756187
1069	0.1614894	0.198956197	0.124022603
1070	0.1617742	0.199259753	0.124288647
1071	0.162046333	0.199549393	0.124543274
1072	0.162295533	0.19983759	0.124753477
1073	0.162551133	0.200138566	0.124963701
1074	0.1628416	0.200466477	0.125216723
1075	0.163124267	0.200795559	0.125452974
1076	0.163384133	0.201090553	0.125677714
1077	0.163638867	0.201368444	0.125909289
1078	0.1639516	0.201746585	0.126156615
1079	0.164315	0.202193203	0.126436797
1080	0.164636933	0.202577301	0.126696566
1081	0.1649154	0.202876755	0.126954045
1082	0.1651802	0.203151477	0.127208923
1083	0.165430867	0.203439824	0.127421909
1084	0.1657092	0.203774712	0.127643688
1085	0.166021133	0.204153715	0.127888552
1086	0.166312867	0.204497261	0.128128473
1087	0.166583333	0.204771456	0.128395211
1088	0.1668686	0.20505826	0.12867894
1089	0.167085	0.205293411	0.128876589
1090	0.1672506	0.205481473	0.129019727
1091	0.167492133	0.2057625	0.129221767
1092	0.167781867	0.206112059	0.129451674
1093	0.168053933	0.206439944	0.129667923
1094	0.1683232	0.20673598	0.12991042
1095	0.1685892	0.207020919	0.130157481
1096	0.168848467	0.20731545	0.130381483
1097	0.1690896	0.207600975	0.130578225
1098	0.169295267	0.207847708	0.130742825
1099	0.169515867	0.208103924	0.130927809
1100	0.1697542	0.20837275	0.13113565
1101	0.1699974	0.208647966	0.131346834
1102	0.1702442	0.208934475	0.131553925
1103	0.170484733	0.209219744	0.131749722
1104	0.170721267	0.209532363	0.13191017
1105	0.1709734	0.209866608	0.132080192
1106	0.171209933	0.210211318	0.132208548
1107	0.171425533	0.210535661	0.132315405
1108	0.171620333	0.210794014	0.132446652
1109	0.171812867	0.211046026	0.132579708
1110	0.171935733	0.211216609	0.132654857
1111	0.1720454	0.211355802	0.132734998
1112	0.172212867	0.211557888	0.132867845
1113	0.172420933	0.21181901	0.133022857
1114	0.172569133	0.211989698	0.133148569
1115	0.172681333	0.212067594	0.133295072
1116	0.172817533	0.212196992	0.133438074
1117	0.172803467	0.212233788	0.133373146
1118	0.172793667	0.212268969	0.133318364
1119	0.172975933	0.212491907	0.13345996
1120	0.1731846	0.212751181	0.133618019
1121	0.173346267	0.212981476	0.133711058
1122	0.173509933	0.213219099	0.133800768
1123	0.173545	0.213262444	0.133827556
1124	0.173570933	0.213281273	0.133860593
1125	0.173816333	0.213517399	0.134115268
1126	0.1741302	0.213818537	0.134441863
1127	0.174398333	0.214074877	0.13472179
1128	0.174619733	0.214316493	0.134922974
1129	0.1749912	0.214739059	0.135243341
1130	0.175500867	0.215281996	0.135719737
1131	0.175958	0.215757946	0.136158054
1132	0.176316267	0.216146167	0.136486366
1133	0.1766508	0.216537902	0.136763698
1134	0.177030067	0.217011386	0.137048748
1135	0.177393	0.217459184	0.137326816
1136	0.177709333	0.217834806	0.137583861
1137	0.178008667	0.218185634	0.1378317
1138	0.1783106	0.218536583	0.138084617
1139	0.178597533	0.218874808	0.138320258
1140	0.178871133	0.219208003	0.138534264
1141	0.179144533	0.219538845	0.138750222
1142	0.1793128	0.219776679	0.138848921
1143	0.179461867	0.2199889	0.138934833
1144	0.179654133	0.22018239	0.139125877
1145	0.1798488	0.220359073	0.139338527
1146	0.180099133	0.220602454	0.139595812
1147	0.180410333	0.220908388	0.139912279
1148	0.180762	0.221268176	0.140255824
1149	0.181168267	0.221709501	0.140627033
1150	0.181559667	0.222131744	0.140987589
1151	0.181921867	0.222512262	0.141331472
1152	0.182274667	0.222878839	0.141670495
1153	0.182689333	0.223298893	0.142079774
1154	0.183079	0.22370017	0.14245783
1155	0.183530067	0.224210844	0.142849289
1156	0.1839416	0.224677491	0.143205709
1157	0.184408133	0.225122962	0.143693305
1158	0.1848416	0.225535728	0.144147472
1159	0.1852122	0.225934511	0.144489889
1160	0.185549533	0.226303616	0.144795451
1161	0.185997133	0.226825875	0.145168391
1162	0.1864642	0.227380828	0.145547572
1163	0.1868524	0.227803849	0.145900951
1164	0.187188067	0.228143944	0.14623219
1165	0.1875208	0.228514262	0.146527338
1166	0.187853267	0.228915477	0.146791056
1167	0.188190533	0.229302616	0.147078451
1168	0.188542267	0.229678296	0.147406238
1169	0.188877733	0.230038309	0.147717158
1170	0.189191067	0.230378375	0.148003758
1171	0.1895076	0.230720633	0.148294567
1172	0.1898676	0.231102352	0.148632848
1173	0.190221467	0.231479652	0.148963282
1174	0.190546133	0.231864062	0.149228205
1175	0.1908686	0.23224588	0.14949132
1176	0.191173867	0.232584354	0.149763379
1177	0.191476733	0.232918891	0.150034575
1178	0.191762933	0.233252283	0.150273584
1179	0.192044867	0.233584597	0.150505136
1180	0.192322067	0.233873312	0.150770822
1181	0.192598067	0.234146284	0.151049849
1182	0.192911733	0.234493922	0.151329545
1183	0.193247333	0.234887105	0.151607562
1184	0.193578133	0.235252841	0.151903425
1185	0.1939024	0.23558791	0.15221689
1186	0.194237067	0.235953763	0.15252037
1187	0.1945904	0.236365312	0.152815488
1188	0.1949342	0.236754908	0.153113492
1189	0.195254933	0.237096208	0.153413658
1190	0.1955718	0.237432717	0.153710883
1191	0.195891867	0.237770866	0.154012868
1192	0.1962074	0.238106715	0.154308085
1193	0.1965198	0.238462007	0.154577593
1194	0.1968306	0.238815468	0.154845732
1195	0.197156467	0.239169525	0.155143408
1196	0.197482733	0.239522961	0.155442506
1197	0.197780133	0.239834217	0.155726049
1198	0.198072333	0.240141361	0.156003306
1199	0.198376467	0.240484572	0.156268362
1200	0.198682933	0.24083466	0.156531207
1201	0.1989838	0.24115537	0.15681223
1202	0.1992852	0.241463607	0.157106793
1203	0.1996002	0.241808827	0.157391573
1204	0.199922933	0.242181758	0.157664109
1205	0.200228533	0.242516403	0.157940663
1206	0.200515667	0.242808457	0.158222876
1207	0.200822	0.243129667	0.158514333
1208	0.201159333	0.243495183	0.158823484
1209	0.201501933	0.243858483	0.159145384
1210	0.201876133	0.244239785	0.159512482
1211	0.2022432	0.244618487	0.159867913
1212	0.202580733	0.244990456	0.160171011
1213	0.202913267	0.245355725	0.160470809
1214	0.2032354	0.245677707	0.160793093
1215	0.203553733	0.245995616	0.161111851
1216	0.203872133	0.246341209	0.161403057
1217	0.204185133	0.246684505	0.161685761
1218	0.204490333	0.247015991	0.161964675
1219	0.204796467	0.247345586	0.162247347
1220	0.205146667	0.247723106	0.162570227
1221	0.2055094	0.248112955	0.162905845
1222	0.205875667	0.248511665	0.163239669
1223	0.206241467	0.248914742	0.163568192
1224	0.206603667	0.249320413	0.16388692
1225	0.206962533	0.249723517	0.16420155
1226	0.2073014	0.250082849	0.164519951
1227	0.2076204	0.250399158	0.164841642
1228	0.207960467	0.250753661	0.165167272
1229	0.208333	0.251165689	0.165500311
1230	0.208709733	0.251584416	0.165835051
1231	0.20909	0.252016374	0.166163626
1232	0.209453133	0.252425011	0.166481256
1233	0.209770933	0.252777513	0.166764354
1234	0.2100922	0.253132676	0.167051724
1235	0.2104478	0.253497394	0.167398206
1236	0.210802133	0.253862564	0.167741703
1237	0.211150133	0.254275939	0.168024327
1238	0.211498067	0.254692759	0.168303374
1239	0.211808533	0.255016227	0.168600839
1240	0.212117333	0.255328556	0.168906111
1241	0.212461	0.255700047	0.169221953
1242	0.2128034	0.25607785	0.16952895
1243	0.213105267	0.256409672	0.169800862
1244	0.213398467	0.256730995	0.170065939
1245	0.213698467	0.257052239	0.170344695
1246	0.214002733	0.257376763	0.170628703
1247	0.214309067	0.257707247	0.170910886
1248	0.214614333	0.258030286	0.171198381
1249	0.214919067	0.258353674	0.171484459
1250	0.215228133	0.258690567	0.171765699
1251	0.215541467	0.259034461	0.172048473
1252	0.2158626	0.259398873	0.172326327
1253	0.216174133	0.259753937	0.17259433
1254	0.216434267	0.260047813	0.172820721
1255	0.216704533	0.260353718	0.173055349
1256	0.216992467	0.260668414	0.173316519
1257	0.217284067	0.26098313	0.173585003
1258	0.217575867	0.261281719	0.173870015
1259	0.217869933	0.261584235	0.174155632
1260	0.2181148	0.261851807	0.174377793
1261	0.218362133	0.262121493	0.174602774
1262	0.2186656	0.262443192	0.174888008
1263	0.2189814	0.262780486	0.175182314
1264	0.219288867	0.263111292	0.175466441
1265	0.219594333	0.263431693	0.175756974
1266	0.219899933	0.263743388	0.176056479
1267	0.2202128	0.264073571	0.176352029
1268	0.2205656	0.264436505	0.176694695
1269	0.220944333	0.264807983	0.177080684
1270	0.221317667	0.265191305	0.177444028
1271	0.221671733	0.265578018	0.177765449
1272	0.222022933	0.265966514	0.178079353
1273	0.2223918	0.266382204	0.178401396
1274	0.2227648	0.266784473	0.178745127
1275	0.223132067	0.267150387	0.179113746
1276	0.2234902	0.267522482	0.179457918
1277	0.223855667	0.267927823	0.17978351
1278	0.2242196	0.268333451	0.180105749
1279	0.224572333	0.268755547	0.180389119
1280	0.2249204	0.26916357	0.18067723
1281	0.225258733	0.26951497	0.181002497
1282	0.225600533	0.269873112	0.181327955
1283	0.225983267	0.270307717	0.181658816
1284	0.226364867	0.270741618	0.181988115
1285	0.226689333	0.271096121	0.182282546
1286	0.227009467	0.271444227	0.182574707
1287	0.227281933	0.271750903	0.182812964
1288	0.2275452	0.272048875	0.183041525
1289	0.227884	0.272424861	0.183343139
1290	0.228243467	0.272821489	0.183665444
1291	0.2285484	0.273151273	0.183945527
1292	0.228833733	0.27345755	0.184209917
1293	0.229100867	0.273740977	0.184460756
1294	0.229355533	0.274006207	0.18470486
1295	0.2296584	0.274323924	0.184992876
1296	0.229990733	0.274676528	0.185304939
1297	0.230271533	0.274985263	0.185557804
1298	0.2305208	0.275277614	0.185763986
1299	0.230798333	0.275591726	0.186004941
1300	0.231086333	0.275902444	0.186270223
1301	0.231357533	0.276212734	0.186502333
1302	0.231601733	0.276517387	0.18668608
1303	0.231865733	0.276832745	0.186898721
1304	0.232143667	0.277126165	0.187161168
1305	0.232430667	0.277436881	0.187424452
1306	0.232709067	0.277769251	0.187648882
1307	0.232992133	0.278098889	0.187885377
1308	0.2332438	0.278355199	0.188132401
1309	0.2334904	0.278609521	0.188371279
1310	0.2337188	0.278880412	0.188557188
1311	0.233972133	0.27918207	0.188762196
1312	0.234263533	0.279535903	0.188991164
1313	0.234546667	0.279876388	0.189216945
1314	0.234758	0.280072739	0.189443261
1315	0.234951467	0.2802405	0.189662433
1316	0.235241733	0.280520595	0.189962872
1317	0.235595933	0.280875685	0.190316182
1318	0.235861867	0.281165655	0.190558078
1319	0.236064067	0.281401573	0.19072656
1320	0.236305533	0.281692987	0.19091808
1321	0.236594	0.282041376	0.191146624
1322	0.2368654	0.28233724	0.19139356
1323	0.2370946	0.282539077	0.191650123
1324	0.237313333	0.282756353	0.191870313
1325	0.2375238	0.283041257	0.192006343
1326	0.237684733	0.283253137	0.192116329
1327	0.237784467	0.283347058	0.192221875
1328	0.237915933	0.283487622	0.192344244
1329	0.238089067	0.283677157	0.192500976
1330	0.238281733	0.283885162	0.192678305
1331	0.238438667	0.284015804	0.19286153
1332	0.238607733	0.284150513	0.193064953
1333	0.238823733	0.284364264	0.193283203
1334	0.239030933	0.284579218	0.193482648
1335	0.2391962	0.284796659	0.193595741
1336	0.239383533	0.285042959	0.193724108
1337	0.239733	0.2854305	0.1940355
1338	0.240105533	0.285832537	0.19437853
1339	0.240294333	0.286031028	0.194557639
1340	0.2404572	0.286210562	0.194703838
1341	0.240559	0.286416021	0.194701979
1342	0.240665267	0.286648658	0.194681875
1343	0.240622733	0.28669426	0.194551207
1344	0.240492733	0.286631687	0.19435378
1345	0.240419467	0.286667952	0.194170982
1346	0.2403378	0.286766518	0.193909082
1347	0.240277133	0.286893663	0.193660604
1348	0.2403232	0.287131137	0.193515263
1349	0.2402986	0.28722377	0.19337343
1350	0.240008667	0.286973852	0.193043482
1351	0.239612533	0.286642359	0.192582708
1352	0.2391	0.2862025	0.1919975
1353	0.238531733	0.28567737	0.191386097
1354	0.238113067	0.285618851	0.190607283
1355	0.2373702	0.28546139	0.18927901
1356	0.236522933	0.284524466	0.188521401
1357	0.2350488	0.282725836	0.187371764
1358	0.2327406	0.27946576	0.18601544
1359	0.2300508	0.275804129	0.184297471
1360	0.233072	0.279124829	0.187019171
1361	0.236393467	0.284562337	0.188224597
1362	0.223478	0.279540804	0.167415196
1363	0.2066918	0.276681484	0.136702116
1364	0.2164854	0.300485704	0.132485096
1365	0.235022067	0.342125695	0.127918438
1366	0.243048267	0.336484886	0.149611648
1367	0.247788667	0.330060483	0.16551685
1368	0.243658133	0.315297416	0.172018851
1369	0.239650133	0.316474733	0.162825534
1370	0.230399067	0.296233795	0.164564338
1371	0.222405467	0.282981077	0.161829857
1372	0.218888733	0.275600112	0.162177355
1373	0.217893333	0.271785121	0.164001546
1374	0.222880267	0.277341281	0.168419253
1375	0.226908667	0.284493638	0.169323695
1376	0.226701267	0.285054466	0.168348068
1377	0.227080733	0.287939315	0.166222151
1378	0.2318126	0.291603941	0.172021259
1379	0.234910133	0.293473751	0.176346516
1380	0.236995667	0.290868442	0.183122892
1381	0.2426362	0.290258851	0.195013549
1382	0.2398714	0.289575213	0.190167587
1383	0.2337382	0.290198728	0.177277672
1384	0.233502733	0.293243662	0.173761805
1385	0.233800267	0.292151544	0.175448989
1386	0.236411133	0.291838416	0.180983851
1387	0.244619333	0.298939883	0.190298784
1388	0.246904333	0.300885796	0.192922871
1389	0.241422333	0.297211945	0.185632722
1390	0.238624267	0.295303897	0.181944636
1391	0.2392008	0.294054825	0.184346775
1392	0.240580133	0.295077402	0.186082864
1393	0.239905467	0.294669969	0.185140964
1394	0.23753	0.292264984	0.182795016
1395	0.2356494	0.289605346	0.181693454
1396	0.234951333	0.288357306	0.181545361
1397	0.2364844	0.288088797	0.184880003
1398	0.238175933	0.288412727	0.18793914
1399	0.238774533	0.288141523	0.189407543
1400	0.238648467	0.287677083	0.189619851
1401	0.2372338	0.286243462	0.188224138
1402	0.236326533	0.285234685	0.187418382
1403	0.2370084	0.284693073	0.189323727
1404	0.2376208	0.284299576	0.190942024
1405	0.238772	0.285472076	0.192071924
1406	0.239955333	0.286848393	0.193062274
1407	0.2404598	0.286085098	0.194834502
1408	0.2407062	0.2851648	0.1962476
1409	0.241559667	0.286361273	0.196758061
1410	0.242477267	0.287877098	0.197077436
1411	0.2428792	0.288263202	0.197495198
1412	0.24291	0.288061529	0.197758471
1413	0.243370133	0.287997486	0.198742781
1414	0.243989733	0.288328812	0.199650654
1415	0.243975267	0.287960806	0.199989727
1416	0.2437558	0.287272578	0.200239022
1417	0.244039867	0.28740873	0.200671003
1418	0.244461267	0.2878062	0.201116334
1419	0.2446238	0.28796735	0.20128025
1420	0.244701733	0.288103992	0.201299475
1421	0.244920733	0.288068724	0.201772743
1422	0.2452462	0.287933281	0.202559119
1423	0.2456782	0.288113214	0.203243186
1424	0.246258933	0.28857444	0.203943427
1425	0.246665933	0.28881595	0.204515916
1426	0.2468682	0.288958902	0.204777498
1427	0.2470054	0.289119262	0.204891538
1428	0.247039733	0.289073792	0.205005675
1429	0.247175667	0.289083751	0.205267582
1430	0.247444933	0.289315218	0.205574649
1431	0.247646467	0.289505519	0.205787414
1432	0.2476536	0.289480219	0.205826981
1433	0.247572333	0.289368613	0.205776054
1434	0.247491067	0.289203014	0.205779119
1435	0.247519867	0.289132552	0.205907181
1436	0.2476462	0.2892448	0.2060476
1437	0.247748933	0.289342978	0.206154889
1438	0.248000867	0.289360678	0.206641055
1439	0.248241533	0.289364387	0.20711868
1440	0.248370733	0.289432356	0.207309111
1441	0.248505	0.289562142	0.207447858
1442	0.2486814	0.289692767	0.207670033
1443	0.248898533	0.289825896	0.207971171
1444	0.249324333	0.290140084	0.208508583
1445	0.249692733	0.290410776	0.20897469
1446	0.250021333	0.290594079	0.209448588
1447	0.250381533	0.290835882	0.209927185
1448	0.251028267	0.291537404	0.210519129
1449	0.251608	0.29218013	0.21103587
1450	0.251895	0.292415984	0.211374016
1451	0.252133467	0.292594603	0.21167233
1452	0.252497067	0.292964416	0.212029717
1453	0.252863133	0.29335657	0.212369697
1454	0.253261933	0.293814713	0.212709154
1455	0.2536118	0.294211238	0.213012362
1456	0.253989933	0.294592263	0.213387604
1457	0.254387933	0.294990333	0.213785534
1458	0.254696267	0.295277636	0.214114897
1459	0.254957467	0.2955275	0.214387433
1460	0.255176133	0.295787951	0.214564316
1461	0.255388867	0.296037629	0.214740104
1462	0.255547467	0.296206992	0.214887941
1463	0.255687133	0.296350945	0.215023322
1464	0.2558732	0.296525137	0.215221263
1465	0.256081933	0.296719628	0.215444238
1466	0.2562706	0.296884263	0.215656937
1467	0.256445067	0.29703828	0.215851853
1468	0.256658	0.297282821	0.216033179
1469	0.256915133	0.297591381	0.216238886
1470	0.257208733	0.297897085	0.216520382
1471	0.257491733	0.298162956	0.21682051
1472	0.257861333	0.29852545	0.217197217
1473	0.258341933	0.299013783	0.217670083
1474	0.258874533	0.299556658	0.218192409
1475	0.2594124	0.300120904	0.218703896
1476	0.259865467	0.300586505	0.219144428
1477	0.260271867	0.30095969	0.219584044
1478	0.2606986	0.301384283	0.220012917
1479	0.2611304	0.3018565	0.2204043
1480	0.261539333	0.302284047	0.22079462
1481	0.2619312	0.302693264	0.221169136
1482	0.2624044	0.303176571	0.221632229
1483	0.262976933	0.303729894	0.222223973
1484	0.263493667	0.304236121	0.222751212
1485	0.2639776	0.30472725	0.22322795
1486	0.264471867	0.305228441	0.223715293
1487	0.265018733	0.30577779	0.224259677
1488	0.265566067	0.306334651	0.224797483
1489	0.266161	0.306961971	0.225360029
1490	0.2667092	0.307551515	0.225866885
1491	0.267223133	0.308120291	0.226325975
1492	0.267702333	0.30864286	0.226761806
1493	0.268210333	0.309187327	0.22723334
1494	0.2687064	0.309727848	0.227684952
1495	0.2691668	0.310239204	0.228094396
1496	0.269607	0.310715053	0.228498947
1497	0.270069	0.311174303	0.228963697
1498	0.2705004	0.311617034	0.229383766
1499	0.270926333	0.312097729	0.229754938
1500	0.2713546	0.312574809	0.230134391
1501	0.271784933	0.313045626	0.230524241
1502	0.272209467	0.313511146	0.230907787
1503	0.272647667	0.313968286	0.231327047
1504	0.273071467	0.31440777	0.231735163
1505	0.2734426	0.314795065	0.232090135
1506	0.273817733	0.315191462	0.232444004
1507	0.274260667	0.315681417	0.232839916
1508	0.2746908	0.316155737	0.233225863
1509	0.2751328	0.316657182	0.233608418
1510	0.2755694	0.317157259	0.233981541
1511	0.275941067	0.317576791	0.234305343
1512	0.276295067	0.317975178	0.234614956
1513	0.276612667	0.318349306	0.234876027
1514	0.276930267	0.318720988	0.235139545
1515	0.2773362	0.319131862	0.235540538
1516	0.2777442	0.319542108	0.235946292
1517	0.2781242	0.319947177	0.236301223
1518	0.2784928	0.320343055	0.236642545
1519	0.2788316	0.320692092	0.236971108
1520	0.279167267	0.321036874	0.237297659
1521	0.279536933	0.321429071	0.237644796
1522	0.279906867	0.321823474	0.237990259
1523	0.2803018	0.322271921	0.238331679
1524	0.280696533	0.322721801	0.238671265
1525	0.281055067	0.323098142	0.239011991
1526	0.281406533	0.323462911	0.239350156
1527	0.2817922	0.323876658	0.239707742
1528	0.2821824	0.324296006	0.240068794
1529	0.282544467	0.324678599	0.240410334
1530	0.282904067	0.32505844	0.240749693
1531	0.283294467	0.325461287	0.241127647
1532	0.2836944	0.32587392	0.24151488
1533	0.284042733	0.326245451	0.241840016
1534	0.2843694	0.3265945	0.2421443
1535	0.2847274	0.326983524	0.242471276
1536	0.285095333	0.327387617	0.24280305
1537	0.285435267	0.327745042	0.243125491
1538	0.285769733	0.328091204	0.243448262
1539	0.286071933	0.328402706	0.24374116
1540	0.286365467	0.328703732	0.244027201
1541	0.286713733	0.329058344	0.244369123
1542	0.287081667	0.329435815	0.244727518
1543	0.287373667	0.329751989	0.244995344
1544	0.287631933	0.330037462	0.245226405
1545	0.2879004	0.330334289	0.245466511
1546	0.288177467	0.330638424	0.24571651
1547	0.288472667	0.330935398	0.246009935
1548	0.288777133	0.331230535	0.246323732
1549	0.2890882	0.3315525	0.2466239
1550	0.289404933	0.331892014	0.246917853
1551	0.2897002	0.332202206	0.247198194
1552	0.28998	0.332490093	0.247469907
1553	0.290304067	0.332817003	0.247791131
1554	0.290653933	0.33317079	0.248137077
1555	0.2909604	0.333468527	0.248452273
1556	0.291247667	0.333743032	0.248752302
1557	0.2915498	0.334043528	0.249056072
1558	0.291856667	0.334351573	0.24936176
1559	0.292147867	0.334665333	0.2496304
1560	0.292434067	0.334982588	0.249885546
1561	0.292749333	0.335348459	0.250150208
1562	0.293079067	0.335750684	0.25040745
1563	0.293363133	0.33606559	0.250660677
1564	0.293626467	0.336328615	0.250924319
1565	0.293876067	0.336590882	0.251161252
1566	0.294117	0.336856285	0.251377715
1567	0.294383533	0.337149291	0.251617775
1568	0.294671	0.337461211	0.251880789
1569	0.294955	0.337767733	0.252142267
1570	0.295235867	0.338070169	0.252401565
1571	0.295530467	0.338365547	0.252695386
1572	0.2958348	0.33866036	0.25300924
1573	0.296130933	0.338964833	0.253297034
1574	0.296433067	0.339285463	0.25358067
1575	0.296756933	0.339645408	0.253868459
1576	0.297086467	0.34002424	0.254148693
1577	0.297396333	0.340339853	0.254452813
1578	0.2976958	0.340614376	0.254777224
1579	0.298027333	0.340957825	0.255096842
1580	0.298377533	0.341345372	0.255409695
1581	0.298693933	0.341695291	0.255692576
1582	0.2989858	0.342016033	0.255955567
1583	0.299277267	0.342323329	0.256231204
1584	0.299569333	0.342625088	0.256513579
1585	0.299903733	0.342968455	0.256839012
1586	0.3002666	0.343340134	0.257193066
1587	0.300626333	0.343719662	0.257533005
1588	0.300983467	0.344102607	0.257864326
1589	0.30132	0.344449848	0.258190152
1590	0.301651267	0.344782461	0.258520072
1591	0.301940733	0.345107917	0.25877355
1592	0.302196533	0.345422078	0.258970989
1593	0.302540733	0.345822116	0.25925935
1594	0.302946333	0.346281631	0.259611035
1595	0.30329	0.346654193	0.259925807
1596	0.3035892	0.346964219	0.260214181
1597	0.303872867	0.347261295	0.260484438
1598	0.304150533	0.347556514	0.260744553
1599	0.304435733	0.347880185	0.260991282
1600	0.3047302	0.348223804	0.261236596
1601	0.305068667	0.34860416	0.261533174
1602	0.3054342	0.349007518	0.261860882
1603	0.3057488	0.349367738	0.262129862
1604	0.306034467	0.349707112	0.262361822
1605	0.306351333	0.350065593	0.262637074
1606	0.306683733	0.350429003	0.262938464
1607	0.307000333	0.350785483	0.263215184
1608	0.3073122	0.351142261	0.263482139
1609	0.307639933	0.351481235	0.263798632
1610	0.307973	0.351806986	0.264139014
1611	0.308308867	0.352154512	0.264463221
1612	0.308647067	0.352515739	0.264778394
1613	0.309043267	0.352945089	0.265141444
1614	0.309469133	0.353407567	0.2655307
1615	0.3097858	0.353744889	0.265826711
1616	0.310046067	0.354019268	0.266072866
1617	0.310303267	0.354303486	0.266303047
1618	0.3105588	0.354592269	0.266525331
1619	0.310863867	0.354894961	0.266832773
1620	0.3111916	0.355203381	0.267179819
1621	0.311457	0.355454502	0.267459498
1622	0.3116942	0.355680073	0.267708327
1623	0.311954467	0.355929599	0.267979334
1624	0.312225133	0.356190159	0.268260108
1625	0.31248	0.356430916	0.268529084
1626	0.312728333	0.356663565	0.268793102
1627	0.312967867	0.356907523	0.269028211
1628	0.313205	0.357156932	0.269253068
1629	0.313473467	0.357456154	0.269490779
1630	0.313754133	0.357774089	0.269734178
1631	0.3139966	0.358046406	0.269946794
1632	0.314228267	0.358305949	0.270150584
1633	0.314447067	0.358501396	0.270392738
1634	0.3146646	0.358680224	0.270648976
1635	0.3149262	0.358951987	0.270900413
1636	0.3152014	0.35925079	0.27115201
1637	0.3154308	0.359463775	0.271397825
1638	0.315650133	0.359656667	0.2716436
1639	0.315828467	0.359825229	0.271831704
1640	0.315999333	0.359990123	0.272008543
1641	0.3162192	0.360196294	0.272242106
1642	0.316449333	0.36041204	0.272486627
1643	0.316617133	0.360587586	0.272646681
1644	0.316775667	0.360757167	0.272794167
1645	0.316887467	0.360861524	0.272913409
1646	0.316992267	0.360955789	0.273028744
1647	0.3171374	0.361098205	0.273176595
1648	0.317288733	0.361248491	0.273328975
1649	0.317401133	0.361318119	0.273484147
1650	0.317509733	0.361380157	0.273639309
1651	0.317587467	0.361410778	0.273764155
1652	0.3176626	0.361440132	0.273885068
1653	0.3176772	0.361441597	0.273912803
1654	0.31769	0.361442803	0.273937197
1655	0.3177246	0.361402991	0.274046209
1656	0.317758533	0.361358854	0.274158212
1657	0.317852067	0.361361518	0.274342615
1658	0.317948067	0.361370276	0.274525857
1659	0.3179012	0.361290082	0.274512318
1660	0.3178494	0.361205124	0.274493676
1661	0.317813733	0.361126495	0.274500972
1662	0.317785733	0.361053064	0.274518403
1663	0.317830067	0.361054272	0.274605861
1664	0.317873067	0.361053732	0.274692401
1665	0.317911733	0.360998955	0.274824511
1666	0.317948933	0.360947399	0.274950468
1667	0.3179552	0.360915664	0.274994736
1668	0.317970667	0.360886474	0.275054859
1669	0.3180498	0.36089223	0.27520737
1670	0.318128267	0.3609099	0.275346634
1671	0.3182384	0.361016449	0.275460351
1672	0.318378733	0.361148768	0.275608699
1673	0.318589867	0.361316658	0.275863075
1674	0.318771133	0.361446638	0.276095629
1675	0.3188732	0.361488662	0.276257738
1676	0.319035333	0.361609307	0.27646136
1677	0.3193612	0.361938787	0.276783613
1678	0.319650933	0.362227223	0.277074644
1679	0.3198534	0.36242162	0.27728518
1680	0.320085	0.362647784	0.277522216
1681	0.3203662	0.362923335	0.277809065
1682	0.320638067	0.363208962	0.278067171
1683	0.320904533	0.363529128	0.278279938
1684	0.3211746	0.36383102	0.27851818
1685	0.3214496	0.364106657	0.278792543
1686	0.321665667	0.364322374	0.279008959
1687	0.321790333	0.364440338	0.279140329
1688	0.3219712	0.364629226	0.279313174
1689	0.322243067	0.364922284	0.27956385
1690	0.322489867	0.365168836	0.279810897
1691	0.322687333	0.365346895	0.280027772
1692	0.322827	0.365472056	0.280181944
1693	0.3229244	0.365561917	0.280286883
1694	0.323108867	0.36571867	0.280499064
1695	0.323357133	0.365922118	0.280792149
1696	0.3235026	0.3660621	0.2809431
1697	0.323567467	0.366140739	0.280994195
1698	0.323684533	0.366234655	0.281134412
1699	0.323849933	0.366362074	0.281337792
1700	0.323953533	0.366439479	0.281467587
1701	0.324017133	0.366483009	0.281551258
1702	0.324139667	0.366562001	0.281717332
1703	0.324293533	0.366667011	0.281920056
1704	0.3243978	0.366773647	0.282021953
1705	0.324475133	0.366864986	0.282085281
1706	0.324519467	0.366879684	0.282159249
1707	0.324559933	0.366882206	0.28223766
1708	0.324642533	0.366931366	0.2823537
1709	0.3247366	0.366986765	0.282486435
1710	0.324785533	0.36698608	0.282584987
1711	0.324826467	0.366984147	0.282668787
1712	0.324852667	0.366925847	0.282779487
1713	0.324877267	0.366853513	0.28290102
1714	0.3248006	0.366769288	0.282831912
1715	0.324712533	0.36668321	0.282741856
1716	0.324765333	0.366683376	0.282847291
1717	0.324830067	0.366697989	0.282962144
1718	0.3248028	0.366707265	0.282898335
1719	0.324769867	0.366703679	0.282836054
1720	0.324765867	0.366633169	0.282898565
1721	0.324748267	0.366551842	0.282944692
1722	0.324712467	0.366433823	0.28299111
1723	0.324704333	0.366356749	0.283051918
1724	0.3247826	0.366451535	0.283113665
1725	0.3248402	0.366497858	0.283182542
1726	0.324880267	0.366444486	0.283316048
1727	0.324950533	0.366453479	0.283447587
1728	0.325111333	0.366623763	0.283598904
1729	0.325293267	0.366823093	0.28376344
1730	0.325474267	0.36705849	0.283890043
1731	0.325718667	0.367352233	0.2840851
1732	0.326100667	0.367745207	0.284456126
1733	0.326476733	0.36812794	0.284825526
1734	0.326865333	0.368560322	0.285170344
1735	0.327299933	0.369091594	0.285508272
1736	0.327777267	0.369697931	0.285856602
1737	0.328134333	0.37014542	0.286123246
1738	0.328360467	0.370454657	0.286266276
1739	0.3286584	0.370836405	0.286480395
1740	0.329011533	0.371242853	0.286780214
1741	0.329402133	0.371646116	0.287158151
1742	0.329849533	0.372085237	0.28761383
1743	0.330198733	0.372439666	0.287957801
1744	0.3304814	0.372741052	0.288221748
1745	0.330762667	0.373048533	0.288476801
1746	0.331025933	0.373338701	0.288713166
1747	0.331206867	0.373541196	0.288872537
1748	0.3313604	0.373715335	0.289005465
1749	0.331541733	0.373874867	0.2892086
1750	0.3317506	0.374057523	0.289443677
1751	0.3319082	0.374204136	0.289612264
1752	0.3320392	0.374316708	0.289761692
1753	0.3321208	0.374419397	0.289822203
1754	0.3322068	0.374530648	0.289882952
1755	0.332334	0.374668204	0.289999796
1756	0.332476133	0.374828954	0.290123313
1757	0.332766	0.375180046	0.290351954
1758	0.333057267	0.3755139	0.290600634
1759	0.333195667	0.375605455	0.290785879
1760	0.333339933	0.375725338	0.290954528
1761	0.3335222	0.375894914	0.291149486
1762	0.333714333	0.376068483	0.291360184
1763	0.333952333	0.376290602	0.291614064
1764	0.334168533	0.376509486	0.29182758
1765	0.334378667	0.376819151	0.291938182
1766	0.3346062	0.37712228	0.29209012
1767	0.334807133	0.37734775	0.292266517
1768	0.335054667	0.377618377	0.292490956
1769	0.335396067	0.377962137	0.292829996
1770	0.3356868	0.378304074	0.293069526
1771	0.335891733	0.378619554	0.293163913
1772	0.336127067	0.378912238	0.293341895
1773	0.3363396	0.379122625	0.293556575
1774	0.336507333	0.379308381	0.293706286
1775	0.336728733	0.379594407	0.293863059
1776	0.3369468	0.379867703	0.294025897
1777	0.337124067	0.380064143	0.294183991
1778	0.337341267	0.38026497	0.294417563
1779	0.3375982	0.380489693	0.294706707
1780	0.337729467	0.380606505	0.294852428
1781	0.337817533	0.380703814	0.294931252
1782	0.338022133	0.380897768	0.295146499
1783	0.338262067	0.381106879	0.295417254
1784	0.338496	0.381480309	0.295511691
1785	0.3387014	0.381863321	0.295539479
1786	0.338857267	0.382035484	0.29567905
1787	0.339084867	0.382240036	0.295929697
1788	0.339190733	0.382234134	0.296147333
1789	0.339186867	0.382139633	0.2962341
1790	0.339148533	0.382093719	0.296203348
1791	0.339115267	0.382069043	0.29616149
1792	0.3389284	0.381922977	0.295933823
1793	0.338786067	0.381808981	0.295763152
1794	0.338887333	0.381903936	0.29587073
1795	0.338913867	0.381915106	0.295912627
1796	0.3384664	0.381509212	0.295423588
1797	0.3381848	0.381342718	0.295026882
1798	0.338568467	0.381877501	0.295259432
1799	0.338756533	0.382063977	0.295449089
1800	0.338445067	0.381529078	0.295361055
1801	0.331784867	0.374389346	0.289180387
1802	0.3342764	0.374568467	0.293984333
1803	0.335507533	0.377102059	0.293913008
1804	0.336584667	0.380522307	0.292647026
1805	0.338569067	0.384059156	0.293078977
1806	0.340323333	0.386984482	0.293662184
1807	0.3368262	0.384258438	0.289393962
1808	0.335110133	0.382757402	0.287462864
1809	0.340014733	0.389223886	0.290805581
1810	0.336188467	0.386020587	0.286356346
1811	0.3290998	0.378545899	0.279653701
1812	0.323872533	0.372561723	0.275183343
1813	0.320442133	0.369829893	0.271054374
1814	0.319011533	0.368818324	0.269204743
1815	0.318812067	0.367930814	0.269693319
1816	0.3136284	0.365092659	0.262164141
1817	0.307775333	0.366210401	0.249340265
1818	0.312278933	0.37646198	0.248095886
1819	0.325718867	0.395579051	0.255858683
1820	0.333106867	0.409601477	0.256612256
1821	0.334694867	0.419981777	0.249407956
1822	0.343859533	0.440680484	0.247038583
1823	0.3604316	0.473438393	0.247424807
1824	0.3505356	0.475252912	0.225818288
1825	0.315571467	0.44916575	0.181977184
1826	0.289615	0.427951895	0.151278105
1827	0.2884248	0.428028489	0.148821111
1828	0.313315467	0.485775199	0.140855735
1829	0.337565867	0.575391361	0.099740372
1830	0.347820133	0.654643685	0.040996582
1831	0.3822912	0.751524108	0.013058292
1832	0.463622667	0.869273331	0.057972002
1833	0.383793067	0.728910914	0.03867522
1834	0.270693867	0.610832335	-0.069444602
1835	0.2727538	0.789311342	-0.243803742
1836	0.140449067	0.326394161	-0.045496027
1837	0.092133	0.218789443	-0.034523443
1838	0.116493933	0.321273843	-0.088285976
1839	0.174154667	0.491887989	-0.143578655
1840	0.2352246	0.62168619	-0.15123699
1841	0.336975067	0.857485236	-0.183535103
1842	0.278191933	0.751203829	-0.194819962
1843	0.100996867	0.245650565	-0.043656832
1844	0.054597333	0.131800014	-0.022605347
1845	0.069931867	0.148770446	-0.008906712
1846	0.1929706	0.453461967	-0.067520767
1847	0.377678267	0.801534874	-0.04617834
1848	0.603370533	1.35324581	-0.146504743
1849	0.162426133	0.412376146	-0.08752388
1850	23.190841	58.55621054	-12.17452854
1851	1.165398733	2.653073897	-0.32227643
1852	0.4486402	1.124389902	-0.227109502
1853	0.107553067	0.417388131	-0.202281998
1854	0.179423933	0.452457013	-0.093609147
1855	0.108571667	0.285120879	-0.067977545
1856	0.1413522	0.334391043	-0.051686643
1857	0.195782933	0.443773652	-0.052207785
1858	0.227601733	0.511990101	-0.056786635
1859	0.4875312	1.352011615	-0.376949215
1860	0.063799	0.178962367	-0.051364367
1861	0.0694658	0.189047224	-0.050115624
1862	0.078230867	0.257204046	-0.100742313
1863	0.524814133	1.141035441	-0.091407174
1864	0.9226882	2.435324119	-0.589947719
1865	0.099121533	0.297613583	-0.099370516
1866	0.077303467	0.218844499	-0.064237566
1867	0.0662532	0.199374536	-0.066868136
1868	0.057380267	0.17752642	-0.062765886
1869	0.045524	0.155912571	-0.064864571
1870	0.0466694	0.176831265	-0.083492465
1871	0.063621133	0.231434654	-0.104192387
1872	0.104966	0.336237862	-0.126305862
1873	0.1376932	0.523652608	-0.248266208
1874	0.1105908	0.357330888	-0.136149288
1875	1.402137533	4.135171433	-1.330896366
1876	0.401763667	0.745664033	0.0578633
1877	1.084534467	2.615021572	-0.445952638
1878	0.448230867	0.871062451	0.025399282
1879	0.2518126	0.460467738	0.043157462
1880	0.2367506	0.448492818	0.025008382
1881	0.283855867	0.57549087	-0.007779137
1882	0.3670512	0.826456643	-0.092354243
1883	0.7971722	1.901306484	-0.306962084
1884	4.492952133	11.57828957	-2.592385308
1885	0.8989394	2.204854723	-0.406975923
1886	0.4530764	1.077184601	-0.171031801
1887	0.299925867	0.627107652	-0.027255919
1888	0.2476864	0.449269283	0.046103517
1889	0.2333078	0.385909524	0.080706076
1890	0.2595198	0.41559025	0.10344935
1891	0.2988344	0.507406204	0.090262596
1892	0.298961	0.510932242	0.086989758
1893	0.303804267	0.52358797	0.084020564
1894	0.319607667	0.534303737	0.104911596
1895	0.3817568	0.723651067	0.039862533
1896	0.300279867	0.56098121	0.039578523
1897	0.204909	0.369058924	0.040759076
1898	0.167671533	0.331801486	0.003541581
1899	0.1824142	0.382971901	-0.018143501
1900	0.213144467	0.50370548	-0.077416547
1901	0.359717333	0.92274511	-0.203310443
1902	0.894859533	2.698422375	-0.908703309
1903	0.511531467	1.34526193	-0.322198997
1904	0.657437067	1.943594277	-0.628720143
1905	0.070475333	0.212860701	-0.071910034
1906	0.0348862	0.106544614	-0.036772214
1907	0.243095333	0.668912577	-0.182721911
1908	0.214692667	0.492905535	-0.063520202
1909	0.275860667	0.582964435	-0.031243102
1910	0.317404467	0.632469096	0.002339838
1911	0.3324	0.66228662	0.00251338
1912	0.274110667	0.522406071	0.025815262
1913	0.2418284	0.458915054	0.024741746
1914	0.2303608	0.392459618	0.068261982
1915	0.225005467	0.359162854	0.090848079
1916	0.224306333	0.349517483	0.099095183
1917	0.225988667	0.357437816	0.094539517
1918	0.226639933	0.352966137	0.100313729
1919	0.230663733	0.345722497	0.11560497
1920	0.2393362	0.353570617	0.125101783
1921	0.2430572	0.344987179	0.141127221
1922	0.246471333	0.342514921	0.150427745
1923	0.251258133	0.339724496	0.162791771
1924	0.257144733	0.343781598	0.170507868
1925	0.259426933	0.326879379	0.191974488
1926	0.259708267	0.314231703	0.20518483
1927	0.260863733	0.311430302	0.210297164
1928	0.263896333	0.314316896	0.213475771
1929	0.267868	0.321631771	0.214104229
1930	0.2724578	0.326966093	0.217949507
1931	0.276910933	0.332247894	0.221573973
1932	0.288224533	0.340596039	0.235853028
1933	0.297961067	0.349867946	0.246054187
1934	0.299623667	0.352492953	0.24675438
1935	0.300247467	0.356269182	0.244225751
1936	0.299822333	0.354685314	0.244959353
1937	0.2990628	0.351271852	0.246853748
1938	0.2996898	0.34964881	0.24973079
1939	0.3015586	0.350186587	0.252930613
1940	0.303920733	0.351666723	0.256174744
1941	0.308561533	0.354778133	0.262344934
1942	0.3124494	0.357795317	0.267103483
1943	0.3145472	0.357065391	0.272029009
1944	0.316440067	0.357135872	0.275744261
1945	0.316698467	0.357699836	0.275697098
1946	0.3163452	0.358359107	0.274331293
1947	0.314841	0.356911834	0.272770166
1948	0.312935933	0.354686994	0.271184873
1949	0.3114864	0.353808262	0.269164538
1950	0.3106016	0.354281919	0.266921281
1951	0.310589467	0.355319834	0.265859099
1952	0.3142316	0.358882148	0.269581052
1953	0.317878467	0.363023434	0.2727335
1954	0.318058933	0.361312999	0.274804868
1955	0.318160333	0.359896729	0.276423937
1956	0.3181864	0.359207549	0.277165251
1957	0.318188333	0.358990337	0.27738633
1958	0.318740867	0.359451815	0.278029918
1959	0.319615667	0.360301931	0.278929402
1960	0.3212482	0.361909954	0.280586446
1961	0.324133733	0.364724795	0.283542672
1962	0.3265176	0.367265218	0.285769982
1963	0.3281724	0.369654698	0.286690102
1964	0.3295854	0.371721283	0.287449517
1965	0.3302034	0.372383891	0.288022909
1966	0.3306812	0.372885918	0.288476482
1967	0.331349467	0.373240757	0.289458176
1968	0.3320376	0.373603402	0.290471798
1969	0.332951067	0.37451338	0.291388754
1970	0.334055933	0.375862288	0.292249578
1971	0.335229667	0.377245251	0.293214082
1972	0.3366192	0.378765453	0.294472947
1973	0.337830267	0.380132058	0.295528475
1974	0.338400267	0.38080815	0.295992383
1975	0.338924067	0.381440424	0.29640771
1976	0.3390908	0.381571869	0.296609731
1977	0.3392164	0.381669251	0.296763549
1978	0.3402764	0.382887594	0.297665206
1979	0.341654267	0.384528545	0.298779988
1980	0.342366267	0.385383971	0.299348563
1981	0.3425776	0.385622588	0.299532612
1982	0.342967	0.386028495	0.299905505
1983	0.343667333	0.386670888	0.300663778
1984	0.344344533	0.387362991	0.301326076
1985	0.344955467	0.388575632	0.301335301
1986	0.345560733	0.389788115	0.301333352
1987	0.344920867	0.388997644	0.30084409
1988	0.3442152	0.388102675	0.300327725
1989	0.3447164	0.388445205	0.300987595
1990	0.345567333	0.389119209	0.302015457
1991	0.346106867	0.389635737	0.302577997
1992	0.346500867	0.390151879	0.302849854
1993	0.3468244	0.390636461	0.303012339
1994	0.346797333	0.390754474	0.302840192
1995	0.346695733	0.390698101	0.302693365
1996	0.346561933	0.390255768	0.302868098
1997	0.346458267	0.38983214	0.303084393
1998	0.347289133	0.39096217	0.303616097
1999	0.348287867	0.39239688	0.304178853
2000	0.348150733	0.392400541	0.303900926
2001	0.347619333	0.391951392	0.303287274
2002	0.347725733	0.392045223	0.303406244
2003	0.348512733	0.392644152	0.304381315
2004	0.348851333	0.393070042	0.304632624
2005	0.3481704	0.392936754	0.303404046
2006	0.347761867	0.393025221	0.302498513
2007	0.3488326	0.394279441	0.303385759
2008	0.3498202	0.395532061	0.304108339
2009	0.350050867	0.395550672	0.304551061
2010	0.350237133	0.395468681	0.305005585
2011	0.350507333	0.395217341	0.305797325
2012	0.350894	0.395184704	0.306603296
2013	0.3513412	0.395577486	0.307104914
2014	0.3514826	0.395960829	0.307004371
2015	0.351893	0.396634755	0.307151245
2016	0.352359467	0.397385044	0.307333889
2017	0.352398667	0.397602431	0.307194902
2018	0.352640933	0.397750013	0.307531853
2019	0.3529202	0.39787281	0.30796759
2020	0.353417667	0.397978688	0.308856645
2021	0.3538802	0.398150277	0.309610123
2022	0.354348933	0.398817959	0.309879907
2023	0.354639667	0.399266066	0.310013267
2024	0.3554864	0.400210451	0.310762349
2025	0.356388933	0.40120626	0.311571606
2026	0.356463733	0.401177749	0.311749718
2027	0.3562028	0.400755799	0.311649801
2028	0.3558974	0.400346613	0.311448187
2029	0.3555594	0.399990824	0.311127976
2030	0.355400333	0.399891374	0.310909292
2031	0.3558596	0.400502702	0.311216498
2032	0.3562938	0.401103838	0.311483762
2033	0.3562118	0.401180072	0.311243528
2034	0.356025067	0.401134522	0.310915611
2035	0.356178467	0.400963877	0.311393056
2036	0.356481667	0.400947249	0.312016084
2037	0.3564742	0.40081982	0.31212858
2038	0.356240067	0.400576111	0.311904023
2039	0.356086267	0.400509192	0.311663341
2040	0.355904333	0.400440921	0.311367746
2041	0.355733	0.400347554	0.311118446
2042	0.3558028	0.400377323	0.311228277
2043	0.355809067	0.40035066	0.311267473
2044	0.355495933	0.399825294	0.311166573
2045	0.3551474	0.399254143	0.311040657
2046	0.3546472	0.398742013	0.310552387
2047	0.354089533	0.39824212	0.309936947
2048	0.3532716	0.397435552	0.309107648
2049	0.3524294	0.39656256	0.30829624
2050	0.352058933	0.396199394	0.307918473
2051	0.352060733	0.396297829	0.307823637
2052	0.352300333	0.396488328	0.308112339
2053	0.352610133	0.396610046	0.30861022
2054	0.352711267	0.396628188	0.308794346
2055	0.352480933	0.396390853	0.308571014
2056	0.352221267	0.396116178	0.308326355
2057	0.3517444	0.395705011	0.307783789
2058	0.351276733	0.395321691	0.307231776
2059	0.350706867	0.394708727	0.306705006
2060	0.350005867	0.393937536	0.306074198
2061	0.349883133	0.393750138	0.306016129
2062	0.350011467	0.39384303	0.306179903
2063	0.349989867	0.393885442	0.306094292
2064	0.350326867	0.394364808	0.306288925
2065	0.350477267	0.394699746	0.306254787
2066	0.349923	0.394243914	0.305602086
2067	0.349474867	0.393806894	0.305142839
2068	0.3495138	0.393920732	0.305106868
2069	0.3495178	0.3939663	0.3050693
2070	0.3493306	0.393696285	0.304964915
2071	0.3491748	0.393466271	0.304883329
2072	0.349330067	0.393489093	0.30517104
2073	0.349512067	0.39350887	0.305515264
2074	0.349504267	0.393514805	0.305493728
2075	0.349458267	0.393456289	0.305460245
2076	0.3494888	0.393553979	0.305423621
2077	0.3494474	0.393722565	0.305172235
2078	0.3493362	0.393688947	0.304983453
2079	0.349238533	0.393496308	0.304980758
2080	0.348953133	0.393123553	0.304782713
2081	0.348617333	0.392853361	0.304381306
2082	0.348456733	0.392744569	0.304168897
2083	0.348781467	0.393058548	0.304504386
2084	0.349115667	0.393414129	0.304817204
2085	0.349283667	0.39363426	0.304933073
2086	0.349407533	0.393773056	0.30504201
2087	0.3495874	0.393888086	0.305286714
2088	0.349819133	0.393995667	0.3056426
2089	0.349819	0.393784045	0.305853955
2090	0.349551733	0.393354845	0.305748622
2091	0.3494116	0.393265313	0.305557887
2092	0.3493818	0.393543985	0.305219615
2093	0.349418	0.393744583	0.305091417
2094	0.349617533	0.393949706	0.30528536
2095	0.349612467	0.393985379	0.305239555
2096	0.349196733	0.39355034	0.304843127
2097	0.348922133	0.393301338	0.304542929
2098	0.3488566	0.393355858	0.304357342
2099	0.3487196	0.393311105	0.304128095
2100	0.348665867	0.39323248	0.304099253
2101	0.348755267	0.393320665	0.304189869
2102	0.348771067	0.39328679	0.304255344
2103	0.348783	0.393237526	0.304328474
2104	0.348774667	0.393262652	0.304286682
2105	0.348729067	0.393264509	0.304193624
2106	0.348465667	0.393046824	0.303884509
2107	0.347948867	0.392591389	0.303306344
2108	0.347643	0.39229893	0.30298707
2109	0.3477702	0.392531133	0.303009267
2110	0.3478882	0.392794603	0.302981797
2111	0.347999867	0.392946157	0.303053576
2112	0.348023133	0.392971503	0.303074764
2113	0.347973133	0.392828778	0.303117488
2114	0.348038933	0.392779053	0.303298813
2115	0.348250533	0.392917082	0.303583985
2116	0.348345467	0.392989609	0.303701324
2117	0.348155	0.392801984	0.303508016
2118	0.347943	0.392633196	0.303252804
2119	0.3481236	0.392839927	0.303407273
2120	0.348132	0.39280884	0.30345516
2121	0.348192067	0.392829952	0.303554181
2122	0.348478867	0.393196719	0.303761015
2123	0.348456333	0.393228138	0.303684528
2124	0.348723933	0.393494939	0.303952927
2125	0.349009867	0.393813585	0.304206149
2126	0.3489254	0.393616605	0.304234195
2127	0.348863467	0.393427518	0.304299416
2128	0.348908467	0.393477252	0.304339681
2129	0.348828667	0.393425159	0.304232174
2130	0.3486656	0.393197863	0.304133337
2131	0.3487144	0.393179892	0.304248908
2132	0.348973467	0.393276093	0.304670841
2133	0.349344667	0.393604364	0.305084969
2134	0.3496358	0.394085609	0.305185991
2135	0.3496844	0.394384996	0.304983804
2136	0.349738	0.394701772	0.304774228
2137	0.349781067	0.394763036	0.304799098
2138	0.350021867	0.394947429	0.305096305
2139	0.350063133	0.394899525	0.305226742
2140	0.349967733	0.394738747	0.305196719
2141	0.349912467	0.394738752	0.305086181
2142	0.349904933	0.394793538	0.305016329
2143	0.350011867	0.394968862	0.305054871
2144	0.350156067	0.395180528	0.305131606
2145	0.350438	0.395444236	0.305431764
2146	0.3508176	0.39582173	0.30581347
2147	0.350848867	0.395919812	0.305777921
2148	0.350659133	0.39570528	0.305612986
2149	0.350271733	0.3952395	0.305303967
2150	0.34985	0.394857227	0.304842773
2151	0.349880067	0.395028851	0.304731283
2152	0.350094067	0.395323054	0.304865079
2153	0.3501952	0.395422785	0.304967615
2154	0.350435067	0.395530618	0.305339516
2155	0.350862267	0.395901508	0.305823025
2156	0.3513782	0.396612545	0.306143855
2157	0.351824333	0.397262848	0.306385819
2158	0.351985667	0.397564168	0.306407165
2159	0.351985733	0.397660644	0.306310823
2160	0.3517884	0.397246338	0.306330462
2161	0.351659867	0.396788375	0.306531358
2162	0.3516626	0.39666152	0.30666368
2163	0.351804667	0.39686943	0.306739903
2164	0.351979067	0.397070395	0.306887738
2165	0.351968733	0.396988061	0.306949406
2166	0.352009733	0.397072608	0.306946859
2167	0.351980733	0.397171832	0.306789635
2168	0.352195667	0.397427231	0.306964102
2169	0.352886867	0.398132663	0.307641071
2170	0.3536324	0.398913166	0.308351634
2171	0.354080533	0.399181933	0.308979133
2172	0.354465667	0.399395667	0.309535667
2173	0.354704	0.399749078	0.309658922
2174	0.354736933	0.399925887	0.30954798
2175	0.354358333	0.399500489	0.309216178
2176	0.354041133	0.399097764	0.308984502
2177	0.354030667	0.39908699	0.308974343
2178	0.354057733	0.399149231	0.308966236
2179	0.354174133	0.399328875	0.309019392
2180	0.354298	0.399490096	0.309105904
2181	0.3542172	0.39938346	0.30905094
2182	0.354242467	0.399401588	0.309083346
2183	0.354312267	0.399360341	0.309264193
2184	0.354395133	0.399336689	0.309453578
2185	0.3545436	0.399399666	0.309687534
2186	0.354609467	0.399404354	0.30981458
2187	0.354954533	0.399748484	0.310160583
2188	0.355592867	0.400449557	0.310736176
2189	0.355842267	0.400798524	0.31088601
2190	0.355847733	0.400848941	0.310846526
2191	0.355905933	0.40090631	0.310905557
2192	0.355707467	0.400719879	0.310695054
2193	0.355560667	0.400566188	0.310555146
2194	0.3556694	0.400481472	0.310857328
2195	0.355748667	0.400367647	0.311129686
2196	0.355858533	0.400525889	0.311191178
2197	0.3559702	0.400726765	0.311213635
2198	0.3555448	0.400362902	0.310726698
2199	0.3551456	0.399968594	0.310322606
2200	0.3555234	0.400219956	0.310826844
2201	0.356221067	0.400816725	0.311625408
2202	0.356304867	0.40082102	0.311788713
2203	0.3560728	0.400621349	0.311524251
2204	0.355984333	0.400656154	0.311312513
2205	0.3559688	0.400834398	0.311103202
2206	0.356148267	0.401096406	0.311200127
2207	0.3563586	0.401082339	0.311634861
2208	0.3565692	0.401126981	0.312011419
2209	0.356610533	0.401125786	0.31209528
2210	0.356737933	0.401271578	0.312204289
2211	0.357210667	0.40195534	0.312465993
2212	0.3576204	0.402626334	0.312614466
2213	0.3577576	0.402954462	0.312560738
2214	0.357876267	0.40318577	0.312566764
2215	0.357981267	0.403266493	0.31269604
2216	0.358164933	0.40345095	0.312878916
2217	0.358148667	0.403387932	0.312909401
2218	0.357780933	0.402946	0.312615867
2219	0.357507867	0.402691838	0.312323895
2220	0.357457333	0.402661989	0.312252677
2221	0.3573764	0.402620484	0.312132316
2222	0.357379667	0.40275894	0.312000393
2223	0.357467267	0.402853222	0.312081312
2224	0.357520867	0.402809867	0.312231866
2225	0.357457	0.402774809	0.312139191
2226	0.357131133	0.402561109	0.311701157
2227	0.3567336	0.402295816	0.311171384
2228	0.3563148	0.401931621	0.310697979
2229	0.355939867	0.401594872	0.310284862
2230	0.355525667	0.401107315	0.309944019
2231	0.355093133	0.40055997	0.309626297
2232	0.354504733	0.400027709	0.308981758
2233	0.3538676	0.399556475	0.308178725
2234	0.353377733	0.399258909	0.307496557
2235	0.3529546	0.398979437	0.306929763
2236	0.352457867	0.398507779	0.306407954
2237	0.351886067	0.397994332	0.305777802
2238	0.350961733	0.397231162	0.304692305
2239	0.350016	0.396407329	0.303624671
2240	0.3490838	0.395519032	0.302648568
2241	0.348440733	0.394835942	0.302045525
2242	0.348016067	0.394177061	0.301855072
2243	0.347610667	0.393434766	0.301786568
2244	0.347284933	0.392981025	0.301588842
2245	0.346558933	0.392371031	0.300746835
2246	0.345613133	0.391499461	0.299726806
2247	0.344506333	0.390518015	0.298494652
2248	0.3434072	0.389390275	0.297424125
2249	0.342748933	0.388316972	0.297180894
2250	0.342322533	0.387625394	0.297019673
2251	0.341896067	0.387207212	0.296584921
2252	0.341240333	0.386550811	0.295929855
2253	0.34032	0.385696679	0.294943321
2254	0.3394436	0.384947918	0.293939282
2255	0.338617733	0.38432916	0.292906307
2256	0.3377894	0.383685044	0.291893756
2257	0.337080733	0.382837961	0.291323506
2258	0.336428333	0.381946847	0.290909819
2259	0.335998533	0.381374604	0.290622463
2260	0.3357066	0.380982434	0.290430766
2261	0.3356358	0.380877717	0.290393883
2262	0.335598	0.380831267	0.290364733
2263	0.335354933	0.380667939	0.290041927
2264	0.3351388	0.380634732	0.289642868
2265	0.335043067	0.380683114	0.28940302
2266	0.3347202	0.380478953	0.288961447
2267	0.334379933	0.380226667	0.2885332
2268	0.3339718	0.379728344	0.288215256
2269	0.333592133	0.379274945	0.287909322
2270	0.3333232	0.379001954	0.287644446
2271	0.333189	0.378892823	0.287485177
2272	0.3336246	0.379494642	0.287754558
2273	0.333836933	0.379833305	0.287840562
2274	0.333563933	0.379720912	0.287406955
2275	0.333368133	0.379710978	0.287025288
2276	0.333693333	0.38014113	0.287245536
2277	0.334094133	0.380603755	0.287584511
2278	0.333877667	0.380214292	0.287541041
2279	0.333464333	0.37960137	0.287327297
2280	0.333319467	0.379451267	0.287187666
2281	0.333154933	0.379251614	0.287058253
2282	0.332755733	0.37867024	0.286841227
2283	0.3324436	0.378276567	0.286610633
2284	0.332637133	0.37845594	0.286818327
2285	0.332996867	0.378786127	0.287207606
2286	0.333246533	0.379136367	0.2873567
2287	0.333428667	0.379571946	0.287285388
2288	0.333377733	0.379610715	0.287144752
2289	0.332923733	0.378989848	0.286857619
2290	0.332652667	0.378658471	0.286646863
2291	0.3328414	0.378880962	0.286801838
2292	0.332876933	0.379020273	0.286733594
2293	0.3326998	0.379052989	0.286346611
2294	0.332319333	0.378846108	0.285792559
2295	0.331672867	0.378261372	0.285084361
2296	0.3312292	0.377886298	0.284572102
2297	0.331409933	0.378219885	0.284599982
2298	0.3316278	0.378562067	0.284693533
2299	0.331513733	0.378375038	0.284652429
2300	0.331349867	0.378158035	0.284541698
2301	0.3312928	0.378308212	0.284277388
2302	0.331243733	0.378516139	0.283971328
2303	0.3307326	0.378157728	0.283307472
2304	0.329981067	0.377493763	0.28246837
2305	0.3292042	0.376757464	0.281650936
2306	0.328664867	0.37630326	0.281026474
2307	0.328707133	0.376400106	0.281014161
2308	0.328854467	0.37658348	0.281125453
2309	0.3289128	0.376848107	0.280977493
2310	0.329059133	0.377218842	0.280899424
2311	0.329573067	0.377778196	0.281367938
2312	0.330063733	0.378200967	0.2819265
2313	0.3310728	0.379099357	0.283046243
2314	0.332085067	0.380065834	0.284104299
2315	0.3329924	0.380878974	0.285105826
2316	0.333962333	0.381726477	0.286198189
2317	0.3346306	0.382301371	0.286959829
2318	0.3355812	0.38334709	0.28781531
2319	0.336259467	0.384057918	0.288461015
2320	0.336093133	0.383556622	0.288629645
2321	0.336132333	0.383419875	0.288844792
2322	0.336465333	0.384011354	0.288919313
2323	0.3367858	0.384515018	0.289056582
2324	0.336927333	0.384799503	0.289055164
2325	0.337007133	0.385021209	0.288993058
2326	0.3372298	0.385029103	0.289430497
2327	0.3373742	0.38500501	0.28974339
2328	0.337344467	0.385014088	0.289674846
2329	0.337499667	0.385239346	0.289759988
2330	0.337742067	0.385686894	0.28979724
2331	0.337929533	0.386148131	0.289710936
2332	0.3380334	0.386443344	0.289623456
2333	0.337994133	0.386503234	0.289485033
2334	0.3377762	0.386263725	0.289288675
2335	0.3376278	0.386115898	0.289139702
2336	0.337148267	0.38568363	0.288612904
2337	0.3365566	0.385179278	0.287933922
2338	0.336151067	0.384808306	0.287493827
2339	0.336052867	0.384722086	0.287383647
2340	0.336363067	0.385028978	0.287697156
2341	0.336420867	0.385042482	0.287799251
2342	0.3359856	0.384494104	0.287477096
2343	0.335335133	0.383710711	0.286959556
2344	0.335003733	0.383491885	0.286515581
2345	0.334901667	0.383667917	0.286135416
2346	0.3347618	0.383583966	0.285939634
2347	0.334353533	0.382918879	0.285788187
2348	0.333878067	0.382027517	0.285728616
2349	0.334005933	0.3819641	0.286047767
2350	0.3343696	0.382310427	0.286428773
2351	0.334607467	0.382440993	0.28677394
2352	0.3346144	0.382676186	0.286552614
2353	0.334412933	0.383141797	0.28568407
2354	0.3344868	0.383691129	0.285282471
2355	0.335241467	0.384666567	0.285816366
2356	0.3363394	0.38580587	0.28687293
2357	0.337619333	0.386822797	0.288415869
2358	0.3388194	0.3878381	0.2898007
2359	0.3393824	0.388173428	0.290591372
2360	0.339487533	0.38804336	0.290931707
2361	0.338921533	0.387332411	0.290510655
2362	0.338605933	0.386966812	0.290245054
2363	0.339227667	0.387553647	0.290901686
2364	0.339909333	0.388208645	0.291610022
2365	0.3394514	0.38778639	0.29111641
2366	0.338646	0.386982433	0.290309567
2367	0.338036467	0.386100598	0.289972335
2368	0.337529733	0.385291233	0.289768234
2369	0.338184333	0.386046794	0.290321873
2370	0.3393924	0.387584228	0.291200572
2371	0.339346867	0.387824227	0.290869507
2372	0.338658933	0.387258674	0.290059193
2373	0.337785133	0.386291659	0.289278608
2374	0.3368972	0.385458888	0.288335512
2375	0.337145467	0.386151886	0.288139047
2376	0.337730867	0.387132082	0.288329651
2377	0.3376308	0.386555174	0.288706426
2378	0.337109933	0.385345854	0.288874013
2379	0.336118667	0.38406597	0.288171363
2380	0.335207933	0.383091313	0.287324553
2381	0.333893733	0.381372835	0.286414631
2382	0.333270867	0.380468684	0.286073049
2383	0.333580333	0.380801083	0.286359584
2384	0.332978333	0.380327336	0.285629331
2385	0.3334734	0.381534255	0.285412545
2386	0.3348104	0.383451208	0.286169592
2387	0.336111467	0.384845637	0.287377296
2388	0.3380608	0.387034335	0.289087265
2389	0.338753467	0.38776962	0.289737313
2390	0.339262533	0.387961981	0.290563085
2391	0.339707133	0.38830071	0.291113557
2392	0.338540933	0.387232888	0.289848978
2393	0.338670133	0.387539268	0.289800999
2394	0.340102267	0.388987124	0.291217409
2395	0.3411248	0.389916047	0.292333553
2396	0.341356267	0.389949878	0.292762656
2397	0.341167467	0.389612124	0.292722809
2398	0.340228133	0.388505379	0.291950887
2399	0.339003533	0.387205815	0.290801251
2400	0.337439933	0.385688192	0.289191675
2401	0.336007733	0.384310405	0.287705062
2402	0.3368202	0.385158502	0.288481898
2403	0.337964333	0.386396491	0.289532175
2404	0.3381618	0.386502155	0.289821445
2405	0.3380386	0.386212906	0.289864294
2406	0.336638133	0.384514217	0.28876205
2407	0.3349712	0.382751858	0.287190542
2408	0.334069467	0.382358272	0.285780661
2409	0.333331867	0.382283094	0.284380639
2410	0.333239667	0.382449205	0.284030128
2411	0.3335638	0.382704555	0.284423045
2412	0.333907467	0.382411804	0.285403129
2413	0.334001333	0.381857571	0.286145096
2414	0.333575867	0.381440224	0.285711509
2415	0.332822667	0.381183579	0.284461754
2416	0.330865467	0.378932618	0.282798316
2417	0.328750933	0.375938979	0.281562887
2418	0.329967933	0.376381964	0.283553903
2419	0.3323518	0.378331402	0.286372198
2420	0.333374	0.379776939	0.286971061
2421	0.3336884	0.380894811	0.286481989
2422	0.332266333	0.379460187	0.28507248
2423	0.330780067	0.377632616	0.283927517
2424	0.329487733	0.37676181	0.282213656
2425	0.328563333	0.37648693	0.280639737
2426	0.3281978	0.375419327	0.280976273
2427	0.327621933	0.374188692	0.281055175
2428	0.3285268	0.375525294	0.281528306
2429	0.329301067	0.377173787	0.281428346
2430	0.3305172	0.378673194	0.282361206
2431	0.331979067	0.379982949	0.283975184
2432	0.331775933	0.379552676	0.283999191
2433	0.330750267	0.377648365	0.283852169
2434	0.3291218	0.375576461	0.282667139
2435	0.327744133	0.374998179	0.280490087
2436	0.3260158	0.373487834	0.278543766
2437	0.324095867	0.371392111	0.276799623
2438	0.323240267	0.370834337	0.275646197
2439	0.322760467	0.370293901	0.275227032
2440	0.321953067	0.369788002	0.274118131
2441	0.3222982	0.371354761	0.273241639
2442	0.32306	0.372680508	0.273439492
2443	0.3244246	0.374151591	0.274697609
2444	0.326010933	0.376035379	0.275986487
2445	0.325996667	0.376028884	0.27596445
2446	0.3258522	0.375613587	0.276090813
2447	0.323031067	0.371941375	0.274120758
2448	0.317075667	0.365758952	0.268392381
2449	0.312850733	0.361687762	0.264013705
2450	0.3105878	0.358863882	0.262311718
2451	0.310172133	0.358255518	0.262088748
2452	0.3113354	0.359110045	0.263560755
2453	0.313474467	0.360765116	0.266183818
2454	0.314696467	0.361779012	0.267613921
2455	0.313289133	0.358930001	0.267648266
2456	0.313048467	0.357844178	0.268252755
2457	0.314141333	0.359586836	0.26869583
2458	0.314230267	0.360226997	0.268233536
2459	0.314619667	0.360801892	0.268437441
2460	0.3156214	0.361738903	0.269503897
2461	0.318237733	0.363400481	0.273074986
2462	0.319921467	0.364796413	0.275046521
2463	0.3196166	0.365829885	0.273403315
2464	0.3192282	0.367311096	0.271145304
2465	0.314554133	0.364313358	0.264794909
2466	0.309289333	0.36083979	0.257738877
2467	0.308043067	0.360747721	0.255338413
2468	0.307333867	0.360624426	0.254043307
2469	0.305739333	0.357049683	0.254428984
2470	0.305554667	0.355696971	0.255412363
2471	0.308381267	0.35974954	0.257012994
2472	0.3107534	0.363086886	0.258419914
2473	0.311754	0.365160637	0.258347363
2474	0.3115472	0.365886254	0.257208146
2475	0.307563467	0.360307784	0.254819149
2476	0.3056284	0.358720244	0.252536556
2477	0.308413	0.363681865	0.253144135
2478	0.308825867	0.366576325	0.251075409
2479	0.301757933	0.358282976	0.24523289
2480	0.292314733	0.34860189	0.236027577
2481	0.284127667	0.34175091	0.226504424
2482	0.2765504	0.335223563	0.217877237
2483	0.271764333	0.325685858	0.217842808
2484	0.2657782	0.322375284	0.209181116
2485	0.260820467	0.320755747	0.200885186
2486	0.264316067	0.331029679	0.197602455
2487	0.281308333	0.359422636	0.203194031
2488	0.292226	0.384189626	0.200262374
2489	0.2854868	0.373723976	0.197249624
2490	0.2823212	0.371978657	0.192663743
2491	0.281707067	0.378136017	0.185278117
2492	0.2737402	0.382865724	0.164614676
2493	0.258681667	0.361332376	0.156030957
2494	0.249163867	0.342265731	0.156062003
2495	0.2542536	0.332508406	0.175998794
2496	0.265716067	0.341985768	0.189446365
2497	0.2678316	0.338085006	0.197578194
2498	0.258993267	0.323987124	0.19399941
2499	0.244929267	0.30876608	0.181092454
2500	0.245257067	0.3203922	0.170121933
