Wavelength	Mean	Std+	Std-
350	0.0340016	0.040819321	0.027183879
351	0.0341668	0.041020179	0.027313421
352	0.034292333	0.041172388	0.027412279
353	0.033962067	0.040878545	0.027045588
354	0.033996733	0.040907718	0.027085749
355	0.034403067	0.041273456	0.027532677
356	0.034389067	0.041346843	0.02743129
357	0.034557867	0.041499629	0.027616105
358	0.034643267	0.041532038	0.027754496
359	0.033994733	0.040912108	0.027077359
360	0.033806667	0.040760379	0.026852955
361	0.033989467	0.040965617	0.027013317
362	0.034638	0.041604929	0.027671071
363	0.0347332	0.041730749	0.027735651
364	0.034738467	0.04176941	0.027707523
365	0.034700067	0.041756772	0.027643362
366	0.034385667	0.04137079	0.027400544
367	0.0343224	0.041335406	0.027309394
368	0.0344694	0.041556568	0.027382232
369	0.0348682	0.041954254	0.027782146
370	0.0348758	0.041944947	0.027806653
371	0.034835667	0.041892515	0.027778818
372	0.0349746	0.042039396	0.027909804
373	0.0352082	0.042306582	0.028109818
374	0.035354867	0.042485237	0.028224496
375	0.035379667	0.042534899	0.028224434
376	0.035317333	0.04243585	0.028198816
377	0.035333533	0.042488061	0.028179006
378	0.035353	0.042574911	0.028131089
379	0.035090267	0.042273527	0.027907007
380	0.035379267	0.042563576	0.028194958
381	0.035782067	0.042993273	0.028570861
382	0.035966267	0.043230187	0.028702347
383	0.035750867	0.042989514	0.028512219
384	0.035722333	0.042968567	0.0284761
385	0.035997733	0.04330775	0.028687717
386	0.0358116	0.04319218	0.02843102
387	0.0359544	0.043349704	0.028559096
388	0.0362392	0.04362601	0.02885239
389	0.0359708	0.043442584	0.028499016
390	0.035890933	0.043363294	0.028418573
391	0.035989867	0.043447435	0.028532299
392	0.036343867	0.04382893	0.028858804
393	0.036077867	0.04358902	0.028566713
394	0.0360858	0.043624873	0.028546727
395	0.0365592	0.044127193	0.028991207
396	0.036833867	0.044463106	0.029204628
397	0.036744867	0.044414769	0.029074965
398	0.036475867	0.044171508	0.028780226
399	0.0365374	0.044249713	0.028825087
400	0.036513467	0.044253845	0.028773088
401	0.0365644	0.044325695	0.028803105
402	0.036890533	0.044645842	0.029135225
403	0.036905267	0.044666114	0.029144419
404	0.036951267	0.044717561	0.029184972
405	0.037118867	0.044886487	0.029351246
406	0.037144	0.044910133	0.029377867
407	0.037216533	0.044996098	0.029436969
408	0.037319067	0.045122524	0.02951561
409	0.037334733	0.045153037	0.029516429
410	0.037404933	0.04524996	0.029559907
411	0.037464067	0.045336198	0.029591935
412	0.037427267	0.045314063	0.02954047
413	0.037620733	0.045517631	0.029723836
414	0.037774	0.045679418	0.029868582
415	0.037795133	0.04570745	0.029882817
416	0.0379352	0.045864825	0.030005575
417	0.038017133	0.045959002	0.030075264
418	0.0380444	0.045995599	0.030093201
419	0.038083733	0.046057703	0.030109764
420	0.038180533	0.046165465	0.030195602
421	0.038275	0.046268875	0.030281125
422	0.038269	0.046284326	0.030253674
423	0.0383506	0.046376164	0.030325036
424	0.038437733	0.046474886	0.03040058
425	0.0384994	0.046554916	0.030443884
426	0.038601733	0.046653276	0.030550191
427	0.038724867	0.046787578	0.030662155
428	0.038858333	0.046949034	0.030767633
429	0.0388884	0.046997292	0.030779508
430	0.0389528	0.047080082	0.030825518
431	0.039038133	0.047187109	0.030889158
432	0.039131933	0.047314255	0.030949612
433	0.039124133	0.04732863	0.030919637
434	0.0391742	0.047406729	0.030941671
435	0.039377267	0.047653905	0.031100628
436	0.0394906	0.047778584	0.031202616
437	0.039604333	0.047893397	0.03131527
438	0.0397218	0.048007632	0.031435968
439	0.039760867	0.048073936	0.031447797
440	0.039852867	0.048186536	0.031519198
441	0.039970267	0.048319534	0.031621
442	0.0400642	0.048424354	0.031704046
443	0.040172667	0.048562357	0.031782977
444	0.040247467	0.048665087	0.031829847
445	0.040246667	0.048677997	0.031815336
446	0.040442467	0.048880147	0.032004786
447	0.0405744	0.049028506	0.032120294
448	0.040615333	0.049096983	0.032133684
449	0.040702933	0.04920447	0.032201397
450	0.040810867	0.049330772	0.032290962
451	0.040912533	0.049448536	0.032376531
452	0.040926267	0.049472451	0.032380082
453	0.0410332	0.049590112	0.032476288
454	0.041139667	0.049714466	0.032564868
455	0.041171933	0.049780323	0.032563544
456	0.041322867	0.049948646	0.032697087
457	0.041427333	0.050073867	0.0327808
458	0.0414542	0.05012714	0.03278126
459	0.0415464	0.050238585	0.032854215
460	0.041648733	0.050344455	0.032953012
461	0.041751067	0.050446673	0.033055461
462	0.0418148	0.050544804	0.033084796
463	0.041864667	0.050611964	0.033117369
464	0.0419392	0.050697587	0.033180813
465	0.042083733	0.050852941	0.033314526
466	0.0421538	0.050947985	0.033359615
467	0.042245	0.051060022	0.033429978
468	0.042380133	0.051206685	0.033553582
469	0.0424878	0.051337076	0.033638524
470	0.0425198	0.05138676	0.03365284
471	0.042503867	0.05138486	0.033622873
472	0.042543533	0.051438523	0.033648543
473	0.042629333	0.051538379	0.033720288
474	0.042731333	0.051653665	0.033809002
475	0.042828067	0.051762291	0.033893843
476	0.0429588	0.051908577	0.034009023
477	0.043023667	0.051992901	0.034054432
478	0.042990667	0.05198366	0.033997673
479	0.043101467	0.052104405	0.034098529
480	0.043195933	0.052203428	0.034188439
481	0.043272733	0.052281017	0.034264449
482	0.043333933	0.052347362	0.034320504
483	0.043376133	0.052401346	0.03435092
484	0.0434222	0.052458355	0.034386045
485	0.0435026	0.052538312	0.034466888
486	0.043644867	0.052698114	0.034591619
487	0.043729867	0.05281178	0.034647953
488	0.0437098	0.052831205	0.034588395
489	0.0437932	0.052921734	0.034664666
490	0.043881267	0.053021489	0.034741044
491	0.043971533	0.05312661	0.034816456
492	0.044076067	0.053235336	0.034916798
493	0.0441606	0.053331112	0.034990088
494	0.044237867	0.053424265	0.035051468
495	0.0443226	0.053528646	0.035116554
496	0.044419333	0.053633688	0.035204979
497	0.044501	0.053721751	0.035280249
498	0.044553867	0.053781969	0.035325764
499	0.044658067	0.053901605	0.035414529
500	0.044767267	0.054028874	0.03550566
501	0.0448744	0.054157337	0.035591463
502	0.044938933	0.054253484	0.035624383
503	0.045040867	0.054367973	0.03571376
504	0.045148667	0.054481823	0.035815511
505	0.0452122	0.054563225	0.035861175
506	0.045327267	0.054694018	0.035960516
507	0.045458933	0.054840239	0.036077628
508	0.045597133	0.054991795	0.036202471
509	0.0456688	0.055087891	0.036249709
510	0.045736267	0.055173334	0.036299199
511	0.0458104	0.055258855	0.036361945
512	0.045961867	0.055428102	0.036495631
513	0.046048	0.055526061	0.036569939
514	0.0461208	0.055607469	0.036634131
515	0.046281133	0.05577862	0.036783647
516	0.046367867	0.055901645	0.036834088
517	0.0464586	0.056027152	0.036890048
518	0.046596133	0.056182963	0.037009303
519	0.046712267	0.056338899	0.037085634
520	0.046809467	0.056467873	0.03715106
521	0.0468926	0.056572126	0.037213074
522	0.0470514	0.056759986	0.037342814
523	0.047174267	0.056900435	0.037448099
524	0.047281467	0.057018724	0.037544209
525	0.047408267	0.05715777	0.037658763
526	0.047555	0.057322343	0.037787657
527	0.047673067	0.057464782	0.037881351
528	0.047722667	0.057549209	0.037896124
529	0.047871133	0.057730459	0.038011808
530	0.048024267	0.057906122	0.038142411
531	0.048169867	0.058062803	0.038276931
532	0.048291067	0.058203651	0.038378482
533	0.0484278	0.058364587	0.038491013
534	0.048567133	0.058531131	0.038603135
535	0.0486668	0.058657948	0.038675652
536	0.0487848	0.058805539	0.038764061
537	0.048919667	0.058965561	0.038873773
538	0.049079267	0.059139542	0.039018991
539	0.049252267	0.059336619	0.039167915
540	0.049400867	0.059510786	0.039290948
541	0.049515733	0.059652245	0.039379222
542	0.049596733	0.059768362	0.039425105
543	0.049728	0.059927513	0.039528487
544	0.0498936	0.060115659	0.039671541
545	0.050054867	0.060297408	0.039812325
546	0.050156	0.060419289	0.039892711
547	0.0502644	0.060550023	0.039978777
548	0.0504464	0.060757658	0.040135142
549	0.050557067	0.060894068	0.040220066
550	0.050697267	0.061059341	0.040335192
551	0.050891333	0.061278044	0.040504623
552	0.050988533	0.061400198	0.040576869
553	0.051112067	0.061550682	0.040673452
554	0.051260267	0.061726246	0.040794287
555	0.051437933	0.061923485	0.040952382
556	0.0515756	0.062077309	0.041073891
557	0.051701333	0.062220977	0.04118169
558	0.051838933	0.062385274	0.041292592
559	0.0519718	0.062546848	0.041396752
560	0.052098867	0.062703954	0.041493779
561	0.052218	0.062853414	0.041582586
562	0.0523288	0.062988648	0.041668952
563	0.0524678	0.063144123	0.041791477
564	0.052622867	0.06331115	0.041934584
565	0.0527204	0.063432842	0.042007958
566	0.0528796	0.063616598	0.042142602
567	0.0530374	0.063800807	0.042273993
568	0.0531094	0.063901293	0.042317507
569	0.053251933	0.06406058	0.042443287
570	0.053401267	0.064229409	0.042573124
571	0.053537	0.06439303	0.04268097
572	0.0536488	0.064528703	0.042768897
573	0.053775867	0.064672277	0.042879456
574	0.053914	0.064821353	0.043006647
575	0.054019933	0.064944541	0.043095326
576	0.054166867	0.065110207	0.043223526
577	0.054326267	0.065291279	0.043361255
578	0.054459867	0.065454344	0.043465389
579	0.054547267	0.065558678	0.043535855
580	0.054654533	0.065684446	0.04362462
581	0.0548114	0.065867296	0.043755504
582	0.054959733	0.066028027	0.04389144
583	0.055092533	0.066171728	0.044013339
584	0.055211	0.066301124	0.044120876
585	0.055321533	0.066423314	0.044219752
586	0.0554186	0.066530747	0.044306453
587	0.055521733	0.066645774	0.044397693
588	0.055671	0.066815078	0.044526922
589	0.055760733	0.066927717	0.044593749
590	0.0558288	0.067024345	0.044633255
591	0.0558868	0.067118597	0.044655003
592	0.0560556	0.067289231	0.044821969
593	0.056176667	0.067414414	0.044938919
594	0.0562522	0.067500027	0.045004373
595	0.056458667	0.067732983	0.04518435
596	0.056529	0.067826583	0.045231417
597	0.05655	0.067868001	0.045231999
598	0.056701067	0.06803662	0.045365513
599	0.0568034	0.068160069	0.045446731
600	0.056894733	0.068273697	0.045515769
601	0.056992467	0.068393879	0.045591054
602	0.057133533	0.06856891	0.045698157
603	0.0572248	0.068690424	0.045759176
604	0.057260733	0.068750727	0.04577074
605	0.0573952	0.068907684	0.045882716
606	0.0575176	0.069038146	0.045997054
607	0.057621467	0.069142386	0.046100547
608	0.0576726	0.069200125	0.046145075
609	0.0577716	0.0693198	0.0462234
610	0.0578686	0.06943678	0.04630042
611	0.057923133	0.069500336	0.04634593
612	0.058096867	0.069681229	0.046512504
613	0.058201333	0.069788902	0.046613765
614	0.0582052	0.069791132	0.046619268
615	0.058312	0.069900355	0.046723645
616	0.058457533	0.07004946	0.046865607
617	0.0586044	0.070200146	0.047008654
618	0.058626733	0.070223232	0.047030235
619	0.058790533	0.070386271	0.047194796
620	0.0589562	0.07054964	0.04736276
621	0.0590106	0.070599901	0.047421299
622	0.059131533	0.070717996	0.04754507
623	0.0592756	0.070860221	0.047690979
624	0.059434267	0.071018269	0.047850265
625	0.0594932	0.071076804	0.047909596
626	0.059552267	0.071149646	0.047954888
627	0.059634	0.071249235	0.048018765
628	0.059843467	0.071440759	0.048246174
629	0.0599918	0.071590001	0.048393599
630	0.060104267	0.071707684	0.048500849
631	0.0601878	0.071789428	0.048586172
632	0.060257667	0.071862223	0.04865311
633	0.060338467	0.071951669	0.048725264
634	0.060435667	0.072064295	0.048807039
635	0.060583333	0.072207427	0.048959239
636	0.060652733	0.072273605	0.049031862
637	0.060679467	0.072298629	0.049060304
638	0.060813733	0.072435434	0.049192032
639	0.060984867	0.072615834	0.049353899
640	0.061120733	0.072761503	0.049479964
641	0.061123267	0.072766697	0.049479837
642	0.061265733	0.072923242	0.049608225
643	0.061364867	0.073037143	0.049692591
644	0.0613678	0.073052695	0.049682905
645	0.061551267	0.073242312	0.049860221
646	0.061665067	0.07337358	0.049956554
647	0.0617232	0.073458635	0.049987765
648	0.061807067	0.07357184	0.050042293
649	0.0619364	0.073719717	0.050153083
650	0.0620546	0.073855853	0.050253347
651	0.062082067	0.073913787	0.050250346
652	0.062168267	0.07401678	0.050319754
653	0.062292933	0.074147381	0.050438485
654	0.062461133	0.074309179	0.050613088
655	0.0624208	0.074306201	0.050535399
656	0.062533467	0.074462924	0.05060401
657	0.062762067	0.07473323	0.050790903
658	0.062793267	0.074760723	0.050825811
659	0.0628836	0.074856104	0.050911096
660	0.063007733	0.074987521	0.051027946
661	0.063153933	0.07513468	0.051173186
662	0.063277067	0.075265667	0.051288466
663	0.063407733	0.075406926	0.051408541
664	0.063560267	0.07557239	0.051548143
665	0.063666	0.075685092	0.051646908
666	0.06376	0.075790575	0.051729425
667	0.063848533	0.075894107	0.051802959
668	0.063963133	0.076014998	0.051911268
669	0.064075533	0.076128452	0.052022614
670	0.064190533	0.076244722	0.052136345
671	0.064316733	0.07638261	0.052250857
672	0.0644146	0.076500716	0.052328484
673	0.0645172	0.076616713	0.052417687
674	0.064641867	0.076737234	0.0525465
675	0.0647638	0.076876222	0.052651378
676	0.064914533	0.077035507	0.05279356
677	0.0650894	0.077209502	0.052969298
678	0.065173	0.077311746	0.053034254
679	0.0652666	0.077417396	0.053115804
680	0.065374733	0.077530979	0.053218488
681	0.065518467	0.077669818	0.053367115
682	0.065587667	0.077750999	0.053424334
683	0.065674667	0.077848882	0.053500452
684	0.065842667	0.078015475	0.053669858
685	0.0658942	0.07804572	0.05374268
686	0.065979133	0.078133726	0.05382454
687	0.0661182	0.078307505	0.053928895
688	0.0662776	0.078484965	0.054070235
689	0.066377933	0.07859857	0.054157297
690	0.066445267	0.078676167	0.054214366
691	0.066532733	0.078772133	0.054293333
692	0.066682733	0.078922977	0.05444249
693	0.066831933	0.079074985	0.054588882
694	0.0669366	0.079191138	0.054682062
695	0.067062467	0.079324692	0.054800242
696	0.0672284	0.079494916	0.054961884
697	0.067435733	0.079703547	0.055167919
698	0.067530667	0.079809177	0.055252156
699	0.0676582	0.079935482	0.055380918
700	0.0677934	0.080065824	0.055520976
701	0.067851667	0.080143076	0.055560258
702	0.067986067	0.080290013	0.05568212
703	0.068144067	0.080457701	0.055830432
704	0.068294333	0.080616454	0.055972213
705	0.0683938	0.080723199	0.056064401
706	0.068525867	0.080859485	0.056192249
707	0.068708	0.081042497	0.056373503
708	0.068821267	0.081168313	0.056474221
709	0.068950933	0.081305012	0.056596855
710	0.0690894	0.081445744	0.056733056
711	0.069211667	0.081564178	0.056859156
712	0.069335	0.081696273	0.056973727
713	0.069464067	0.081833123	0.057095011
714	0.069607133	0.08196837	0.057245897
715	0.0696234	0.081963616	0.057283184
716	0.069659267	0.081987061	0.057331472
717	0.069759333	0.082090878	0.057427789
718	0.069838267	0.082188498	0.057488035
719	0.069992	0.082369353	0.057614647
720	0.070194667	0.082599454	0.05778988
721	0.070389733	0.082787086	0.057992381
722	0.0705004	0.082888463	0.058112337
723	0.070595733	0.082979926	0.058211541
724	0.0707386	0.083135953	0.058341247
725	0.070869667	0.08327052	0.058468814
726	0.0709894	0.083393107	0.058585693
727	0.071096467	0.083505418	0.058687516
728	0.071265267	0.083685438	0.058845096
729	0.0714024	0.083838518	0.058966282
730	0.0715182	0.08397337	0.05906303
731	0.071700067	0.08416902	0.059231113
732	0.071891867	0.084370517	0.059413216
733	0.072071933	0.084559535	0.059584332
734	0.0722076	0.084707285	0.059707915
735	0.0723884	0.084890375	0.059886425
736	0.072552867	0.085057292	0.060048442
737	0.072676267	0.085187838	0.060164695
738	0.072831733	0.085349476	0.060313991
739	0.0729772	0.085504899	0.060449501
740	0.0731106	0.085651258	0.060569942
741	0.073230933	0.085781541	0.060680325
742	0.073354467	0.085914289	0.060794644
743	0.0734962	0.086064258	0.060928142
744	0.0736926	0.086268551	0.061116649
745	0.073816333	0.086401761	0.061230905
746	0.0739408	0.086533903	0.061347697
747	0.074098	0.08669524	0.06150076
748	0.074196933	0.086802613	0.061591253
749	0.074324867	0.086939845	0.061709889
750	0.074480533	0.087104549	0.061856518
751	0.074599467	0.087227519	0.061971414
752	0.074735133	0.087371182	0.062099085
753	0.074875133	0.087519711	0.062230556
754	0.0749978	0.087645881	0.062349719
755	0.075104867	0.087766447	0.062443286
756	0.0752254	0.087891174	0.062559626
757	0.0753894	0.088035024	0.062743776
758	0.075383333	0.08793146	0.062835207
759	0.075291267	0.087794803	0.06278773
760	0.075118333	0.08770852	0.062528147
761	0.075278067	0.087911382	0.062644751
762	0.0754764	0.088134191	0.062818609
763	0.075690467	0.088375154	0.063005779
764	0.075859733	0.088604549	0.063114918
765	0.076204133	0.08896901	0.063439257
766	0.076496133	0.089265287	0.063726979
767	0.076651	0.089415898	0.063886102
768	0.0767596	0.089537145	0.063982055
769	0.076924533	0.089712072	0.064136994
770	0.0771524	0.08994544	0.06435936
771	0.077214	0.090009891	0.064418109
772	0.077345267	0.090145601	0.064544932
773	0.077509067	0.090316511	0.064701623
774	0.077616067	0.090437936	0.064794198
775	0.077697933	0.090523646	0.064872221
776	0.077807533	0.090632117	0.06498295
777	0.0779958	0.090815451	0.065176149
778	0.078112867	0.09095169	0.065274044
779	0.078244533	0.091103831	0.065385236
780	0.078406467	0.091283453	0.065529481
781	0.078562667	0.091438396	0.065686938
782	0.0786826	0.091555508	0.065809692
783	0.078783733	0.091655133	0.065912334
784	0.078916133	0.091801094	0.066031173
785	0.079056333	0.091953375	0.066159292
786	0.079198	0.092104055	0.066291945
787	0.0793352	0.092244912	0.066425488
788	0.079489333	0.092402607	0.066576059
789	0.079596133	0.092514831	0.066677436
790	0.079637067	0.092563875	0.066710259
791	0.079890067	0.092822901	0.066957232
792	0.080056	0.093004675	0.067107325
793	0.080159333	0.093126516	0.067192151
794	0.080298	0.093254	0.067342
795	0.080413067	0.093378627	0.067447507
796	0.080533733	0.09351574	0.067551726
797	0.080694333	0.093688871	0.067699795
798	0.0807944	0.093787486	0.067801314
799	0.0808916	0.093893465	0.067889735
800	0.080999067	0.094026766	0.067971367
801	0.081187867	0.094226452	0.068149281
802	0.081418933	0.094453447	0.06838442
803	0.081658533	0.094682579	0.068634488
804	0.0817082	0.094760855	0.068655545
805	0.0818082	0.094873254	0.068743146
806	0.081928933	0.094998917	0.068858949
807	0.0820434	0.095117496	0.068969304
808	0.082215533	0.095303381	0.069127685
809	0.082364667	0.095458395	0.069270938
810	0.082458	0.095543021	0.069372979
811	0.082614333	0.095698606	0.06953006
812	0.0826554	0.095741374	0.069569426
813	0.082612067	0.095701297	0.069522836
814	0.0827596	0.095850156	0.069669044
815	0.082911467	0.095995644	0.069827289
816	0.083074067	0.096156986	0.069991147
817	0.083261	0.096371281	0.070150719
818	0.083379333	0.096497855	0.070260811
819	0.0835018	0.096632187	0.070371413
820	0.083658333	0.09681365	0.070503016
821	0.0837806	0.096911324	0.070649876
822	0.083888533	0.097015666	0.0707614
823	0.0839954	0.097142673	0.070848127
824	0.084285533	0.097460832	0.071110235
825	0.084458267	0.097657756	0.071258778
826	0.084572533	0.097786329	0.071358738
827	0.084672467	0.09787003	0.071474903
828	0.084777067	0.097980506	0.071573628
829	0.0849296	0.09815235	0.07170685
830	0.0851654	0.098420442	0.071910358
831	0.0853298	0.098581905	0.072077695
832	0.085493467	0.098750528	0.072236405
833	0.085662	0.098933951	0.072390049
834	0.085849333	0.099131106	0.07256756
835	0.086026733	0.099324476	0.072728991
836	0.0861876	0.099502617	0.072872583
837	0.0863034	0.099627663	0.072979137
838	0.086468067	0.099801732	0.073134402
839	0.08664	0.099979981	0.073300019
840	0.0868006	0.100140232	0.073460968
841	0.086903733	0.100253077	0.07355439
842	0.087014733	0.10037683	0.073652637
843	0.087137467	0.10051346	0.073761473
844	0.087226133	0.100587141	0.073865126
845	0.0874362	0.100810276	0.074062124
846	0.0876864	0.101084581	0.074288219
847	0.0877812	0.101178566	0.074383834
848	0.087966267	0.101372449	0.074560084
849	0.088134467	0.101556645	0.074712288
850	0.0881984	0.1016448	0.074752
851	0.0883434	0.101807885	0.074878915
852	0.088482533	0.101946364	0.075018703
853	0.088610867	0.102052249	0.075169485
854	0.088833533	0.102259875	0.075407191
855	0.0889408	0.102388969	0.075492631
856	0.088995333	0.102483202	0.075507465
857	0.089158933	0.102667315	0.075650551
858	0.0893318	0.102845127	0.075818473
859	0.0895246	0.103041347	0.076007853
860	0.089750333	0.103278994	0.076221673
861	0.089893467	0.103435486	0.076351447
862	0.089961333	0.103511379	0.076411287
863	0.0899524	0.103503643	0.076401157
864	0.090122533	0.10369509	0.076549977
865	0.090351267	0.103913294	0.076789239
866	0.090619533	0.104154844	0.077084222
867	0.090861933	0.10441164	0.077312226
868	0.0909476	0.104533785	0.077361415
869	0.090995533	0.104606454	0.077384613
870	0.091094	0.104681648	0.077506352
871	0.0912692	0.104882791	0.077655609
872	0.091372067	0.105009867	0.077734266
873	0.091358333	0.105006972	0.077709695
874	0.0916314	0.105299277	0.077963523
875	0.091823933	0.105506609	0.078141257
876	0.091977	0.105669228	0.078284772
877	0.0922736	0.105963126	0.078584074
878	0.092436733	0.106130962	0.078742504
879	0.092542467	0.106245545	0.078839389
880	0.092640733	0.106355519	0.078925947
881	0.092733267	0.106457403	0.07900913
882	0.092888	0.106618833	0.079157167
883	0.093134867	0.106868437	0.079401297
884	0.0933682	0.107136332	0.079600068
885	0.093478667	0.107253358	0.079703975
886	0.0935056	0.107270166	0.079741034
887	0.0936768	0.107484069	0.079869531
888	0.093858067	0.107677579	0.080038555
889	0.094042	0.107860551	0.080223449
890	0.094220667	0.108042563	0.080398771
891	0.0944452	0.108301059	0.080589341
892	0.0946196	0.108501592	0.080737608
893	0.094699467	0.108585469	0.080813464
894	0.094500333	0.108400337	0.08060033
895	0.094487267	0.108386277	0.080588257
896	0.094677333	0.108562762	0.080791904
897	0.0949972	0.108891178	0.081103222
898	0.095213133	0.109102861	0.081323405
899	0.095345667	0.109229277	0.081462057
900	0.095381133	0.109274903	0.081487364
901	0.095335867	0.109224438	0.081447295
902	0.095428333	0.109328756	0.081527911
903	0.095771133	0.109716343	0.081825923
904	0.0960042	0.110014725	0.081993675
905	0.0961876	0.110223858	0.082151342
906	0.096352133	0.110374326	0.08232994
907	0.096711	0.110699786	0.082722214
908	0.096657867	0.110636572	0.082679161
909	0.0964524	0.110440094	0.082464706
910	0.096559	0.110577334	0.082540666
911	0.0968798	0.110906004	0.082853596
912	0.0971988	0.111239984	0.083157616
913	0.097408	0.111486956	0.083329044
914	0.097566	0.111679814	0.083452186
915	0.097759067	0.111866728	0.083651405
916	0.0979548	0.112020912	0.083888688
917	0.0976676	0.111783199	0.083552001
918	0.0978436	0.111971662	0.083715538
919	0.098245933	0.112373522	0.084118344
920	0.098516533	0.112672948	0.084360119
921	0.0988312	0.113001342	0.084661058
922	0.0990456	0.113236447	0.084854753
923	0.0990334	0.113267243	0.084799557
924	0.099026933	0.113283083	0.084770784
925	0.0991922	0.113463429	0.084920971
926	0.099535933	0.11381833	0.085253537
927	0.099485867	0.113796981	0.085174753
928	0.099560933	0.113876653	0.085245213
929	0.099728267	0.11404006	0.085416473
930	0.099916467	0.114264579	0.085568354
931	0.099546	0.113842321	0.085249679
932	0.099159133	0.11340827	0.084909997
933	0.099274867	0.113570785	0.084978948
934	0.099142867	0.113349338	0.084936395
935	0.099196667	0.113323227	0.085070106
936	0.099532267	0.113622567	0.085441967
937	0.099786933	0.113934686	0.085639181
938	0.099968733	0.114183101	0.085754366
939	0.100170533	0.114469837	0.08587123
940	0.1007044	0.115149497	0.086259303
941	0.1004444	0.11488908	0.08599972
942	0.100341133	0.114722367	0.0859599
943	0.1012062	0.11549277	0.08691963
944	0.101821	0.116140347	0.087501653
945	0.101972733	0.116338451	0.087607016
946	0.101569467	0.115973748	0.087165185
947	0.101694133	0.116087201	0.087301066
948	0.101821467	0.116202624	0.08744031
949	0.102016267	0.116401371	0.087631162
950	0.1025846	0.117076917	0.088092283
951	0.102839267	0.11741572	0.088262814
952	0.102825667	0.11742956	0.088221773
953	0.102447667	0.11696075	0.087934583
954	0.102756933	0.117310862	0.088203005
955	0.103146867	0.117726073	0.08856766
956	0.103494067	0.118052254	0.088935879
957	0.103871933	0.118440861	0.089303005
958	0.103731133	0.118337141	0.089125126
959	0.103270133	0.117924895	0.088615371
960	0.1032972	0.117939632	0.088654768
961	0.1041304	0.118773651	0.089487149
962	0.105100733	0.119745732	0.090455734
963	0.1055206	0.12015459	0.09088661
964	0.105584	0.120305638	0.090862362
965	0.105504	0.120274777	0.090733223
966	0.105317267	0.120056392	0.090578142
967	0.105446867	0.120230432	0.090663302
968	0.105545667	0.120349937	0.090741396
969	0.105725267	0.120539604	0.090910929
970	0.106717133	0.121609265	0.091825002
971	0.10635	0.121301938	0.091398062
972	0.105942067	0.120933758	0.090950375
973	0.107284333	0.122277882	0.092290784
974	0.107450533	0.122494265	0.092406802
975	0.107361667	0.122394137	0.092329197
976	0.107282533	0.122183636	0.09238143
977	0.107431467	0.122375369	0.092487564
978	0.107882467	0.122889976	0.092874958
979	0.108584067	0.123661932	0.093506201
980	0.109124933	0.124240641	0.094009225
981	0.109187867	0.12428835	0.094087384
982	0.109034	0.124094268	0.093973732
983	0.108956933	0.123987514	0.093926353
984	0.109415933	0.124578849	0.094253017
985	0.109746067	0.124999228	0.094492905
986	0.109647133	0.124851727	0.09444254
987	0.110212533	0.12530368	0.095121387
988	0.110286067	0.125389628	0.095182505
989	0.109868333	0.125112855	0.094623812
990	0.1099108	0.125292226	0.094529374
991	0.110173067	0.125530141	0.094815992
992	0.1104626	0.125730839	0.095194361
993	0.1103996	0.125675084	0.095124116
994	0.111395267	0.126691462	0.096099071
995	0.1119946	0.127288295	0.096700905
996	0.111315467	0.126549416	0.096081517
997	0.111734	0.127032424	0.096435576
998	0.112089867	0.127443152	0.096736582
999	0.112274867	0.127660651	0.096889083
1000	0.112217067	0.127594122	0.096840011
1001	0.112698267	0.129623927	0.095772606
1002	0.112885733	0.129786657	0.09598481
1003	0.113063	0.130003897	0.096122103
1004	0.113293933	0.130296588	0.096291279
1005	0.113540333	0.130571587	0.09650908
1006	0.1137798	0.130859483	0.096700117
1007	0.113990267	0.131123096	0.096857437
1008	0.114151333	0.131284162	0.097018505
1009	0.1142976	0.13139199	0.09720321
1010	0.11448	0.131579774	0.097380226
1011	0.114703867	0.131871289	0.097536445
1012	0.1149342	0.132156406	0.097711994
1013	0.115139	0.132361589	0.097916411
1014	0.115321	0.132529529	0.098112471
1015	0.115532133	0.13273878	0.098325486
1016	0.1157536	0.132958824	0.098548376
1017	0.115933	0.133129886	0.098736114
1018	0.116076333	0.133277178	0.098875489
1019	0.116217133	0.13343857	0.098995697
1020	0.1163612	0.13361582	0.09910658
1021	0.116552867	0.13384309	0.099262644
1022	0.1167832	0.134084284	0.099482116
1023	0.116989533	0.134275569	0.099703498
1024	0.117161933	0.134437448	0.099886418
1025	0.117318067	0.134606401	0.100029732
1026	0.117473733	0.13479109	0.100156377
1027	0.117672933	0.13503501	0.100310857
1028	0.117917933	0.135328604	0.100507262
1029	0.118109933	0.135527062	0.100692805
1030	0.118253	0.135636422	0.100869578
1031	0.118388533	0.135764203	0.101012864
1032	0.118518467	0.135918987	0.101117946
1033	0.118694533	0.13610994	0.101279127
1034	0.1189176	0.13635321	0.10148199
1035	0.119150533	0.136614155	0.101686912
1036	0.119360333	0.13683591	0.101884757
1037	0.119527	0.137010088	0.102043912
1038	0.119685933	0.137183922	0.102187944
1039	0.119854133	0.137375329	0.102332938
1040	0.120016	0.137564486	0.102467514
1041	0.120185733	0.137752701	0.102618766
1042	0.120373733	0.137940901	0.102806565
1043	0.120533867	0.138102854	0.102964879
1044	0.120704733	0.13829766	0.103111807
1045	0.120899733	0.13851989	0.103279576
1046	0.121076267	0.138680726	0.103471807
1047	0.121259333	0.138863694	0.103654973
1048	0.121440667	0.139082826	0.103798507
1049	0.121562933	0.139275203	0.103850664
1050	0.121671933	0.139454401	0.103889465
1051	0.121859867	0.139646389	0.104073344
1052	0.1220966	0.139869747	0.104323453
1053	0.122292	0.140065899	0.104518101
1054	0.122443267	0.140225638	0.104660896
1055	0.122633933	0.140436824	0.104831043
1056	0.1228702	0.140701142	0.105039258
1057	0.123059733	0.140907449	0.105212017
1058	0.123188933	0.141042745	0.105335122
1059	0.1233062	0.141201902	0.105410498
1060	0.123453667	0.141403119	0.105504214
1061	0.123658333	0.141631564	0.105685103
1062	0.123881333	0.141884028	0.105878639
1063	0.124043133	0.142075275	0.106010991
1064	0.1242086	0.14226104	0.10615616
1065	0.1244226	0.142493446	0.106351754
1066	0.124617333	0.14271395	0.106520717
1067	0.1247898	0.14291143	0.10666817
1068	0.124968667	0.143088555	0.106848778
1069	0.1251672	0.143286927	0.107047473
1070	0.1253848	0.143537871	0.107231729
1071	0.1255894	0.143781713	0.107397087
1072	0.1257468	0.143953405	0.107540195
1073	0.125895533	0.144107815	0.107683252
1074	0.1260564	0.144303229	0.107809571
1075	0.126215067	0.144506105	0.107924028
1076	0.126358067	0.144660369	0.108055764
1077	0.1265324	0.144842499	0.108222301
1078	0.126743667	0.145083338	0.108403995
1079	0.126917867	0.145272122	0.108563611
1080	0.1270656	0.145413675	0.108717525
1081	0.1272356	0.145593716	0.108877484
1082	0.127414333	0.145797807	0.109030859
1083	0.127575333	0.14599053	0.109160137
1084	0.1277432	0.146182025	0.109304375
1085	0.1279602	0.146419867	0.109500533
1086	0.128180667	0.146664946	0.109696387
1087	0.128383267	0.146866592	0.109899942
1088	0.128580667	0.147052973	0.110108361
1089	0.128736333	0.147228716	0.11024395
1090	0.1288738	0.147402804	0.110344796
1091	0.129072	0.147602824	0.110541176
1092	0.129306467	0.147821333	0.110791601
1093	0.129486467	0.148007951	0.110964982
1094	0.129625667	0.148178952	0.111072381
1095	0.129786267	0.148387747	0.111184787
1096	0.129968667	0.148629668	0.111307665
1097	0.130150667	0.148863921	0.111437412
1098	0.130343333	0.149067748	0.111618919
1099	0.130531933	0.149243088	0.111820779
1100	0.130660667	0.149338835	0.111982498
1101	0.1307994	0.149462594	0.112136206
1102	0.1309786	0.149671296	0.112285904
1103	0.131152267	0.149871507	0.112433027
1104	0.131299133	0.150030308	0.112567959
1105	0.131449933	0.150196059	0.112703807
1106	0.131576133	0.150402937	0.11274933
1107	0.131691133	0.150605573	0.112776694
1108	0.1318122	0.150764175	0.112860225
1109	0.131935933	0.150918958	0.112952909
1110	0.132041	0.15104978	0.11303222
1111	0.132165133	0.151189804	0.113140463
1112	0.132295467	0.15133724	0.113253693
1113	0.132383733	0.151462906	0.113304561
1114	0.132423	0.151546373	0.113299627
1115	0.132450933	0.151608008	0.113293859
1116	0.132492867	0.151673086	0.113312647
1117	0.132478267	0.151662871	0.113293662
1118	0.1324714	0.151661627	0.113281173
1119	0.132573667	0.151743199	0.113404135
1120	0.1326844	0.15182946	0.11353934
1121	0.132801333	0.151910481	0.113692186
1122	0.1329264	0.152000168	0.113852632
1123	0.133062867	0.152117412	0.114008322
1124	0.133193467	0.152228743	0.11415819
1125	0.133340533	0.152369676	0.114311391
1126	0.133477	0.152505564	0.114448436
1127	0.1336788	0.152716599	0.114641001
1128	0.1339404	0.15300339	0.11487741
1129	0.1341992	0.153296437	0.115101963
1130	0.134456	0.153581836	0.115330164
1131	0.134716267	0.15386361	0.115568923
1132	0.1349724	0.15412425	0.11582055
1133	0.135236067	0.154413776	0.116058357
1134	0.135527	0.154796232	0.116257768
1135	0.135796333	0.155140391	0.116452276
1136	0.136034	0.155409619	0.116658381
1137	0.136263667	0.155673262	0.116854072
1138	0.136552	0.156007962	0.117096038
1139	0.136831867	0.156330708	0.117333025
1140	0.137042867	0.156575307	0.117510426
1141	0.137246733	0.156812304	0.117681162
1142	0.137410867	0.157025771	0.117795962
1143	0.137556867	0.157226416	0.117887317
1144	0.1377226	0.157428821	0.118016379
1145	0.137903333	0.157642337	0.11816433
1146	0.1380992	0.157856577	0.118341823
1147	0.138304267	0.158061593	0.118546941
1148	0.13853	0.158296535	0.118763465
1149	0.1387866	0.158581082	0.118992118
1150	0.139041733	0.158857408	0.119226059
1151	0.139308	0.159129911	0.119486089
1152	0.139573067	0.159405133	0.119741
1153	0.139870733	0.159715056	0.12002641
1154	0.1401564	0.160013016	0.120299784
1155	0.140490533	0.160366358	0.120614709
1156	0.140803533	0.160697632	0.120909434
1157	0.1411198	0.161071612	0.121167988
1158	0.141418067	0.161427069	0.121409064
1159	0.141657667	0.161691903	0.121623431
1160	0.141876067	0.161928572	0.121823561
1161	0.142156067	0.162260663	0.122051471
1162	0.1424504	0.162618335	0.122282465
1163	0.142718467	0.162917924	0.122519009
1164	0.142967667	0.163180439	0.122754894
1165	0.143238933	0.163489605	0.122988262
1166	0.1435332	0.163844046	0.123222354
1167	0.143800867	0.16416122	0.123440513
1168	0.144032933	0.164428153	0.123637714
1169	0.144264533	0.164697124	0.123831943
1170	0.144503467	0.164978732	0.124028201
1171	0.144730333	0.165245779	0.124214888
1172	0.144909733	0.165456035	0.124363431
1173	0.1450912	0.165668548	0.124513852
1174	0.145341467	0.165951788	0.124731146
1175	0.145590667	0.166233857	0.124947477
1176	0.1457712	0.166436214	0.125106186
1177	0.145946867	0.166633	0.125260733
1178	0.146154067	0.166875309	0.125432824
1179	0.1463674	0.167126648	0.125608152
1180	0.146577933	0.167363174	0.125792693
1181	0.146786867	0.167593921	0.125979812
1182	0.146997667	0.167836375	0.126158958
1183	0.147210067	0.168086415	0.126333718
1184	0.147429733	0.168335952	0.126523514
1185	0.147653333	0.168583041	0.126723625
1186	0.147873733	0.168825252	0.126922215
1187	0.148095533	0.16906531	0.127125756
1188	0.148324267	0.169311249	0.127337285
1189	0.148568467	0.169571826	0.127565108
1190	0.1488024	0.169830355	0.127774445
1191	0.1489968	0.170083236	0.127910364
1192	0.149189133	0.170329651	0.128048616
1193	0.149373467	0.170533526	0.128213408
1194	0.149557067	0.170736928	0.128377205
1195	0.149739533	0.170954087	0.12852498
1196	0.149920667	0.171168775	0.128672559
1197	0.1501372	0.171401701	0.128872699
1198	0.150361933	0.171641426	0.129082441
1199	0.150561133	0.171874191	0.129248076
1200	0.150749533	0.172101742	0.129397325
1201	0.150944733	0.172307158	0.129582309
1202	0.1511472	0.172506112	0.129788288
1203	0.151389667	0.172763152	0.130016182
1204	0.1516598	0.173060317	0.130259283
1205	0.151880533	0.173309931	0.130451135
1206	0.1520412	0.173501669	0.130580731
1207	0.152229067	0.173716666	0.130741467
1208	0.152466133	0.173974109	0.130958158
1209	0.152698067	0.174227823	0.131168311
1210	0.152921267	0.174477487	0.131365046
1211	0.1531434	0.174729987	0.131556813
1212	0.153374867	0.175008076	0.131741658
1213	0.153603133	0.17528147	0.131924797
1214	0.153817	0.175528162	0.132105838
1215	0.154028467	0.175772007	0.132284926
1216	0.154215933	0.175978609	0.132453257
1217	0.154402267	0.176181983	0.132622551
1218	0.154592267	0.176389191	0.132795342
1219	0.154776467	0.176593725	0.132959208
1220	0.1549628	0.176795734	0.133129866
1221	0.15515	0.176994726	0.133305274
1222	0.155349267	0.177208536	0.133489997
1223	0.155556467	0.177433054	0.133679879
1224	0.155760333	0.177657464	0.133863202
1225	0.155956867	0.177877728	0.134036005
1226	0.156145333	0.178093301	0.134197366
1227	0.156326	0.178300836	0.134351164
1228	0.156522133	0.17852337	0.134520897
1229	0.156754867	0.178786158	0.134723575
1230	0.1569764	0.179038284	0.134914516
1231	0.1571632	0.179266567	0.135059833
1232	0.15735	0.179488062	0.135211938
1233	0.157557133	0.179691534	0.135422733
1234	0.157763333	0.179899076	0.13562759
1235	0.157936867	0.180093545	0.135780188
1236	0.1581096	0.180285405	0.135933795
1237	0.158287267	0.180482405	0.136092129
1238	0.158463467	0.180680953	0.13624598
1239	0.1586594	0.180905575	0.136413225
1240	0.1588622	0.181135331	0.136589069
1241	0.159036867	0.181337122	0.136736612
1242	0.1592074	0.18153551	0.13687929
1243	0.1593936	0.181749042	0.137038158
1244	0.1595812	0.181962738	0.137199662
1245	0.159786	0.182194626	0.137377374
1246	0.1600104	0.182444987	0.137575813
1247	0.160225667	0.182679957	0.137771376
1248	0.1604206	0.182890364	0.137950836
1249	0.160616067	0.18310354	0.138128593
1250	0.1608156	0.183319825	0.138311375
1251	0.161004467	0.183526767	0.138482166
1252	0.161182067	0.183735276	0.138628857
1253	0.161356867	0.183939522	0.138774212
1254	0.161500467	0.184100502	0.138900431
1255	0.161652067	0.184270323	0.139033811
1256	0.1618422	0.184484576	0.139199824
1257	0.162028933	0.184697716	0.139360151
1258	0.162197867	0.184902599	0.139493134
1259	0.1623704	0.185110352	0.139630448
1260	0.162513667	0.185277006	0.139750328
1261	0.1626526	0.185440456	0.139864744
1262	0.1628228	0.185609974	0.140035626
1263	0.1629936	0.185774149	0.140213051
1264	0.163156667	0.185955458	0.140357876
1265	0.163326333	0.186148101	0.140504565
1266	0.1635252	0.186365058	0.140685342
1267	0.163741133	0.186599905	0.140882362
1268	0.163972667	0.186848145	0.141097188
1269	0.1642106	0.187105499	0.141315701
1270	0.164433467	0.187339545	0.141527388
1271	0.164642533	0.187543514	0.141741552
1272	0.1648608	0.187771013	0.141950587
1273	0.165081267	0.188022372	0.142140161
1274	0.165291867	0.188257378	0.142326355
1275	0.1655064	0.188498582	0.142514218
1276	0.1657188	0.188747456	0.142690144
1277	0.165917467	0.188997157	0.142837776
1278	0.166111867	0.18923492	0.142988814
1279	0.166313067	0.18944517	0.143180963
1280	0.166510467	0.189654807	0.143366126
1281	0.1666758	0.189841171	0.143510429
1282	0.166840933	0.190026509	0.143655358
1283	0.167037333	0.190245402	0.143829265
1284	0.167238333	0.190471154	0.144005513
1285	0.167465533	0.190736659	0.144194408
1286	0.167694733	0.191006976	0.144382491
1287	0.1678688	0.191218207	0.144519393
1288	0.168036667	0.191421319	0.144652014
1289	0.1682288	0.191657895	0.144799705
1290	0.1684144	0.19188915	0.14493965
1291	0.168592533	0.192101868	0.145083199
1292	0.168781667	0.192318243	0.145245091
1293	0.168950133	0.192517887	0.145382379
1294	0.169105533	0.192715899	0.145495168
1295	0.169280467	0.192941507	0.145619427
1296	0.1694796	0.193194569	0.145764631
1297	0.169667933	0.19342868	0.145907187
1298	0.169826933	0.193616887	0.14603698
1299	0.169985933	0.193800291	0.146171575
1300	0.1701358	0.193969489	0.146302111
1301	0.170299733	0.194151832	0.146447635
1302	0.170490133	0.194356304	0.146623963
1303	0.170668867	0.194556212	0.146781521
1304	0.170812667	0.194737724	0.146887609
1305	0.170971733	0.194928764	0.147014703
1306	0.1711484	0.195119054	0.147177746
1307	0.171328067	0.19531655	0.147339583
1308	0.1715628	0.195594992	0.147530608
1309	0.171808933	0.195884556	0.147733311
1310	0.171957933	0.196039134	0.147876733
1311	0.172092267	0.196175975	0.148008558
1312	0.172242733	0.196355016	0.148130451
1313	0.172404267	0.196547027	0.148261507
1314	0.1725886	0.196740156	0.148437044
1315	0.1727726	0.196931685	0.148613515
1316	0.1729698	0.197132586	0.148807014
1317	0.1731784	0.197344317	0.149012483
1318	0.1733586	0.197536265	0.149180935
1319	0.1735308	0.197726198	0.149335402
1320	0.1737062	0.197908446	0.149503954
1321	0.173884533	0.198079268	0.149689799
1322	0.174044067	0.198244449	0.149843684
1323	0.1741728	0.198402401	0.149943199
1324	0.174306333	0.1985576	0.150055067
1325	0.174447267	0.198702013	0.15019252
1326	0.174574533	0.198836144	0.150312922
1327	0.174695333	0.198967745	0.150422922
1328	0.174840467	0.199119858	0.150561075
1329	0.174992533	0.199263938	0.150721128
1330	0.175130533	0.199402844	0.150858222
1331	0.175293733	0.199585335	0.151002132
1332	0.1754808	0.199776216	0.151185384
1333	0.175688467	0.199955276	0.151421657
1334	0.175892933	0.200145043	0.151640824
1335	0.176082	0.200374059	0.151789941
1336	0.176266667	0.20059782	0.151935513
1337	0.176398733	0.200766129	0.152031337
1338	0.176528667	0.20093739	0.152119943
1339	0.176693333	0.20114911	0.152237557
1340	0.176877933	0.201385921	0.152369945
1341	0.176955	0.201518796	0.152391204
1342	0.177002333	0.201618728	0.152385938
1343	0.176955333	0.201648494	0.152262173
1344	0.176888933	0.201684661	0.152093206
1345	0.176867733	0.201766221	0.151969246
1346	0.176826933	0.20182172	0.151832146
1347	0.176650067	0.201766559	0.151533574
1348	0.176310333	0.201583751	0.151036915
1349	0.1759304	0.201314955	0.150545845
1350	0.175565	0.201016911	0.150113089
1351	0.175226867	0.200789652	0.149664081
1352	0.174822733	0.200564244	0.149081222
1353	0.174338533	0.200245863	0.148431203
1354	0.1738106	0.19981404	0.14780716
1355	0.172996067	0.199200248	0.146791885
1356	0.172276933	0.198814302	0.145739564
1357	0.1714738	0.198316556	0.144631044
1358	0.170384267	0.197250549	0.143517984
1359	0.168718933	0.195833547	0.14160432
1360	0.168101133	0.195447074	0.140755192
1361	0.166948	0.194429067	0.139466933
1362	0.165507533	0.192862654	0.138152412
1363	0.164307067	0.192084361	0.136529773
1364	0.163992067	0.192950752	0.135033382
1365	0.1632698	0.193879559	0.132660041
1366	0.163857333	0.194158775	0.133555892
1367	0.164760933	0.194897512	0.134624355
1368	0.166301533	0.197277559	0.135325507
1369	0.167729	0.199972938	0.135485062
1370	0.168080133	0.199487706	0.136672561
1371	0.1681072	0.198379695	0.137834705
1372	0.169721267	0.199013638	0.140428896
1373	0.1714034	0.200316371	0.142490429
1374	0.171821133	0.200158359	0.143483908
1375	0.1718192	0.199527234	0.144111166
1376	0.171301867	0.199388163	0.14321557
1377	0.171081133	0.199859586	0.142302681
1378	0.171644733	0.200161153	0.143128314
1379	0.1722124	0.200241332	0.144183468
1380	0.1725824	0.200961885	0.144202915
1381	0.172509733	0.201729897	0.14328957
1382	0.172427333	0.201232527	0.143622139
1383	0.172467333	0.199914889	0.145019778
1384	0.1719082	0.199176986	0.144639414
1385	0.171179133	0.199150675	0.143207592
1386	0.1710618	0.199294172	0.142829428
1387	0.171927067	0.200151857	0.143702276
1388	0.172856467	0.201295262	0.144417672
1389	0.1730912	0.201892287	0.144290113
1390	0.1734536	0.20235471	0.14455249
1391	0.174537	0.203088278	0.145985722
1392	0.1752762	0.203535949	0.147016451
1393	0.175568867	0.203671339	0.147466394
1394	0.175949667	0.203882058	0.148017275
1395	0.1762326	0.203930997	0.148534203
1396	0.1765026	0.204127551	0.148877649
1397	0.176881733	0.204768001	0.148995466
1398	0.177184533	0.205213195	0.149155872
1399	0.176997867	0.204752644	0.149243089
1400	0.176845267	0.204361271	0.149329263
1401	0.177226133	0.204561266	0.149891
1402	0.177631467	0.20486877	0.150394163
1403	0.1779456	0.205354713	0.150536487
1404	0.1782476	0.205769318	0.150725882
1405	0.178786467	0.206164236	0.151408698
1406	0.179279267	0.206539878	0.152018655
1407	0.179479067	0.206367577	0.152590557
1408	0.179648533	0.206181623	0.153115444
1409	0.180348667	0.207049442	0.153647891
1410	0.181072533	0.207995246	0.15414982
1411	0.1816074	0.208404227	0.154810573
1412	0.181951267	0.208578239	0.155324295
1413	0.182316267	0.20890809	0.155724444
1414	0.182732533	0.209335342	0.156129725
1415	0.1831484	0.209719806	0.156576994
1416	0.183543533	0.210047791	0.157039276
1417	0.184121733	0.210691081	0.157552386
1418	0.184732133	0.211432799	0.158031468
1419	0.185303	0.212044437	0.158561563
1420	0.185859133	0.212598747	0.15911952
1421	0.186350067	0.213078417	0.159621716
1422	0.1867484	0.213457311	0.160039489
1423	0.1871326	0.213825895	0.160439305
1424	0.187551867	0.214218556	0.160885177
1425	0.187878667	0.214547138	0.161210195
1426	0.188114733	0.214814375	0.161415091
1427	0.1884396	0.215146356	0.161732844
1428	0.188876067	0.215599381	0.162152753
1429	0.189223267	0.215970853	0.16247568
1430	0.189459267	0.216271681	0.162646853
1431	0.189720067	0.216606632	0.162833501
1432	0.1899632	0.21685111	0.16307529
1433	0.1901804	0.217051928	0.163308872
1434	0.190436667	0.217287164	0.163586169
1435	0.190704467	0.217549116	0.163859817
1436	0.190933733	0.217818515	0.164048951
1437	0.191174267	0.218111318	0.164237215
1438	0.191514667	0.218479601	0.164549732
1439	0.191832533	0.218801052	0.164864015
1440	0.1920672	0.219020918	0.165113482
1441	0.192309467	0.219265921	0.165353012
1442	0.192639267	0.219642479	0.165636055
1443	0.192950467	0.219990286	0.165910648
1444	0.193217533	0.220255996	0.16617907
1445	0.1934818	0.220522638	0.166440962
1446	0.193836267	0.220893199	0.166779334
1447	0.194191067	0.221259384	0.167122749
1448	0.1946068	0.221670318	0.167543282
1449	0.194996267	0.222059734	0.167932799
1450	0.195370133	0.222450198	0.168290068
1451	0.195729	0.222822821	0.168635179
1452	0.196158667	0.223226846	0.169090487
1453	0.1965776	0.223620746	0.169534454
1454	0.196921467	0.224002615	0.169840319
1455	0.197231467	0.224357985	0.170104948
1456	0.197534933	0.224717957	0.17035191
1457	0.19783	0.225070088	0.170589912
1458	0.198018	0.225298574	0.170737426
1459	0.1981736	0.225491809	0.170855391
1460	0.198317267	0.225661938	0.170972596
1461	0.1984506	0.225822077	0.171079123
1462	0.198587267	0.225997943	0.171176591
1463	0.198728267	0.226175259	0.171281274
1464	0.1988114	0.226323751	0.171299049
1465	0.198871533	0.22645551	0.171287556
1466	0.198974733	0.226570464	0.171379003
1467	0.199089333	0.226684637	0.17149403
1468	0.199227	0.226851142	0.171602858
1469	0.199385333	0.227023032	0.171747634
1470	0.1995396	0.227163462	0.171915738
1471	0.1997036	0.22733062	0.17207658
1472	0.1999446	0.227599997	0.172289203
1473	0.200234067	0.227929179	0.172538954
1474	0.200490733	0.228196269	0.172785198
1475	0.200734333	0.22842278	0.173045887
1476	0.2010008	0.228705928	0.173295672
1477	0.201289533	0.229038109	0.173540958
1478	0.201560067	0.229329187	0.173790947
1479	0.2017978	0.229568108	0.174027492
1480	0.202055667	0.229826164	0.174285169
1481	0.202345133	0.230115309	0.174574958
1482	0.202646467	0.230435434	0.174857499
1483	0.202981267	0.230807414	0.17515512
1484	0.203310067	0.231165156	0.175454978
1485	0.203633733	0.231512932	0.175754535
1486	0.203950267	0.231848065	0.176052468
1487	0.204273667	0.232187018	0.176360315
1488	0.204591467	0.232513331	0.176669602
1489	0.2048904	0.23279628	0.17698452
1490	0.205188333	0.233090905	0.177285762
1491	0.205544667	0.233469656	0.177619677
1492	0.205884467	0.233837707	0.177931226
1493	0.2062264	0.234238032	0.178214768
1494	0.20655	0.234609309	0.178490691
1495	0.2068294	0.234903841	0.178754959
1496	0.207086667	0.235172279	0.179001054
1497	0.207312333	0.235396153	0.179228514
1498	0.2075494	0.235641616	0.179457184
1499	0.207810133	0.235943155	0.179677111
1500	0.208065467	0.236237469	0.179893464
1501	0.208300067	0.236513985	0.180086149
1502	0.208523333	0.236774419	0.180272248
1503	0.208742133	0.237009124	0.180475143
1504	0.208967933	0.237249048	0.180686818
1505	0.209207267	0.237488925	0.180925609
1506	0.209441	0.237727245	0.181154755
1507	0.209665333	0.23798063	0.181350037
1508	0.209886	0.238228412	0.181543588
1509	0.2101486	0.23851258	0.18178462
1510	0.2104112	0.238798314	0.182024086
1511	0.210654667	0.23906741	0.182241923
1512	0.2108944	0.239330902	0.182457898
1513	0.211146933	0.239616808	0.182677059
1514	0.211394533	0.239900725	0.182888342
1515	0.211624133	0.240162523	0.183085744
1516	0.211853133	0.240420971	0.183285295
1517	0.212074467	0.240664828	0.183484105
1518	0.212294733	0.240908793	0.183680673
1519	0.2125518	0.241191615	0.183911985
1520	0.212809533	0.241474564	0.184144503
1521	0.213021	0.241709913	0.184332087
1522	0.213220867	0.241931903	0.184509831
1523	0.2134138	0.24214831	0.18467929
1524	0.213615267	0.242374677	0.184855857
1525	0.213807867	0.242596371	0.185019363
1526	0.213991067	0.242809059	0.185173074
1527	0.214187267	0.243020247	0.185354287
1528	0.214391667	0.243237533	0.1855458
1529	0.214604533	0.243497223	0.185711844
1530	0.214814533	0.24376009	0.185868977
1531	0.215004133	0.243957981	0.186050286
1532	0.2151868	0.244138045	0.186235555
1533	0.215408133	0.244391982	0.186424284
1534	0.215645467	0.244671244	0.186619689
1535	0.215857267	0.244908897	0.186805637
1536	0.2160612	0.245134178	0.186988222
1537	0.216261667	0.245345942	0.187177392
1538	0.216455333	0.245549484	0.187361182
1539	0.216693333	0.245816471	0.187570195
1540	0.2169522	0.246110902	0.187793498
1541	0.217193533	0.246383542	0.188003524
1542	0.217425667	0.246642942	0.188208391
1543	0.217590067	0.246828108	0.188352025
1544	0.217733533	0.24699127	0.188475797
1545	0.217941667	0.24722327	0.188660063
1546	0.218170533	0.24747421	0.188866857
1547	0.218371733	0.247715041	0.189028426
1548	0.218557533	0.247953095	0.189161972
1549	0.218743533	0.248161895	0.189325171
1550	0.218943933	0.248369763	0.189518104
1551	0.219171533	0.248612448	0.189730619
1552	0.2194002	0.248859882	0.189940518
1553	0.219603133	0.249079788	0.190126479
1554	0.219800867	0.249296902	0.190304831
1555	0.220003467	0.249528919	0.190478015
1556	0.220205533	0.249761153	0.190649913
1557	0.220398267	0.249972872	0.190823661
1558	0.220588533	0.250180136	0.190996931
1559	0.220787467	0.250406324	0.191168609
1560	0.2209934	0.250643445	0.191343355
1561	0.221183933	0.250857209	0.191510658
1562	0.221363133	0.251055437	0.19167083
1563	0.221533133	0.251246751	0.191819516
1564	0.221703667	0.251440447	0.191966887
1565	0.221859867	0.251630353	0.19208938
1566	0.222006133	0.251814166	0.192198101
1567	0.222197733	0.252032746	0.192362721
1568	0.2224172	0.252275601	0.192558799
1569	0.222576733	0.252454493	0.192698974
1570	0.2227042	0.252599696	0.192808704
1571	0.222879733	0.252794448	0.192965019
1572	0.223077867	0.253008911	0.193146822
1573	0.223219	0.253164619	0.193273381
1574	0.2233298	0.253293247	0.193366353
1575	0.2234916	0.25346871	0.19351449
1576	0.223684733	0.253669398	0.193700068
1577	0.223869667	0.253864452	0.193874881
1578	0.224050267	0.254061631	0.194038902
1579	0.224264667	0.254294197	0.194235136
1580	0.224499667	0.254542524	0.194456809
1581	0.224713333	0.254776775	0.194649892
1582	0.2249176	0.255009328	0.194825872
1583	0.225094733	0.255207416	0.194982051
1584	0.225247667	0.255374518	0.195120816
1585	0.225447067	0.25558286	0.195311273
1586	0.225681733	0.25582356	0.195539907
1587	0.225901667	0.256072715	0.195730618
1588	0.226110333	0.256328106	0.195892561
1589	0.226293267	0.256529181	0.196057352
1590	0.2264612	0.256693465	0.196228935
1591	0.2266754	0.256908776	0.196442024
1592	0.226916067	0.257154311	0.196677822
1593	0.227140333	0.257412737	0.19686793
1594	0.2273596	0.257686594	0.197032606
1595	0.227562333	0.257919307	0.19720536
1596	0.227754333	0.258124706	0.197383961
1597	0.227953333	0.25834962	0.197557046
1598	0.228158733	0.258589777	0.197727689
1599	0.2283352	0.258792572	0.197877828
1600	0.228487733	0.258964768	0.198010699
1601	0.228646667	0.259144973	0.198148361
1602	0.228816667	0.259338094	0.19829524
1603	0.229005933	0.259551255	0.198460611
1604	0.2292096	0.25977991	0.19863929
1605	0.229375667	0.259969916	0.198781418
1606	0.2295136	0.260130668	0.198896532
1607	0.229709533	0.260342133	0.199076933
1608	0.229943333	0.260586246	0.199300421
1609	0.230175533	0.260841358	0.199509709
1610	0.230408533	0.261105212	0.199711855
1611	0.2306234	0.261354751	0.199892049
1612	0.2308262	0.261594426	0.200057974
1613	0.231055333	0.261844007	0.200266659
1614	0.2312994	0.262099859	0.200498941
1615	0.231525533	0.262334857	0.200716209
1616	0.231741133	0.262558595	0.200923672
1617	0.231955733	0.26279761	0.201113856
1618	0.2321714	0.263045083	0.201297717
1619	0.2323748	0.263256275	0.201493325
1620	0.232571733	0.263450288	0.201693179
1621	0.232761667	0.263665654	0.20185768
1622	0.232948933	0.263890189	0.202007678
1623	0.233139467	0.264109516	0.202169418
1624	0.233331133	0.264326549	0.202335718
1625	0.233553133	0.264560277	0.20254599
1626	0.233787133	0.264800587	0.20277368
1627	0.2339404	0.264963005	0.202917795
1628	0.234064267	0.265097132	0.203031401
1629	0.2342164	0.265277805	0.203154995
1630	0.234378933	0.26547553	0.203282337
1631	0.234539467	0.26564543	0.203433503
1632	0.2347004	0.265807448	0.203593352
1633	0.234855667	0.265989067	0.203722267
1634	0.235010467	0.266178527	0.203842406
1635	0.2352226	0.266416086	0.204029114
1636	0.235452533	0.26666918	0.204235886
1637	0.2356546	0.266902369	0.204406831
1638	0.235851067	0.267132144	0.204569989
1639	0.236038067	0.267349269	0.204726865
1640	0.236225067	0.267565988	0.204884146
1641	0.2364592	0.26781272	0.20510568
1642	0.236702667	0.268065856	0.205339478
1643	0.236850533	0.268255966	0.205445101
1644	0.236983333	0.268436738	0.205529929
1645	0.2371746	0.268660259	0.205688941
1646	0.237374733	0.268890795	0.205858672
1647	0.237573933	0.269117491	0.206030375
1648	0.2377728	0.269343642	0.206201958
1649	0.237935067	0.269506011	0.206364122
1650	0.238093133	0.269661767	0.206524499
1651	0.238266933	0.269861709	0.206672158
1652	0.238445733	0.270068699	0.206822768
1653	0.238614133	0.27024349	0.206984777
1654	0.238779333	0.270414355	0.207144312
1655	0.238936067	0.27058603	0.207286104
1656	0.239092867	0.270757213	0.20742852
1657	0.239269333	0.270932103	0.207606564
1658	0.239446867	0.271109382	0.207784351
1659	0.239624133	0.271314757	0.20793351
1660	0.239804533	0.271522569	0.208086498
1661	0.239951067	0.271687305	0.208214828
1662	0.2400964	0.271853962	0.208338838
1663	0.240254667	0.272051093	0.20845824
1664	0.240417667	0.272250174	0.208585159
1665	0.240617067	0.272456207	0.208777926
1666	0.240809467	0.272653869	0.208965065
1667	0.2409348	0.272787165	0.209082435
1668	0.241063933	0.272929397	0.209198469
1669	0.241200533	0.273093274	0.209307792
1670	0.241360867	0.273278793	0.20944294
1671	0.241635	0.273575444	0.209694556
1672	0.241896733	0.273857179	0.209936287
1673	0.2421308	0.274107763	0.210153837
1674	0.242375133	0.274375528	0.210374739
1675	0.242628933	0.274668868	0.210588999
1676	0.2428632	0.274938692	0.210787708
1677	0.2430474	0.275145727	0.210949073
1678	0.2432666	0.275390241	0.211142959
1679	0.243574	0.275725567	0.211422433
1680	0.243851467	0.27603321	0.211669723
1681	0.244059133	0.276285671	0.211832595
1682	0.244246067	0.276509929	0.211982204
1683	0.244394667	0.276674305	0.212115029
1684	0.2445522	0.276850429	0.212253971
1685	0.244726733	0.277050592	0.212402874
1686	0.244935667	0.277279936	0.212591397
1687	0.245184067	0.27753937	0.212828763
1688	0.2454134	0.277791988	0.213034812
1689	0.2456174	0.278035947	0.213198853
1690	0.2457648	0.278210238	0.213319362
1691	0.245851667	0.278308435	0.213394899
1692	0.246044933	0.278518649	0.213571218
1693	0.246347	0.278841267	0.213852733
1694	0.246584733	0.279107515	0.214061952
1695	0.246768267	0.279332343	0.21420419
1696	0.247018533	0.279628996	0.21440807
1697	0.2473162	0.279972277	0.214660123
1698	0.247517933	0.280192871	0.214842996
1699	0.247656467	0.28033396	0.214978974
1700	0.247860933	0.280569585	0.215152282
1701	0.2481094	0.280869323	0.215349477
1702	0.248312733	0.281099378	0.215526089
1703	0.248491533	0.281288753	0.215694314
1704	0.248604533	0.281458598	0.215750468
1705	0.248694133	0.281622827	0.215765439
1706	0.248827067	0.281767572	0.215886561
1707	0.248968933	0.281902675	0.216035191
1708	0.249221467	0.282166878	0.216276055
1709	0.249512067	0.282473991	0.216550142
1710	0.249717933	0.282722115	0.216713752
1711	0.249902133	0.282954078	0.216850188
1712	0.250053067	0.283109268	0.216996865
1713	0.2502136	0.28327238	0.21715482
1714	0.250438933	0.283524486	0.21735338
1715	0.2506542	0.283766057	0.217542343
1716	0.2506994	0.283842561	0.217556239
1717	0.250748733	0.283922381	0.217575085
1718	0.250912133	0.284078827	0.217745439
1719	0.251070467	0.284231138	0.217909796
1720	0.251124133	0.284324706	0.217923561
1721	0.251186133	0.284419666	0.217952601
1722	0.2513694	0.284590066	0.218148734
1723	0.251555933	0.284774504	0.218337363
1724	0.2517142	0.284955822	0.218472578
1725	0.251887	0.285156273	0.218617727
1726	0.252154467	0.285488175	0.218820758
1727	0.252395333	0.285773286	0.21901738
1728	0.2525026	0.285853621	0.219151579
1729	0.252618867	0.285961186	0.219276548
1730	0.2527692	0.286150922	0.219387478
1731	0.252931267	0.286340274	0.219522259
1732	0.253127067	0.2865294	0.219724733
1733	0.253299133	0.286706244	0.219892023
1734	0.253398867	0.28683618	0.219961554
1735	0.253495667	0.286949112	0.220042221
1736	0.253634667	0.287090925	0.220178408
1737	0.253746467	0.287202407	0.220290526
1738	0.2537906	0.287232012	0.220349188
1739	0.253855933	0.287273905	0.220437962
1740	0.253956533	0.28735608	0.220556987
1741	0.254046267	0.287461961	0.220630572
1742	0.2541304	0.287578891	0.220681909
1743	0.254207133	0.287668469	0.220745797
1744	0.2542642	0.287719499	0.220808901
1745	0.2544024	0.287844973	0.220959827
1746	0.254568667	0.288002279	0.221135055
1747	0.254679733	0.288141657	0.22121781
1748	0.254808467	0.288313195	0.221303738
1749	0.254927867	0.288423685	0.221432049
1750	0.255008067	0.288477878	0.221538255
1751	0.255164067	0.288659068	0.221669065
1752	0.255364867	0.288902339	0.221827395
1753	0.255476333	0.289029142	0.221923525
1754	0.255563	0.289119625	0.222006375
1755	0.255658067	0.289214926	0.222101207
1756	0.255759333	0.289324186	0.222194481
1757	0.255943333	0.289579013	0.222307653
1758	0.2561282	0.289834544	0.222421856
1759	0.256267267	0.289977674	0.222556859
1760	0.256412667	0.290114124	0.22271121
1761	0.256502933	0.290175614	0.222830252
1762	0.256574467	0.290236113	0.22291282
1763	0.2566172	0.290298674	0.222935726
1764	0.256678667	0.290365099	0.222992234
1765	0.256806	0.290458701	0.223153299
1766	0.256922	0.290552348	0.223291652
1767	0.256993733	0.290634177	0.223353289
1768	0.257098	0.290747211	0.223448789
1769	0.257238467	0.29089489	0.223582043
1770	0.257341933	0.29102496	0.223658906
1771	0.257430333	0.291164264	0.223696402
1772	0.2575464	0.291309322	0.223783478
1773	0.2576866	0.291447392	0.223925808
1774	0.2577828	0.291533883	0.224031717
1775	0.2577996	0.29153567	0.22406353
1776	0.257779	0.291494151	0.224063849
1777	0.257767067	0.291469503	0.22406463
1778	0.2577782	0.291476805	0.224079595
1779	0.2577976	0.291497127	0.224098073
1780	0.257878667	0.291621242	0.224136092
1781	0.257963933	0.291754753	0.224173114
1782	0.258155933	0.291977461	0.224334405
1783	0.258412733	0.292270113	0.224555354
1784	0.258485267	0.29232782	0.224642713
1785	0.258482533	0.292292196	0.224672871
1786	0.2585762	0.292468102	0.224684298
1787	0.258718667	0.292706921	0.224730413
1788	0.2587764	0.292692868	0.224859932
1789	0.258809467	0.292634185	0.224984748
1790	0.258738733	0.292493563	0.224983903
1791	0.258654667	0.292356116	0.224953218
1792	0.258415533	0.29209819	0.224732877
1793	0.258196333	0.291862526	0.22453014
1794	0.258185867	0.291792399	0.224579335
1795	0.258185067	0.291771627	0.224598506
1796	0.2581964	0.291940415	0.224452385
1797	0.2581894	0.291986217	0.224392583
1798	0.258227333	0.291867535	0.224587132
1799	0.2582062	0.291769977	0.224642423
1800	0.257991333	0.291613967	0.2243687
1801	0.2550728	0.288809849	0.221335751
1802	0.256049067	0.29080106	0.221297073
1803	0.254681333	0.290627995	0.218734672
1804	0.2534708	0.290749193	0.216192407
1805	0.252714133	0.290885831	0.214542435
1806	0.251932533	0.290681975	0.213183092
1807	0.252389933	0.291116663	0.213663204
1808	0.251382467	0.290285574	0.21247936
1809	0.248987533	0.288946874	0.209028192
1810	0.2488786	0.290053732	0.207703468
1811	0.2483832	0.289277485	0.207488915
1812	0.248068667	0.287427842	0.208709491
1813	0.248118467	0.28662011	0.209616823
1814	0.2464852	0.284674251	0.208296149
1815	0.2419182	0.278822043	0.205014357
1816	0.238425533	0.274417489	0.202433578
1817	0.239385	0.276896483	0.201873517
1818	0.240701667	0.277996004	0.20340733
1819	0.2429636	0.277896859	0.208030341
1820	0.244975	0.280213405	0.209736595
1821	0.243139067	0.282419791	0.203858343
1822	0.240029667	0.28357524	0.196484094
1823	0.240513067	0.284987742	0.196038391
1824	0.241946867	0.286835404	0.19705833
1825	0.2353172	0.28048919	0.19014521
1826	0.223577733	0.269076706	0.178078761
1827	0.208774133	0.25422612	0.163322147
1828	0.204244267	0.247954253	0.16053428
1829	0.213522933	0.263589613	0.163456254
1830	0.231710533	0.301341155	0.162079911
1831	0.2387272	0.322815656	0.154638744
1832	0.211914933	0.288571002	0.135258865
1833	0.168304533	0.234657104	0.101951963
1834	0.135698067	0.201924702	0.069471431
1835	0.102886	0.183785877	0.021986123
1836	0.084625333	0.156093192	0.013157475
1837	0.082106933	0.147915413	0.016298453
1838	0.121346333	0.221535884	0.021156782
1839	0.1934856	0.370503898	0.016467302
1840	0.181843133	0.359461674	0.004224593
1841	0.1546686	0.293295449	0.016041751
1842	0.201938933	0.358910423	0.044967444
1843	0.192952467	0.307395839	0.078509095
1844	0.1633528	0.258461342	0.068244258
1845	0.169601333	0.279405614	0.059797052
1846	0.177169133	0.294822353	0.059515914
1847	0.169536067	0.287172792	0.051899342
1848	0.154065467	0.26674899	0.041381943
1849	0.148787267	0.244644697	0.052929836
1850	0.1656782	0.262224125	0.069132275
1851	0.207629533	0.329920587	0.085338479
1852	0.199482533	0.313415031	0.085550035
1853	0.1764794	0.283648973	0.069309827
1854	0.1778758	0.274566633	0.081184967
1855	0.196722733	0.299170041	0.094275426
1856	0.2101788	0.313849546	0.106508054
1857	0.2107432	0.332418679	0.089067721
1858	0.204856933	0.321842208	0.087871659
1859	0.198978933	0.293194123	0.104763743
1860	0.1816232	0.258196005	0.105050395
1861	0.1817722	0.276502028	0.087042372
1862	0.175568267	0.278993771	0.072142762
1863	0.1651714	0.235077261	0.095265539
1864	0.160478467	0.216118787	0.104838146
1865	0.167343067	0.229261887	0.105424247
1866	0.177375667	0.250148941	0.104602393
1867	0.1797002	0.252194487	0.107205913
1868	0.176865067	0.261974049	0.091756085
1869	0.2111026	0.316130551	0.106074649
1870	0.228176867	0.348394442	0.107959291
1871	0.200229533	0.31243271	0.088026356
1872	0.154987933	0.231973875	0.078001991
1873	0.128739667	0.194119164	0.06336017
1874	0.131136467	0.19828072	0.063992214
1875	0.1428712	0.218633939	0.067108461
1876	0.167414933	0.23587243	0.098957436
1877	0.184044333	0.247900657	0.12018801
1878	0.202957	0.261349102	0.144564898
1879	0.225854667	0.282460999	0.169248334
1880	0.232998467	0.286053239	0.179943695
1881	0.222897667	0.271103991	0.174691343
1882	0.2174592	0.264351613	0.170566787
1883	0.218772067	0.264337244	0.17320689
1884	0.219838067	0.264961206	0.174714927
1885	0.2223324	0.264550507	0.180114293
1886	0.226683867	0.26918936	0.184178374
1887	0.2304448	0.273092174	0.187797426
1888	0.231517867	0.275478136	0.187557597
1889	0.2316262	0.275699099	0.187553301
1890	0.2280712	0.271413237	0.184729163
1891	0.223616867	0.26826983	0.178963903
1892	0.2221034	0.265669902	0.178536898
1893	0.220467067	0.265129243	0.17580489
1894	0.216838267	0.257507525	0.176169009
1895	0.212413733	0.252406169	0.172421298
1896	0.2121494	0.249817117	0.174481683
1897	0.212465733	0.249444374	0.175487093
1898	0.2019688	0.242397584	0.161540016
1899	0.1887262	0.233631049	0.143821351
1900	0.179656067	0.231678521	0.127633612
1901	0.175131333	0.230301257	0.11996141
1902	0.1745526	0.238127882	0.110977318
1903	0.174360667	0.241946742	0.106774591
1904	0.1706996	0.250341515	0.091057685
1905	0.1525924	0.222202605	0.082982195
1906	0.142959867	0.207224284	0.078695449
1907	0.164247133	0.22662929	0.101864977
1908	0.207290933	0.270009331	0.144572536
1909	0.236463267	0.296873342	0.176053191
1910	0.230322467	0.282266375	0.178378558
1911	0.222237867	0.274382653	0.170093081
1912	0.213704133	0.253955904	0.173452363
1913	0.2089688	0.242896385	0.175041215
1914	0.2181228	0.251973622	0.184271978
1915	0.225590867	0.260895926	0.190285807
1916	0.228777867	0.26604772	0.191508014
1917	0.231748	0.27270938	0.19078662
1918	0.2342516	0.276389653	0.192113547
1919	0.235172733	0.275615293	0.194730174
1920	0.236479733	0.275891905	0.197067562
1921	0.2378088	0.275440194	0.200177406
1922	0.238736533	0.275198478	0.202274589
1923	0.240111267	0.27534105	0.204881483
1924	0.241654867	0.276009352	0.207300382
1925	0.243465533	0.279413628	0.207517439
1926	0.245236933	0.283694738	0.206779128
1927	0.247056133	0.287958821	0.206153446
1928	0.248962467	0.292127436	0.205797497
1929	0.250732867	0.294509993	0.206955741
1930	0.2517098	0.293246311	0.210173289
1931	0.252407333	0.29215033	0.212664337
1932	0.253945067	0.293302311	0.214587822
1933	0.2553318	0.294579195	0.216084405
1934	0.254968	0.294443737	0.215492263
1935	0.2541796	0.293938031	0.214421169
1936	0.253854267	0.292752011	0.214956522
1937	0.253868	0.291705976	0.216030024
1938	0.255196	0.292515897	0.217876103
1939	0.2578276	0.294997493	0.220657707
1940	0.260139267	0.297365138	0.222913395
1941	0.2623408	0.299908147	0.224773453
1942	0.264348867	0.302293622	0.226404111
1943	0.2658502	0.304532068	0.227168332
1944	0.267234333	0.306655682	0.227812985
1945	0.2671812	0.306155375	0.228207025
1946	0.2667576	0.305149462	0.228365738
1947	0.266304067	0.304363321	0.228244813
1948	0.265900467	0.303812794	0.227988139
1949	0.2661408	0.30419008	0.22809152
1950	0.267259533	0.305804024	0.228715043
1951	0.2682504	0.307147777	0.229353023
1952	0.2689846	0.307437244	0.230531956
1953	0.269700333	0.307776321	0.231624346
1954	0.270210467	0.307919148	0.232501785
1955	0.270697667	0.308082879	0.233312454
1956	0.270875	0.308562047	0.233187953
1957	0.270941333	0.309127275	0.232755392
1958	0.271425133	0.310039692	0.232810574
1959	0.2721844	0.311181965	0.233186835
1960	0.272571133	0.311625555	0.233516712
1961	0.272406733	0.31096728	0.233846187
1962	0.2724544	0.310694659	0.234214141
1963	0.273526867	0.311934943	0.235118791
1964	0.274484067	0.313056789	0.235911344
1965	0.275114733	0.313384381	0.236845086
1966	0.275668667	0.313652423	0.237684911
1967	0.276370467	0.314352889	0.238388044
1968	0.2770394	0.315135035	0.238943765
1969	0.2775814	0.315829771	0.239333029
1970	0.2780908	0.316520207	0.239661393
1971	0.278532467	0.317097545	0.239967388
1972	0.278801667	0.317396839	0.240206494
1973	0.279044533	0.317660927	0.24042814
1974	0.279225667	0.317718537	0.240732796
1975	0.279395267	0.317780214	0.241010319
1976	0.279821467	0.318374656	0.241268277
1977	0.280258533	0.319009596	0.241507471
1978	0.280719533	0.319664891	0.241774176
1979	0.281223133	0.320366113	0.242080153
1980	0.281738	0.320896678	0.242579322
1981	0.282208133	0.321218778	0.243197489
1982	0.2825778	0.321468187	0.243687413
1983	0.282769067	0.321609575	0.243928558
1984	0.282876933	0.321663079	0.244090787
1985	0.282585	0.321176615	0.243993385
1986	0.282299	0.320702075	0.243895925
1987	0.282757467	0.321397131	0.244117803
1988	0.283237933	0.322154739	0.244321127
1989	0.283591	0.322680554	0.244501446
1990	0.283895067	0.323125055	0.244665079
1991	0.284034667	0.323249036	0.244820298
1992	0.2841062	0.323169321	0.245043079
1993	0.2840568	0.323088958	0.245024642
1994	0.283826133	0.323054277	0.24459799
1995	0.283699	0.323092382	0.244305618
1996	0.283734067	0.323141743	0.244326391
1997	0.283764333	0.323201425	0.244327242
1998	0.283568333	0.322983483	0.244153184
1999	0.283329067	0.322700645	0.243957488
2000	0.283200267	0.322575999	0.243824534
2001	0.283041933	0.322393014	0.243690852
2002	0.2826428	0.32199385	0.24329175
2003	0.2824396	0.321922447	0.242956753
2004	0.282492333	0.322137734	0.242846932
2005	0.282148733	0.321856364	0.242441102
2006	0.281977733	0.321740001	0.242215465
2007	0.2829546	0.322619003	0.243290197
2008	0.283735933	0.323270928	0.244200939
2009	0.283743	0.32307267	0.24441333
2010	0.283815867	0.323002786	0.244628948
2011	0.284383867	0.323669517	0.245098216
2012	0.284885533	0.324334654	0.245436413
2013	0.285249333	0.324765458	0.245733209
2014	0.285417	0.324857976	0.245976024
2015	0.285875933	0.325285595	0.246466272
2016	0.286866467	0.326304407	0.247428527
2017	0.287716533	0.327202232	0.248230834
2018	0.288174267	0.327745632	0.248602901
2019	0.288620733	0.328265836	0.248975631
2020	0.289464867	0.329218567	0.249711166
2021	0.290265333	0.330125491	0.250405176
2022	0.291330133	0.331160205	0.251500061
2023	0.292307333	0.332088338	0.252526329
2024	0.292684467	0.332495938	0.252872995
2025	0.292716267	0.332514299	0.252918234
2026	0.292566533	0.332276528	0.252856538
2027	0.292614667	0.332228098	0.253001235
2028	0.2928708	0.332473925	0.253267675
2029	0.293359733	0.333213066	0.253506401
2030	0.293859067	0.333950122	0.253768011
2031	0.2942384	0.334418254	0.254058546
2032	0.294644267	0.33489943	0.254389104
2033	0.2953754	0.335588134	0.255162666
2034	0.2961252	0.336288243	0.255962157
2035	0.296593267	0.336785285	0.256401249
2036	0.297043267	0.337297802	0.256788732
2037	0.2970626	0.337324282	0.256800918
2038	0.296954533	0.337198443	0.256710624
2039	0.296807733	0.337092346	0.25652312
2040	0.296609	0.336992095	0.256225905
2041	0.296790667	0.337259729	0.256321605
2042	0.2973384	0.337739366	0.256937434
2043	0.297810067	0.338105179	0.257514955
2044	0.297956667	0.338155494	0.257757839
2045	0.2980492	0.33818537	0.25791303
2046	0.297997467	0.338199638	0.257795295
2047	0.297997067	0.338269099	0.257725035
2048	0.298203	0.338617243	0.257788757
2049	0.298419267	0.339037945	0.257800588
2050	0.298751867	0.339500088	0.258003645
2051	0.299124733	0.339972037	0.258277429
2052	0.299198333	0.340199313	0.258197354
2053	0.2989744	0.340002629	0.257946171
2054	0.298888533	0.339825629	0.257951437
2055	0.298792133	0.339598163	0.257986103
2056	0.2987424	0.339449714	0.258035086
2057	0.298943867	0.339615895	0.258271839
2058	0.299163133	0.33983378	0.258492486
2059	0.299366667	0.340120392	0.258612941
2060	0.2995716	0.340380819	0.258762381
2061	0.299446867	0.340009455	0.258884278
2062	0.299251467	0.339559162	0.258943771
2063	0.2990358	0.339134645	0.258936955
2064	0.299047867	0.339028194	0.25906754
2065	0.299251267	0.339264573	0.25923796
2066	0.2996502	0.339733272	0.259567128
2067	0.300020067	0.340157134	0.259882999
2068	0.299981933	0.340057544	0.259906323
2069	0.300029667	0.339998441	0.260060893
2070	0.300377067	0.340407216	0.260346917
2071	0.300752133	0.340914379	0.260589888
2072	0.3010584	0.34135908	0.26075772
2073	0.301290333	0.341688811	0.260891856
2074	0.301499067	0.341893352	0.261104782
2075	0.301893467	0.34225167	0.261535264
2076	0.302062	0.342339162	0.261784838
2077	0.302016067	0.342260548	0.261771585
2078	0.30204	0.342354412	0.261725588
2079	0.301924267	0.342224609	0.261623925
2080	0.301689733	0.341914552	0.261464914
2081	0.301405467	0.341457526	0.261353407
2082	0.301269867	0.341189856	0.261349878
2083	0.3017682	0.341707025	0.261829375
2084	0.3022752	0.342214212	0.262336188
2085	0.3026164	0.342492716	0.262740084
2086	0.302949	0.342795715	0.263102285
2087	0.303059533	0.34296124	0.263157827
2088	0.303095733	0.343082991	0.263108475
2089	0.30314	0.343322441	0.262957559
2090	0.303200267	0.343544539	0.262855994
2091	0.3035192	0.343956825	0.263081575
2092	0.304004667	0.34457689	0.263432444
2093	0.304328467	0.345098688	0.263558245
2094	0.3043326	0.345121778	0.263543422
2095	0.304467067	0.345241153	0.263692981
2096	0.3049026	0.345722232	0.264082968
2097	0.305229467	0.346062941	0.264395992
2098	0.3051426	0.345963035	0.264322165
2099	0.305038667	0.345864118	0.264213215
2100	0.305082133	0.345775484	0.264388783
2101	0.30514	0.345645543	0.264634457
2102	0.3050238	0.345532065	0.264515535
2103	0.304899733	0.345428203	0.264371263
2104	0.3052254	0.345779721	0.264671079
2105	0.3057846	0.346404291	0.265164909
2106	0.3063372	0.347063407	0.265610993
2107	0.3068284	0.34759482	0.26606198
2108	0.307255533	0.347972789	0.266538277
2109	0.307105667	0.347716308	0.266495025
2110	0.3068008	0.347312083	0.266289517
2111	0.3067	0.347178436	0.266221564
2112	0.306680333	0.347153217	0.26620745
2113	0.3066632	0.34714632	0.26618008
2114	0.306673	0.347162299	0.266183701
2115	0.306788067	0.347360949	0.266215184
2116	0.306784067	0.347460633	0.266107501
2117	0.306443467	0.347156895	0.265730039
2118	0.306059267	0.34682062	0.265297914
2119	0.3059596	0.346653058	0.265266142
2120	0.3060972	0.346592109	0.265602291
2121	0.306420533	0.346811853	0.266029213
2122	0.306999133	0.347429591	0.266568675
2123	0.307419933	0.347862877	0.266976989
2124	0.308002133	0.348498726	0.267505541
2125	0.3086482	0.349239163	0.268057237
2126	0.3089768	0.349577171	0.268376429
2127	0.3092324	0.34977925	0.26868555
2128	0.309227867	0.349563585	0.268892148
2129	0.3090856	0.349198221	0.268972979
2130	0.309159733	0.349274348	0.269045118
2131	0.3094532	0.349686115	0.269220285
2132	0.309638533	0.350086579	0.269190488
2133	0.309778467	0.350514545	0.269042389
2134	0.309699333	0.350442891	0.268955776
2135	0.3095002	0.349966618	0.269033782
2136	0.3092844	0.349551979	0.269016821
2137	0.308897067	0.349107351	0.268686782
2138	0.308621733	0.348826752	0.268416715
2139	0.308396267	0.348694618	0.268097915
2140	0.308207733	0.348591883	0.267823584
2141	0.308256467	0.348563099	0.267949834
2142	0.308253533	0.348458186	0.268048881
2143	0.308008133	0.34824906	0.267767207
2144	0.307808733	0.348136358	0.267481109
2145	0.307850733	0.348178833	0.267522634
2146	0.307826933	0.348117342	0.267536525
2147	0.307657667	0.347941196	0.267374137
2148	0.3075844	0.347825897	0.267342903
2149	0.306835733	0.346975706	0.26669576
2150	0.305825533	0.345872657	0.26577841
2151	0.305271933	0.345131211	0.265412655
2152	0.305104267	0.344741875	0.265466658
2153	0.305138933	0.344572147	0.265705719
2154	0.3054504	0.344719866	0.266180934
2155	0.305554467	0.34470689	0.266402043
2156	0.3051322	0.344275867	0.265988533
2157	0.304776933	0.343983948	0.265569919
2158	0.304689267	0.344038486	0.265340047
2159	0.3046134	0.344068524	0.265158276
2160	0.3042328	0.343691717	0.264773883
2161	0.303691533	0.343131769	0.264251297
2162	0.3030252	0.342298077	0.263752323
2163	0.302390933	0.341487051	0.263294815
2164	0.301620533	0.340751299	0.262489767
2165	0.3010852	0.340269748	0.261900652
2166	0.300825267	0.339983067	0.261667467
2167	0.300598067	0.339715582	0.261480551
2168	0.300426733	0.339433196	0.261420271
2169	0.3000852	0.33887112	0.26129928
2170	0.299840733	0.338361933	0.261319533
2171	0.300090867	0.33845414	0.261727594
2172	0.300288467	0.338578521	0.261998413
2173	0.300407267	0.338799104	0.26201543
2174	0.3005402	0.339024038	0.262056362
2175	0.300393867	0.338836898	0.261950835
2176	0.300117533	0.338526333	0.261708734
2177	0.299658133	0.338072207	0.26124406
2178	0.2991366	0.337522639	0.260750561
2179	0.298593067	0.336946012	0.260240121
2180	0.298154133	0.336482204	0.259826063
2181	0.297545	0.335737039	0.259352961
2182	0.296804267	0.334887875	0.258720659
2183	0.2966238	0.334719723	0.258527877
2184	0.296848533	0.334986609	0.258710458
2185	0.296844467	0.33494923	0.258739703
2186	0.296458267	0.33451703	0.258399503
2187	0.2959498	0.333975639	0.257923961
2188	0.295373	0.333350408	0.257395592
2189	0.294995267	0.332959406	0.257031127
2190	0.294803733	0.332791569	0.256815897
2191	0.294503	0.332491676	0.256514324
2192	0.294147467	0.332048026	0.256246907
2193	0.2937586	0.331570745	0.255946455
2194	0.293418667	0.331229013	0.25560832
2195	0.293182867	0.33101371	0.255352024
2196	0.292971333	0.330793111	0.255149555
2197	0.292679133	0.330497826	0.254860441
2198	0.292084333	0.329692371	0.254476295
2199	0.291343667	0.328664516	0.254022817
2200	0.2912492	0.328590576	0.253907824
2201	0.2911266	0.328598434	0.253654766
2202	0.2907418	0.328230872	0.253252728
2203	0.2905616	0.328022633	0.253100567
2204	0.290491867	0.327917783	0.25306595
2205	0.290571733	0.327854752	0.253288714
2206	0.290831133	0.327987414	0.253674853
2207	0.291452867	0.328647906	0.254257827
2208	0.2920884	0.329348977	0.254827823
2209	0.292594667	0.329926131	0.255263202
2210	0.2929482	0.330327909	0.255568491
2211	0.293015067	0.330464322	0.255565811
2212	0.293174933	0.330685572	0.255664295
2213	0.2938786	0.331319801	0.256437399
2214	0.294704533	0.332053305	0.257355762
2215	0.295511667	0.33283959	0.258183744
2216	0.2962912	0.333648075	0.258934325
2217	0.297092467	0.334600387	0.259584547
2218	0.297951733	0.335533435	0.260370031
2219	0.298688	0.33622424	0.26115176
2220	0.2992318	0.336760022	0.261703578
2221	0.299581733	0.337138833	0.262024634
2222	0.299749667	0.337367953	0.26213138
2223	0.299954067	0.337658691	0.262249442
2224	0.300401133	0.338264301	0.262537966
2225	0.300742667	0.338740682	0.262744652
2226	0.300948867	0.339092918	0.262804815
2227	0.301502	0.33977669	0.26322731
2228	0.3020878	0.340253567	0.263922033
2229	0.302390933	0.340438726	0.26434314
2230	0.302127467	0.340023316	0.264231618
2231	0.3017822	0.339531706	0.264032694
2232	0.3019188	0.339747425	0.264090175
2233	0.302277	0.340274548	0.264279452
2234	0.302442267	0.340582684	0.26430185
2235	0.302499067	0.340715465	0.264282668
2236	0.3029618	0.341046971	0.264876629
2237	0.303547333	0.341485076	0.265609591
2238	0.303792533	0.341713581	0.265871486
2239	0.3038884	0.341822007	0.265954793
2240	0.3041562	0.342201918	0.266110482
2241	0.304383467	0.342525371	0.266241562
2242	0.3044642	0.34256223	0.26636617
2243	0.3046398	0.342605829	0.266673771
2244	0.304671067	0.342536721	0.266805413
2245	0.3046212	0.342482421	0.266759979
2246	0.304705333	0.342568987	0.26684168
2247	0.3049078	0.342762291	0.267053309
2248	0.3052308	0.343047735	0.267413865
2249	0.3057638	0.343443726	0.268083874
2250	0.306206467	0.343771849	0.268641085
2251	0.305950467	0.343611179	0.268289754
2252	0.305548467	0.343303574	0.26779336
2253	0.3052844	0.34291438	0.26765442
2254	0.305078267	0.342561597	0.267594937
2255	0.305062867	0.342488882	0.267636851
2256	0.3051734	0.342559375	0.267787425
2257	0.3053338	0.342792091	0.267875509
2258	0.305501067	0.343080848	0.267921285
2259	0.305715467	0.343235181	0.268195752
2260	0.3058042	0.343208025	0.268400375
2261	0.305610533	0.343056467	0.268164599
2262	0.305281733	0.342940232	0.267623235
2263	0.305118333	0.34294346	0.267293207
2264	0.3052814	0.343114054	0.267448746
2265	0.3057632	0.343507151	0.268019249
2266	0.306190333	0.343748803	0.268631864
2267	0.306422667	0.343863273	0.26898206
2268	0.3068122	0.344217925	0.269406475
2269	0.307214533	0.344655997	0.26977307
2270	0.307362667	0.345044996	0.269680337
2271	0.30741	0.345187988	0.269632012
2272	0.3071602	0.344751322	0.269569078
2273	0.306919067	0.344388295	0.269449838
2274	0.306826667	0.344230461	0.269422872
2275	0.3067684	0.344137716	0.269399084
2276	0.3067918	0.344164804	0.269418796
2277	0.306803267	0.344159569	0.269446964
2278	0.306547933	0.34392478	0.269171087
2279	0.306127667	0.343571127	0.268684206
2280	0.3053752	0.342963298	0.267787102
2281	0.304706133	0.342464203	0.266948064
2282	0.3049184	0.342675877	0.267160923
2283	0.305399867	0.343130389	0.267669344
2284	0.305970933	0.343749358	0.268192509
2285	0.3063336	0.344067236	0.268599964
2286	0.306507867	0.344182465	0.268833268
2287	0.306572667	0.344172676	0.268972657
2288	0.306521867	0.343839416	0.269204318
2289	0.3064388	0.343487457	0.269390143
2290	0.306170467	0.343137598	0.269203335
2291	0.306028733	0.342981493	0.269075973
2292	0.306188	0.343090983	0.269285017
2293	0.306577933	0.343489981	0.269665886
2294	0.306829933	0.343784598	0.269875269
2295	0.306731333	0.343796534	0.269666133
2296	0.306515133	0.343713792	0.269316475
2297	0.306290267	0.343436545	0.269143988
2298	0.306338067	0.343472577	0.269203557
2299	0.306795467	0.344029061	0.269561873
2300	0.307009933	0.344207828	0.269812039
2301	0.3067362	0.343689333	0.269783067
2302	0.306501467	0.343293994	0.269708939
2303	0.306330733	0.343252231	0.269409235
2304	0.3061564	0.343266773	0.269046027
2305	0.3056094	0.342734022	0.268484778
2306	0.304905267	0.341921933	0.267888601
2307	0.305148933	0.342034522	0.268263345
2308	0.305707667	0.342471074	0.26894426
2309	0.305081333	0.341770927	0.26839174
2310	0.304259733	0.340929175	0.267590292
2311	0.30408	0.340738899	0.267421101
2312	0.304088267	0.340811699	0.267364835
2313	0.3041396	0.340781212	0.267497988
2314	0.3040306	0.340474919	0.267586281
2315	0.3040842	0.34050284	0.26766556
2316	0.304103533	0.34065573	0.267551337
2317	0.304259467	0.340910284	0.267608649
2318	0.3048502	0.341661697	0.268038703
2319	0.305106467	0.342086889	0.268126044
2320	0.305121133	0.342099099	0.268143168
2321	0.305435467	0.342307195	0.268563739
2322	0.306044067	0.342724219	0.269363914
2323	0.3064566	0.342906595	0.270006605
2324	0.306780467	0.343064842	0.270496091
2325	0.307307133	0.343533142	0.271081124
2326	0.307629867	0.343891311	0.271368423
2327	0.3076952	0.344042395	0.271348005
2328	0.3077168	0.344119268	0.271314332
2329	0.307817333	0.344257642	0.271377025
2330	0.307426133	0.343808972	0.271043294
2331	0.306923667	0.343202788	0.270644545
2332	0.306563133	0.342654241	0.270472026
2333	0.306209667	0.34209128	0.270328054
2334	0.305719933	0.341421189	0.270018678
2335	0.305156467	0.340802785	0.269510149
2336	0.3048088	0.340718011	0.268899589
2337	0.3047818	0.340972812	0.268590788
2338	0.305547267	0.341730396	0.269364137
2339	0.3064566	0.342614135	0.270299065
2340	0.307290333	0.34353823	0.271042437
2341	0.307830267	0.344091673	0.271568861
2342	0.307311067	0.343528579	0.271093554
2343	0.306677933	0.3430027	0.270353166
2344	0.3065868	0.343177109	0.269996491
2345	0.3065828	0.343401023	0.269764577
2346	0.3064446	0.343375056	0.269514144
2347	0.306098867	0.34293939	0.269258344
2348	0.306287533	0.342915606	0.269659461
2349	0.307105133	0.343516093	0.270694174
2350	0.307568067	0.343765079	0.271371054
2351	0.3075596	0.34345812	0.27166108
2352	0.307503733	0.343186338	0.271821129
2353	0.308119133	0.343862361	0.272375906
2354	0.308860667	0.344662356	0.273058977
2355	0.3095484	0.345499994	0.273596806
2356	0.310065133	0.346172373	0.273957894
2357	0.309410067	0.345640648	0.273179485
2358	0.308673267	0.345077875	0.272268658
2359	0.308061	0.34466536	0.27145664
2360	0.3073998	0.344188124	0.270611476
2361	0.3067498	0.343686033	0.269813567
2362	0.306212333	0.343255224	0.269169443
2363	0.306341667	0.343365626	0.269317707
2364	0.3068574	0.343943203	0.269771597
2365	0.307838867	0.344932169	0.270745564
2366	0.308595667	0.345598718	0.271592615
2367	0.308546867	0.345431801	0.271661932
2368	0.308342733	0.345128844	0.271556623
2369	0.307766067	0.344392136	0.271139997
2370	0.307193067	0.343670574	0.270715559
2371	0.306651933	0.34295792	0.270345946
2372	0.3059608	0.342169682	0.269751918
2373	0.305971333	0.342668392	0.269274275
2374	0.306358733	0.343677638	0.269039829
2375	0.3067462	0.344183015	0.269309385
2376	0.307066467	0.344417423	0.26971551
2377	0.3072524	0.344318106	0.270186694
2378	0.307720333	0.344618249	0.270822417
2379	0.3078354	0.34448844	0.27118236
2380	0.307190133	0.343401428	0.270978839
2381	0.306529733	0.342506607	0.27055286
2382	0.306259	0.342218153	0.270299847
2383	0.3059352	0.342164788	0.269705612
2384	0.305871933	0.342505361	0.269238506
2385	0.3055836	0.342403952	0.268763248
2386	0.304983467	0.341821267	0.268145667
2387	0.304773467	0.341368528	0.268178405
2388	0.304901333	0.341197851	0.268604816
2389	0.305125733	0.341354229	0.268897238
2390	0.305012067	0.341258811	0.268765322
2391	0.305097133	0.341412083	0.268782184
2392	0.305085133	0.341613578	0.268556689
2393	0.305208933	0.341916149	0.268501717
2394	0.306312933	0.34305889	0.269566976
2395	0.306865467	0.343660393	0.27007054
2396	0.307237333	0.344210262	0.270264404
2397	0.307723867	0.344849762	0.270597971
2398	0.307002867	0.344043628	0.269962105
2399	0.306569333	0.343547235	0.269591431
2400	0.306986867	0.343648452	0.270325281
2401	0.307117867	0.343472433	0.2707633
2402	0.306046733	0.342016315	0.270077152
2403	0.305061133	0.34066692	0.269455347
2404	0.305756933	0.341675137	0.26983873
2405	0.306913467	0.343426694	0.27040024
2406	0.308229733	0.345338628	0.271120839
2407	0.309060867	0.34659605	0.271525684
2408	0.307937133	0.345263029	0.270611238
2409	0.306395467	0.343458784	0.269332149
2410	0.304039867	0.34112501	0.266954724
2411	0.301903533	0.339068812	0.264738255
2412	0.3014662	0.338629085	0.264303315
2413	0.300906667	0.33809924	0.263714093
2414	0.2994182	0.336608815	0.262227585
2415	0.298081133	0.335296519	0.260865748
2416	0.298574933	0.335908569	0.261241298
2417	0.2996812	0.337097395	0.262265005
2418	0.300595333	0.33741378	0.263776887
2419	0.301562733	0.33781486	0.265310607
2420	0.302089533	0.337831395	0.266347672
2421	0.3016488	0.336767341	0.266530259
2422	0.302316	0.337587946	0.267044054
2423	0.3041182	0.339803745	0.268432655
2424	0.303127533	0.33920847	0.267046597
2425	0.300737067	0.337188059	0.264286074
2426	0.2990908	0.335268674	0.262912926
2427	0.297783533	0.333517442	0.262049625
2428	0.296703933	0.332106903	0.261300964
2429	0.295618133	0.330926124	0.260310143
2430	0.2964492	0.332356029	0.260542371
2431	0.299074867	0.335577202	0.262572531
2432	0.299888333	0.336650327	0.26312634
2433	0.299573467	0.336766187	0.262380746
2434	0.297764933	0.335121963	0.260407904
2435	0.294121	0.331470781	0.256771219
2436	0.2935158	0.330503232	0.256528368
2437	0.295268	0.331457907	0.259078093
2438	0.296509067	0.332273334	0.2607448
2439	0.297685867	0.333978804	0.26139293
2440	0.298477333	0.335535755	0.261418911
2441	0.2981364	0.335571188	0.260701612
2442	0.297785533	0.335455751	0.260115316
2443	0.297481133	0.335075869	0.259886397
2444	0.2970748	0.334460186	0.259689414
2445	0.297216733	0.334688703	0.259744764
2446	0.296844	0.333963321	0.259724679
2447	0.296763	0.332998505	0.260527495
2448	0.295878	0.3319505	0.2598055
2449	0.294378733	0.33109297	0.257664497
2450	0.292869133	0.329938124	0.255800142
2451	0.288519	0.32476507	0.25227293
2452	0.2858968	0.321317755	0.250475845
2453	0.286216467	0.32119159	0.251241344
2454	0.287558467	0.322086265	0.253030669
2455	0.2920734	0.326678983	0.257467817
2456	0.2935204	0.32893429	0.25810651
2457	0.290157067	0.326124344	0.25418979
2458	0.288914467	0.325365205	0.252463728
2459	0.289618667	0.326204733	0.253032601
2460	0.290101333	0.326446697	0.253755969
2461	0.290909933	0.327477211	0.254342656
2462	0.291030067	0.328106451	0.253953682
2463	0.289468267	0.325967236	0.252969297
2464	0.288072133	0.324249859	0.251894408
2465	0.288362667	0.32531451	0.251410823
2466	0.288193867	0.325673634	0.2507141
2467	0.286871	0.323511359	0.250230641
2468	0.286652533	0.322516606	0.250788461
2469	0.2888422	0.32428194	0.25340246
2470	0.290868067	0.325179872	0.256556262
2471	0.291344667	0.324239968	0.258449365
2472	0.291324133	0.323975789	0.258672477
2473	0.2901668	0.324495921	0.255837679
2474	0.288528733	0.324201306	0.252856161
2475	0.286430867	0.320741726	0.252120008
2476	0.283813467	0.317388826	0.250238107
2477	0.2795396	0.312695127	0.246384073
2478	0.275181933	0.307877483	0.242486383
2479	0.2738182	0.307787697	0.239848703
2480	0.273839933	0.31070115	0.236978716
2481	0.2706996	0.309033897	0.232365303
2482	0.266155667	0.306791185	0.225520149
2483	0.268804933	0.31074946	0.226860407
2484	0.273330333	0.315904241	0.230756426
2485	0.2737584	0.31445164	0.23306516
2486	0.274315467	0.314028498	0.234602435
2487	0.2749682	0.315427972	0.234508428
2488	0.2713676	0.311807654	0.230927546
2489	0.259084267	0.298115452	0.220053081
2490	0.251336267	0.29217826	0.210494273
2491	0.259769	0.300145176	0.219392824
2492	0.267925533	0.310011055	0.225840011
2493	0.265242933	0.309323916	0.221161951
2494	0.262874467	0.309334394	0.216414539
2495	0.266617133	0.3136657	0.219568567
2496	0.269502667	0.315600773	0.22340456
2497	0.273097067	0.316457539	0.229736595
2498	0.278295333	0.322900166	0.233690501
2499	0.277726867	0.321926636	0.233527097
2500	0.276840867	0.32325689	0.230424844
