Wavelength	Mean	Std+	Std-
350	0.047988133	0.054994766	0.040981501
351	0.048255933	0.055266506	0.04124536
352	0.048500867	0.055503107	0.041498626
353	0.0486288	0.055657751	0.041599849
354	0.048748133	0.055806437	0.04168983
355	0.048879533	0.055967207	0.04179186
356	0.049174	0.056298577	0.042049423
357	0.0493194	0.056439826	0.042198974
358	0.0494392	0.05654927	0.04232913
359	0.049794933	0.056958305	0.042631562
360	0.049886	0.057073442	0.042698558
361	0.049922467	0.05713557	0.042709364
362	0.050005267	0.057264604	0.042745929
363	0.0503092	0.057588979	0.043029421
364	0.050541667	0.057850864	0.043232469
365	0.050680933	0.058031238	0.043330629
366	0.0511076	0.058477054	0.043738146
367	0.0513878	0.058774139	0.044001461
368	0.051556333	0.058962296	0.04415037
369	0.051622733	0.059062766	0.044182701
370	0.051704467	0.059167552	0.044241381
371	0.0518636	0.059359663	0.044367537
372	0.052175667	0.059732956	0.044618378
373	0.052609	0.060165906	0.045052094
374	0.052988733	0.060561666	0.045415801
375	0.053280933	0.06089917	0.045662697
376	0.053377667	0.061031121	0.045724213
377	0.053615	0.061314885	0.045915115
378	0.0539778	0.061735681	0.046219919
379	0.0544706	0.06230291	0.04663829
380	0.054724133	0.062582912	0.046865354
381	0.0549282	0.062806011	0.047050389
382	0.055225733	0.063147046	0.04730442
383	0.0555188	0.06348801	0.04754959
384	0.0558824	0.063898823	0.047865977
385	0.056335467	0.064397947	0.048272987
386	0.056694533	0.064825959	0.048563107
387	0.0570088	0.065221195	0.048796405
388	0.0573264	0.065623832	0.049028968
389	0.057870733	0.066231102	0.049510365
390	0.058056667	0.06644492	0.049668413
391	0.058195667	0.066605734	0.049785599
392	0.0585692	0.067021241	0.050117159
393	0.058817867	0.067289388	0.050346345
394	0.059135533	0.067638628	0.050632439
395	0.059554933	0.068108101	0.051001766
396	0.060073467	0.06869447	0.051452464
397	0.060356867	0.069046272	0.051667461
398	0.060519267	0.069275594	0.051762939
399	0.0609054	0.06972824	0.05208256
400	0.061148267	0.069989347	0.052307186
401	0.0613544	0.070207309	0.052501491
402	0.061627133	0.070524514	0.052729753
403	0.061894	0.070816647	0.052971353
404	0.062158933	0.071107126	0.053210741
405	0.062429667	0.071409204	0.053450129
406	0.0627454	0.071757006	0.053733794
407	0.0629918	0.072040696	0.053942904
408	0.063196067	0.072287358	0.054104776
409	0.0635122	0.072655309	0.054369091
410	0.0638454	0.073028997	0.054661803
411	0.064175667	0.073396151	0.054955183
412	0.0644878	0.073751132	0.055224468
413	0.0647552	0.07405215	0.05545825
414	0.065008333	0.07434044	0.055676227
415	0.0652588	0.074631199	0.055886401
416	0.065565267	0.074980894	0.056149639
417	0.065892067	0.07534532	0.056438813
418	0.066228933	0.07571545	0.056742417
419	0.066523333	0.076045661	0.057001006
420	0.066829467	0.076394571	0.057264363
421	0.067131867	0.076743288	0.057520445
422	0.067405133	0.077063627	0.05774664
423	0.0677686	0.077470337	0.058066863
424	0.068091	0.077833849	0.058348151
425	0.068311667	0.078094752	0.058528581
426	0.0686564	0.078487708	0.058825092
427	0.069010267	0.078891528	0.059129006
428	0.069369467	0.079301439	0.059437495
429	0.0697778	0.079757931	0.059797669
430	0.070119467	0.08015587	0.060083063
431	0.070444533	0.080543001	0.060346066
432	0.070852933	0.081019149	0.060686718
433	0.071221	0.081454432	0.060987568
434	0.071561867	0.081858975	0.061264759
435	0.071878733	0.082234382	0.061523085
436	0.072234667	0.082638914	0.06183042
437	0.072581	0.083032953	0.062129047
438	0.072922267	0.083422592	0.062421941
439	0.0733484	0.083905994	0.062790806
440	0.0737398	0.084345035	0.063134565
441	0.0740942	0.084744191	0.063444209
442	0.074389	0.085097714	0.063680286
443	0.074718667	0.085484408	0.063952925
444	0.0750498	0.08586854	0.06423106
445	0.075364067	0.08622958	0.064498554
446	0.0757092	0.086617224	0.064801176
447	0.076034267	0.086986687	0.065081847
448	0.0763354	0.087334918	0.065335882
449	0.0766508	0.087695365	0.065606235
450	0.076947733	0.088034674	0.065860793
451	0.077235467	0.088362397	0.066108537
452	0.0775348	0.088700027	0.066369573
453	0.0778318	0.089035006	0.066628594
454	0.078126867	0.089369814	0.06688392
455	0.078419933	0.089706953	0.067132914
456	0.078688667	0.09000975	0.067367584
457	0.078961267	0.090318028	0.067604505
458	0.079240467	0.090636571	0.067844362
459	0.079502867	0.090937608	0.068068126
460	0.079729733	0.091195168	0.068264298
461	0.079937933	0.091429525	0.068446342
462	0.0801766	0.091698373	0.068654827
463	0.080371333	0.091914531	0.068828135
464	0.080571867	0.092133969	0.069009764
465	0.080822667	0.092404057	0.069241276
466	0.081042467	0.092649309	0.069435625
467	0.081234467	0.092867909	0.069601024
468	0.081395533	0.093055214	0.069735853
469	0.0816334	0.093319265	0.069947535
470	0.081831	0.093538927	0.070123073
471	0.0820096	0.093736648	0.070282552
472	0.082260933	0.094008482	0.070513385
473	0.082432933	0.094202738	0.070663129
474	0.0825788	0.094372015	0.070785585
475	0.0827396	0.094557393	0.070921807
476	0.0830244	0.09485985	0.07118895
477	0.083270333	0.095125693	0.071414974
478	0.083435533	0.095316497	0.071554569
479	0.083724533	0.095633962	0.071815105
480	0.083957867	0.095891823	0.07202391
481	0.0841518	0.096107035	0.072196565
482	0.084401333	0.096377342	0.072425324
483	0.084613	0.096613391	0.072612609
484	0.084836067	0.096863193	0.07280894
485	0.085138267	0.097193845	0.073082688
486	0.0854466	0.097529541	0.073363659
487	0.085724733	0.097839917	0.073609549
488	0.085954267	0.098109485	0.073799048
489	0.0862106	0.098417408	0.074003792
490	0.086495	0.098743209	0.074246791
491	0.086796	0.099075554	0.074516446
492	0.0870784	0.09938769	0.07476911
493	0.0873938	0.099733271	0.075054329
494	0.087705667	0.100079011	0.075332322
495	0.087956533	0.100373468	0.075539599
496	0.0882652	0.100722919	0.075807481
497	0.088591733	0.101087936	0.07609553
498	0.0889276	0.101460108	0.076395092
499	0.089246667	0.101810836	0.076682497
500	0.089576	0.102181116	0.076970884
501	0.089915	0.102569094	0.077260906
502	0.090251933	0.102942297	0.07756157
503	0.0905822	0.103319888	0.077844512
504	0.0909086	0.10369624	0.07812096
505	0.0912406	0.104068967	0.078412233
506	0.091551133	0.104420771	0.078681495
507	0.091887933	0.104797649	0.078978218
508	0.092282867	0.105230281	0.079335453
509	0.092611	0.105593075	0.079628925
510	0.092912	0.105935635	0.079888365
511	0.093199933	0.106271463	0.080128404
512	0.0935908	0.10669668	0.08048492
513	0.093946933	0.10708828	0.080805586
514	0.0942956	0.107473229	0.081117971
515	0.094682733	0.10789707	0.081468397
516	0.095035	0.108291304	0.081778696
517	0.0953768	0.108680597	0.082073003
518	0.095714	0.109072436	0.082355564
519	0.096047933	0.10946289	0.082632977
520	0.096386933	0.109853294	0.082920573
521	0.096729533	0.110241671	0.083217396
522	0.097097667	0.110649083	0.08354625
523	0.097458133	0.111046145	0.083870121
524	0.097816	0.111441351	0.084190649
525	0.098175267	0.111844955	0.084505579
526	0.0985496	0.112260935	0.084838265
527	0.098912333	0.112664898	0.085159769
528	0.099246	0.113041259	0.085450741
529	0.099602733	0.113448691	0.085756776
530	0.0999662	0.113855317	0.086077083
531	0.100333933	0.114256828	0.086411039
532	0.100692667	0.114653573	0.08673176
533	0.101052467	0.115053486	0.087051448
534	0.101406667	0.11545012	0.087363213
535	0.101727533	0.115818931	0.087636136
536	0.102078733	0.116208575	0.087948891
537	0.102440533	0.11660731	0.088273756
538	0.102805667	0.117013516	0.088597817
539	0.103160067	0.117402391	0.088917743
540	0.103522933	0.117803607	0.08924226
541	0.103894067	0.118218526	0.089569608
542	0.1041928	0.118562227	0.089823373
543	0.104522133	0.11893095	0.090113316
544	0.1048724	0.119317526	0.090427274
545	0.105228133	0.119716209	0.090740058
546	0.105571333	0.120096565	0.091046101
547	0.105914533	0.120475562	0.091353504
548	0.106271067	0.120871926	0.091670207
549	0.106596333	0.121238167	0.0919545
550	0.106929267	0.121610474	0.092248059
551	0.107279067	0.121997577	0.092560556
552	0.107626867	0.122383739	0.092869994
553	0.107980267	0.122775213	0.093185321
554	0.108334933	0.123167517	0.09350235
555	0.108667667	0.123534074	0.09380126
556	0.109000467	0.123899986	0.094100948
557	0.109327733	0.124261099	0.094394367
558	0.109635733	0.124606468	0.094664999
559	0.109996333	0.125004389	0.094988278
560	0.110349067	0.125396309	0.095301825
561	0.1106744	0.125762978	0.095585822
562	0.1109874	0.126111668	0.095863132
563	0.111317267	0.126475842	0.096158691
564	0.1116604	0.126851659	0.096469141
565	0.1119932	0.127213832	0.096772568
566	0.112309533	0.127560646	0.097058421
567	0.112616867	0.127900145	0.097333588
568	0.112917267	0.128235714	0.097598819
569	0.1132662	0.128616348	0.097916052
570	0.113600733	0.128982057	0.098219409
571	0.113895533	0.129308923	0.098482144
572	0.114195267	0.129643081	0.098747452
573	0.114501533	0.129981009	0.099022057
574	0.114817667	0.130325514	0.09930982
575	0.115169067	0.130699141	0.099638992
576	0.115474067	0.131031134	0.099917
577	0.115763067	0.13135136	0.100174773
578	0.116070933	0.131696247	0.10044562
579	0.116405933	0.13205973	0.100752137
580	0.116728333	0.132411292	0.101045375
581	0.117019133	0.132735488	0.101302778
582	0.117327067	0.133069685	0.101584449
583	0.1176406	0.133408156	0.101873044
584	0.117960267	0.133751048	0.102169485
585	0.1182796	0.134089375	0.102469825
586	0.118536267	0.134361968	0.102710565
587	0.118773867	0.134615539	0.102932194
588	0.119060533	0.134923616	0.103197451
589	0.119311733	0.135194346	0.10342912
590	0.119567667	0.135475649	0.103659684
591	0.1198454	0.135788934	0.103901866
592	0.120155	0.136124359	0.104185641
593	0.120457933	0.136448514	0.104467353
594	0.120752067	0.136760219	0.104743915
595	0.121017733	0.137048573	0.104986894
596	0.121308533	0.137366572	0.105250494
597	0.121601	0.1376882	0.1055138
598	0.121835733	0.13794745	0.105724016
599	0.122128867	0.138266112	0.105991621
600	0.1224342	0.138596395	0.106272005
601	0.1227248	0.138909583	0.106540017
602	0.122976933	0.139191207	0.10676266
603	0.1232388	0.139482358	0.106995242
604	0.123515667	0.139787159	0.107244175
605	0.123790867	0.140085485	0.107496249
606	0.124054733	0.140372411	0.107737056
607	0.124318133	0.140657697	0.107978569
608	0.124603267	0.140958551	0.108247982
609	0.1248812	0.141250685	0.108511715
610	0.125154	0.14153699	0.10877101
611	0.125415867	0.141811401	0.109020332
612	0.125705933	0.142117483	0.109294383
613	0.126005267	0.142427395	0.109583138
614	0.126310133	0.142735995	0.109884272
615	0.1265362	0.142972465	0.110099935
616	0.126806333	0.143252461	0.110360206
617	0.127105667	0.143561249	0.110650084
618	0.127398933	0.143863143	0.110934723
619	0.127660867	0.144124585	0.111197148
620	0.127910667	0.144369204	0.111452129
621	0.128156667	0.144606298	0.111707036
622	0.1284154	0.144868231	0.111962569
623	0.1287064	0.145162147	0.112250653
624	0.1290332	0.145489132	0.112577268
625	0.129238133	0.145696903	0.112779364
626	0.129499267	0.145961565	0.113036968
627	0.129795	0.146258292	0.113331708
628	0.130065267	0.146513798	0.113616736
629	0.1303452	0.146793804	0.113896596
630	0.130640867	0.147092405	0.114189328
631	0.1309672	0.14741581	0.11451859
632	0.1312542	0.147710023	0.114798377
633	0.1315754	0.148038947	0.115111853
634	0.1319488	0.148417647	0.115479953
635	0.1322514	0.148739874	0.115762926
636	0.132574	0.14907339	0.11607461
637	0.132906	0.149410141	0.116401859
638	0.133199333	0.149709234	0.116689433
639	0.133512267	0.150035046	0.116989488
640	0.133825867	0.150364362	0.117287371
641	0.134118733	0.150671603	0.117565863
642	0.134415	0.150977928	0.117852072
643	0.1346758	0.151247945	0.118103655
644	0.134889267	0.151471047	0.118307486
645	0.135149667	0.151738183	0.11856115
646	0.135439467	0.152036307	0.118842627
647	0.135745667	0.152352421	0.119138912
648	0.135996333	0.152615233	0.119377433
649	0.136280533	0.152913871	0.119647196
650	0.136565867	0.153214673	0.11991706
651	0.1368128	0.153478145	0.120147455
652	0.137118467	0.153795555	0.120441379
653	0.137430133	0.1541167	0.120743566
654	0.137737333	0.154431658	0.121043009
655	0.137997933	0.154701366	0.121294501
656	0.1382604	0.154991549	0.121529251
657	0.138523333	0.155294732	0.121751935
658	0.138836667	0.155625699	0.122047634
659	0.139161067	0.155959815	0.122362318
660	0.139495067	0.156299586	0.122690547
661	0.139844533	0.156654922	0.123034145
662	0.1401852	0.157005911	0.123364489
663	0.140514467	0.157344597	0.123684336
664	0.140828133	0.15766424	0.123992027
665	0.141139933	0.157979993	0.124299874
666	0.141450933	0.158296817	0.12460505
667	0.141763533	0.158617821	0.124909246
668	0.142098667	0.158964953	0.125232381
669	0.142407667	0.159278201	0.125537132
670	0.142705267	0.159578139	0.125832394
671	0.1430102	0.159891726	0.126128674
672	0.143356133	0.160241825	0.126470442
673	0.143685667	0.160575905	0.126795429
674	0.1439666	0.160864637	0.127068563
675	0.144274133	0.161176163	0.127372104
676	0.144590267	0.161500989	0.127679544
677	0.1449142	0.161837287	0.127991113
678	0.145254267	0.162179899	0.128328634
679	0.145569333	0.162498796	0.12863987
680	0.145881333	0.162814819	0.128947848
681	0.146240133	0.163176373	0.129303893
682	0.146563	0.16350384	0.12962216
683	0.1468608	0.163801343	0.129920257
684	0.1471344	0.164064156	0.130204644
685	0.147369933	0.164285651	0.130454215
686	0.147598333	0.164511294	0.130685373
687	0.1478224	0.164747887	0.130896913
688	0.1481782	0.165130229	0.131226171
689	0.148532933	0.165498181	0.131567685
690	0.148884467	0.165854085	0.131914848
691	0.1492472	0.166220997	0.132273403
692	0.1496016	0.166581938	0.132621262
693	0.149961867	0.166951408	0.132972326
694	0.1503388	0.167341328	0.133336272
695	0.1507352	0.16774667	0.13372373
696	0.151108333	0.168126575	0.134090091
697	0.151457533	0.168480854	0.134434213
698	0.151832733	0.168858773	0.134806693
699	0.152198867	0.169226864	0.135170869
700	0.152555733	0.169587389	0.135524077
701	0.152892533	0.169939212	0.135845855
702	0.153256533	0.170315957	0.13619711
703	0.1536376	0.17070751	0.13656769
704	0.154041667	0.171118163	0.13696517
705	0.154425	0.171509185	0.137340815
706	0.154802267	0.171893992	0.137710541
707	0.155175333	0.172274498	0.138076169
708	0.1555632	0.172677274	0.138449126
709	0.155963333	0.173086735	0.138839932
710	0.1563626	0.173492391	0.139232809
711	0.156710133	0.173848362	0.139571904
712	0.1570608	0.174210835	0.139910765
713	0.1573884	0.174545292	0.140231508
714	0.157653867	0.174799619	0.140508115
715	0.157821	0.174949266	0.140692734
716	0.157974533	0.175091853	0.140857214
717	0.158132733	0.175252034	0.141013433
718	0.158434333	0.175578171	0.141290496
719	0.158880333	0.176056608	0.141704059
720	0.159398333	0.176606603	0.142190064
721	0.159856067	0.177068162	0.142643972
722	0.160215133	0.177424107	0.14300616
723	0.160533267	0.177743049	0.143323484
724	0.160814933	0.178045465	0.143584401
725	0.1611768	0.178411316	0.143942284
726	0.161576133	0.178819697	0.14433257
727	0.162012933	0.179278001	0.144747866
728	0.162391333	0.179674487	0.145108179
729	0.162800533	0.18010219	0.145498876
730	0.163236267	0.180557798	0.145914736
731	0.1637064	0.181057589	0.146355211
732	0.164187467	0.181552687	0.146822247
733	0.164652333	0.182024707	0.147279959
734	0.165068667	0.182448636	0.147688698
735	0.165455333	0.182855618	0.148055049
736	0.165850467	0.183267332	0.148433601
737	0.166269067	0.183692117	0.148846017
738	0.166660867	0.184101233	0.149220501
739	0.167047533	0.184503308	0.149591759
740	0.167431467	0.184900699	0.149962234
741	0.167834733	0.185322329	0.150347138
742	0.168247	0.185746278	0.150747722
743	0.1686526	0.186161313	0.151143887
744	0.169025333	0.186547121	0.151503546
745	0.169362667	0.186893208	0.151832125
746	0.1697178	0.187256799	0.152178801
747	0.170120667	0.187669083	0.15257225
748	0.170485333	0.188045608	0.152925059
749	0.170847733	0.188418603	0.153276864
750	0.171211667	0.188792889	0.153630444
751	0.171612133	0.189211984	0.154012283
752	0.171948933	0.189564432	0.154333435
753	0.172267267	0.189896163	0.15463837
754	0.172652933	0.190293643	0.155012224
755	0.173041667	0.190691221	0.155392112
756	0.173389467	0.191033061	0.155745873
757	0.173675933	0.19128497	0.156066897
758	0.173470467	0.19096491	0.155976023
759	0.173103	0.190520841	0.155685159
760	0.172706867	0.19018273	0.155231003
761	0.1731252	0.190661751	0.155588649
762	0.173651267	0.191231323	0.15607121
763	0.174315067	0.191937883	0.156692251
764	0.17516	0.192842302	0.157477698
765	0.175890467	0.193609425	0.158171508
766	0.1765236	0.194269589	0.158777611
767	0.1771202	0.194889723	0.159350677
768	0.177592667	0.195377171	0.159808163
769	0.178022533	0.195822289	0.160222778
770	0.178425133	0.196241246	0.160609021
771	0.178821733	0.196639148	0.161004319
772	0.17919	0.197017935	0.161362065
773	0.179541933	0.197384945	0.161698922
774	0.179896533	0.197748007	0.16204506
775	0.180238	0.198098498	0.162377502
776	0.180592533	0.198465827	0.162719239
777	0.180986267	0.198879405	0.163093129
778	0.181350133	0.199245972	0.163454295
779	0.181699533	0.199603558	0.163795509
780	0.1820376	0.199959307	0.164115893
781	0.1824692	0.20040022	0.16453818
782	0.182828133	0.200774812	0.164881455
783	0.1831418	0.201105005	0.165178595
784	0.183478933	0.201440283	0.165517583
785	0.183817333	0.201786722	0.165847944
786	0.1841584	0.202136283	0.166180517
787	0.184501267	0.202480404	0.166522129
788	0.1848446	0.202837675	0.166851525
789	0.185181867	0.203186704	0.16717703
790	0.185510267	0.203521712	0.167498822
791	0.185867333	0.203891556	0.167843111
792	0.186254733	0.20429274	0.168216727
793	0.186653	0.204704916	0.168601084
794	0.186974733	0.205036527	0.168912939
795	0.187317	0.205390365	0.169243635
796	0.187674867	0.205759699	0.169590035
797	0.188050333	0.206145284	0.169955383
798	0.1883666	0.206470758	0.170262442
799	0.188716933	0.206830401	0.170603465
800	0.189125133	0.207247085	0.171003182
801	0.189468333	0.207595094	0.171341572
802	0.189820867	0.20796118	0.171680554
803	0.1901766	0.208335686	0.172017514
804	0.1904874	0.208650304	0.172324496
805	0.190866933	0.209037485	0.172696382
806	0.1912546	0.209436449	0.173072751
807	0.1915786	0.209778419	0.173378781
808	0.191882733	0.210082316	0.17368315
809	0.192168267	0.21037054	0.173965993
810	0.192429667	0.21064525	0.174214084
811	0.1925954	0.210806748	0.174384052
812	0.192742733	0.210952529	0.174532938
813	0.192883867	0.211095165	0.174672568
814	0.193067467	0.211279247	0.174855687
815	0.193342933	0.211561716	0.175124151
816	0.193688867	0.211917362	0.175460371
817	0.1941076	0.212344402	0.175870798
818	0.194652	0.212912962	0.176391038
819	0.1951366	0.213419609	0.176853591
820	0.195492067	0.213787546	0.177196587
821	0.1956172	0.213895897	0.177338503
822	0.195893267	0.214174805	0.177611728
823	0.196319267	0.214624048	0.178014485
824	0.196887933	0.215215559	0.178560307
825	0.197290333	0.215632516	0.178948151
826	0.197622533	0.215974224	0.179270843
827	0.197947267	0.216301205	0.179593328
828	0.198271267	0.216633186	0.179909347
829	0.198639333	0.217016705	0.180261961
830	0.1990876	0.217491083	0.180684117
831	0.199505067	0.217909696	0.181100437
832	0.199922333	0.218333917	0.18151075
833	0.200340867	0.218767538	0.181914195
834	0.2008202	0.219265389	0.182375011
835	0.201275533	0.21973106	0.182820006
836	0.2017004	0.220164328	0.183236472
837	0.202056	0.220537148	0.183574852
838	0.202418133	0.220917683	0.183918583
839	0.202764933	0.221273229	0.184256638
840	0.20308	0.221578536	0.184581464
841	0.203413267	0.221922966	0.184903568
842	0.203774867	0.222289819	0.185259914
843	0.2041632	0.22267676	0.18564964
844	0.204521467	0.223057249	0.185985685
845	0.204849533	0.22339531	0.186303757
846	0.205171067	0.223721607	0.186620527
847	0.205543733	0.224110474	0.186976992
848	0.2058328	0.224408518	0.187257082
849	0.2061246	0.224705313	0.187543887
850	0.2064672	0.225048614	0.187885786
851	0.206767	0.225369052	0.188164948
852	0.207087867	0.225696954	0.188478779
853	0.207451867	0.226049443	0.188854291
854	0.207878867	0.226471478	0.189286255
855	0.2082502	0.226860038	0.189640362
856	0.2085768	0.227215217	0.189938383
857	0.2089258	0.227584865	0.190266735
858	0.209281733	0.227956042	0.190607425
859	0.209634133	0.228316292	0.190951975
860	0.209964867	0.228642319	0.191287414
861	0.210329133	0.229027339	0.191630927
862	0.210621667	0.229338563	0.191904771
863	0.210826333	0.229554227	0.19209844
864	0.2112488	0.229977508	0.192520092
865	0.211598467	0.23032113	0.192875804
866	0.211914067	0.230630431	0.193197702
867	0.212334733	0.231072855	0.193596612
868	0.212717	0.231484949	0.193949051
869	0.213053733	0.231843546	0.19426392
870	0.213326667	0.232111351	0.194541983
871	0.213638667	0.232432794	0.194844539
872	0.213986	0.232792676	0.195179324
873	0.214372267	0.233192243	0.195552291
874	0.214708667	0.233547898	0.195869436
875	0.215037267	0.233886321	0.196188212
876	0.215362133	0.234217446	0.196506821
877	0.215705867	0.234588823	0.19682291
878	0.216031667	0.234910915	0.197152419
879	0.216354733	0.23522818	0.197481287
880	0.216684933	0.23558047	0.197789397
881	0.216997733	0.235902396	0.198093071
882	0.2173284	0.23624575	0.19841105
883	0.217688733	0.236627054	0.198750412
884	0.2179538	0.236892613	0.199014987
885	0.2183016	0.237246632	0.199356568
886	0.2187104	0.237667771	0.199753029
887	0.219034067	0.23800929	0.200058843
888	0.219343067	0.238338534	0.200347599
889	0.219690467	0.238700989	0.200679944
890	0.220168667	0.239175369	0.201161965
891	0.2203182	0.23934782	0.20128858
892	0.2204484	0.239497858	0.201398942
893	0.220658	0.239713113	0.201602887
894	0.220853467	0.239900381	0.201806552
895	0.220969267	0.2400296	0.201908933
896	0.221029733	0.240119877	0.20193959
897	0.221302533	0.240373454	0.202231613
898	0.2214974	0.240573914	0.202420886
899	0.221706467	0.240796182	0.202616751
900	0.222089867	0.241173223	0.203006511
901	0.222517467	0.241612398	0.203422535
902	0.223017667	0.242136511	0.203898822
903	0.2236192	0.242775832	0.204462568
904	0.224050267	0.243258102	0.204842431
905	0.224307667	0.243533455	0.205081878
906	0.2244208	0.243634858	0.205206742
907	0.224587267	0.243813118	0.205361415
908	0.224884	0.244086641	0.205681359
909	0.225225133	0.24439707	0.206053197
910	0.2254398	0.244628992	0.206250608
911	0.2258568	0.245092887	0.206620713
912	0.226227333	0.245501052	0.206953615
913	0.2264116	0.24569161	0.20713159
914	0.226634067	0.245898895	0.207369238
915	0.226950933	0.246219094	0.207682772
916	0.227370267	0.246660072	0.208080461
917	0.227930867	0.24721255	0.208649183
918	0.228452867	0.24776661	0.209139123
919	0.2289438	0.248306271	0.209581329
920	0.229404733	0.248795594	0.210013873
921	0.229851	0.249261841	0.210440159
922	0.230214533	0.249638425	0.210790641
923	0.230423067	0.249850918	0.210995216
924	0.2306008	0.250044461	0.211157139
925	0.2308304	0.25030709	0.21135371
926	0.2311208	0.250647767	0.211593833
927	0.231296	0.250840939	0.211751061
928	0.231224867	0.250788104	0.211661629
929	0.230961867	0.250529555	0.211394178
930	0.230623733	0.2501268	0.211120667
931	0.230220533	0.249712239	0.210728828
932	0.229827533	0.249297244	0.210357823
933	0.229581333	0.24895026	0.210212407
934	0.229172133	0.248468012	0.209876255
935	0.229161933	0.248398518	0.209925348
936	0.229710933	0.248908251	0.210513616
937	0.2300718	0.249308978	0.210834622
938	0.230598333	0.24992802	0.211268646
939	0.2312676	0.250698283	0.211836917
940	0.232189133	0.251612122	0.212766144
941	0.232550867	0.252066498	0.213035235
942	0.232789333	0.252382726	0.213195941
943	0.233180733	0.252740976	0.213620491
944	0.233033467	0.252549132	0.213517801
945	0.2332094	0.252703177	0.213715623
946	0.2339042	0.253407556	0.214400844
947	0.2341536	0.25369381	0.21461339
948	0.2343374	0.253917606	0.214757194
949	0.2345516	0.254169278	0.214933922
950	0.235222867	0.254850848	0.215594885
951	0.235578467	0.255240111	0.215916822
952	0.235889467	0.255560443	0.21621849
953	0.236389133	0.255986589	0.216791677
954	0.2369616	0.25657228	0.21735092
955	0.237439933	0.257084259	0.217795607
956	0.2377778	0.257465183	0.218090417
957	0.238271333	0.257957368	0.218585298
958	0.238746333	0.258454163	0.219038504
959	0.239165267	0.258910613	0.219419921
960	0.2393194	0.259095615	0.219543185
961	0.239857267	0.259621091	0.220093442
962	0.240538733	0.260288173	0.220789294
963	0.241175467	0.260950419	0.221400514
964	0.241773867	0.261550851	0.221996883
965	0.2423156	0.262120332	0.222510868
966	0.242788533	0.262661279	0.222915788
967	0.243382867	0.263320732	0.223445002
968	0.2440538	0.264005083	0.224102517
969	0.244789267	0.264720934	0.224857599
970	0.245552	0.265518889	0.225585111
971	0.246140867	0.266169553	0.22611218
972	0.246551333	0.266638874	0.226463792
973	0.246654333	0.266753516	0.226555151
974	0.247074267	0.267164671	0.226983862
975	0.247380667	0.267454849	0.227306484
976	0.2473874	0.267439706	0.227335094
977	0.248036467	0.268126257	0.227946677
978	0.248418667	0.268544983	0.22829235
979	0.248601333	0.268757757	0.22844491
980	0.249435667	0.269585277	0.229286056
981	0.249674067	0.26984288	0.229505253
982	0.2497008	0.269906933	0.229494667
983	0.250001733	0.270260202	0.229743265
984	0.2506894	0.270946014	0.230432786
985	0.2514206	0.271676086	0.231165114
986	0.2520726	0.272349438	0.231795762
987	0.2523202	0.272659125	0.231981275
988	0.252564667	0.272927615	0.232201718
989	0.2528748	0.27322635	0.23252325
990	0.253671467	0.274058936	0.233283998
991	0.254042067	0.274407705	0.233676429
992	0.254178933	0.27450223	0.233855636
993	0.2543186	0.274640852	0.233996348
994	0.2547736	0.275160516	0.234386684
995	0.255279467	0.275701311	0.234857623
996	0.255714467	0.276081954	0.23534698
997	0.255849933	0.276305927	0.235393939
998	0.256141267	0.276632642	0.235649891
999	0.256623733	0.277085828	0.236161639
1000	0.257143733	0.277636968	0.236650499
1001	0.2631198	0.284018316	0.242221284
1002	0.263547	0.284479183	0.242614817
1003	0.263957667	0.284918849	0.242996484
1004	0.2643072	0.285265281	0.243349119
1005	0.264621667	0.285584278	0.243659056
1006	0.2649318	0.285881915	0.243981685
1007	0.265362467	0.286282237	0.244442697
1008	0.265895467	0.286824263	0.24496667
1009	0.266419667	0.287411628	0.245427705
1010	0.266829133	0.287882986	0.24577528
1011	0.267090867	0.28816674	0.246014994
1012	0.267311067	0.288371038	0.246251096
1013	0.267629333	0.288651017	0.24660765
1014	0.268057133	0.289087026	0.247027241
1015	0.268495267	0.289599289	0.247391244
1016	0.268716733	0.289842546	0.24759092
1017	0.268914067	0.290013011	0.247815122
1018	0.269369867	0.290484	0.248255734
1019	0.269857933	0.291006536	0.248709331
1020	0.270282733	0.291462916	0.249102551
1021	0.2706422	0.291857778	0.249426622
1022	0.2709792	0.292237801	0.249720599
1023	0.271366133	0.292656891	0.250075375
1024	0.271751733	0.293068013	0.250435454
1025	0.272056733	0.293395302	0.250718165
1026	0.272331133	0.29367772	0.250984546
1027	0.272640067	0.293994816	0.251285317
1028	0.272956267	0.294347508	0.251565026
1029	0.273338	0.294740095	0.251935905
1030	0.273802467	0.295179787	0.252425146
1031	0.274198067	0.295581027	0.252815106
1032	0.274464333	0.295882897	0.25304577
1033	0.274699467	0.296128251	0.253270682
1034	0.275075733	0.296500792	0.253650674
1035	0.275498533	0.296918299	0.254078767
1036	0.275859	0.297276573	0.254441427
1037	0.276187333	0.297624482	0.254750185
1038	0.276499467	0.29795738	0.255041554
1039	0.276830133	0.298289488	0.255370779
1040	0.277209733	0.298660881	0.255758585
1041	0.2775932	0.299056498	0.256129902
1042	0.277930467	0.29945213	0.256408803
1043	0.278227	0.299806549	0.256647451
1044	0.278452267	0.300033152	0.256871382
1045	0.2786554	0.300232907	0.257077893
1046	0.278940933	0.300548895	0.257332972
1047	0.2792716	0.30093298	0.25761022
1048	0.279643667	0.301342103	0.257945231
1049	0.2801226	0.301816772	0.258428428
1050	0.280483333	0.302158102	0.258808565
1051	0.280670333	0.302334542	0.259006125
1052	0.2809166	0.30259048	0.25924272
1053	0.281311733	0.303003578	0.259619889
1054	0.2817032	0.30340788	0.25999852
1055	0.281994933	0.303715828	0.260274039
1056	0.2822598	0.303997537	0.260522063
1057	0.282553333	0.304291127	0.26081554
1058	0.282864533	0.30460108	0.261127986
1059	0.283237	0.305016628	0.261457372
1060	0.283589667	0.305422072	0.261757261
1061	0.283918	0.305774232	0.262061768
1062	0.2843124	0.306191582	0.262433218
1063	0.2846502	0.306555107	0.262745293
1064	0.284884867	0.306790266	0.262979468
1065	0.285131733	0.307025711	0.263237755
1066	0.2854484	0.307360185	0.263536615
1067	0.285799467	0.307729457	0.263869476
1068	0.286184467	0.308110584	0.264258349
1069	0.286519867	0.308445684	0.264594049
1070	0.286737533	0.308695794	0.264779273
1071	0.286970067	0.308967838	0.264972295
1072	0.287301933	0.309310812	0.265293055
1073	0.287638533	0.309642664	0.265634403
1074	0.288034067	0.310043998	0.266024136
1075	0.288476	0.310505529	0.266446471
1076	0.2887948	0.310830565	0.266759035
1077	0.289052467	0.311087529	0.267017405
1078	0.289356333	0.311409487	0.267303179
1079	0.289632333	0.311693426	0.267571241
1080	0.289879733	0.311936479	0.267822988
1081	0.290196067	0.312245513	0.26814662
1082	0.2905608	0.312607001	0.268514599
1083	0.290885933	0.312988217	0.26878365
1084	0.291191133	0.31334342	0.269038847
1085	0.291552	0.313699043	0.269404957
1086	0.2919238	0.314063307	0.269784293
1087	0.2922448	0.314398899	0.270090701
1088	0.292548867	0.314719681	0.270378052
1089	0.2928174	0.315007273	0.270627527
1090	0.293075133	0.315289944	0.270860323
1091	0.293268867	0.315509418	0.271028315
1092	0.2934784	0.315744678	0.271212122
1093	0.293752533	0.316052397	0.27145267
1094	0.294026933	0.316346098	0.271707769
1095	0.294326333	0.316648416	0.27200425
1096	0.294633267	0.316965437	0.272301097
1097	0.294890533	0.317239129	0.272541938
1098	0.295065733	0.317419472	0.272711995
1099	0.295261667	0.317617651	0.272905683
1100	0.2954822	0.317856336	0.273108064
1101	0.295674667	0.318064437	0.273284896
1102	0.295866067	0.318258862	0.273473272
1103	0.2960932	0.318488653	0.273697747
1104	0.296418267	0.318811328	0.274025205
1105	0.296731067	0.319121261	0.274340873
1106	0.296794	0.319223913	0.274364087
1107	0.2968302	0.319309364	0.274351036
1108	0.296996067	0.319512269	0.274479864
1109	0.297227	0.319773498	0.274680502
1110	0.297334067	0.319909794	0.274758339
1111	0.297343267	0.319963975	0.274722558
1112	0.2973126	0.319978325	0.274646875
1113	0.2972194	0.319904902	0.274533898
1114	0.2971366	0.319842653	0.274430547
1115	0.2971012	0.319821777	0.274380623
1116	0.297084733	0.319819787	0.27434968
1117	0.297185667	0.319994353	0.27437698
1118	0.297262333	0.320146314	0.274378352
1119	0.2972426	0.320092507	0.274392693
1120	0.297255467	0.320064861	0.274446072
1121	0.297575267	0.320430561	0.274719972
1122	0.297917667	0.32083943	0.274995903
1123	0.2981174	0.32105373	0.27518107
1124	0.298291733	0.321225377	0.27535809
1125	0.298600267	0.321593909	0.275606624
1126	0.298915933	0.321983921	0.275847945
1127	0.2991236	0.322161891	0.276085309
1128	0.299386	0.322359125	0.276412875
1129	0.299883133	0.322864854	0.276901413
1130	0.300522933	0.323548454	0.277497412
1131	0.301068267	0.324085463	0.27805107
1132	0.3014864	0.324427581	0.278545219
1133	0.3019346	0.324825457	0.279043743
1134	0.3024618	0.325374541	0.279549059
1135	0.302936533	0.325872719	0.280000347
1136	0.303364467	0.326309051	0.280419882
1137	0.303758333	0.326714777	0.280801889
1138	0.304025867	0.327046249	0.281005484
1139	0.304277533	0.327361669	0.281193398
1140	0.3046268	0.327709945	0.281543655
1141	0.304975667	0.328053438	0.281897895
1142	0.305243067	0.328327567	0.282158566
1143	0.305476067	0.328572083	0.28238005
1144	0.305738333	0.328808604	0.282668062
1145	0.306029	0.329049041	0.283008959
1146	0.306357	0.329380952	0.283333048
1147	0.3067124	0.329791833	0.283632967
1148	0.307147733	0.330236382	0.284059085
1149	0.307695467	0.33072731	0.284663623
1150	0.308215467	0.331213812	0.285217121
1151	0.308709933	0.331716395	0.285703472
1152	0.309230133	0.332243848	0.286216418
1153	0.309888467	0.332917649	0.286859284
1154	0.310479733	0.333521975	0.287437492
1155	0.3109812	0.33400023	0.28796217
1156	0.311440933	0.334439011	0.288442855
1157	0.312024467	0.33501968	0.289029253
1158	0.312567067	0.335559766	0.289574367
1159	0.313084	0.336084357	0.290083643
1160	0.313572333	0.336583576	0.290561091
1161	0.314057333	0.337062885	0.291051782
1162	0.3145156	0.337509992	0.291521208
1163	0.314942733	0.337928314	0.291957153
1164	0.315349267	0.338327076	0.292371457
1165	0.315783867	0.338770904	0.29279683
1166	0.316250267	0.339261805	0.293238728
1167	0.316665333	0.339693003	0.293637664
1168	0.317011267	0.340043739	0.293978794
1169	0.3173446	0.340385607	0.294303593
1170	0.317663533	0.340721819	0.294605247
1171	0.317984533	0.341054921	0.294914146
1172	0.3183478	0.341402685	0.295292915
1173	0.318705133	0.341746754	0.295663513
1174	0.319020267	0.342078889	0.295961644
1175	0.319333333	0.342409367	0.2962573
1176	0.3197056	0.342786196	0.296625004
1177	0.320080267	0.343164808	0.296995726
1178	0.3203992	0.343510896	0.297287504
1179	0.320705667	0.343848901	0.297562432
1180	0.321005867	0.344163214	0.297848519
1181	0.321305333	0.344470301	0.298140366
1182	0.321616933	0.344794402	0.298439464
1183	0.3219334	0.345127096	0.298739704
1184	0.322256467	0.34545322	0.299059713
1185	0.3225858	0.34577304	0.29939856
1186	0.322937933	0.346120736	0.299755131
1187	0.323326533	0.346512598	0.300140469
1188	0.323705067	0.346901092	0.300509041
1189	0.324060667	0.347282796	0.300838537
1190	0.324402333	0.347648287	0.30115638
1191	0.324688867	0.347954193	0.301423541
1192	0.324970867	0.348255864	0.301685869
1193	0.325261	0.348553149	0.301968851
1194	0.3255488	0.348848079	0.302249521
1195	0.325808067	0.349097952	0.302518181
1196	0.3260684	0.349348928	0.302787872
1197	0.3263734	0.34966276	0.30308404
1198	0.326678867	0.349978224	0.30337951
1199	0.3269802	0.350281944	0.303678456
1200	0.3272854	0.350588833	0.303981967
1201	0.327579533	0.350901978	0.304257089
1202	0.32787	0.351222501	0.304517499
1203	0.3281666	0.351525669	0.304807531
1204	0.328465133	0.351808706	0.30512156
1205	0.328787533	0.352125812	0.305449255
1206	0.3291288	0.352478183	0.305779417
1207	0.329449267	0.3528054	0.306093133
1208	0.329743467	0.353092393	0.306394541
1209	0.3300418	0.353390254	0.306693346
1210	0.330367333	0.353743932	0.306990735
1211	0.330695667	0.354095532	0.307295801
1212	0.331042467	0.354430621	0.307654313
1213	0.3313796	0.354758975	0.308000225
1214	0.331629133	0.355034344	0.308223923
1215	0.331875733	0.3553067	0.308444767
1216	0.3321608	0.355578879	0.308742721
1217	0.3324392	0.355842427	0.309035973
1218	0.332704933	0.356095572	0.309314294
1219	0.332977667	0.356356435	0.309598899
1220	0.333256667	0.356642247	0.309871086
1221	0.333538933	0.356941721	0.310136146
1222	0.333837733	0.357265438	0.310410029
1223	0.3341298	0.357576609	0.310682991
1224	0.334392933	0.357846419	0.310939448
1225	0.334633867	0.358092491	0.311175242
1226	0.334891333	0.35834959	0.311433076
1227	0.335177067	0.358621727	0.311732407
1228	0.335445667	0.358881775	0.312009558
1229	0.3357004	0.359148474	0.312252326
1230	0.335976667	0.359435369	0.312517964
1231	0.3362912	0.359749126	0.312833274
1232	0.3366	0.360060381	0.313139619
1233	0.336861	0.360331852	0.313390148
1234	0.337118667	0.36059796	0.313639373
1235	0.3374548	0.360939868	0.313969732
1236	0.337791667	0.361283247	0.314300086
1237	0.3379928	0.361496008	0.314489592
1238	0.3381778	0.361692664	0.314662936
1239	0.338466133	0.361978173	0.314954093
1240	0.3387654	0.362271308	0.315259492
1241	0.338982	0.362489434	0.315474566
1242	0.339193	0.362703921	0.315682079
1243	0.339474	0.362982515	0.315965485
1244	0.339765733	0.363271762	0.316259705
1245	0.3400082	0.363522173	0.316494227
1246	0.340224533	0.363751906	0.316697161
1247	0.340446733	0.36398055	0.316912917
1248	0.340677533	0.364210722	0.317144345
1249	0.3408948	0.364429191	0.317360409
1250	0.341086333	0.364627366	0.317545301
1251	0.341303467	0.364850047	0.317756887
1252	0.341583733	0.365129337	0.31803813
1253	0.341842133	0.365390578	0.318293689
1254	0.3419938	0.365559293	0.318428307
1255	0.342148733	0.365731282	0.318566185
1256	0.3423548	0.365951613	0.318757987
1257	0.342569733	0.366176952	0.318962514
1258	0.3427368	0.366340026	0.319133574
1259	0.342896067	0.366498381	0.319293752
1260	0.34307	0.366690301	0.319449699
1261	0.343255133	0.366891691	0.319618576
1262	0.3434614	0.367103703	0.319819097
1263	0.343687733	0.367339249	0.320036218
1264	0.343925467	0.367570484	0.320280449
1265	0.344168867	0.367801872	0.320535862
1266	0.3443564	0.367980564	0.320732236
1267	0.3445108	0.368125373	0.320896227
1268	0.3447732	0.368391227	0.321155173
1269	0.345106733	0.368732881	0.321480585
1270	0.345466933	0.369094576	0.32183929
1271	0.345848333	0.369480902	0.322215764
1272	0.3461664	0.36981567	0.32251713
1273	0.346386667	0.370061639	0.322711694
1274	0.346619067	0.370310174	0.32292796
1275	0.346920267	0.370613753	0.323226781
1276	0.347216533	0.370914017	0.323519049
1277	0.3475164	0.371214097	0.323818703
1278	0.347813	0.371509307	0.324116693
1279	0.348061	0.371756256	0.324365744
1280	0.348314267	0.372009474	0.32461906
1281	0.348608533	0.372308199	0.324908868
1282	0.348904333	0.372609466	0.3251992
1283	0.349175733	0.372897353	0.325454114
1284	0.349435933	0.373174868	0.325696999
1285	0.349605533	0.373346327	0.32586474
1286	0.3497696	0.373510156	0.326029044
1287	0.3500294	0.373785142	0.326273658
1288	0.350297867	0.374074436	0.326521297
1289	0.350528133	0.374303792	0.326752475
1290	0.3507526	0.374515519	0.326989681
1291	0.350945067	0.374707716	0.327182417
1292	0.351121467	0.374893825	0.327349108
1293	0.351263867	0.375059281	0.327468453
1294	0.3514012	0.375226321	0.327576079
1295	0.351570067	0.375405278	0.327734855
1296	0.351757267	0.375594211	0.327920323
1297	0.3519588	0.375816305	0.328101295
1298	0.352156067	0.376038004	0.328274129
1299	0.3523306	0.376220915	0.328440285
1300	0.3524678	0.376352424	0.328583176
1301	0.352596333	0.376482401	0.328710266
1302	0.352762333	0.376673398	0.328851268
1303	0.3529404	0.376872403	0.329008397
1304	0.353041667	0.376949169	0.329134164
1305	0.3531526	0.377040401	0.329264799
1306	0.3533532	0.377245258	0.329461142
1307	0.353553933	0.37744219	0.329665677
1308	0.3536206	0.377474475	0.329766725
1309	0.3536798	0.377504573	0.329855027
1310	0.353803933	0.377639056	0.329968811
1311	0.353931733	0.377778612	0.330084855
1312	0.354058067	0.377903255	0.330212878
1313	0.354200333	0.378040678	0.330359989
1314	0.3543498	0.378174606	0.330524994
1315	0.354536133	0.378343148	0.330729118
1316	0.3546568	0.378464162	0.330849438
1317	0.354693733	0.378508056	0.330879411
1318	0.354808	0.378616934	0.330999066
1319	0.3549964	0.378807539	0.331185261
1320	0.355103267	0.3789141	0.331292433
1321	0.355150667	0.378940586	0.331360747
1322	0.355204533	0.378982562	0.331426505
1323	0.355229533	0.378998913	0.331460154
1324	0.355220133	0.378973158	0.331467108
1325	0.355233533	0.378996748	0.331470318
1326	0.355271667	0.379052941	0.331490392
1327	0.3552876	0.379068487	0.331506713
1328	0.355274267	0.37904874	0.331499793
1329	0.355257	0.379025376	0.331488624
1330	0.355296467	0.379065064	0.33152787
1331	0.355390267	0.379158427	0.331622106
1332	0.3554626	0.379223322	0.331701878
1333	0.355575867	0.379306139	0.331845595
1334	0.355704667	0.379408749	0.332000584
1335	0.355853933	0.379554716	0.33215315
1336	0.356	0.379702375	0.332297625
1337	0.356076733	0.379800282	0.332353185
1338	0.356143933	0.37988697	0.332400897
1339	0.356137067	0.379882783	0.332391351
1340	0.356104933	0.379858946	0.332350921
1341	0.3559348	0.379731076	0.332138524
1342	0.3557326	0.379591768	0.331873432
1343	0.355444333	0.379375268	0.331513399
1344	0.355096	0.379100236	0.331091764
1345	0.3545434	0.378543467	0.330543333
1346	0.353802	0.377748648	0.329855352
1347	0.3533444	0.377358866	0.329329934
1348	0.352918933	0.377083231	0.328754635
1349	0.3523258	0.376607499	0.328044101
1350	0.351625133	0.376077855	0.327172412
1351	0.3506812	0.375262945	0.326099455
1352	0.349305133	0.373872103	0.324738163
1353	0.347719467	0.372333892	0.323105041
1354	0.3465738	0.371285034	0.321862566
1355	0.345484733	0.370337159	0.320632308
1356	0.344577667	0.369556422	0.319598912
1357	0.3427762	0.367748157	0.317804243
1358	0.3392048	0.36330486	0.31510474
1359	0.333488933	0.356777859	0.310200007
1360	0.328004533	0.351910977	0.30409809
1361	0.318309533	0.343367044	0.293252023
1362	0.328012133	0.351503276	0.304520991
1363	0.3436212	0.366765964	0.320476436
1364	0.3328896	0.353054616	0.312724584
1365	0.319488467	0.352639002	0.286337931
1366	0.309815333	0.348012807	0.27161786
1367	0.301767133	0.347550394	0.255983872
1368	0.320280533	0.361974117	0.278586949
1369	0.338082667	0.379268082	0.296897251
1370	0.333742333	0.368850835	0.298633832
1371	0.327970267	0.361763101	0.294177432
1372	0.334441733	0.366055305	0.302828162
1373	0.342741533	0.373566115	0.311916952
1374	0.339790533	0.370322121	0.309258945
1375	0.3319242	0.362586895	0.301261505
1376	0.329982133	0.358888661	0.301075605
1377	0.3338148	0.362680993	0.304948607
1378	0.335506933	0.364718191	0.306295676
1379	0.333826533	0.363818758	0.303834309
1380	0.332179933	0.362400086	0.301959781
1381	0.3299346	0.36180227	0.29806693
1382	0.329481733	0.360524825	0.298438642
1383	0.330235733	0.358494755	0.301976711
1384	0.329662133	0.358042819	0.301281448
1385	0.328088533	0.356967439	0.299209628
1386	0.3264474	0.354886778	0.298008022
1387	0.3264214	0.353095312	0.299747488
1388	0.328171867	0.355143656	0.301200077
1389	0.332121267	0.36089349	0.303349043
1390	0.335628	0.364878253	0.306377747
1391	0.3352988	0.363972039	0.306625561
1392	0.3332682	0.362248889	0.304287511
1393	0.334863133	0.363299107	0.30642716
1394	0.337095267	0.3648178	0.309372733
1395	0.336411467	0.364294123	0.30852881
1396	0.335800733	0.364098613	0.307502854
1397	0.334611333	0.362809001	0.306413665
1398	0.3333954	0.361447206	0.305343594
1399	0.332572333	0.359533526	0.305611141
1400	0.3320216	0.357984824	0.306058376
1401	0.3320482	0.357694863	0.306401537
1402	0.332268933	0.357987576	0.306550291
1403	0.333622067	0.359239572	0.308004561
1404	0.334797333	0.360248792	0.309345875
1405	0.333802267	0.358677522	0.308927011
1406	0.332618867	0.357044045	0.308193688
1407	0.332042933	0.356093865	0.307992002
1408	0.3315172	0.355350197	0.307684203
1409	0.331714133	0.355259127	0.30816914
1410	0.332439467	0.355675502	0.309203431
1411	0.333706733	0.357010103	0.310403364
1412	0.3347266	0.358237784	0.311215416
1413	0.3354264	0.359044959	0.311807841
1414	0.336040733	0.359744784	0.312336683
1415	0.3372286	0.360754536	0.313702664
1416	0.338536267	0.361830991	0.315241542
1417	0.339388333	0.362619657	0.316157009
1418	0.3399106	0.363103479	0.316717721
1419	0.341055867	0.364201451	0.317910282
1420	0.342530067	0.365672981	0.319387152
1421	0.344034	0.367221039	0.320846961
1422	0.3454576	0.368760305	0.322154895
1423	0.346602667	0.369972705	0.323232628
1424	0.347587333	0.370929544	0.324245123
1425	0.348391733	0.371683615	0.325099852
1426	0.3487756	0.371971941	0.325579259
1427	0.349221267	0.372386004	0.326056529
1428	0.3501424	0.373372394	0.326912406
1429	0.350998467	0.374213948	0.327782985
1430	0.351435867	0.37456536	0.328306373
1431	0.351816733	0.374941278	0.328692189
1432	0.352324467	0.375543432	0.329105501
1433	0.3529124	0.376190917	0.329633883
1434	0.3536718	0.376911523	0.330432077
1435	0.354255867	0.377488783	0.331022951
1436	0.3545642	0.377900973	0.331227427
1437	0.354967733	0.378362242	0.331573224
1438	0.355425467	0.378724322	0.332126611
1439	0.355886733	0.379123288	0.332650179
1440	0.356315667	0.379537374	0.333093959
1441	0.3566786	0.37986463	0.33349257
1442	0.357052933	0.380238364	0.333867503
1443	0.3574652	0.380673271	0.334257129
1444	0.358279	0.38149141	0.33506659
1445	0.3590624	0.382274813	0.335849987
1446	0.359611867	0.382798857	0.336424876
1447	0.360089333	0.383238121	0.336940545
1448	0.3607118	0.383758647	0.337664953
1449	0.3613488	0.384315671	0.338381929
1450	0.3622154	0.385259246	0.339171554
1451	0.3629692	0.386096368	0.339842032
1452	0.363273333	0.386354542	0.340192124
1453	0.3635374	0.386561624	0.340513176
1454	0.364109867	0.387137579	0.341082155
1455	0.364696333	0.387733389	0.341659278
1456	0.365064867	0.38809377	0.342035964
1457	0.365391467	0.388413099	0.342369834
1458	0.3657216	0.388758504	0.342684696
1459	0.366013867	0.389075482	0.342952251
1460	0.366004333	0.389072069	0.342936598
1461	0.365899867	0.388971084	0.34282865
1462	0.3660568	0.38915581	0.34295779
1463	0.366318067	0.389446564	0.343189569
1464	0.3663696	0.389554042	0.343185158
1465	0.366325667	0.389583123	0.343068211
1466	0.3663756	0.389653109	0.343098091
1467	0.366432467	0.389690428	0.343174505
1468	0.366652667	0.389890524	0.34341481
1469	0.367070533	0.390309742	0.343831325
1470	0.367358533	0.390580304	0.344136763
1471	0.367459333	0.390627876	0.34429079
1472	0.367558733	0.390686951	0.344430516
1473	0.367782067	0.390894048	0.344670085
1474	0.3682828	0.391380444	0.345185156
1475	0.368874867	0.391969343	0.345780391
1476	0.369191267	0.392295821	0.346086712
1477	0.369365733	0.392482006	0.346249461
1478	0.369664267	0.392813268	0.346515266
1479	0.3700212	0.393205478	0.346836922
1480	0.3704046	0.393570641	0.347238559
1481	0.3708616	0.393983672	0.347739528
1482	0.371282533	0.394369068	0.348195998
1483	0.3716762	0.394706548	0.348645852
1484	0.372059733	0.395048288	0.349071179
1485	0.372417333	0.39539426	0.349440406
1486	0.372829933	0.395802047	0.34985782
1487	0.373360667	0.396354546	0.350366788
1488	0.373831467	0.396846841	0.350816092
1489	0.374261067	0.397284369	0.351237764
1490	0.374690733	0.397715489	0.351665978
1491	0.375137733	0.39814744	0.352128027
1492	0.3755264	0.398518701	0.352534099
1493	0.3759396	0.398893132	0.352986068
1494	0.376357133	0.399285401	0.353428865
1495	0.3767278	0.399670813	0.353784787
1496	0.3770888	0.400039302	0.354138298
1497	0.377472667	0.400406566	0.354538767
1498	0.3778524	0.400766379	0.354938421
1499	0.3782836	0.401180543	0.355386657
1500	0.378673333	0.401562256	0.35578441
1501	0.379	0.401920004	0.356079996
1502	0.379356333	0.402309436	0.35640323
1503	0.379652933	0.402612058	0.356693809
1504	0.3799176	0.402875889	0.356959311
1505	0.380239467	0.40319802	0.357280914
1506	0.380569333	0.403529322	0.357609345
1507	0.3809268	0.403884651	0.357968949
1508	0.3812782	0.404235552	0.358320848
1509	0.3815804	0.404558111	0.358602689
1510	0.381869533	0.404869356	0.358869711
1511	0.382184333	0.405200103	0.359168563
1512	0.382498933	0.405527675	0.359470192
1513	0.382737933	0.405748472	0.359727395
1514	0.382963667	0.405952106	0.359975228
1515	0.383306467	0.406296671	0.360316262
1516	0.3836582	0.40665774	0.36065866
1517	0.383838933	0.406831473	0.360846394
1518	0.383994667	0.406974268	0.361015066
1519	0.384248733	0.407236908	0.361260558
1520	0.384521133	0.407523113	0.361519154
1521	0.3847882	0.407795718	0.361780682
1522	0.385051133	0.408058632	0.362043634
1523	0.385271	0.408264645	0.362277355
1524	0.385481933	0.408464756	0.362499111
1525	0.385764667	0.408754783	0.36277455
1526	0.3860506	0.409048187	0.363053013
1527	0.386245733	0.409232608	0.363258859
1528	0.386434933	0.40941182	0.363458047
1529	0.386679867	0.409669032	0.363690701
1530	0.386944667	0.409946033	0.3639433
1531	0.387169133	0.410202182	0.364136085
1532	0.3873594	0.410430556	0.364288244
1533	0.387618133	0.410685146	0.36455112
1534	0.3879094	0.410959926	0.364858874
1535	0.388105267	0.411146641	0.365063893
1536	0.3882714	0.41130717	0.36523563
1537	0.3883766	0.411401011	0.365352189
1538	0.388456933	0.411470681	0.365443186
1539	0.388617133	0.411633508	0.365600759
1540	0.388812	0.411830866	0.365793134
1541	0.3889706	0.411993981	0.365947219
1542	0.389110533	0.412145046	0.366076021
1543	0.389279267	0.412323056	0.366235478
1544	0.389474667	0.412520645	0.366428689
1545	0.3897002	0.412742956	0.366657444
1546	0.3899244	0.412966382	0.366882418
1547	0.390094267	0.413139343	0.367049191
1548	0.390249667	0.413299497	0.367199837
1549	0.390470267	0.413522193	0.36741834
1550	0.390710333	0.41376184	0.367658827
1551	0.390875533	0.413933732	0.367817334
1552	0.391010067	0.414077879	0.367942254
1553	0.391237467	0.414299816	0.368175118
1554	0.391505733	0.414552458	0.368459009
1555	0.391686267	0.41473288	0.368639653
1556	0.391832267	0.414888388	0.368776146
1557	0.392009867	0.41507278	0.368946953
1558	0.392199667	0.415269574	0.369129759
1559	0.3924616	0.415543049	0.369380151
1560	0.392759667	0.415855251	0.369664082
1561	0.392975	0.416080626	0.369869374
1562	0.393144733	0.41625735	0.370032116
1563	0.3932998	0.416406196	0.370193404
1564	0.393462133	0.416553369	0.370370898
1565	0.393608267	0.416712591	0.370503943
1566	0.393734933	0.416869534	0.370600333
1567	0.393872667	0.417021893	0.37072344
1568	0.394025533	0.417182854	0.370868213
1569	0.394173533	0.417344855	0.371002211
1570	0.394311067	0.417498199	0.371123934
1571	0.3944524	0.41764304	0.37126176
1572	0.394595933	0.417781303	0.371410564
1573	0.394782267	0.417962041	0.371602492
1574	0.394999333	0.418173003	0.371825663
1575	0.395205667	0.418376092	0.372035241
1576	0.395415133	0.418587849	0.372242417
1577	0.395644333	0.418813805	0.372474861
1578	0.3958798	0.419041848	0.372717752
1579	0.3961334	0.419299922	0.372966878
1580	0.396396333	0.419576418	0.373216248
1581	0.3966094	0.419800588	0.373418212
1582	0.396786933	0.419981921	0.373591945
1583	0.396940533	0.420142253	0.373738814
1584	0.397076533	0.420293044	0.373860022
1585	0.3972378	0.420464814	0.374010786
1586	0.397421267	0.420653846	0.374188688
1587	0.397605867	0.420820305	0.374391428
1588	0.397792933	0.420970866	0.374615001
1589	0.397928	0.421092767	0.374763233
1590	0.398022	0.421194042	0.374849958
1591	0.398192	0.421360672	0.375023328
1592	0.3984182	0.421571895	0.375264505
1593	0.3986084	0.421754555	0.375462245
1594	0.398779467	0.421926449	0.375632485
1595	0.398934067	0.42210219	0.375765943
1596	0.399065333	0.422265844	0.375864822
1597	0.3992676	0.422494556	0.376040644
1598	0.3995266	0.422777282	0.376275918
1599	0.3996584	0.42290324	0.37641356
1600	0.399704933	0.422925755	0.376484112
1601	0.399846133	0.42305538	0.376636887
1602	0.400054133	0.423259367	0.3768489
1603	0.400292933	0.423507174	0.377078692
1604	0.40055	0.423782674	0.377317326
1605	0.400712067	0.423954093	0.37747004
1606	0.4008148	0.424060789	0.377568811
1607	0.400985867	0.42423514	0.377736593
1608	0.4011954	0.424447168	0.377943632
1609	0.401478533	0.424741937	0.378215129
1610	0.4018058	0.425087283	0.378524317
1611	0.402053067	0.425322012	0.378784122
1612	0.402255867	0.425496789	0.379014945
1613	0.4024378	0.425677337	0.379198263
1614	0.402604867	0.425855076	0.379354657
1615	0.4027996	0.426051421	0.379547779
1616	0.403009467	0.426258255	0.379760678
1617	0.403089467	0.426313377	0.379865556
1618	0.403108467	0.426298316	0.379918617
1619	0.403366733	0.426562419	0.380171047
1620	0.403735533	0.4269548	0.380516267
1621	0.4039146	0.427162274	0.380666926
1622	0.404009667	0.427287692	0.380731641
1623	0.404107	0.427383948	0.380830052
1624	0.4042066	0.427469385	0.380943815
1625	0.404400933	0.427672631	0.381129236
1626	0.404632133	0.427921936	0.381342331
1627	0.4047994	0.428096168	0.381502632
1628	0.404943267	0.428242777	0.381643756
1629	0.405129533	0.428435778	0.381823289
1630	0.405331467	0.428646316	0.382016618
1631	0.405568733	0.428878773	0.382258694
1632	0.4058194	0.429120885	0.382517915
1633	0.405979867	0.429279127	0.382680607
1634	0.4061138	0.429413268	0.382814332
1635	0.406271667	0.429581419	0.382961914
1636	0.4064386	0.429761689	0.383115511
1637	0.406696267	0.43002024	0.383372293
1638	0.406978667	0.430300664	0.383656669
1639	0.407035067	0.430352097	0.383718037
1640	0.407041867	0.430353292	0.383730441
1641	0.407153133	0.430460559	0.383845708
1642	0.407283933	0.430587496	0.383980371
1643	0.407344867	0.430642956	0.384046778
1644	0.407396467	0.430688157	0.384104777
1645	0.407583333	0.430884193	0.384282474
1646	0.4077878	0.431100155	0.384475445
1647	0.4079026	0.431241209	0.384563991
1648	0.408009533	0.431378036	0.38464103
1649	0.408167533	0.431511307	0.38482376
1650	0.408330867	0.431644195	0.385017538
1651	0.408434867	0.43173476	0.385134973
1652	0.408533733	0.431822222	0.385245245
1653	0.408647467	0.431949916	0.385345017
1654	0.4087632	0.432080209	0.385446191
1655	0.408959	0.432251632	0.385666368
1656	0.409152467	0.432421174	0.385883759
1657	0.4093288	0.432637721	0.386019879
1658	0.409501933	0.432849237	0.38615463
1659	0.409540533	0.432865957	0.386215109
1660	0.409582733	0.432888679	0.386276788
1661	0.409674533	0.433011159	0.386337908
1662	0.409767533	0.433133784	0.386401282
1663	0.409871933	0.433236981	0.386506886
1664	0.409985867	0.433347168	0.386624565
1665	0.410163667	0.433485733	0.3868416
1666	0.410330867	0.433617238	0.387044495
1667	0.4103992	0.433691055	0.387107345
1668	0.410470133	0.433770441	0.387169825
1669	0.410585067	0.433896673	0.387273461
1670	0.4107156	0.434032584	0.387398616
1671	0.410898933	0.434209439	0.387588428
1672	0.4110708	0.434374239	0.387767361
1673	0.4112186	0.434511951	0.387925249
1674	0.411360467	0.434652059	0.388068874
1675	0.411457867	0.43476119	0.388154543
1676	0.411559533	0.434869506	0.38824956
1677	0.411680133	0.434985127	0.388375139
1678	0.4118074	0.435106966	0.388507834
1679	0.4119776	0.435281855	0.388673345
1680	0.412143733	0.435461945	0.388825522
1681	0.412275067	0.435615908	0.388934225
1682	0.412390467	0.435730946	0.389049987
1683	0.4124614	0.435761707	0.389161093
1684	0.412600933	0.435880815	0.389321052
1685	0.412866933	0.436161109	0.389572758
1686	0.4130338	0.43633547	0.38973213
1687	0.413070467	0.43637056	0.389770373
1688	0.4131428	0.436439327	0.389846273
1689	0.413236333	0.436521713	0.389950954
1690	0.4133662	0.436661801	0.390070599
1691	0.413537667	0.436865188	0.390210146
1692	0.413721733	0.437043611	0.390399855
1693	0.413930333	0.437211147	0.390649519
1694	0.414087133	0.43734479	0.390829476
1695	0.4142126	0.437464476	0.390960724
1696	0.4142592	0.437519072	0.390999328
1697	0.414219	0.437500229	0.390937771
1698	0.414256867	0.437546175	0.390967558
1699	0.414359467	0.43764419	0.391074743
1700	0.414511667	0.437815031	0.391208302
1701	0.4146964	0.438029301	0.391363499
1702	0.414767667	0.438116423	0.391418911
1703	0.4147742	0.43813591	0.39141249
1704	0.414801	0.438158747	0.391443253
1705	0.414841467	0.438189065	0.391493869
1706	0.414922267	0.43829223	0.391552304
1707	0.4150272	0.438427969	0.391626431
1708	0.415046667	0.438441861	0.391651472
1709	0.415034733	0.438418511	0.391650955
1710	0.415190133	0.438535373	0.391844894
1711	0.415384867	0.438687591	0.392082142
1712	0.4154302	0.438719089	0.392141311
1713	0.4154552	0.438731815	0.392178585
1714	0.415481733	0.438739794	0.392223673
1715	0.415482267	0.438719112	0.392245421
1716	0.415577133	0.438866313	0.392287954
1717	0.4156856	0.439028576	0.392342624
1718	0.415638467	0.43895678	0.392320153
1719	0.415608333	0.438903938	0.392312728
1720	0.4156846	0.439010126	0.392359074
1721	0.415759267	0.439115045	0.392403489
1722	0.4157292	0.439044519	0.392413881
1723	0.415691133	0.438968715	0.392413552
1724	0.4157714	0.439064603	0.392478197
1725	0.415843667	0.439140418	0.392546915
1726	0.415851933	0.439098973	0.392604894
1727	0.415856733	0.439073211	0.392640256
1728	0.4158478	0.439090455	0.392605145
1729	0.415824267	0.439080365	0.392568168
1730	0.415712667	0.438951478	0.392473855
1731	0.415650733	0.438894589	0.392406877
1732	0.415763067	0.439052474	0.392473659
1733	0.415925	0.439240881	0.392609119
1734	0.4160854	0.439399042	0.392771758
1735	0.416163067	0.439463751	0.392862382
1736	0.4161714	0.439433058	0.392909742
1737	0.4162106	0.439462813	0.392958387
1738	0.416316133	0.439605435	0.393026832
1739	0.4162948	0.439582589	0.393007011
1740	0.416091267	0.439333656	0.392848877
1741	0.416109733	0.439348848	0.392870619
1742	0.416299	0.439571158	0.393026842
1743	0.416309467	0.439574132	0.393044801
1744	0.4162688	0.43950735	0.39303025
1745	0.416391867	0.439636742	0.393146991
1746	0.416573933	0.439827427	0.393320439
1747	0.4165718	0.439793854	0.393349746
1748	0.416492	0.439676592	0.393307408
1749	0.416612333	0.439849901	0.393374766
1750	0.416806867	0.440119483	0.39349425
1751	0.4168344	0.440151961	0.393516839
1752	0.416809933	0.440123994	0.393495872
1753	0.416935467	0.44021614	0.393654793
1754	0.4170764	0.440319736	0.393833064
1755	0.417092733	0.440347396	0.393838071
1756	0.417107067	0.440366219	0.393847914
1757	0.417051067	0.44027834	0.393823793
1758	0.416986267	0.440199862	0.393772671
1759	0.416886533	0.440137299	0.393635768
1760	0.4168032	0.440087983	0.393518417
1761	0.416907667	0.440174274	0.393641059
1762	0.4169848	0.440227574	0.393742026
1763	0.416959133	0.440182498	0.393735769
1764	0.416945267	0.440164565	0.393725968
1765	0.4170222	0.440294345	0.393750055
1766	0.4170242	0.440324363	0.393724037
1767	0.416895	0.440146836	0.393643164
1768	0.416824333	0.440040366	0.393608301
1769	0.4167022	0.43991883	0.39348557
1770	0.416598267	0.439844241	0.393352293
1771	0.416629133	0.439956744	0.393301523
1772	0.416683133	0.440058539	0.393307727
1773	0.416752733	0.440110432	0.393395035
1774	0.416716467	0.440088189	0.393344744
1775	0.4165486	0.43995952	0.39313768
1776	0.4164032	0.439785959	0.393020441
1777	0.416281133	0.439604573	0.392957693
1778	0.416133133	0.439445466	0.392820801
1779	0.416010333	0.439343746	0.39267692
1780	0.4161684	0.439524356	0.392812444
1781	0.4163896	0.439749957	0.393029243
1782	0.4165076	0.439875062	0.393140138
1783	0.416617933	0.440010512	0.393225355
1784	0.4162702	0.439713115	0.392827285
1785	0.4157996	0.439277143	0.392322057
1786	0.415767067	0.439188293	0.39234584
1787	0.415806733	0.43918866	0.392424807
1788	0.4154368	0.43881701	0.39205659
1789	0.415099467	0.438473065	0.391725868
1790	0.414998267	0.438448028	0.391548505
1791	0.414830267	0.438364456	0.391296077
1792	0.414675267	0.438234755	0.391115779
1793	0.414450133	0.438048481	0.390851785
1794	0.4140634	0.437776435	0.390350365
1795	0.4137722	0.437573774	0.389970626
1796	0.413568933	0.437284638	0.389853229
1797	0.413334467	0.436984512	0.389684421
1798	0.4131942	0.43679945	0.38958895
1799	0.4129478	0.436570415	0.389325185
1800	0.412561333	0.436414168	0.388708499
1801	0.404479933	0.434705823	0.374254044
1802	0.4050544	0.435175684	0.374933116
1803	0.4006016	0.430533471	0.370669729
1804	0.3946356	0.424861472	0.364409728
1805	0.389959733	0.420038185	0.359881282
1806	0.386636067	0.417033872	0.356238261
1807	0.3869692	0.417623769	0.356314631
1808	0.393866067	0.424360174	0.363371959
1809	0.3944616	0.424078134	0.364845066
1810	0.3942474	0.423340176	0.365154624
1811	0.400532467	0.42959094	0.371473993
1812	0.4046652	0.4338004	0.37553
1813	0.4021554	0.433164037	0.371146763
1814	0.389714733	0.423395442	0.356034025
1815	0.373984667	0.410395686	0.337573647
1816	0.370684867	0.408151516	0.333218218
1817	0.3719628	0.406724053	0.337201547
1818	0.363520133	0.396352856	0.330687411
1819	0.360655333	0.399872618	0.321438049
1820	0.366736	0.410574954	0.322897046
1821	0.3708794	0.410396408	0.331362392
1822	0.361874267	0.397983831	0.325764703
1823	0.344022867	0.383592918	0.304452815
1824	0.342006733	0.393452231	0.290561235
1825	0.3700802	0.435751649	0.304408751
1826	0.371969933	0.458451998	0.285487869
1827	0.356092067	0.456051011	0.256133123
1828	0.3564542	0.470670188	0.242238212
1829	0.355892733	0.478267358	0.233518109
1830	0.328903267	0.446570812	0.211235722
1831	0.2694682	0.372354983	0.166581417
1832	0.2003868	0.27574938	0.12502422
1833	0.161911133	0.232018127	0.09180414
1834	0.1750458	0.264763337	0.085328263
1835	0.191782733	0.311388829	0.072176637
1836	0.188804933	0.306113049	0.071496817
1837	0.1869882	0.328977038	0.044999362
1838	0.190276667	0.33716167	0.043391663
1839	0.198246533	0.334472819	0.062020248
1840	0.218955933	0.362690343	0.075221523
1841	0.259803067	0.439715547	0.079890586
1842	0.281252267	0.474655146	0.087849387
1843	0.310469867	0.51817408	0.102765653
1844	0.3912744	0.693093248	0.089455552
1845	0.339682467	0.630871265	0.048493668
1846	0.2577188	0.519659875	-0.004222275
1847	0.245599467	0.491742584	-0.000543651
1848	0.2756998	0.518892784	0.032506816
1849	0.284995533	0.517476772	0.052514295
1850	0.258891867	0.490567534	0.027216199
1851	0.252850933	0.470705306	0.03499656
1852	0.406088933	0.707387881	0.104789986
1853	0.769422133	1.268825621	0.270018646
1854	0.792941267	1.263021548	0.322860985
1855	0.7677186	1.231579262	0.303857938
1856	0.609376667	0.914195455	0.304557878
1857	0.5303586	0.923296863	0.137420337
1858	0.6583066	1.236588121	0.080025079
1859	0.842508	1.571300825	0.113715175
1860	0.4875518	0.903074954	0.072028646
1861	0.370498733	0.674204235	0.066793231
1862	0.285711533	0.534846666	0.036576401
1863	0.247560933	0.469210254	0.025911612
1864	0.255126333	0.495010219	0.015242447
1865	0.255651933	0.468887405	0.042416462
1866	0.239800733	0.435203059	0.044398408
1867	0.271572733	0.495548075	0.047597392
1868	0.370556067	0.697736736	0.043375397
1869	0.401575933	0.749125102	0.054026765
1870	0.4264238	0.751001393	0.101846207
1871	0.428802533	0.721978766	0.135626301
1872	0.351665867	0.57029938	0.133032353
1873	0.300140267	0.489430178	0.110850355
1874	0.2248946	0.343489016	0.106300184
1875	0.1823316	0.277424068	0.087239132
1876	0.182913667	0.27416604	0.091661293
1877	0.2070246	0.315722353	0.098326847
1878	0.209201267	0.313896866	0.104505668
1879	0.209455267	0.308700402	0.110210131
1880	0.2394064	0.337157327	0.141655473
1881	0.271449	0.352536535	0.190361465
1882	0.302629733	0.391071181	0.214188286
1883	0.307984467	0.403464265	0.212504668
1884	0.307850133	0.411545214	0.204155053
1885	0.309855333	0.392746073	0.226964594
1886	0.317597667	0.398674987	0.236520346
1887	0.323496	0.406146868	0.240845132
1888	0.356176	0.447731427	0.264620573
1889	0.3724114	0.477864967	0.266957833
1890	0.364034933	0.464088264	0.263981603
1891	0.374611867	0.476564919	0.272658814
1892	0.419275333	0.54404129	0.294509377
1893	0.474116933	0.643262024	0.304971843
1894	0.434366667	0.57965367	0.289079664
1895	0.373368	0.490208112	0.256527888
1896	0.312957867	0.403288936	0.222626798
1897	0.267800667	0.347893236	0.187708097
1898	0.248037333	0.332047897	0.16402677
1899	0.251004	0.344516864	0.157491136
1900	0.2650324	0.396054891	0.134009909
1901	0.3124044	0.481578419	0.143230381
1902	0.3530076	0.577043679	0.128971521
1903	0.297391933	0.509218073	0.085565793
1904	0.228950133	0.448548645	0.009351621
1905	0.213639133	0.410949738	0.016328529
1906	0.185322	0.366691241	0.003952759
1907	0.190553867	0.352767608	0.028340125
1908	0.215849133	0.353143793	0.078554474
1909	0.2271642	0.347355429	0.106972971
1910	0.243487867	0.3574984	0.129477333
1911	0.2541898	0.369732638	0.138646962
1912	0.2381202	0.313774289	0.162466111
1913	0.2281188	0.288986043	0.167251557
1914	0.244855667	0.3009194	0.188791933
1915	0.257675333	0.315233277	0.200117389
1916	0.260387533	0.307000554	0.213774513
1917	0.2658598	0.305335586	0.226384014
1918	0.274996667	0.310032478	0.239960855
1919	0.2922714	0.328470322	0.256072478
1920	0.3085012	0.351240188	0.265762212
1921	0.3122182	0.352090693	0.272345707
1922	0.314686667	0.358457986	0.270915347
1923	0.312558267	0.352352842	0.272763691
1924	0.3108904	0.348334987	0.273445813
1925	0.3156796	0.348672974	0.282686226
1926	0.320204133	0.349067921	0.291340345
1927	0.326982733	0.355228502	0.298736964
1928	0.336640333	0.370520103	0.302760564
1929	0.343898267	0.38239069	0.305405844
1930	0.347980133	0.38671429	0.309245977
1931	0.351630533	0.391216973	0.312044093
1932	0.353909867	0.389292294	0.318527439
1933	0.355840333	0.388712905	0.322967762
1934	0.361135333	0.394032744	0.328237923
1935	0.3663218	0.400524369	0.332119231
1936	0.370007	0.403426946	0.336587054
1937	0.3726154	0.404940834	0.340289966
1938	0.375120533	0.407224543	0.343016524
1939	0.376817267	0.409362436	0.344272098
1940	0.3770388	0.410090476	0.343987124
1941	0.374213733	0.407029309	0.341398158
1942	0.371745333	0.404580105	0.338910562
1943	0.369755	0.402091886	0.337418114
1944	0.3680334	0.400200525	0.335866275
1945	0.369014067	0.399749063	0.338279071
1946	0.370553333	0.399783671	0.341322995
1947	0.370433933	0.39865085	0.342217017
1948	0.3693422	0.396949547	0.341734853
1949	0.3691246	0.396331564	0.341917636
1950	0.369703	0.396692464	0.342713536
1951	0.370045067	0.39671429	0.343375843
1952	0.369698067	0.39496896	0.344427174
1953	0.3693682	0.393456737	0.345279663
1954	0.374833467	0.399632311	0.350034622
1955	0.380326133	0.406028343	0.354623923
1956	0.383502467	0.409861524	0.357143409
1957	0.385751933	0.412731274	0.358772593
1958	0.387279867	0.414902556	0.359657177
1959	0.388241733	0.416476176	0.360007291
1960	0.389270133	0.417641467	0.3608988
1961	0.390439133	0.418221594	0.362656672
1962	0.391477467	0.418854179	0.364100755
1963	0.3926138	0.42003817	0.36518943
1964	0.393593467	0.42109199	0.366094943
1965	0.392975467	0.420443726	0.365507207
1966	0.392339667	0.419815979	0.364863354
1967	0.392344267	0.419843363	0.36484517
1968	0.392597467	0.420129229	0.365065705
1969	0.393124067	0.420715579	0.365532554
1970	0.3938014	0.421506982	0.366095818
1971	0.3942268	0.421893373	0.366560227
1972	0.394312733	0.421560071	0.367065396
1973	0.394492333	0.421380048	0.367604619
1974	0.395223533	0.421969823	0.368477243
1975	0.395901667	0.422529932	0.369273401
1976	0.396392933	0.422996573	0.369789294
1977	0.396820267	0.423421207	0.370219326
1978	0.397574533	0.42436411	0.370784956
1979	0.3984498	0.425513705	0.371385895
1980	0.3984894	0.425757896	0.371220904
1981	0.397846	0.425213447	0.370478553
1982	0.397752467	0.425148569	0.370356365
1983	0.398715467	0.426058405	0.371372529
1984	0.399609467	0.42692145	0.372297483
1985	0.4001746	0.42748527	0.37286393
1986	0.400735133	0.428051894	0.373418373
1987	0.4018408	0.429046038	0.374635562
1988	0.403021067	0.430073421	0.375968712
1989	0.403260133	0.430258188	0.376262079
1990	0.4031302	0.430167758	0.376092642
1991	0.4032314	0.430154028	0.376308772
1992	0.4034164	0.43009309	0.37673971
1993	0.4032478	0.429687067	0.376808533
1994	0.4025042	0.428757212	0.376251188
1995	0.401871267	0.427993606	0.375748928
1996	0.4021492	0.428225098	0.376073302
1997	0.4024914	0.428538263	0.376444537
1998	0.403220933	0.429298273	0.377143594
1999	0.404065867	0.430217169	0.377914565
2000	0.404645733	0.43095718	0.378334286
2001	0.4053112	0.431969275	0.378653125
2002	0.4061226	0.433100693	0.379144507
2003	0.407206067	0.434254695	0.380157439
2004	0.407741667	0.434667527	0.380815806
2005	0.4073226	0.433966871	0.380678329
2006	0.407127267	0.433687158	0.380567376
2007	0.4077222	0.434794758	0.380649642
2008	0.4083154	0.435948738	0.380682062
2009	0.408117267	0.435748563	0.380485971
2010	0.407809933	0.435478657	0.38014121
2011	0.407786267	0.435452166	0.380120368
2012	0.407635333	0.435396735	0.379873932
2013	0.408680867	0.436659887	0.380701847
2014	0.410397667	0.438623162	0.382172171
2015	0.411665467	0.44002501	0.383305924
2016	0.412790933	0.440999853	0.384582014
2017	0.413771733	0.441858283	0.385685184
2018	0.4150478	0.44322787	0.38686773
2019	0.416054	0.444238499	0.387869501
2020	0.4149298	0.442586688	0.387272912
2021	0.4138202	0.44102379	0.38661661
2022	0.413542533	0.440765148	0.386319918
2023	0.413481467	0.440806268	0.386156666
2024	0.41396	0.441294945	0.386625055
2025	0.414620333	0.441920512	0.387320155
2026	0.415135533	0.442338269	0.387932798
2027	0.415423867	0.442486399	0.388361334
2028	0.415612933	0.442563919	0.388661948
2029	0.415659133	0.442457756	0.38886051
2030	0.415736533	0.442379923	0.389093144
2031	0.416061467	0.442514834	0.3896081
2032	0.4163366	0.442639972	0.390033228
2033	0.416657867	0.443039528	0.390276205
2034	0.417027467	0.443513497	0.390541436
2035	0.4168016	0.443436191	0.390167009
2036	0.416364533	0.443133585	0.389595482
2037	0.416481533	0.443151223	0.389811844
2038	0.416757467	0.443290842	0.390224091
2039	0.416868	0.443334574	0.390401426
2040	0.417007467	0.44350944	0.390505493
2041	0.417358467	0.44391989	0.390797044
2042	0.417786733	0.444299491	0.391273976
2043	0.417957733	0.444421928	0.391493538
2044	0.417778	0.444213138	0.391342862
2045	0.4176854	0.44409553	0.39127527
2046	0.4179366	0.444307264	0.391565936
2047	0.418167333	0.444530419	0.391804248
2048	0.418453867	0.445172596	0.391735137
2049	0.418743	0.445898916	0.391587084
2050	0.418688733	0.446013653	0.391363814
2051	0.4184062	0.445716278	0.391096122
2052	0.418237933	0.445392808	0.391083058
2053	0.4178278	0.444754711	0.390900889
2054	0.417567867	0.444441302	0.390694432
2055	0.418071133	0.444989163	0.391153104
2056	0.4183168	0.445248133	0.391385467
2057	0.418175933	0.445053873	0.391297994
2058	0.418098267	0.444951012	0.391245521
2059	0.4180966	0.445046115	0.391147085
2060	0.418055333	0.445111056	0.390999611
2061	0.4184688	0.445604452	0.391333148
2062	0.419059133	0.446344673	0.391773594
2063	0.419923667	0.447245147	0.392602186
2064	0.420732267	0.448005663	0.39345887
2065	0.421172933	0.448476899	0.393868968
2066	0.421284533	0.448658275	0.393910792
2067	0.421509933	0.448887672	0.394132194
2068	0.421755667	0.449034966	0.394476367
2069	0.421783667	0.448948021	0.394619313
2070	0.421111133	0.448164227	0.39405804
2071	0.420476867	0.447459208	0.393494526
2072	0.420687667	0.447704316	0.393671018
2073	0.421131933	0.448187605	0.394076261
2074	0.4211888	0.448141753	0.394235847
2075	0.420911467	0.447662596	0.394160337
2076	0.4206538	0.44728527	0.39402233
2077	0.420752333	0.447422447	0.394082219
2078	0.4210374	0.447785514	0.394289286
2079	0.421103667	0.44788499	0.394322343
2080	0.4213752	0.448207133	0.394543267
2081	0.4217548	0.448693379	0.394816221
2082	0.422053333	0.449098997	0.395007669
2083	0.4225106	0.449633628	0.395387572
2084	0.422966333	0.45016568	0.395766987
2085	0.422834267	0.450056556	0.395611977
2086	0.422528867	0.449745583	0.39531215
2087	0.4221566	0.449124029	0.395189171
2088	0.421686267	0.448350591	0.395021942
2089	0.421547467	0.448028539	0.395066394
2090	0.4218334	0.448270166	0.395396634
2091	0.421719533	0.448239547	0.395199519
2092	0.421543267	0.448248309	0.394838224
2093	0.421306867	0.448150117	0.394463616
2094	0.421122067	0.448006496	0.394237637
2095	0.421216	0.448116481	0.394315519
2096	0.421610267	0.448440818	0.394779715
2097	0.421876133	0.448637346	0.39511492
2098	0.421591933	0.448307901	0.394875966
2099	0.421269733	0.44797251	0.394566957
2100	0.4211854	0.447955052	0.394415748
2101	0.421104333	0.447927835	0.394280832
2102	0.421163267	0.447834618	0.394491915
2103	0.421303	0.447736203	0.394869797
2104	0.4212282	0.447584613	0.394871787
2105	0.4210198	0.447486757	0.394552843
2106	0.420812667	0.447321843	0.39430349
2107	0.4206114	0.447119009	0.394103791
2108	0.4207436	0.447271955	0.394215245
2109	0.421458333	0.44787383	0.395042836
2110	0.4221604	0.44846187	0.39585893
2111	0.422932333	0.449287808	0.396576858
2112	0.4237358	0.450179703	0.397291897
2113	0.424550467	0.451074745	0.398026189
2114	0.4252494	0.4518445	0.3986543
2115	0.424777533	0.451346856	0.398208211
2116	0.424033133	0.450559431	0.397506836
2117	0.423618067	0.450225204	0.397010929
2118	0.423403267	0.450000072	0.396806462
2119	0.423560133	0.450133844	0.396986423
2120	0.423878333	0.45045947	0.397297197
2121	0.424095667	0.450692516	0.397498817
2122	0.424266933	0.450985404	0.397548463
2123	0.424346667	0.451104191	0.397589142
2124	0.424211	0.450801801	0.397620199
2125	0.4241292	0.450577848	0.397680552
2126	0.423957067	0.450360837	0.397553296
2127	0.4237278	0.450130179	0.397325421
2128	0.4234342	0.449861269	0.397007131
2129	0.423120467	0.449552591	0.396688343
2130	0.422889667	0.449327058	0.396452275
2131	0.422850333	0.449322745	0.396377922
2132	0.4229352	0.449431584	0.396438816
2133	0.423001933	0.44955564	0.396448227
2134	0.4231434	0.449693744	0.396593056
2135	0.423020933	0.449565321	0.396476546
2136	0.422908533	0.449500218	0.396316849
2137	0.422643333	0.449356101	0.395930566
2138	0.422118867	0.448934611	0.395303122
2139	0.421984067	0.448903262	0.395064872
2140	0.421987067	0.448986679	0.394987454
2141	0.4217032	0.448515888	0.394890512
2142	0.421280067	0.447916087	0.394644047
2143	0.4204124	0.446962819	0.393861981
2144	0.419275933	0.445731318	0.392820548
2145	0.4177896	0.444266219	0.391312981
2146	0.416593467	0.44318997	0.389996963
2147	0.416281	0.442929562	0.389632438
2148	0.415902	0.442571319	0.389232681
2149	0.415298267	0.44200522	0.388591313
2150	0.414952133	0.441704383	0.388199883
2151	0.414449533	0.441173326	0.38772574
2152	0.413340067	0.439954398	0.386725736
2153	0.4121358	0.438620185	0.385651415
2154	0.410798533	0.437079852	0.384517215
2155	0.4096326	0.43569381	0.38357139
2156	0.4089892	0.434892844	0.383085556
2157	0.408182133	0.434026843	0.382337424
2158	0.406704	0.43258935	0.38081865
2159	0.4052466	0.431127184	0.379366016
2160	0.4042038	0.430012542	0.378395058
2161	0.403188733	0.428960044	0.377417423
2162	0.4025486	0.428430166	0.376667034
2163	0.4021986	0.428262613	0.376134587
2164	0.401588667	0.427677874	0.375499459
2165	0.400783333	0.426915679	0.374650988
2166	0.4001532	0.426399598	0.373906802
2167	0.3994672	0.42564862	0.37328578
2168	0.399023933	0.425124958	0.372922909
2169	0.399056867	0.42519673	0.372917003
2170	0.3987926	0.424985016	0.372600184
2171	0.3980632	0.424278829	0.371847571
2172	0.397373267	0.423569907	0.371176626
2173	0.396960533	0.423006707	0.37091436
2174	0.396557333	0.422440295	0.370674372
2175	0.3960196	0.421872955	0.370166245
2176	0.395478	0.421370917	0.369585083
2177	0.3952434	0.421216952	0.369269848
2178	0.3950584	0.4211081	0.3690087
2179	0.393902133	0.42002696	0.367777307
2180	0.392329933	0.418488535	0.366171332
2181	0.390779133	0.416746457	0.36481181
2182	0.388775733	0.414526557	0.36302491
2183	0.387398	0.413114107	0.361681893
2184	0.387076267	0.412874375	0.361278158
2185	0.386548333	0.412408891	0.360687775
2186	0.3857634	0.411750949	0.359775851
2187	0.384909867	0.410987829	0.358831904
2188	0.383682	0.409710714	0.357653286
2189	0.38245	0.408476462	0.356423538
2190	0.381353267	0.407365909	0.355340625
2191	0.380361	0.406353715	0.354368285
2192	0.379566	0.405497865	0.353634135
2193	0.378840133	0.404706828	0.352973439
2194	0.378235733	0.404127097	0.352344369
2195	0.377528533	0.403463972	0.351593095
2196	0.376454133	0.402329972	0.350578295
2197	0.375372133	0.401214858	0.349529408
2198	0.374035	0.399884452	0.348185548
2199	0.372587133	0.398357871	0.346816395
2200	0.3713178	0.397128297	0.345507303
2201	0.370004667	0.395927174	0.344082159
2202	0.368975267	0.394880793	0.34306974
2203	0.368515867	0.39429088	0.342740853
2204	0.368434533	0.394119841	0.342749226
2205	0.368381867	0.394110244	0.34265349
2206	0.3682592	0.394024238	0.342494162
2207	0.369004667	0.394761618	0.343247715
2208	0.369907533	0.395661946	0.344153121
2209	0.371126467	0.396879842	0.345373092
2210	0.372396067	0.398194371	0.346597763
2211	0.373793533	0.399539661	0.348047406
2212	0.3753426	0.40096083	0.34972437
2213	0.3769622	0.402391629	0.351532771
2214	0.3785	0.403779016	0.353220984
2215	0.380390467	0.405693942	0.355086991
2216	0.3823492	0.407749166	0.356949234
2217	0.383926533	0.409383724	0.358469343
2218	0.385318467	0.4108318	0.359805133
2219	0.3861162	0.411601314	0.360631086
2220	0.386746333	0.412078506	0.36141416
2221	0.387546933	0.412892143	0.362201724
2222	0.388498867	0.41403761	0.362960124
2223	0.389297133	0.414795002	0.363799265
2224	0.389582733	0.414854081	0.364311385
2225	0.3893478	0.414501345	0.364194255
2226	0.388638333	0.413837522	0.363439145
2227	0.388462267	0.413740717	0.363183816
2228	0.3892324	0.414627687	0.363837113
2229	0.390067667	0.415515955	0.364619378
2230	0.3910782	0.416395366	0.365761034
2231	0.391793133	0.417039568	0.366546699
2232	0.391768333	0.417121725	0.366414942
2233	0.391611267	0.417058692	0.366163842
2234	0.391001667	0.416536204	0.365467129
2235	0.3904284	0.416097919	0.364758881
2236	0.3906944	0.416390192	0.364998608
2237	0.3911138	0.416775467	0.365452133
2238	0.391073467	0.416579338	0.365567595
2239	0.390469667	0.415749719	0.365189614
2240	0.390167667	0.415443887	0.364891446
2241	0.389880733	0.415230606	0.36453086
2242	0.389977867	0.415317074	0.36463866
2243	0.391036	0.416435214	0.365636786
2244	0.391608	0.417050392	0.366165608
2245	0.391894667	0.417309916	0.366479417
2246	0.392258533	0.417621565	0.366895501
2247	0.392361333	0.417565858	0.367156809
2248	0.3926102	0.417747358	0.367473042
2249	0.392454467	0.417602405	0.367306528
2250	0.392183067	0.417309843	0.36705629
2251	0.3916568	0.416756668	0.366556932
2252	0.391029133	0.416077352	0.365980915
2253	0.3906082	0.415550868	0.365665532
2254	0.390261533	0.415136771	0.365386295
2255	0.390061667	0.414959338	0.365163995
2256	0.3901006	0.41501139	0.36518981
2257	0.390783733	0.415797961	0.365769505
2258	0.391489133	0.416737413	0.366240854
2259	0.391727067	0.417078457	0.366375676
2260	0.391657133	0.416921201	0.366393066
2261	0.391263333	0.416506231	0.366020436
2262	0.390943933	0.416254792	0.365633075
2263	0.390837067	0.41611319	0.365560943
2264	0.390947667	0.416110709	0.365784624
2265	0.390959667	0.416027227	0.365892106
2266	0.390784667	0.415736001	0.365833332
2267	0.390658867	0.415537368	0.365780365
2268	0.390555	0.415458924	0.365651076
2269	0.390753333	0.415687036	0.365819631
2270	0.390839333	0.415807362	0.365871304
2271	0.390653867	0.415674484	0.36563325
2272	0.390565467	0.415638516	0.365492418
2273	0.390413333	0.415584422	0.365242244
2274	0.389906	0.41521673	0.36459527
2275	0.389465733	0.414873361	0.364058106
2276	0.3891244	0.414405543	0.363843257
2277	0.388728733	0.413852882	0.363604584
2278	0.388309933	0.413435187	0.363184679
2279	0.3878372	0.413019777	0.362654623
2280	0.387173067	0.412144726	0.362201407
2281	0.3865756	0.411221652	0.361929548
2282	0.3859174	0.410268445	0.361566355
2283	0.385386467	0.409510671	0.361262262
2284	0.385275267	0.409368075	0.361182458
2285	0.384726533	0.408863753	0.360589314
2286	0.384386933	0.408809879	0.359963987
2287	0.384323133	0.409193145	0.359453122
2288	0.384341533	0.409452814	0.359230253
2289	0.384592	0.409629408	0.359554592
2290	0.384526467	0.409409181	0.359643752
2291	0.384766867	0.409574368	0.359959365
2292	0.385038733	0.409773101	0.360304365
2293	0.384615067	0.409360481	0.359869653
2294	0.383953	0.408757393	0.359148607
2295	0.382723333	0.4075933	0.357853367
2296	0.381933667	0.406843748	0.357023585
2297	0.381691733	0.40652362	0.356859847
2298	0.381233133	0.406118633	0.356347633
2299	0.380931333	0.406049605	0.355813061
2300	0.3806284	0.405942893	0.355313907
2301	0.3803936	0.405893694	0.354893506
2302	0.3804496	0.406083883	0.354815317
2303	0.3810008	0.406627558	0.355374042
2304	0.381316733	0.406958621	0.355674846
2305	0.381020533	0.406524874	0.355516193
2306	0.380790733	0.406083856	0.35549761
2307	0.3803458	0.405377999	0.355313601
2308	0.3796598	0.404409819	0.354909781
2309	0.378959267	0.403548654	0.35436988
2310	0.378331	0.402816342	0.353845658
2311	0.378154733	0.402845649	0.353463818
2312	0.378008333	0.403051931	0.352964736
2313	0.377543333	0.40275702	0.352329647
2314	0.3771972	0.402496696	0.351897704
2315	0.3770104	0.40230313	0.35171767
2316	0.3766948	0.401931613	0.351457987
2317	0.3764618	0.40158787	0.35133573
2318	0.3761862	0.401260033	0.351112367
2319	0.3761568	0.401281411	0.351032189
2320	0.3768112	0.401945612	0.351676788
2321	0.3770894	0.402245472	0.351933328
2322	0.376745667	0.401881461	0.351609873
2323	0.376554	0.40164275	0.35146525
2324	0.3762704	0.401227842	0.351312958
2325	0.3758258	0.40066174	0.35098986
2326	0.3748172	0.39947392	0.35016048
2327	0.373918333	0.398426801	0.349409865
2328	0.373083	0.397638696	0.348527304
2329	0.3722802	0.396877659	0.347682741
2330	0.372305333	0.397025251	0.347585416
2331	0.3723722	0.397273779	0.347470621
2332	0.372149933	0.397033861	0.347266005
2333	0.3719194	0.396721017	0.347117783
2334	0.371321333	0.396090471	0.346552196
2335	0.3706534	0.395417508	0.345889292
2336	0.370371133	0.395196156	0.345546111
2337	0.370068867	0.394966325	0.345171408
2338	0.3703496	0.395293186	0.345406014
2339	0.370818933	0.395863103	0.345774763
2340	0.370952	0.396085304	0.345818696
2341	0.371101	0.396401549	0.345800451
2342	0.370784267	0.396039805	0.345528728
2343	0.3704186	0.395529892	0.345307308
2344	0.3699832	0.395022768	0.344943632
2345	0.368975333	0.393770507	0.34418016
2346	0.3683786	0.393164903	0.343592297
2347	0.368754533	0.393757176	0.343751891
2348	0.368681333	0.393628332	0.343734335
2349	0.368277	0.393282274	0.343271726
2350	0.368268133	0.393360486	0.34317578
2351	0.368160267	0.393209695	0.343110838
2352	0.368220733	0.393359502	0.343081965
2353	0.368738467	0.394022004	0.34345493
2354	0.3689232	0.394395943	0.343450457
2355	0.3684246	0.393937018	0.342912182
2356	0.3683548	0.393832609	0.342876991
2357	0.3686778	0.393964831	0.343390769
2358	0.368422867	0.393608268	0.343237465
2359	0.368109733	0.393630917	0.34258855
2360	0.368064133	0.393846515	0.342281751
2361	0.367211867	0.392819171	0.341604563
2362	0.366344933	0.391772356	0.340917511
2363	0.3668402	0.392275557	0.341404843
2364	0.3674198	0.392914206	0.341925394
2365	0.366598	0.39206049	0.34113551
2366	0.365471667	0.390909131	0.340034202
2367	0.365404133	0.390859386	0.339948881
2368	0.365765267	0.391263134	0.340267399
2369	0.365607667	0.391227694	0.339987639
2370	0.3650014	0.390779322	0.339223478
2371	0.364421533	0.390323626	0.338519441
2372	0.364209333	0.390253331	0.338165336
2373	0.364056533	0.389974303	0.338138763
2374	0.363685667	0.389554103	0.337817231
2375	0.364200733	0.390292441	0.338109025
2376	0.365144467	0.391363795	0.338925139
2377	0.365129467	0.391251222	0.339007711
2378	0.364712	0.390889018	0.338534982
2379	0.364572667	0.39091291	0.338232423
2380	0.3645892	0.390952516	0.338225884
2381	0.364799867	0.390891074	0.338708659
2382	0.3646448	0.390434853	0.338854747
2383	0.363237133	0.389113051	0.337361216
2384	0.361971867	0.388151838	0.335791895
2385	0.3606684	0.386891352	0.334445448
2386	0.358794333	0.384687599	0.332901067
2387	0.3580696	0.383709899	0.332429301
2388	0.357811533	0.383570825	0.332052242
2389	0.357689	0.383636326	0.331741674
2390	0.358856467	0.385112313	0.33260062
2391	0.360475867	0.386914632	0.334037101
2392	0.361478867	0.387785722	0.335172012
2393	0.362598933	0.388960388	0.336237479
2394	0.364086533	0.390611458	0.337561609
2395	0.364451067	0.391286526	0.337615607
2396	0.362132867	0.38922806	0.335037674
2397	0.360156867	0.387051908	0.333261825
2398	0.359791	0.38593597	0.33364603
2399	0.35919	0.384686307	0.333693693
2400	0.3600488	0.385657403	0.334440197
2401	0.361214733	0.387133948	0.335295519
2402	0.361555867	0.387451071	0.335660662
2403	0.361412867	0.387176919	0.335648814
2404	0.360727733	0.386033403	0.335422063
2405	0.3606294	0.385780203	0.335478597
2406	0.361567733	0.387480345	0.335655122
2407	0.362392067	0.389118526	0.335665608
2408	0.362238533	0.389506691	0.334970376
2409	0.361399733	0.389216765	0.333582701
2410	0.358928867	0.386759709	0.331098025
2411	0.356807333	0.384502485	0.329112182
2412	0.355212933	0.382387917	0.328037949
2413	0.352654133	0.379298409	0.326009857
2414	0.350754733	0.377056781	0.324452686
2415	0.350242867	0.376346375	0.324139358
2416	0.3511096	0.377271922	0.324947278
2417	0.351794267	0.37829717	0.325291363
2418	0.3504178	0.377532421	0.323303179
2419	0.348340133	0.376036838	0.320643429
2420	0.349342733	0.3768352	0.321850266
2421	0.3513274	0.378530037	0.324124763
2422	0.35124	0.378593209	0.323886791
2423	0.350535733	0.378138037	0.322933429
2424	0.351046333	0.378214459	0.323878207
2425	0.352809667	0.379719927	0.325899407
2426	0.3518762	0.378785634	0.324966766
2427	0.349611533	0.376464171	0.322758896
2428	0.348542733	0.374966595	0.322118871
2429	0.347007267	0.372883814	0.321130719
2430	0.345294133	0.370571926	0.320016341
2431	0.344725867	0.369743645	0.319708089
2432	0.344983133	0.370256294	0.319709973
2433	0.3442642	0.369467535	0.319060865
2434	0.346065667	0.371655038	0.320476296
2435	0.3490546	0.375419061	0.322690139
2436	0.3499306	0.376849194	0.323012006
2437	0.349244133	0.376732709	0.321755558
2438	0.3457256	0.373502247	0.317948953
2439	0.342490533	0.370401098	0.314579969
2440	0.340642067	0.36846667	0.312817463
2441	0.339705267	0.367056406	0.312354128
2442	0.339715933	0.366217997	0.31321387
2443	0.338982	0.364025696	0.313938304
2444	0.3376628	0.361657198	0.313668402
2445	0.337311133	0.361737484	0.312884783
2446	0.336086067	0.361425581	0.310746553
2447	0.334551533	0.360979135	0.308123932
2448	0.3342624	0.361405761	0.307119039
2449	0.331482933	0.357875068	0.305090799
2450	0.330612867	0.356927408	0.304298325
2451	0.3337202	0.360407245	0.307033155
2452	0.334702933	0.36135014	0.308055727
2453	0.333334533	0.359711525	0.306957542
2454	0.3315016	0.357774617	0.305228583
2455	0.329648533	0.35520199	0.304095077
2456	0.3281014	0.353623298	0.302579502
2457	0.328012	0.354638326	0.301385674
2458	0.3288884	0.356178413	0.301598387
2459	0.3304658	0.357200164	0.303731436
2460	0.330993	0.357468926	0.304517074
2461	0.329939933	0.356590621	0.303289246
2462	0.329390867	0.356736057	0.302045676
2463	0.332109467	0.361173435	0.303045499
2464	0.335247533	0.365536018	0.304959048
2465	0.332612267	0.361047172	0.304177361
2466	0.329778467	0.357281276	0.302275658
2467	0.331026533	0.358768342	0.303284725
2468	0.332202133	0.360442665	0.303961601
2469	0.330915133	0.359557513	0.302272754
2470	0.329933933	0.358841118	0.301026749
2471	0.328958733	0.358057437	0.29986003
2472	0.3277152	0.357956668	0.297473732
2473	0.330639267	0.36199023	0.299288304
2474	0.331017267	0.36384187	0.298192664
2475	0.321732	0.353854811	0.289609189
2476	0.3146984	0.345542713	0.283854087
2477	0.313486733	0.34226355	0.284709916
2478	0.312715133	0.341904485	0.283525782
2479	0.3127352	0.342206845	0.283263555
2480	0.314076	0.344309476	0.283842524
2481	0.308168333	0.34132959	0.275007076
2482	0.292915667	0.329730524	0.256100809
2483	0.2880704	0.322802277	0.253338523
2484	0.2924834	0.327473268	0.257493532
2485	0.294287867	0.332090821	0.256484913
2486	0.288985267	0.332811237	0.245159296
2487	0.277717067	0.317885659	0.237548474
2488	0.274267467	0.315456644	0.233078289
2489	0.264983333	0.304216294	0.225750372
2490	0.248136467	0.287369237	0.208903697
2491	0.246121533	0.282370745	0.209872322
2492	0.2517488	0.287242177	0.216255423
2493	0.272058533	0.307507869	0.236609198
2494	0.299239933	0.343573278	0.254906588
2495	0.330153733	0.376771456	0.283536011
2496	0.3615026	0.417701281	0.305303919
2497	0.361279133	0.420671354	0.301886913
2498	0.348841667	0.412938515	0.284744818
2499	0.333939867	0.391996548	0.275883185
2500	0.317546	0.369550475	0.265541525
