Wavelength	Mean	Std+	Std-
350	0.0151807	0.019107605	0.011253795
351	0.015323333	0.019273762	0.011372905
352	0.015248	0.019233041	0.011262959
353	0.0150817	0.0190341	0.0111293
354	0.0151577	0.019099996	0.011215404
355	0.015457733	0.019413308	0.011502159
356	0.015392333	0.019330107	0.01145456
357	0.0153986	0.01933605	0.01146115
358	0.0154233	0.019361145	0.011485455
359	0.0153589	0.019259735	0.011458065
360	0.015476467	0.019411238	0.011541695
361	0.0155185	0.019491439	0.011545561
362	0.015306967	0.019286095	0.011327838
363	0.015255533	0.01926234	0.011248727
364	0.015313133	0.019330565	0.011295702
365	0.015466333	0.01947496	0.011457707
366	0.015542733	0.019563997	0.01152147
367	0.015442967	0.019476349	0.011409584
368	0.015311767	0.01935162	0.011271913
369	0.015538967	0.019550333	0.0115276
370	0.015601633	0.019629699	0.011573568
371	0.015576067	0.019611981	0.011540152
372	0.015478867	0.019471253	0.01148648
373	0.015582233	0.019561277	0.01160319
374	0.015588467	0.019598165	0.011578768
375	0.015450267	0.019547636	0.011352897
376	0.015554833	0.019614436	0.011495231
377	0.015615467	0.019681635	0.011549298
378	0.0156472	0.019745172	0.011549228
379	0.015687533	0.019798846	0.01157622
380	0.0157402	0.019844608	0.011635792
381	0.015759333	0.019858057	0.011660609
382	0.0156905	0.01979398	0.01158702
383	0.015606233	0.019705	0.011507466
384	0.015575933	0.019682372	0.011469494
385	0.0156159	0.019750339	0.011481461
386	0.015679133	0.019841265	0.011517002
387	0.015821367	0.020011681	0.011631052
388	0.015950867	0.020171667	0.011730066
389	0.015668167	0.019915218	0.011421115
390	0.0157665	0.020025354	0.011507646
391	0.0159919	0.020244297	0.011739503
392	0.016167967	0.020401118	0.011934815
393	0.015895133	0.020156097	0.01163417
394	0.0158354	0.020126385	0.011544415
395	0.016131967	0.020438209	0.011825724
396	0.016283433	0.020631159	0.011935708
397	0.0162897	0.020669053	0.011910347
398	0.0162253	0.020630414	0.011820186
399	0.016304567	0.020736459	0.011872675
400	0.016341167	0.020797777	0.011884556
401	0.0163984	0.02087481	0.01192199
402	0.016554967	0.021042992	0.012066941
403	0.0166634	0.021160837	0.012165963
404	0.016752633	0.021256965	0.012248302
405	0.016831367	0.021341089	0.012321644
406	0.016977133	0.021500613	0.012453654
407	0.017104533	0.021659115	0.012549952
408	0.0172311	0.021830116	0.012632084
409	0.0174779	0.022122565	0.012833235
410	0.017704067	0.022398627	0.013009506
411	0.017904467	0.022652868	0.013156066
412	0.018064967	0.022874266	0.013255667
413	0.018318933	0.023178514	0.013459353
414	0.0185779	0.023489455	0.013666345
415	0.0188191	0.023788774	0.013849426
416	0.019141	0.024177474	0.014104526
417	0.019440667	0.024544374	0.01433696
418	0.019721533	0.024893582	0.014549485
419	0.0200464	0.025302431	0.014790369
420	0.020406933	0.025744856	0.015069011
421	0.020768733	0.026188196	0.01534927
422	0.021081167	0.026585728	0.015576605
423	0.021384367	0.026977008	0.015791725
424	0.021713833	0.027391412	0.016036255
425	0.0220949	0.02785123	0.01633857
426	0.022443567	0.028279883	0.016607251
427	0.022817033	0.028739648	0.016894419
428	0.023211167	0.029227388	0.017194945
429	0.0235113	0.029633622	0.017388978
430	0.0238739	0.030101726	0.017646074
431	0.024266267	0.030600456	0.017932077
432	0.024650667	0.031095671	0.018205663
433	0.024995033	0.031556572	0.018433495
434	0.025338167	0.032007228	0.018669105
435	0.025703633	0.032463389	0.018943878
436	0.025999933	0.032834203	0.019165664
437	0.026291733	0.033199979	0.019383487
438	0.026590433	0.033574573	0.019606294
439	0.0269454	0.034017535	0.019873265
440	0.027233367	0.034390959	0.020075774
441	0.027485367	0.034727327	0.020243406
442	0.0277597	0.035088662	0.020430738
443	0.028050633	0.035470243	0.020631024
444	0.028335867	0.035840873	0.02083086
445	0.0286007	0.036178286	0.021023114
446	0.028885367	0.036533834	0.021236899
447	0.029142167	0.03686645	0.021417883
448	0.029367867	0.037173451	0.021562282
449	0.0296074	0.03749152	0.02172328
450	0.029857067	0.037817363	0.02189677
451	0.030110733	0.038144022	0.022077445
452	0.0303515	0.038450346	0.022252654
453	0.0305816	0.038749348	0.022413852
454	0.030798167	0.039037285	0.022559048
455	0.030993033	0.039305655	0.022680411
456	0.031240133	0.03963685	0.022843417
457	0.0314678	0.039942001	0.022993599
458	0.031660533	0.040201919	0.023119147
459	0.0318613	0.040475782	0.023246818
460	0.032077667	0.040762741	0.023392592
461	0.0322974	0.041051916	0.023542884
462	0.032473733	0.041297257	0.02365021
463	0.0326711	0.041561558	0.023780642
464	0.032876833	0.041836249	0.023917418
465	0.033082333	0.042115389	0.024049277
466	0.033237433	0.042330488	0.024144379
467	0.033429767	0.04258421	0.024275323
468	0.033682467	0.042903202	0.024461731
469	0.033894833	0.043188777	0.02460089
470	0.034085567	0.043449932	0.024721202
471	0.0342577	0.043691026	0.024824374
472	0.034419267	0.043925724	0.02491281
473	0.034590833	0.04415514	0.025026526
474	0.034764433	0.044385473	0.025143394
475	0.034933367	0.044625216	0.025241517
476	0.0351104	0.044867208	0.025353592
477	0.0352951	0.045112975	0.025477225
478	0.0354891	0.045364509	0.025613691
479	0.0356536	0.045586844	0.025720356
480	0.035843133	0.045837169	0.025849097
481	0.036046267	0.046101402	0.025991131
482	0.0361972	0.046301944	0.026092456
483	0.036351367	0.046507024	0.026195709
484	0.0365296	0.046738643	0.026320557
485	0.036768633	0.047036097	0.026501169
486	0.036972667	0.047307662	0.026637671
487	0.037176633	0.04758142	0.026771847
488	0.037390367	0.047864551	0.026916182
489	0.037532833	0.048084307	0.02698136
490	0.037728667	0.0483551	0.027102233
491	0.037959967	0.048657174	0.027262759
492	0.0381207	0.048872336	0.027369064
493	0.038330967	0.049149612	0.027512321
494	0.038558667	0.049448743	0.02766859
495	0.0387681	0.049723933	0.027812267
496	0.0390198	0.050046467	0.027993133
497	0.0392627	0.050358758	0.028166642
498	0.039478133	0.050639894	0.028316372
499	0.039705967	0.050940826	0.028471108
500	0.0399442	0.051252584	0.028635816
501	0.040192933	0.051576066	0.028809801
502	0.0404609	0.051929068	0.028992732
503	0.040702933	0.052253169	0.029152698
504	0.040942133	0.052573933	0.029310334
505	0.0412213	0.052939634	0.029502966
506	0.0415025	0.053304298	0.029700702
507	0.041781833	0.053666913	0.029896753
508	0.0420593	0.054028686	0.030089914
509	0.042364167	0.05441337	0.030314963
510	0.042675133	0.054809079	0.030541187
511	0.0429909	0.055214712	0.030767088
512	0.0433059	0.055617417	0.030994383
513	0.0436109	0.056006141	0.031215659
514	0.043920933	0.056401872	0.031439995
515	0.044263333	0.056844342	0.031682325
516	0.044597333	0.057274435	0.031920232
517	0.044942533	0.057719456	0.032165611
518	0.0453097	0.058195306	0.032424094
519	0.045688033	0.05868852	0.032687546
520	0.0460596	0.059174425	0.032944775
521	0.0464219	0.059649191	0.033194609
522	0.046833233	0.060170551	0.033495916
523	0.047218367	0.060660681	0.033776053
524	0.0476069	0.061153719	0.034060081
525	0.048065033	0.061727065	0.034403002
526	0.0485148	0.062296288	0.034733312
527	0.048943633	0.062847699	0.035039568
528	0.0493415	0.063372255	0.035310745
529	0.0497773	0.063940769	0.035613831
530	0.050219967	0.064510751	0.035929182
531	0.050664633	0.065075516	0.036253751
532	0.051108267	0.065643672	0.036572861
533	0.0515647	0.066227511	0.036901889
534	0.052022467	0.066814771	0.037230162
535	0.052441133	0.067362886	0.037519381
536	0.0529396	0.067998817	0.037880383
537	0.053443833	0.068641555	0.038246111
538	0.053903733	0.069237413	0.038570054
539	0.054391233	0.069861098	0.038921369
540	0.054891067	0.070500583	0.03928155
541	0.0553967	0.071149769	0.039643631
542	0.055852033	0.071756208	0.039947859
543	0.056352367	0.0724061	0.040298633
544	0.056876167	0.073077565	0.040674768
545	0.057367567	0.07371733	0.041017804
546	0.057882767	0.074379159	0.041386374
547	0.0584065	0.075050806	0.041762194
548	0.058930533	0.075727172	0.042133894
549	0.05945	0.076396758	0.042503242
550	0.059986967	0.077089188	0.042884745
551	0.0605479	0.077812801	0.043282999
552	0.0610805	0.078493053	0.043667947
553	0.061621667	0.079188876	0.044054457
554	0.062171633	0.079898028	0.044445239
555	0.062729	0.080609495	0.044848505
556	0.063281833	0.081311561	0.045252106
557	0.063832967	0.082013246	0.045652687
558	0.064378233	0.082715565	0.046040902
559	0.064936033	0.083427312	0.046444755
560	0.0655022	0.084155759	0.046848641
561	0.066074467	0.084902114	0.047246819
562	0.066637167	0.085617993	0.047656341
563	0.067204333	0.086341209	0.048067458
564	0.067778033	0.087075125	0.048480942
565	0.0683592	0.087823074	0.048895326
566	0.068944133	0.088572903	0.049315364
567	0.069529233	0.089320958	0.049737509
568	0.070104433	0.090053101	0.050155765
569	0.070683267	0.090788691	0.050577842
570	0.0712767	0.09154277	0.05101063
571	0.071890033	0.092322522	0.051457544
572	0.072485833	0.09308756	0.051884107
573	0.073094233	0.093860272	0.052328195
574	0.073714	0.094639638	0.052788362
575	0.074324667	0.095407701	0.053241632
576	0.074952133	0.09620332	0.053700946
577	0.075590967	0.097015035	0.054166898
578	0.0762284	0.097819364	0.054637436
579	0.0768803	0.09863234	0.05512826
580	0.077531233	0.099443733	0.055618734
581	0.078172833	0.100246797	0.056098869
582	0.078843	0.101092084	0.056593916
583	0.079516067	0.101934877	0.057097256
584	0.0801954	0.102778839	0.057611961
585	0.0808905	0.103636395	0.058144605
586	0.081579767	0.104488779	0.058670755
587	0.0822799	0.105357718	0.059202082
588	0.083004333	0.106262953	0.059745713
589	0.0837198	0.107153888	0.060285712
590	0.0844599	0.108080781	0.060839019
591	0.085236067	0.109063245	0.061408888
592	0.0859712	0.109972074	0.061970326
593	0.086721033	0.110891592	0.062550475
594	0.087493733	0.111834974	0.063152493
595	0.088253567	0.112789196	0.063717937
596	0.0890308	0.113749572	0.064312028
597	0.089827967	0.114725222	0.064930711
598	0.090657633	0.115739577	0.065575689
599	0.091443567	0.116713902	0.066173231
600	0.0922461	0.117710924	0.066781276
601	0.093099967	0.118766757	0.067433176
602	0.093924167	0.119782243	0.06806609
603	0.094758533	0.120811053	0.068706014
604	0.0956071	0.121858312	0.069355888
605	0.096445767	0.122882032	0.070009501
606	0.097319433	0.123947965	0.070690902
607	0.098213467	0.125037526	0.071389407
608	0.099065267	0.126072462	0.072058071
609	0.099967367	0.127178299	0.072756434
610	0.1008827	0.128297464	0.073467936
611	0.101772633	0.129371684	0.074173583
612	0.1026551	0.130446403	0.074863797
613	0.103562433	0.131547904	0.075576963
614	0.104502233	0.132683391	0.076321076
615	0.105434967	0.133825519	0.077044414
616	0.106389	0.134986036	0.077791964
617	0.1073503	0.136150182	0.078550418
618	0.108274933	0.137268187	0.07928168
619	0.109217167	0.138401206	0.080033127
620	0.110172967	0.13955362	0.080792314
621	0.111142333	0.140733938	0.081550729
622	0.112080533	0.141862514	0.082298553
623	0.1130453	0.143020094	0.083070506
624	0.1140441	0.144218427	0.083869773
625	0.115000033	0.145369542	0.084630524
626	0.115967367	0.146524281	0.085410452
627	0.1169502	0.1476891	0.0862113
628	0.1180015	0.148929213	0.087073787
629	0.118997433	0.150103458	0.087891408
630	0.119962533	0.151243824	0.088681242
631	0.120912433	0.152372486	0.08945238
632	0.121877867	0.153511639	0.090244095
633	0.1228742	0.15469078	0.09105762
634	0.1239082	0.155920334	0.091896066
635	0.124936033	0.157124075	0.092747992
636	0.125984967	0.158360097	0.093609837
637	0.127042433	0.159609718	0.094475148
638	0.128054133	0.160789372	0.095318895
639	0.129066033	0.161975393	0.096156674
640	0.1300896	0.163180224	0.096998976
641	0.131145133	0.164429375	0.097860891
642	0.132220833	0.165706414	0.098735253
643	0.133289533	0.166977817	0.09960125
644	0.1343518	0.168243963	0.100459637
645	0.135426133	0.1695179	0.101334367
646	0.13651	0.170804077	0.102215923
647	0.137603567	0.172101188	0.103105946
648	0.1387044	0.17339612	0.10401268
649	0.139829667	0.17471353	0.104945803
650	0.1409702	0.176049258	0.105891142
651	0.142140067	0.177427834	0.106852299
652	0.143282967	0.178754334	0.107811599
653	0.144408733	0.180059278	0.108758188
654	0.145537733	0.181372815	0.109702652
655	0.1466911	0.182703916	0.110678284
656	0.1479406	0.184150462	0.111730738
657	0.1492289	0.185649801	0.112807999
658	0.1505334	0.187195065	0.113871735
659	0.1518115	0.188686853	0.114936147
660	0.153085033	0.190164363	0.116005704
661	0.1543848	0.19167795	0.11709165
662	0.155654933	0.193155827	0.11815404
663	0.1569222	0.194631166	0.119213234
664	0.158194167	0.196113307	0.120275026
665	0.159486567	0.197615726	0.121357407
666	0.160777933	0.199118473	0.122437394
667	0.1620698	0.20062319	0.12351641
668	0.1633621	0.202122333	0.124601867
669	0.164663633	0.203632153	0.125695113
670	0.165974433	0.205149618	0.126799248
671	0.167289967	0.206661378	0.127918555
672	0.168609367	0.208193201	0.129025532
673	0.169942167	0.209740539	0.130143795
674	0.171302767	0.211312086	0.131293447
675	0.1726496	0.212858404	0.132440796
676	0.1740053	0.214416821	0.133593779
677	0.1753733	0.21599148	0.13475512
678	0.176765433	0.21758886	0.135942006
679	0.1781809	0.219213224	0.137148576
680	0.1796019	0.220842565	0.138361235
681	0.180990867	0.222428778	0.139552955
682	0.182420767	0.224061001	0.140780532
683	0.183839333	0.225677139	0.142001528
684	0.185229467	0.227253779	0.143205155
685	0.186590767	0.228791507	0.144390026
686	0.1880493	0.230434606	0.145663994
687	0.189590567	0.23216803	0.147013104
688	0.1912515	0.234064216	0.148438784
689	0.192934233	0.23597912	0.149889347
690	0.194613233	0.237886941	0.151339525
691	0.1963103	0.239818075	0.152802525
692	0.198083833	0.241834033	0.154333633
693	0.199878233	0.243867041	0.155889425
694	0.201647333	0.245858349	0.157436317
695	0.2034399	0.247885185	0.158994615
696	0.2052342	0.249917723	0.160550677
697	0.2070551	0.251982781	0.162127419
698	0.208888833	0.254056308	0.163721359
699	0.210717633	0.256127933	0.165307334
700	0.212555467	0.258215635	0.166895299
701	0.214440633	0.260372565	0.168508701
702	0.2163166	0.262517671	0.170115529
703	0.2181927	0.264662493	0.171722907
704	0.220114833	0.266859308	0.173370359
705	0.222025333	0.26903167	0.175018997
706	0.223918733	0.271196769	0.176640698
707	0.225792633	0.273357636	0.17822763
708	0.227715133	0.275572542	0.179857724
709	0.229647667	0.277790627	0.181504707
710	0.231581233	0.280008663	0.183153804
711	0.233486	0.282221351	0.184750649
712	0.2353872	0.284413431	0.186360969
713	0.2372948	0.286615006	0.187974594
714	0.239242533	0.288885622	0.189599445
715	0.2411095	0.291073958	0.191145042
716	0.2430158	0.293316807	0.192714793
717	0.244970633	0.295626386	0.19431488
718	0.246911467	0.297876035	0.195946898
719	0.2489527	0.300234016	0.197671384
720	0.250933233	0.302518529	0.199347938
721	0.252917967	0.304821024	0.20101491
722	0.2548932	0.30711866	0.20266774
723	0.2569351	0.309504675	0.204365525
724	0.2589059	0.311828807	0.205982993
725	0.2608618	0.314103739	0.207619861
726	0.262805133	0.316360643	0.209249624
727	0.264761433	0.318636744	0.210886123
728	0.266713	0.320905417	0.212520583
729	0.268669067	0.32318696	0.214151174
730	0.270601733	0.325445304	0.215758163
731	0.272529267	0.327680504	0.21737803
732	0.274413467	0.329864109	0.218962824
733	0.276261533	0.332004999	0.220518068
734	0.278128933	0.334166652	0.222091215
735	0.279946333	0.336274198	0.223618469
736	0.281735167	0.338352366	0.225117968
737	0.2834971	0.340403071	0.226591129
738	0.285265367	0.342440549	0.228090184
739	0.287029067	0.344482518	0.229575616
740	0.2887821	0.346522559	0.231041641
741	0.2905259	0.348558144	0.232493656
742	0.2922663	0.350583922	0.233948678
743	0.293984233	0.35258083	0.235387637
744	0.295653167	0.354521194	0.236785139
745	0.297330133	0.356463612	0.238196655
746	0.298982267	0.358377168	0.239587365
747	0.300599767	0.360253594	0.240945939
748	0.3022044	0.36211711	0.24229169
749	0.303790167	0.363959096	0.243621238
750	0.305352333	0.365773606	0.24493106
751	0.306926733	0.367601673	0.246251793
752	0.308497567	0.369435591	0.247559543
753	0.310055933	0.371259104	0.248852763
754	0.3115874	0.373045751	0.250129049
755	0.313124	0.374845885	0.251402115
756	0.3145516	0.376501322	0.252601878
757	0.315851533	0.377966273	0.253736793
758	0.3158834	0.377880328	0.253886472
759	0.316045067	0.377944117	0.254146017
760	0.316776367	0.378748288	0.254804445
761	0.3189883	0.381425533	0.256551067
762	0.320924333	0.383742052	0.258106615
763	0.322897033	0.386076267	0.2597178
764	0.325028533	0.388562328	0.261494738
765	0.3270556	0.390933378	0.263177822
766	0.328837833	0.393021839	0.264653828
767	0.3304693	0.394937026	0.266001574
768	0.3320048	0.396702673	0.267306927
769	0.333475567	0.398392665	0.268558469
770	0.3349032	0.400035447	0.269770953
771	0.336285233	0.401619567	0.270950899
772	0.337685833	0.403229924	0.272141742
773	0.339099	0.404862415	0.273335585
774	0.3404909	0.406489973	0.274491827
775	0.341812533	0.408018586	0.275606481
776	0.343120733	0.40952445	0.276717016
777	0.344458067	0.411061757	0.277854376
778	0.3457757	0.412565763	0.278985637
779	0.347109167	0.414087999	0.280130335
780	0.348462267	0.415635439	0.281289094
781	0.3497837	0.41718074	0.28238666
782	0.3510844	0.41867384	0.28349496
783	0.352378267	0.420146308	0.284610225
784	0.353676633	0.421661476	0.285691791
785	0.3549449	0.423132865	0.286756935
786	0.3562176	0.424600399	0.287834801
787	0.357512933	0.426079402	0.288946465
788	0.358817	0.427582391	0.290051609
789	0.360111533	0.429069258	0.291153809
790	0.361385033	0.430522537	0.29224753
791	0.3625585	0.431848196	0.293268804
792	0.363729467	0.433179405	0.294279528
793	0.3649144	0.434536445	0.295292355
794	0.366220833	0.436052543	0.296389124
795	0.367468533	0.437469663	0.297467403
796	0.3686887	0.438856097	0.298521303
797	0.369896533	0.440264	0.299529066
798	0.371059933	0.441596561	0.300523306
799	0.372223867	0.442918895	0.301528838
800	0.373381267	0.444224457	0.302538077
801	0.3745492	0.44554791	0.30355049
802	0.375724	0.446881104	0.304566896
803	0.376896667	0.448214423	0.305578911
804	0.377987867	0.449462005	0.306513729
805	0.3790657	0.450681505	0.307449895
806	0.380143467	0.451891691	0.308395242
807	0.381246467	0.453121044	0.309371889
808	0.3823255	0.454341424	0.310309576
809	0.3833957	0.455563411	0.311227989
810	0.384451633	0.456781572	0.312121695
811	0.385486	0.457947976	0.313024024
812	0.386526733	0.459124843	0.313928624
813	0.387580567	0.460317775	0.314843358
814	0.3884822	0.461319107	0.315645293
815	0.389468333	0.462399156	0.316537511
816	0.390496	0.463523548	0.317468452
817	0.391509167	0.464650804	0.318367529
818	0.3925738	0.465877346	0.319270254
819	0.3935898	0.467042322	0.320137278
820	0.394540467	0.468108155	0.320972778
821	0.395565133	0.469244342	0.321885924
822	0.396655433	0.470475197	0.32283567
823	0.397714633	0.471689237	0.32374003
824	0.39876	0.472866037	0.324653963
825	0.399742333	0.473967472	0.325517195
826	0.4007198	0.475058306	0.326381294
827	0.4016694	0.476108244	0.327230556
828	0.402642167	0.477205239	0.328079094
829	0.403631	0.478327949	0.328934051
830	0.404639233	0.479475847	0.32980262
831	0.405634667	0.480634443	0.33063489
832	0.406638067	0.481784576	0.331491557
833	0.4076354	0.482908458	0.332362342
834	0.408591133	0.483992905	0.333189361
835	0.409552967	0.485088475	0.334017458
836	0.410495233	0.486151596	0.334838871
837	0.411342633	0.487058529	0.335626738
838	0.412191567	0.487979282	0.336403851
839	0.4130724	0.488954765	0.337190035
840	0.414013067	0.490026557	0.337999576
841	0.4147696	0.490845974	0.338693226
842	0.415577167	0.491726483	0.33942785
843	0.4164511	0.492689039	0.340213161
844	0.417248967	0.493559391	0.340938542
845	0.418106967	0.494502584	0.341711349
846	0.418968567	0.495453078	0.342484055
847	0.419679967	0.496235402	0.343124531
848	0.420451633	0.497099995	0.343803272
849	0.421255867	0.497997506	0.344514227
850	0.4220568	0.498873513	0.345240087
851	0.4227541	0.499648744	0.345859456
852	0.4234784	0.500446665	0.346510135
853	0.4242686	0.501308205	0.347228995
854	0.425155533	0.502313569	0.347997498
855	0.426001067	0.503278873	0.348723261
856	0.426798533	0.504186995	0.349410071
857	0.427637233	0.505107678	0.350166789
858	0.4283697	0.50590365	0.35083575
859	0.429081933	0.506674618	0.351489249
860	0.429816267	0.507470682	0.352161851
861	0.430582533	0.508334962	0.352830104
862	0.4312766	0.509099576	0.353453624
863	0.431883467	0.50973702	0.354029914
864	0.432528667	0.510440092	0.354617241
865	0.4332586	0.511232701	0.355284499
866	0.434035467	0.512075394	0.35599554
867	0.434718233	0.512819294	0.356617172
868	0.435440633	0.513638855	0.357242412
869	0.436173933	0.514483846	0.357864021
870	0.436925067	0.515353527	0.358496606
871	0.437612433	0.516109318	0.359115549
872	0.438274	0.516826266	0.359721734
873	0.4389139	0.517514671	0.360313129
874	0.4396106	0.518296167	0.360925033
875	0.4403033	0.519074909	0.361531691
876	0.440992033	0.519846259	0.362137807
877	0.4416786	0.520587703	0.362769497
878	0.442315733	0.521295276	0.363336191
879	0.442963767	0.522014957	0.363912576
880	0.443684167	0.522791173	0.36457716
881	0.444353967	0.523507782	0.365200151
882	0.445009667	0.524209552	0.365809781
883	0.445655567	0.524902923	0.36640821
884	0.4462313	0.525559883	0.366902717
885	0.4468009	0.526205111	0.367396689
886	0.447378533	0.526852105	0.367904961
887	0.448034567	0.527569577	0.368499556
888	0.448647667	0.528245873	0.36904946
889	0.449225833	0.528891543	0.369560124
890	0.4497575	0.529500739	0.370014261
891	0.4503199	0.530099255	0.370540545
892	0.4508678	0.530690569	0.371045031
893	0.4513826	0.531274691	0.371490509
894	0.451916533	0.5318344	0.371998666
895	0.452392733	0.532348652	0.372436814
896	0.452833567	0.532839397	0.372827736
897	0.453463167	0.533496159	0.373430174
898	0.454038433	0.534110212	0.373966655
899	0.454580633	0.534695506	0.374465761
900	0.455091533	0.535241165	0.374941902
901	0.455724667	0.535936679	0.375512654
902	0.456293833	0.536570098	0.376017569
903	0.4567208	0.537054929	0.376386671
904	0.457187833	0.53759529	0.376780377
905	0.457641933	0.53807522	0.377208646
906	0.458095733	0.538518047	0.377673419
907	0.458587767	0.539089723	0.37808581
908	0.459160067	0.539705743	0.37861439
909	0.459752567	0.540333031	0.379172102
910	0.460220133	0.540877927	0.37956234
911	0.460644033	0.541311858	0.379976209
912	0.461104833	0.541789257	0.380420409
913	0.461652567	0.542399432	0.380905702
914	0.462111467	0.542880699	0.381342234
915	0.462625467	0.543419571	0.381831363
916	0.463195667	0.544027572	0.382363761
917	0.4637206	0.544686635	0.382754565
918	0.464154333	0.545194422	0.383114244
919	0.464543667	0.545623646	0.383463688
920	0.464963	0.546082299	0.383843701
921	0.4654958	0.546622478	0.384369122
922	0.465985267	0.547103352	0.384867182
923	0.4663246	0.547421515	0.385227685
924	0.4667845	0.547997331	0.385571669
925	0.4671972	0.548503409	0.385890991
926	0.4675491	0.548900883	0.386197317
927	0.467962867	0.549232218	0.386693515
928	0.468192433	0.549395162	0.386989704
929	0.4683284	0.549458635	0.387198165
930	0.4686115	0.549597305	0.387625695
931	0.468729433	0.549610089	0.387848777
932	0.4687235	0.54952806	0.38791894
933	0.468553333	0.549328869	0.387777797
934	0.468882133	0.549440489	0.388323778
935	0.4693925	0.549904566	0.388880434
936	0.469998167	0.550719067	0.389277266
937	0.4703961	0.550975906	0.389816294
938	0.4708685	0.551454491	0.390282509
939	0.471338233	0.552036241	0.390640226
940	0.4716332	0.552508798	0.390757602
941	0.472032367	0.553026473	0.391038261
942	0.472383533	0.55341125	0.391355816
943	0.472552533	0.553470315	0.391634752
944	0.4730811	0.553899907	0.392262293
945	0.473491167	0.55423267	0.392749663
946	0.4736778	0.554368697	0.392986903
947	0.473717667	0.554397525	0.393037808
948	0.473952433	0.554645862	0.393259005
949	0.474320733	0.555056217	0.39358525
950	0.474631033	0.555464452	0.393797615
951	0.4748117	0.555589001	0.394034399
952	0.4749535	0.555676235	0.394230765
953	0.475122667	0.555940042	0.394305292
954	0.475289033	0.556045737	0.394532329
955	0.475416333	0.556132433	0.394700234
956	0.475491467	0.55622711	0.394755823
957	0.4761396	0.55716502	0.39511418
958	0.476269667	0.5572142	0.395325133
959	0.476060067	0.556692932	0.395427202
960	0.476169133	0.556784336	0.395553931
961	0.4762461	0.556949636	0.395542564
962	0.476388533	0.55720119	0.395575877
963	0.476740867	0.557599101	0.395882632
964	0.4771809	0.557983479	0.396378321
965	0.4775002	0.558306773	0.396693627
966	0.477631967	0.558549935	0.396713998
967	0.477693033	0.55861116	0.396774907
968	0.477843333	0.558732233	0.396954433
969	0.478054333	0.558904926	0.397203741
970	0.478187867	0.559092489	0.397283244
971	0.478417433	0.559478947	0.39735592
972	0.4786259	0.559815356	0.397436444
973	0.4786415	0.559732381	0.397550619
974	0.478817367	0.559844969	0.397789765
975	0.479000167	0.560012112	0.397988222
976	0.479136367	0.560197442	0.398075292
977	0.4791767	0.56011702	0.39823638
978	0.479357867	0.56024921	0.398466523
979	0.479624133	0.56053792	0.398710346
980	0.479451667	0.560382606	0.398520727
981	0.479620533	0.56050585	0.398735216
982	0.479901367	0.560744782	0.399057951
983	0.479996733	0.560910498	0.399082969
984	0.480336533	0.561365505	0.399307561
985	0.4806688	0.561715015	0.399622585
986	0.480893433	0.561777416	0.400009451
987	0.481092733	0.562030681	0.400154786
988	0.481317667	0.562285828	0.400349506
989	0.4815714	0.562542014	0.400600786
990	0.4818372	0.562910393	0.400764007
991	0.482079	0.563176357	0.400981643
992	0.4823193	0.563412661	0.401225939
993	0.4825971	0.56374117	0.40145303
994	0.4830491	0.564196109	0.401902091
995	0.483423767	0.564598206	0.402249327
996	0.4835634	0.564834384	0.402292416
997	0.483905733	0.565171064	0.402640403
998	0.484178533	0.565373576	0.402983491
999	0.484375	0.565454768	0.403295232
1000	0.4847784	0.565970208	0.403586592
1001	0.488436867	0.570699794	0.40617394
1002	0.488966467	0.571243997	0.406688936
1003	0.489520533	0.571978941	0.407062126
1004	0.4900353	0.572610138	0.407460462
1005	0.490395733	0.572935727	0.40785574
1006	0.490770167	0.573221999	0.408318334
1007	0.491261967	0.573712891	0.408811043
1008	0.4917639	0.574295782	0.409232018
1009	0.492241767	0.57487835	0.409605184
1010	0.4927676	0.575524631	0.410010569
1011	0.4933555	0.576239261	0.410471739
1012	0.493908	0.576850829	0.410965171
1013	0.494399167	0.577367377	0.411430956
1014	0.494840633	0.577922016	0.41175925
1015	0.495396967	0.578713109	0.412080825
1016	0.496021933	0.579480667	0.4125632
1017	0.496288067	0.57960825	0.412967883
1018	0.4965825	0.579808562	0.413356438
1019	0.497218467	0.580504559	0.413932374
1020	0.4977307	0.581050295	0.414411105
1021	0.4980551	0.581377476	0.414732724
1022	0.498597567	0.582009915	0.415185218
1023	0.499265367	0.582807877	0.415722856
1024	0.499776233	0.583394091	0.416158375
1025	0.500244267	0.583937077	0.416551456
1026	0.5008507	0.584686102	0.417015298
1027	0.501414167	0.585360028	0.417468305
1028	0.501823633	0.585756155	0.417891112
1029	0.502288467	0.586160279	0.418416655
1030	0.502855533	0.586744769	0.418966297
1031	0.5034083	0.587445897	0.419370703
1032	0.503925033	0.588084491	0.419765576
1033	0.504409833	0.588605512	0.420214154
1034	0.504925967	0.589213326	0.420638608
1035	0.505447333	0.589840126	0.421054541
1036	0.5057724	0.590119841	0.421424959
1037	0.5060135	0.590276797	0.421750203
1038	0.5064078	0.590700456	0.422115144
1039	0.506881167	0.591241096	0.422521237
1040	0.5073032	0.591670385	0.422936015
1041	0.507736033	0.592122042	0.423350024
1042	0.508275433	0.592809661	0.423741206
1043	0.5087806	0.593481989	0.424079211
1044	0.509220033	0.593996491	0.424443575
1045	0.509666067	0.594475282	0.424856851
1046	0.510177567	0.595025509	0.425329624
1047	0.510766467	0.595748148	0.425784785
1048	0.511301433	0.596424661	0.426178205
1049	0.5117654	0.596940651	0.426590149
1050	0.512172333	0.597391325	0.426953341
1051	0.512454233	0.597663306	0.427245161
1052	0.512781067	0.597968294	0.427593839
1053	0.5132403	0.598462845	0.428017755
1054	0.513688567	0.598966105	0.428411028
1055	0.5139952	0.599311776	0.428678624
1056	0.5142478	0.59960146	0.42889414
1057	0.514530733	0.599901699	0.429159767
1058	0.514859	0.600201302	0.429516698
1059	0.5152879	0.600625804	0.429949996
1060	0.5158244	0.60129621	0.43035259
1061	0.5163339	0.601994701	0.430673099
1062	0.5166404	0.602356045	0.430924755
1063	0.516947833	0.602659493	0.431236173
1064	0.517352733	0.603018593	0.431686874
1065	0.517743933	0.603365853	0.432122014
1066	0.518136333	0.603853741	0.432418926
1067	0.518571767	0.604419679	0.432723854
1068	0.519048567	0.604979834	0.433117299
1069	0.519459767	0.605426857	0.433492676
1070	0.519776367	0.605717813	0.43383492
1071	0.520099133	0.606017069	0.434181198
1072	0.520392233	0.606346038	0.434438429
1073	0.5206793	0.60670492	0.43465368
1074	0.521088367	0.607188514	0.434988219
1075	0.5214489	0.607581805	0.435315995
1076	0.5216852	0.607838176	0.435532224
1077	0.521995533	0.60816659	0.435824477
1078	0.5223876	0.608582503	0.436192697
1079	0.522798	0.609081344	0.436514656
1080	0.523230433	0.609603105	0.436857762
1081	0.523679733	0.610068101	0.437291365
1082	0.524001467	0.610368217	0.437634716
1083	0.5241143	0.610521659	0.437706941
1084	0.524334933	0.610833073	0.437836794
1085	0.524731633	0.61128562	0.438177647
1086	0.525089633	0.611665917	0.43851335
1087	0.525338	0.611931814	0.438744186
1088	0.5255908	0.612206221	0.438975379
1089	0.525944767	0.612507534	0.439381999
1090	0.526360667	0.612880477	0.439840857
1091	0.526747433	0.613355786	0.44013908
1092	0.5270457	0.613732161	0.440359239
1093	0.527284833	0.614005096	0.440564571
1094	0.527530067	0.614278861	0.440781273
1095	0.527878	0.614657464	0.441098536
1096	0.5282113	0.614990348	0.441432252
1097	0.5284324	0.615211119	0.441653681
1098	0.528706767	0.615545976	0.441867558
1099	0.5289708	0.615836181	0.442105419
1100	0.529104267	0.615887253	0.44232128
1101	0.529279733	0.615989803	0.442569664
1102	0.529533867	0.616189152	0.442878582
1103	0.529790433	0.616404068	0.443176799
1104	0.5301193	0.616839199	0.443399401
1105	0.530469867	0.617319417	0.443620316
1106	0.530614867	0.617425373	0.44380436
1107	0.530721167	0.617435224	0.444007109
1108	0.530852033	0.617560219	0.444143848
1109	0.5309947	0.617764963	0.444224437
1110	0.531324667	0.618189823	0.44445951
1111	0.531808967	0.618789929	0.444828004
1112	0.532085733	0.619070923	0.445100544
1113	0.532054933	0.618880545	0.445229322
1114	0.532168533	0.618908102	0.445428965
1115	0.5327469	0.619622537	0.445871263
1116	0.533276133	0.620284451	0.446267816
1117	0.533233533	0.620235042	0.446232025
1118	0.533240933	0.620228382	0.446253484
1119	0.5334406	0.620469112	0.446412088
1120	0.533642	0.620736359	0.446547641
1121	0.5337607	0.62096428	0.44655712
1122	0.5338963	0.621198378	0.446594222
1123	0.533818933	0.621114195	0.446523671
1124	0.533737667	0.621043396	0.446431937
1125	0.533494767	0.620634013	0.44635552
1126	0.533175367	0.620087131	0.446263602
1127	0.532730667	0.619448977	0.446012357
1128	0.532179133	0.618678027	0.44568024
1129	0.531594133	0.617930877	0.44525739
1130	0.5310401	0.617301684	0.444778516
1131	0.530569	0.616766095	0.444371905
1132	0.530179	0.616343681	0.444014319
1133	0.529654	0.615708536	0.443599464
1134	0.5286478	0.614334241	0.442961359
1135	0.527746967	0.61313863	0.442355304
1136	0.527210533	0.61267111	0.441749957
1137	0.526707	0.612225524	0.441188476
1138	0.5263348	0.611754644	0.440914956
1139	0.5259889	0.611306696	0.440671104
1140	0.5255118	0.610714094	0.440309506
1141	0.5250085	0.610107083	0.439909917
1142	0.524242533	0.609117436	0.439367631
1143	0.523415667	0.608033601	0.438797732
1144	0.5225126	0.606889536	0.438135664
1145	0.5215624	0.60569366	0.43743114
1146	0.5208416	0.604855708	0.436827492
1147	0.520342033	0.604353475	0.436330592
1148	0.519658167	0.603541732	0.435774601
1149	0.5187232	0.602313299	0.435133101
1150	0.517835733	0.601201605	0.434469862
1151	0.517024633	0.600292158	0.433757109
1152	0.5162382	0.599386092	0.433090308
1153	0.515349	0.598285297	0.432412703
1154	0.5145268	0.597271751	0.431781849
1155	0.5136827	0.596272797	0.431092603
1156	0.512911433	0.595361018	0.430461849
1157	0.5120318	0.594291756	0.429771844
1158	0.5112182	0.593304563	0.429131837
1159	0.510412067	0.592283807	0.428540326
1160	0.509644533	0.591303215	0.427985852
1161	0.508948967	0.590483379	0.427414554
1162	0.508305533	0.589749813	0.426861254
1163	0.507772933	0.589146036	0.426399831
1164	0.507308867	0.588623647	0.425994086
1165	0.506771333	0.588006535	0.425536132
1166	0.506166567	0.587304274	0.425028859
1167	0.505609033	0.586652067	0.424566
1168	0.5051073	0.586056586	0.424158014
1169	0.504617533	0.585470683	0.423764384
1170	0.504132233	0.584878199	0.423386268
1171	0.503672667	0.584322099	0.423023235
1172	0.503298833	0.583895327	0.422702339
1173	0.502926367	0.58347233	0.422380403
1174	0.502495233	0.583017371	0.421973096
1175	0.502067467	0.58256599	0.421568943
1176	0.501626567	0.582015691	0.421237443
1177	0.501186833	0.581462015	0.420911651
1178	0.5007198	0.580918604	0.420520996
1179	0.500246467	0.580375465	0.420117468
1180	0.4998146	0.579908556	0.419720644
1181	0.4994002	0.579473343	0.419327057
1182	0.4989629	0.578995364	0.418930436
1183	0.498511967	0.578490678	0.418533255
1184	0.498066367	0.577989351	0.418143382
1185	0.497628967	0.577497314	0.41776062
1186	0.497221033	0.577032314	0.417409753
1187	0.496853133	0.576597754	0.417108513
1188	0.4965179	0.576206133	0.416829667
1189	0.496263867	0.575928666	0.416599067
1190	0.496009967	0.575651208	0.416368725
1191	0.495726367	0.575326003	0.416126731
1192	0.495448867	0.575008249	0.415889484
1193	0.495239233	0.574809277	0.415669189
1194	0.495030667	0.574611459	0.415449875
1195	0.494826367	0.574375359	0.415277374
1196	0.4946222	0.574135045	0.415109355
1197	0.494535267	0.57401644	0.415054094
1198	0.4944704	0.57392535	0.41501545
1199	0.494542633	0.574026777	0.41505849
1200	0.494652633	0.574180018	0.415125248
1201	0.4946832	0.574229219	0.415137181
1202	0.4946808	0.57423439	0.41512721
1203	0.494813633	0.574378162	0.415249104
1204	0.495046767	0.574628938	0.415464595
1205	0.495306167	0.574920047	0.415692286
1206	0.4955992	0.575253901	0.415944499
1207	0.495905933	0.575590386	0.416221481
1208	0.4962259	0.5759162	0.4165356
1209	0.4965738	0.576288536	0.416859064
1210	0.497058767	0.576867747	0.417249787
1211	0.4975596	0.577450782	0.417668418
1212	0.4981532	0.578072733	0.418233667
1213	0.498751333	0.578703054	0.418799613
1214	0.4994642	0.579452611	0.419475789
1215	0.500170467	0.580194683	0.42014625
1216	0.500915967	0.58103135	0.420800583
1217	0.5016583	0.581868127	0.421448473
1218	0.502514867	0.582802778	0.422226955
1219	0.503386	0.583750914	0.423021086
1220	0.5042488	0.584665727	0.423831873
1221	0.505103333	0.585562747	0.42464392
1222	0.505956667	0.586500031	0.425413302
1223	0.506814333	0.587467894	0.426160773
1224	0.5077019	0.588463167	0.426940633
1225	0.508607467	0.589469756	0.427745177
1226	0.509434233	0.59036092	0.428507546
1227	0.5101502	0.591095797	0.429204603
1228	0.510908367	0.591890971	0.429925763
1229	0.511769233	0.592816731	0.430721735
1230	0.5126158	0.59372659	0.43150501
1231	0.5133927	0.594553971	0.432231429
1232	0.5141497	0.595354411	0.432944989
1233	0.5149041	0.596182831	0.433625369
1234	0.515649033	0.597005968	0.434292099
1235	0.5163074	0.597715386	0.434899414
1236	0.516962733	0.59841834	0.435507127
1237	0.517629467	0.599157506	0.436101427
1238	0.5182913	0.599896892	0.436685708
1239	0.518919367	0.60059013	0.437248603
1240	0.5195401	0.601272832	0.437807368
1241	0.520134067	0.601923353	0.438344781
1242	0.520720967	0.602566918	0.438875016
1243	0.521291633	0.603195634	0.439387633
1244	0.521866033	0.603825161	0.439906906
1245	0.522414733	0.604448568	0.440380898
1246	0.522944733	0.60506242	0.440827046
1247	0.5234507	0.605603542	0.441297858
1248	0.5239107	0.60605192	0.44176948
1249	0.5243859	0.60653233	0.44223947
1250	0.5249109	0.607099108	0.442722692
1251	0.525407233	0.607633302	0.443181165
1252	0.525825233	0.608072368	0.443578099
1253	0.526249167	0.608517165	0.443981168
1254	0.526701667	0.609011742	0.444391591
1255	0.527153367	0.609505758	0.444800976
1256	0.527487833	0.609808442	0.445167225
1257	0.527831333	0.610128267	0.4455344
1258	0.5282433	0.610619971	0.445866629
1259	0.528656933	0.611114103	0.446199764
1260	0.5289596	0.611408177	0.446511023
1261	0.529270233	0.611710223	0.446830244
1262	0.529643367	0.612131997	0.447154736
1263	0.5300199	0.612557727	0.447482073
1264	0.530383033	0.612963212	0.447802854
1265	0.530744	0.613360561	0.448127439
1266	0.531093233	0.613744545	0.448441922
1267	0.531413967	0.614107608	0.448720325
1268	0.531732833	0.614465911	0.448999756
1269	0.5320785	0.61484803	0.44930897
1270	0.5323939	0.615196053	0.449591747
1271	0.532679733	0.615495596	0.44986387
1272	0.532983533	0.61580737	0.450159697
1273	0.533290967	0.616119852	0.450462081
1274	0.5335816	0.616400157	0.450763043
1275	0.533875033	0.616683226	0.451066841
1276	0.534199333	0.617014686	0.451383981
1277	0.5346194	0.617464295	0.451774505
1278	0.5350049	0.617868863	0.452140937
1279	0.535176333	0.617998819	0.452353847
1280	0.535358933	0.618149165	0.452568702
1281	0.535665467	0.618494216	0.452836718
1282	0.5359763	0.618846884	0.453105716
1283	0.5361973	0.619083591	0.453311009
1284	0.536404633	0.619301444	0.453507823
1285	0.536692233	0.619606658	0.453777809
1286	0.5369989	0.619935374	0.454062426
1287	0.537254933	0.620219286	0.454290581
1288	0.537512967	0.620513591	0.454512342
1289	0.537763033	0.620777461	0.454748606
1290	0.538007	0.621030559	0.454983441
1291	0.538280833	0.621344065	0.455217601
1292	0.5385437	0.621654996	0.455432404
1293	0.538734633	0.621862417	0.455606849
1294	0.538889633	0.621989095	0.455790172
1295	0.5390839	0.622154476	0.456013324
1296	0.5393248	0.622394373	0.456255227
1297	0.539505033	0.622570917	0.45643915
1298	0.539554667	0.622584982	0.456524352
1299	0.539565267	0.622546345	0.456584188
1300	0.539520567	0.622467393	0.45657374
1301	0.539506967	0.622445629	0.456568304
1302	0.539627467	0.622599223	0.45665571
1303	0.5397179	0.622702432	0.456733368
1304	0.539613	0.622506897	0.456719103
1305	0.539512167	0.622317871	0.456706462
1306	0.5394586	0.622214438	0.456702762
1307	0.539390033	0.622088982	0.456691085
1308	0.539154267	0.621742906	0.456565627
1309	0.538885267	0.621362331	0.456408202
1310	0.5385835	0.620987444	0.456179556
1311	0.538284667	0.620613281	0.455956052
1312	0.538192467	0.620489135	0.455895798
1313	0.5381357	0.620428406	0.455842994
1314	0.537864267	0.620108015	0.455620518
1315	0.537504833	0.619661442	0.455348225
1316	0.5371511	0.619232922	0.455069278
1317	0.536816433	0.618833633	0.454799234
1318	0.536353567	0.618239028	0.454468105
1319	0.535827267	0.617558834	0.4540957
1320	0.535361133	0.616981064	0.453741203
1321	0.5349035	0.616429276	0.453377724
1322	0.534389733	0.615781921	0.452997546
1323	0.533855533	0.615093179	0.452617888
1324	0.533331667	0.614472816	0.452190518
1325	0.532716033	0.613780622	0.451651445
1326	0.5320476	0.612981449	0.451113751
1327	0.5313998	0.612160982	0.450638618
1328	0.5307036	0.611304873	0.450102327
1329	0.529877267	0.610357049	0.449397484
1330	0.529007567	0.609364202	0.448650932
1331	0.5281652	0.608406399	0.447924001
1332	0.527268	0.607370413	0.447165587
1333	0.526303933	0.6061856	0.446422266
1334	0.525309367	0.604972305	0.445646429
1335	0.524283833	0.603804576	0.44476309
1336	0.5232472	0.602629702	0.443864698
1337	0.5222505	0.601425454	0.443075546
1338	0.521214333	0.600162585	0.442266082
1339	0.520329667	0.599139684	0.44151965
1340	0.519432067	0.598105375	0.440758758
1341	0.518420433	0.596779365	0.440061501
1342	0.517320767	0.595323322	0.439318212
1343	0.516731467	0.594663718	0.438799215
1344	0.516318567	0.594264519	0.438372614
1345	0.515721333	0.593671093	0.437771574
1346	0.514783567	0.592717057	0.436850077
1347	0.5141017	0.591912393	0.436291007
1348	0.5136146	0.591248941	0.435980259
1349	0.5129841	0.590313262	0.435654938
1350	0.512126167	0.58900627	0.435246063
1351	0.511462467	0.588034601	0.434890333
1352	0.510721467	0.586959824	0.434483109
1353	0.509674567	0.585617601	0.433731533
1354	0.5087182	0.584908289	0.432528111
1355	0.5078779	0.584185701	0.431570099
1356	0.5080695	0.583783121	0.432355879
1357	0.508091933	0.583305344	0.432878522
1358	0.509445467	0.585927408	0.432963525
1359	0.5123372	0.59072405	0.43395035
1360	0.5092185	0.585014275	0.433422725
1361	0.501538733	0.57462822	0.428449247
1362	0.4939017	0.573723283	0.414080117
1363	0.487381267	0.585814171	0.388948362
1364	0.4783502	0.568128687	0.388571713
1365	0.453744	0.530513466	0.376974534
1366	0.4126721	0.476479797	0.348864403
1367	0.392578467	0.463361818	0.321795115
1368	0.4293137	0.496559505	0.362067895
1369	0.463315367	0.533692202	0.392938532
1370	0.485728167	0.549171864	0.422284469
1371	0.5039287	0.570124962	0.437732438
1372	0.502763433	0.577740204	0.427786663
1373	0.499831267	0.587979056	0.411683478
1374	0.4911754	0.575582223	0.406768577
1375	0.4860509	0.565319134	0.406782666
1376	0.490232433	0.565935003	0.414529864
1377	0.493179933	0.563706051	0.422653816
1378	0.4841751	0.551253172	0.417097028
1379	0.475988967	0.546466743	0.40551119
1380	0.476882167	0.548615689	0.405148644
1381	0.477806733	0.548322925	0.407290541
1382	0.475852633	0.54888066	0.402824607
1383	0.469419067	0.54636896	0.392469173
1384	0.4663948	0.547342297	0.385447303
1385	0.469867533	0.552557018	0.387178049
1386	0.474033933	0.55417538	0.393892486
1387	0.47916	0.558027468	0.400292532
1388	0.4768605	0.554319621	0.399401379
1389	0.465602233	0.53732871	0.393875757
1390	0.458624833	0.526819228	0.390430438
1391	0.455812167	0.524199506	0.387424827
1392	0.450673133	0.519064225	0.382282042
1393	0.439563833	0.505736324	0.373391343
1394	0.432724867	0.498261198	0.367188536
1395	0.4351127	0.502116547	0.368108853
1396	0.435570233	0.503349168	0.367791299
1397	0.430406533	0.496516599	0.364296468
1398	0.426063333	0.491126227	0.36100044
1399	0.421632567	0.48602469	0.357240444
1400	0.417243467	0.481209256	0.353277678
1401	0.410482067	0.474003694	0.34696044
1402	0.404387033	0.467773901	0.341000166
1403	0.400648367	0.464258449	0.337038284
1404	0.397049967	0.460624743	0.33347519
1405	0.3890462	0.450918918	0.327173482
1406	0.3818708	0.442331485	0.321410115
1407	0.375373433	0.434283465	0.316463402
1408	0.369858533	0.427626512	0.312090555
1409	0.364656667	0.421936232	0.307377101
1410	0.360636567	0.417524156	0.303748977
1411	0.357903567	0.414579389	0.301227744
1412	0.3553442	0.411853308	0.298835092
1413	0.350653033	0.406359334	0.294946733
1414	0.346405567	0.401350177	0.291460956
1415	0.342698167	0.397147404	0.288248929
1416	0.339414533	0.393551078	0.285277988
1417	0.3358381	0.38971318	0.28196302
1418	0.332264367	0.385785668	0.278743065
1419	0.328521967	0.381472506	0.275571427
1420	0.325015467	0.37739864	0.272632293
1421	0.321569333	0.373325765	0.269812902
1422	0.318318533	0.369468126	0.267168941
1423	0.3156873	0.366565366	0.264809234
1424	0.313509033	0.364331369	0.262686698
1425	0.3110989	0.361657583	0.260540217
1426	0.3084275	0.358500999	0.258354001
1427	0.306280467	0.35608511	0.256475823
1428	0.3046279	0.354387111	0.254868689
1429	0.302876333	0.352455887	0.25329678
1430	0.300998067	0.350235587	0.251760547
1431	0.299228733	0.348149602	0.250307865
1432	0.2974199	0.346020505	0.248819295
1433	0.295672733	0.343969996	0.247375471
1434	0.294253933	0.34234095	0.246166917
1435	0.292949133	0.340860705	0.245037562
1436	0.291714767	0.339500186	0.243929347
1437	0.290508067	0.33816467	0.242851464
1438	0.2892483	0.336726394	0.241770206
1439	0.2880712	0.335369375	0.240773025
1440	0.287141867	0.334291747	0.239991987
1441	0.286280733	0.333311673	0.239249794
1442	0.285406533	0.332368753	0.238444314
1443	0.2845861	0.331475756	0.237696444
1444	0.283662967	0.330354913	0.23697102
1445	0.282814933	0.329328205	0.236301662
1446	0.2824085	0.328895453	0.235921547
1447	0.2820846	0.328553113	0.235616087
1448	0.281725667	0.328121112	0.235330221
1449	0.281400367	0.32773258	0.235068153
1450	0.2811452	0.327435552	0.234854848
1451	0.280915633	0.327172329	0.234658938
1452	0.280613267	0.32682877	0.234397763
1453	0.2803392	0.326507638	0.234170762
1454	0.280310467	0.326477895	0.234143038
1455	0.280312033	0.326491305	0.234132762
1456	0.280238867	0.326412798	0.234064936
1457	0.280155433	0.326325748	0.233985119
1458	0.280144767	0.326339442	0.233950091
1459	0.280154933	0.326379713	0.233930154
1460	0.280221767	0.326474556	0.233968978
1461	0.280309667	0.326586031	0.234033302
1462	0.280467833	0.32677053	0.234165137
1463	0.280659067	0.326984027	0.234334106
1464	0.280701267	0.326960457	0.234442077
1465	0.280672233	0.326846751	0.234497716
1466	0.2808688	0.32705981	0.23467779
1467	0.2811967	0.32743659	0.23495681
1468	0.2815842	0.3278977	0.2352707
1469	0.2820065	0.328412518	0.235600482
1470	0.2824164	0.328880377	0.235952423
1471	0.282803933	0.329296507	0.23631136
1472	0.283218633	0.329732436	0.236704831
1473	0.283692467	0.330247388	0.237137545
1474	0.284170067	0.330766485	0.237573648
1475	0.284579	0.331200787	0.237957213
1476	0.2850127	0.331685313	0.238340087
1477	0.285553367	0.332303212	0.238803522
1478	0.286083767	0.332907208	0.239260325
1479	0.286597567	0.333496132	0.239699002
1480	0.2871323	0.334086708	0.240177892
1481	0.2876824	0.33467229	0.24069251
1482	0.288203633	0.335238443	0.241168824
1483	0.288700167	0.33579592	0.241604414
1484	0.289280267	0.33645535	0.242105183
1485	0.290018567	0.337303822	0.242733311
1486	0.290720467	0.338113651	0.243327282
1487	0.291432367	0.338956302	0.243908431
1488	0.292105567	0.339747319	0.244463815
1489	0.292705833	0.340392726	0.245018941
1490	0.293268667	0.340988782	0.245548551
1491	0.2938678	0.341647612	0.246087988
1492	0.294448	0.342290565	0.246605435
1493	0.295055867	0.342950929	0.247160805
1494	0.2956241	0.343568724	0.247679476
1495	0.296181567	0.344188472	0.248174661
1496	0.296742267	0.344813756	0.248670777
1497	0.2973888	0.345540869	0.249236731
1498	0.298017367	0.346249908	0.249784825
1499	0.298665633	0.346984807	0.250346459
1500	0.299302667	0.347704208	0.250901125
1501	0.300001067	0.348472444	0.251529689
1502	0.3007022	0.349246057	0.252158343
1503	0.301453133	0.350089453	0.252816814
1504	0.3021924	0.350919642	0.253465158
1505	0.302967233	0.351801605	0.254132861
1506	0.303723433	0.352664251	0.254782616
1507	0.304447967	0.353464697	0.255431236
1508	0.3051563	0.354245159	0.256067441
1509	0.305880167	0.355053872	0.256706462
1510	0.306593533	0.3558478	0.257339267
1511	0.307270767	0.356593029	0.257948505
1512	0.3079281	0.357321248	0.258534952
1513	0.3086057	0.358060546	0.259150854
1514	0.3092768	0.358787277	0.259766323
1515	0.309956833	0.359530559	0.260383107
1516	0.3106319	0.360271185	0.260992615
1517	0.3113416	0.361064376	0.261618824
1518	0.3120484	0.361856402	0.262240398
1519	0.312681767	0.362554222	0.262809312
1520	0.313293633	0.363225965	0.263361302
1521	0.313831	0.363826531	0.263835469
1522	0.314352733	0.364409383	0.264296084
1523	0.314898867	0.365007461	0.264790272
1524	0.3154494	0.365612936	0.265285864
1525	0.316002467	0.366244003	0.265760931
1526	0.3165598	0.366882696	0.266236904
1527	0.317103033	0.367477855	0.266728212
1528	0.317639167	0.368060355	0.267217978
1529	0.318081167	0.368545063	0.26761727
1530	0.318497533	0.369001706	0.267993361
1531	0.318979267	0.369519531	0.268439002
1532	0.319477	0.370051998	0.268902002
1533	0.319869633	0.370465741	0.269273525
1534	0.3202338	0.370847812	0.269619788
1535	0.3205984	0.371248515	0.269948285
1536	0.320965067	0.37165699	0.270273143
1537	0.321444033	0.372189915	0.270698151
1538	0.321961067	0.37276534	0.271156794
1539	0.322349433	0.373179926	0.27151894
1540	0.3226967	0.373541077	0.271852323
1541	0.323035	0.373878381	0.272191619
1542	0.3233671	0.374204184	0.272530016
1543	0.323678767	0.374521172	0.272836361
1544	0.3239763	0.374828005	0.273124595
1545	0.324328633	0.375201179	0.273456088
1546	0.3247098	0.375611157	0.273808443
1547	0.3251263	0.37606598	0.27418662
1548	0.325558633	0.376538644	0.274578623
1549	0.325915333	0.376921999	0.274908667
1550	0.326243233	0.377272707	0.27521376
1551	0.326606967	0.377655029	0.275558905
1552	0.326978433	0.378041264	0.275915602
1553	0.3273195	0.37840257	0.27623643
1554	0.3276562	0.378762749	0.276549651
1555	0.327985233	0.379097651	0.276872816
1556	0.328306467	0.379414256	0.277198677
1557	0.328659833	0.379783641	0.277536026
1558	0.329037767	0.380191079	0.277884455
1559	0.3293699	0.380562828	0.278176972
1560	0.329672833	0.380907807	0.278437859
1561	0.3300936	0.381377647	0.278809553
1562	0.330587567	0.381931722	0.279243411
1563	0.330925133	0.382299775	0.279550492
1564	0.331170567	0.382550934	0.279790199
1565	0.331473167	0.382880036	0.280066298
1566	0.3318144	0.38326315	0.28036565
1567	0.3321783	0.383674828	0.280681772
1568	0.3325506	0.384099269	0.281001931
1569	0.332897833	0.384471001	0.281324666
1570	0.333235	0.384818833	0.281651167
1571	0.333602833	0.385224284	0.281981383
1572	0.334007233	0.385683198	0.282331269
1573	0.334419233	0.38612739	0.282711076
1574	0.334824933	0.386549271	0.283100595
1575	0.335247133	0.387022483	0.283471783
1576	0.335680167	0.387527417	0.283832916
1577	0.336134667	0.388026176	0.284243158
1578	0.336606967	0.38852692	0.284687013
1579	0.337068233	0.389019392	0.285117075
1580	0.337512233	0.389492307	0.28553216
1581	0.337990033	0.39002479	0.285955277
1582	0.338503867	0.390619937	0.286387796
1583	0.338971367	0.391155093	0.28678764
1584	0.3394027	0.391639799	0.287165601
1585	0.339880733	0.392179689	0.287581778
1586	0.3403943	0.392761805	0.288026795
1587	0.3409345	0.393363519	0.288505481
1588	0.341484833	0.393965216	0.28900445
1589	0.342050667	0.394578325	0.289523008
1590	0.3426322	0.395208925	0.290055475
1591	0.3432202	0.39585604	0.29058436
1592	0.343818533	0.396520254	0.291116812
1593	0.344441533	0.397222159	0.291660908
1594	0.345079833	0.397950414	0.292209253
1595	0.345708933	0.398638847	0.292779019
1596	0.346337167	0.39930387	0.293370463
1597	0.347031867	0.400051593	0.29401214
1598	0.347769533	0.400853641	0.294685425
1599	0.348472233	0.401643175	0.295301292
1600	0.3491624	0.402434401	0.295890399
1601	0.349920467	0.403280791	0.296560142
1602	0.3507166	0.404157553	0.297275647
1603	0.3514257	0.404935126	0.297916274
1604	0.3520866	0.405658966	0.298514234
1605	0.3527694	0.406398223	0.299140577
1606	0.353465	0.40714637	0.29978363
1607	0.354191767	0.407943703	0.30043983
1608	0.3549378	0.408769594	0.301106006
1609	0.355586333	0.409478354	0.301694312
1610	0.356177133	0.41011768	0.302236586
1611	0.356850933	0.410848031	0.302853836
1612	0.357567967	0.411626265	0.303509668
1613	0.358245967	0.412407864	0.304084069
1614	0.358903967	0.413191902	0.304616031
1615	0.359596667	0.413954654	0.305238679
1616	0.360307167	0.414706712	0.305907622
1617	0.360947233	0.415443283	0.306451183
1618	0.3615513	0.416170688	0.306931912
1619	0.3620793	0.416758618	0.307399982
1620	0.3625716	0.417281888	0.307861312
1621	0.3631037	0.417876022	0.308331378
1622	0.363653767	0.418501837	0.308805696
1623	0.364101933	0.419003074	0.309200793
1624	0.364506933	0.419452243	0.309561624
1625	0.364891933	0.419911214	0.309872653
1626	0.365269333	0.420374331	0.310164335
1627	0.365596667	0.420752725	0.310440609
1628	0.365906633	0.421100904	0.310712362
1629	0.366243667	0.421490263	0.310997071
1630	0.366592133	0.421896201	0.311288066
1631	0.366969467	0.422337386	0.311601548
1632	0.367359	0.422793408	0.311924592
1633	0.367692867	0.423170296	0.312215438
1634	0.368012933	0.423526593	0.312499273
1635	0.368263567	0.423810373	0.31271676
1636	0.368497933	0.424077522	0.312918344
1637	0.3688351	0.424426019	0.313244181
1638	0.3692003	0.424796733	0.313603867
1639	0.369476633	0.425080751	0.313872516
1640	0.369735067	0.425348929	0.314121205
1641	0.369916167	0.425519465	0.314312869
1642	0.370084167	0.425671915	0.314496418
1643	0.3701909	0.425798138	0.314583662
1644	0.3702861	0.425918454	0.314653746
1645	0.3701735	0.425744945	0.314602055
1646	0.370031733	0.425530623	0.314532844
1647	0.369831767	0.425296188	0.314367346
1648	0.3696258	0.425061695	0.314189905
1649	0.369282633	0.424686912	0.313878354
1650	0.368926933	0.424299726	0.313554141
1651	0.3685089	0.423827591	0.313190209
1652	0.368079433	0.42333932	0.312819546
1653	0.3674418	0.422617907	0.312265693
1654	0.366797733	0.421890576	0.31170489
1655	0.3661642	0.421203577	0.311124823
1656	0.3655337	0.420523148	0.310544252
1657	0.364903833	0.419839952	0.309967715
1658	0.364267833	0.41914897	0.309386696
1659	0.3636102	0.418456999	0.308763401
1660	0.362950767	0.417765923	0.30813561
1661	0.3623076	0.417077766	0.307537434
1662	0.361667633	0.416392769	0.306942498
1663	0.361137367	0.415823478	0.306451256
1664	0.360593	0.415235071	0.305950929
1665	0.359958033	0.414548328	0.305367738
1666	0.3593306	0.413871903	0.304789297
1667	0.3587514	0.413229824	0.304272976
1668	0.358171133	0.412589189	0.303753078
1669	0.3576445	0.412020442	0.303268558
1670	0.357150333	0.411481321	0.302819346
1671	0.356796833	0.411073319	0.302520348
1672	0.3564236	0.410652902	0.302194298
1673	0.3560003	0.410222599	0.301778001
1674	0.355600733	0.409809819	0.301391648
1675	0.3552665	0.409422218	0.301110782
1676	0.3549188	0.40901805	0.30081955
1677	0.354546467	0.408606492	0.300486441
1678	0.354153967	0.408164361	0.300143572
1679	0.3536911	0.407608408	0.299773792
1680	0.353225533	0.407066365	0.299384702
1681	0.352784567	0.406589482	0.298979651
1682	0.3523461	0.406122949	0.298569251
1683	0.351905233	0.405667785	0.298142682
1684	0.351422033	0.405149739	0.297694327
1685	0.3508846	0.40454133	0.29722787
1686	0.350309867	0.403907774	0.29671196
1687	0.349660567	0.403215635	0.296105499
1688	0.348942333	0.402456652	0.295428015
1689	0.348167967	0.401647975	0.294687958
1690	0.347416833	0.400853894	0.293979772
1691	0.3466686	0.400048183	0.293289017
1692	0.345860367	0.399192132	0.292528601
1693	0.3450031	0.398304333	0.291701867
1694	0.344156833	0.397404843	0.290908824
1695	0.3433268	0.396501849	0.290151751
1696	0.342403167	0.395510016	0.289296318
1697	0.341389033	0.39442266	0.288355406
1698	0.340469967	0.393433604	0.28750633
1699	0.339602533	0.39250534	0.286699727
1700	0.338676167	0.391515425	0.285836908
1701	0.337737733	0.390511324	0.284964143
1702	0.3367312	0.38940679	0.28405561
1703	0.335653733	0.38821025	0.283097217
1704	0.3346714	0.38717054	0.28217226
1705	0.3337396	0.386209203	0.281269997
1706	0.332652067	0.384999888	0.280304245
1707	0.331510133	0.383709534	0.279310733
1708	0.330529167	0.382635145	0.278423188
1709	0.3295709	0.381592899	0.277548901
1710	0.328611767	0.380514755	0.276708778
1711	0.327648367	0.379426928	0.275869805
1712	0.3266352	0.378294962	0.274975438
1713	0.325604	0.377144843	0.274063157
1714	0.324762267	0.376190256	0.273334278
1715	0.3239378	0.375247964	0.272627636
1716	0.323152333	0.374341769	0.271962898
1717	0.322363233	0.373438017	0.27128845
1718	0.3216491	0.372597878	0.270700322
1719	0.3209347	0.371751797	0.270117603
1720	0.3202461	0.370931497	0.269560703
1721	0.319554733	0.370113257	0.26899621
1722	0.318916467	0.369368091	0.268464842
1723	0.318262	0.368594193	0.267929807
1724	0.317687767	0.367877483	0.267498051
1725	0.3171901	0.367258309	0.267121891
1726	0.316941067	0.366946009	0.266936124
1727	0.316708467	0.366646913	0.26677002
1728	0.316585167	0.366458648	0.266711685
1729	0.316530733	0.366347316	0.266714151
1730	0.316652633	0.366436876	0.266868391
1731	0.3168411	0.366590475	0.267091725
1732	0.317205267	0.36692835	0.267482184
1733	0.3176526	0.367380112	0.267925088
1734	0.318242333	0.368030084	0.268454583
1735	0.318914533	0.368775403	0.269053664
1736	0.319683	0.369626549	0.269739451
1737	0.3203361	0.37034944	0.27032276
1738	0.320838267	0.370889323	0.27078721
1739	0.321319033	0.371407783	0.271230284
1740	0.3218144	0.371967247	0.271661553
1741	0.322195933	0.372404076	0.27198779
1742	0.3224521	0.372682735	0.272221465
1743	0.322574467	0.372797609	0.272351324
1744	0.3226481	0.372866081	0.272430119
1745	0.322698333	0.372979951	0.272416715
1746	0.322722633	0.373084188	0.272361079
1747	0.322688733	0.373047111	0.272330355
1748	0.3226191	0.37296174	0.27227646
1749	0.322537833	0.37286564	0.272210027
1750	0.322457567	0.37275693	0.272158203
1751	0.322415467	0.372755988	0.272074945
1752	0.3223948	0.372790767	0.271998833
1753	0.322419	0.37280582	0.27203218
1754	0.322439533	0.372829717	0.272049349
1755	0.322337667	0.37271358	0.271961753
1756	0.322230633	0.372574376	0.271886891
1757	0.322298667	0.372700294	0.271897039
1758	0.322385833	0.372851641	0.271920026
1759	0.3224986	0.372888214	0.272108986
1760	0.322644	0.372972293	0.272315707
1761	0.322948267	0.373368333	0.2725282
1762	0.3232243	0.373712526	0.272736074
1763	0.3234966	0.373957862	0.273035338
1764	0.323812	0.374249428	0.273374572
1765	0.324201733	0.374612097	0.273791369
1766	0.324677833	0.375092258	0.274263409
1767	0.325286033	0.375774526	0.274797541
1768	0.325859433	0.376391669	0.275327197
1769	0.326429267	0.376976142	0.275882391
1770	0.327032667	0.377636705	0.276428628
1771	0.327693167	0.378400999	0.276985335
1772	0.328233967	0.379009012	0.277458921
1773	0.328543933	0.379337758	0.277750109
1774	0.3288554	0.379643179	0.278067621
1775	0.329263933	0.380033203	0.278494663
1776	0.329651767	0.380433946	0.278869587
1777	0.329988333	0.380814684	0.279161983
1778	0.330255067	0.381082236	0.279427897
1779	0.3304382	0.381207815	0.279668585
1780	0.330866	0.381640601	0.280091399
1781	0.331499167	0.382328136	0.280670197
1782	0.331628933	0.382438847	0.280819019
1783	0.331596	0.382361555	0.280830445
1784	0.332016133	0.382766898	0.281265369
1785	0.332499667	0.383259105	0.281740229
1786	0.3330083	0.383900904	0.282115696
1787	0.3335301	0.384537029	0.282523171
1788	0.333768033	0.384731257	0.28280481
1789	0.333968533	0.384872443	0.283064623
1790	0.334082367	0.385004888	0.283159845
1791	0.33422	0.385172451	0.283267549
1792	0.334535333	0.385511449	0.283559218
1793	0.334863133	0.385873839	0.283852427
1794	0.3351432	0.386117578	0.284168822
1795	0.3354481	0.386394608	0.284501592
1796	0.3356152	0.386520561	0.284709839
1797	0.3359955	0.386892042	0.285098958
1798	0.336792	0.387762089	0.285821911
1799	0.337369133	0.388282179	0.286456088
1800	0.337636233	0.388413825	0.286858641
1801	0.327247933	0.381968269	0.272527597
1802	0.328290267	0.384859673	0.27172086
1803	0.322372933	0.377107088	0.267638779
1804	0.316541867	0.369542875	0.263540858
1805	0.3158484	0.36788272	0.26381408
1806	0.317122267	0.369395396	0.264849137
1807	0.3159026	0.37017279	0.26163241
1808	0.314161333	0.371338396	0.256984271
1809	0.313589633	0.375298087	0.25188118
1810	0.311101	0.37148584	0.25071616
1811	0.303685867	0.359716541	0.247655192
1812	0.296686033	0.352286455	0.241085612
1813	0.293682133	0.354082195	0.233282071
1814	0.294730067	0.359684874	0.22977526
1815	0.292551267	0.359266952	0.225835582
1816	0.286987167	0.354415514	0.219558819
1817	0.273876067	0.337418932	0.210333201
1818	0.2616906	0.321727791	0.201653409
1819	0.264686533	0.337073422	0.192299645
1820	0.276024833	0.3700969	0.181952767
1821	0.284581433	0.392294059	0.176868808
1822	0.274470133	0.376889117	0.17205115
1823	0.252365733	0.339556702	0.165174764
1824	0.2453071	0.33903583	0.15157837
1825	0.239083767	0.348490365	0.129677168
1826	0.21039	0.316248011	0.104531989
1827	0.165965633	0.25619175	0.075739517
1828	0.1428903	0.258935756	0.026844844
1829	0.1398617	0.268333555	0.011389845
1830	0.163901133	0.321643689	0.006158578
1831	0.2129519	0.454233213	-0.028329413
1832	0.308474467	0.672999656	-0.056050723
1833	0.2794797	0.909895968	-0.350936568
1834	0.400488267	1.203977666	-0.403001132
1835	3.001948167	11.70852513	-5.704628793
1836	0.019197033	0.081704702	-0.043310635
1837	0.0209089	0.103390057	-0.061572257
1838	0.015874433	0.083725584	-0.051976718
1839	0.006452	0.034029418	-0.021125418
1840	0.0013442	0.008408174	-0.005719774
1841	0.007817433	0.048899167	-0.0332643
1842	0.022522533	0.140881725	-0.095836658
1843	0.022522533	0.140881725	-0.095836658
1844	0.556351033	2.543959139	-1.431257073
1845	0.2150951	0.938989143	-0.508798943
1846	0.236927433	1.029859683	-0.556004816
1847	0.564956767	2.125410631	-0.995497097
1848	1.289486167	4.873695896	-2.294723563
1849	1.1446206	4.419932963	-2.130691763
1850	1.7807162	6.087156352	-2.525723952
1851	13.67368753	52.84783313	-25.50045807
1852	2.242356533	7.377677332	-2.892964265
1853	1.432269533	5.965464448	-3.100925381
1854	1.953828367	8.650946516	-4.743289782
1855	0.241031833	1.127457897	-0.645394231
1856	0.081496433	0.384446562	-0.221453695
1857	0.073561267	0.314757538	-0.167635004
1858	0.058538967	0.237792354	-0.12071442
1859	0.019428567	0.065872325	-0.027015192
1860	0.010993433	0.03977906	-0.017792194
1861	0.033271967	0.119966526	-0.053422593
1862	0.055709433	0.207916432	-0.096497565
1863	0.069659633	0.218433394	-0.079114128
1864	0.196017667	0.946344004	-0.55430867
1865	0.021101733	0.093685103	-0.051481636
1866	0.013525467	0.054366673	-0.02731574
1867	0.0328997	0.130539313	-0.064739913
1868	0.149833833	0.631429915	-0.331762248
1869	0.113960767	0.566926457	-0.339004924
1870	0.110971667	0.614330633	-0.392387299
1871	0.4845287	2.378875574	-1.409818174
1872	0.0134135	0.070835647	-0.044008647
1873	0.009392567	0.055266244	-0.036481111
1874	0.146832467	0.515690333	-0.222025399
1875	0.075224567	0.277434807	-0.126985673
1876	0.064379067	0.179755182	-0.050997049
1877	0.075551167	0.225754478	-0.074652145
1878	0.064789367	0.187543915	-0.057965181
1879	0.060143167	0.165341005	-0.045054672
1880	0.059392467	0.158760031	-0.039975098
1881	0.045921833	0.112961697	-0.02111803
1882	0.042279633	0.107062273	-0.022503006
1883	0.052019067	0.133548214	-0.029510081
1884	0.060217267	0.176876252	-0.056441719
1885	0.063136	0.181381703	-0.055109703
1886	0.0702478	0.199236815	-0.058741215
1887	0.0806909	0.195085599	-0.033703799
1888	0.1030043	0.217177533	-0.011168933
1889	0.1276045	0.263507458	-0.008298458
1890	0.113926433	0.23670702	-0.008854153
1891	0.0980527	0.225813305	-0.029707905
1892	0.071501367	0.155138419	-0.012135685
1893	0.048756167	0.115198415	-0.017686082
1894	0.045332333	0.120027985	-0.029363318
1895	0.0526438	0.178957847	-0.073670247
1896	0.065186433	0.244572914	-0.114200047
1897	0.079290033	0.288729836	-0.13014977
1898	0.099796433	0.33134655	-0.131753683
1899	0.1776026	0.520271607	-0.165066407
1900	0.769110967	2.284394994	-0.74617306
1901	0.130450467	0.350207275	-0.089306342
1902	0.224632333	0.811744501	-0.362479834
1903	0.1365642	0.446959007	-0.173830607
1904	0.202761833	0.763999342	-0.358475675
1905	0.014198733	0.088438504	-0.060041038
1906	0.004615333	0.028940215	-0.019709548
1907	0.047589967	0.175850256	-0.080670322
1908	0.02243	0.089941596	-0.045081596
1909	0.021797767	0.086784594	-0.043189061
1910	0.038185733	0.127215276	-0.050843809
1911	0.0675102	0.252166394	-0.117145994
1912	0.035671667	0.114106394	-0.042763061
1913	0.025745567	0.083155251	-0.031664117
1914	0.0233341	0.05750109	-0.01083289
1915	0.0225273	0.054934178	-0.009879578
1916	0.025980367	0.056623964	-0.004663231
1917	0.028636267	0.060427199	-0.003154666
1918	0.033563833	0.066568742	0.000558925
1919	0.043444	0.078501575	0.008386425
1920	0.052153933	0.09091074	0.013397126
1921	0.061050433	0.102189775	0.019911092
1922	0.069004433	0.117451201	0.020557665
1923	0.0667359	0.108584302	0.024887498
1924	0.063936133	0.104969336	0.022902931
1925	0.064242133	0.099426484	0.029057783
1926	0.066245933	0.101074991	0.031416875
1927	0.072721	0.106729482	0.038712518
1928	0.081956033	0.117506097	0.04640597
1929	0.090521967	0.128513406	0.052530528
1930	0.097638867	0.133242538	0.062035195
1931	0.103601633	0.140244044	0.066959223
1932	0.1082039	0.146154784	0.070253016
1933	0.1121979	0.154506094	0.069889706
1934	0.112311067	0.150933796	0.073688337
1935	0.112629033	0.15014237	0.075115697
1936	0.118728767	0.155008665	0.082448869
1937	0.126018767	0.161345693	0.09069184
1938	0.131354767	0.166285085	0.096424449
1939	0.1346535	0.169642667	0.099664333
1940	0.137486367	0.172936884	0.10203585
1941	0.1408349	0.17614605	0.10552375
1942	0.1437194	0.179437461	0.108001339
1943	0.145844533	0.180758828	0.110930239
1944	0.1477683	0.182960244	0.112576356
1945	0.150326067	0.184938233	0.1157139
1946	0.152784333	0.186907154	0.118661512
1947	0.154746867	0.188566766	0.120926967
1948	0.156597167	0.190300002	0.122894332
1949	0.157041067	0.191124665	0.122957468
1950	0.155378233	0.190352062	0.120404405
1951	0.1547564	0.190496497	0.119016303
1952	0.158065033	0.193636868	0.122493198
1953	0.161250567	0.196979416	0.125521717
1954	0.1646028	0.199815536	0.129390064
1955	0.1677426	0.202704768	0.132780432
1956	0.170934367	0.205720392	0.136148342
1957	0.173784333	0.208650239	0.138918428
1958	0.175863267	0.210513732	0.141212802
1959	0.1773291	0.211595887	0.143062313
1960	0.1786906	0.212904726	0.144476474
1961	0.180006733	0.214511316	0.145502151
1962	0.181187067	0.215957952	0.146416181
1963	0.182772767	0.217593013	0.147952521
1964	0.1841296	0.219053182	0.149206018
1965	0.1854596	0.220742632	0.150176568
1966	0.186604533	0.222269214	0.150939853
1967	0.188127533	0.22386457	0.152390496
1968	0.189679233	0.225405468	0.153952998
1969	0.191092733	0.226955189	0.155230278
1970	0.192355267	0.228465827	0.156244706
1971	0.193332367	0.229600591	0.157064142
1972	0.1939802	0.23024519	0.15771521
1973	0.194697733	0.231014485	0.158380981
1974	0.195918	0.232514709	0.159321291
1975	0.197048633	0.233922901	0.160174365
1976	0.198218733	0.235085006	0.161352461
1977	0.199339633	0.236200976	0.162478291
1978	0.200435733	0.237466788	0.163404679
1979	0.201554133	0.238830799	0.164277467
1980	0.202722333	0.240215196	0.165229471
1981	0.203834533	0.241462284	0.166206783
1982	0.204938967	0.242731818	0.167146115
1983	0.2060238	0.244037742	0.168009858
1984	0.2069583	0.245130547	0.168786053
1985	0.207655067	0.245760363	0.169549771
1986	0.208347567	0.246392595	0.170302538
1987	0.2091042	0.247034804	0.171173596
1988	0.2098179	0.247621639	0.172014161
1989	0.210466767	0.248320279	0.172613255
1990	0.211112833	0.24908274	0.173142926
1991	0.211721	0.249723802	0.173718198
1992	0.212312667	0.250305769	0.174319564
1993	0.212914533	0.250973976	0.17485509
1994	0.2133577	0.251576224	0.175139176
1995	0.2137829	0.252215534	0.175350266
1996	0.213829367	0.252368766	0.175289967
1997	0.213864233	0.252518927	0.17520954
1998	0.213822067	0.25230632	0.175337813
1999	0.213821967	0.252169249	0.175474684
2000	0.2136651	0.252059482	0.175270718
2001	0.2133903	0.251859109	0.174921491
2002	0.2133797	0.252062819	0.174696581
2003	0.213762433	0.252723108	0.174801759
2004	0.2141991	0.253453463	0.174944737
2005	0.214758533	0.25449966	0.175017407
2006	0.215408667	0.255694443	0.17512289
2007	0.215852967	0.256559064	0.175146869
2008	0.216314367	0.257426393	0.175202341
2009	0.216721567	0.257455054	0.17598808
2010	0.217091267	0.257453384	0.176729149
2011	0.2170159	0.257253348	0.176778452
2012	0.216733233	0.256896115	0.176570351
2013	0.2165921	0.256700263	0.176483937
2014	0.216841067	0.257019454	0.176662679
2015	0.2168721	0.257007559	0.176736641
2016	0.216700233	0.256621958	0.176778509
2017	0.216869367	0.256595487	0.177143247
2018	0.217223433	0.256752446	0.177694421
2019	0.2173826	0.256735106	0.178030094
2020	0.2173137	0.256453318	0.178174082
2021	0.217272533	0.25624392	0.178301146
2022	0.216709533	0.255336048	0.178083019
2023	0.216057633	0.254315057	0.177800209
2024	0.215457433	0.253343213	0.177571653
2025	0.2149315	0.252527494	0.177335506
2026	0.214585467	0.252121795	0.177049138
2027	0.214323767	0.251972702	0.176674831
2028	0.213847233	0.251603263	0.176091204
2029	0.213144333	0.250955968	0.175332699
2030	0.21246	0.250292925	0.174627075
2031	0.2115053	0.249124176	0.173886424
2032	0.2105744	0.24798505	0.17316375
2033	0.209569967	0.246866315	0.172273618
2034	0.2085775	0.245800727	0.171354273
2035	0.207736433	0.244761098	0.170711769
2036	0.206937667	0.243742836	0.170132498
2037	0.205923267	0.242475986	0.169370547
2038	0.2048447	0.241096129	0.168593271
2039	0.203853867	0.239850582	0.167857152
2040	0.202969167	0.238751776	0.167186557
2041	0.202036	0.23761703	0.16645497
2042	0.201218133	0.236583884	0.165852382
2043	0.200421633	0.235578566	0.1652647
2044	0.199398767	0.234399377	0.164398156
2045	0.1983059	0.233163459	0.163448341
2046	0.197319033	0.232116155	0.162521911
2047	0.196352067	0.231119129	0.161585004
2048	0.1955916	0.230437431	0.160745769
2049	0.1947725	0.22970056	0.15984444
2050	0.193884	0.228816949	0.158951051
2051	0.193033167	0.227987515	0.158078819
2052	0.192061167	0.226956893	0.15716544
2053	0.190917733	0.225628324	0.156207142
2054	0.189660833	0.224146954	0.155174713
2055	0.1882416	0.222437601	0.154045599
2056	0.1869236	0.220864142	0.152983058
2057	0.1859253	0.219603695	0.152246905
2058	0.184977333	0.218405722	0.151548945
2059	0.184464	0.217713643	0.151214357
2060	0.1840471	0.217124855	0.150969345
2061	0.1834013	0.216388776	0.150413824
2062	0.182758567	0.215803066	0.149714068
2063	0.1823116	0.215450914	0.149172286
2064	0.181833333	0.214915216	0.148751451
2065	0.1812263	0.214070169	0.148382431
2066	0.1805743	0.213170115	0.147978485
2067	0.1799423	0.212383384	0.147501216
2068	0.179585133	0.211927643	0.147242623
2069	0.1792615	0.211529801	0.146993199
2070	0.178703867	0.210999078	0.146408655
2071	0.1780865	0.210413269	0.145759731
2072	0.177436767	0.209659513	0.14521402
2073	0.176856267	0.208958205	0.144754329
2074	0.176506233	0.208558907	0.14445356
2075	0.176164067	0.208202169	0.144125965
2076	0.175838933	0.207774315	0.143903552
2077	0.1755026	0.207283395	0.143721805
2078	0.175217467	0.206922901	0.143512032
2079	0.175043867	0.206665142	0.143422591
2080	0.174752767	0.206234841	0.143270693
2081	0.174154433	0.205463621	0.142845246
2082	0.173553467	0.204701839	0.142405094
2083	0.1729737	0.203990137	0.141957263
2084	0.172478133	0.203408823	0.141547444
2085	0.172329267	0.20335751	0.141301023
2086	0.172201067	0.203349283	0.14105285
2087	0.171818067	0.202993932	0.140642201
2088	0.171430067	0.202633332	0.140226801
2089	0.171174733	0.202372669	0.139976797
2090	0.171033	0.202187969	0.139878031
2091	0.170933933	0.202108707	0.13975916
2092	0.1706974	0.201910826	0.139483974
2093	0.170455367	0.2016234	0.139287334
2094	0.170329767	0.201414463	0.13924507
2095	0.1702403	0.201218399	0.139262201
2096	0.170211733	0.201029249	0.139394218
2097	0.170145333	0.200855888	0.139434779
2098	0.169849867	0.200626508	0.139073225
2099	0.169516267	0.200371765	0.138660768
2100	0.169229667	0.200075846	0.138383488
2101	0.168965467	0.199776661	0.138154273
2102	0.168862	0.199607712	0.138116288
2103	0.168802433	0.199497606	0.138107261
2104	0.168616933	0.199251695	0.137982172
2105	0.1683997	0.19894055	0.13785885
2106	0.168140133	0.198638392	0.137641874
2107	0.167951233	0.198490536	0.137411931
2108	0.1677969	0.198308364	0.137285436
2109	0.167644967	0.197998242	0.137291692
2110	0.167606867	0.197875231	0.137338503
2111	0.167874933	0.198289257	0.13746061
2112	0.168176233	0.198739629	0.137612838
2113	0.1683938	0.198941469	0.137846131
2114	0.168545767	0.199064355	0.138027179
2115	0.168524167	0.199172382	0.137875951
2116	0.1684932	0.199264281	0.137722119
2117	0.168565067	0.199381765	0.137748368
2118	0.1686014	0.199442009	0.137760791
2119	0.168549767	0.199426967	0.137672566
2120	0.168503367	0.199555472	0.137451261
2121	0.1684747	0.199557669	0.137391731
2122	0.1686292	0.19959806	0.13766034
2123	0.168778233	0.199676746	0.137879721
2124	0.168789333	0.199685027	0.137893639
2125	0.168894133	0.199847078	0.137941188
2126	0.169132333	0.200211511	0.138053156
2127	0.169352967	0.200556182	0.138149751
2128	0.1694602	0.200722361	0.138198039
2129	0.169499767	0.200795123	0.13820441
2130	0.169393433	0.200649828	0.138137039
2131	0.169371533	0.200571959	0.138171107
2132	0.169375167	0.2004697	0.138280634
2133	0.169357033	0.20041298	0.138301087
2134	0.169530167	0.200545321	0.138515012
2135	0.169797867	0.20073839	0.138857343
2136	0.170128933	0.201151364	0.139106503
2137	0.1703694	0.201549846	0.139188954
2138	0.170444233	0.201737203	0.139151263
2139	0.1704119	0.201725079	0.139098721
2140	0.170389133	0.201696358	0.139081908
2141	0.170713	0.202163001	0.139262999
2142	0.171111867	0.202751791	0.139471943
2143	0.171374	0.203134393	0.139613607
2144	0.171609733	0.203441037	0.139778429
2145	0.171908333	0.203713674	0.140102992
2146	0.1720996	0.203866587	0.140332613
2147	0.172289667	0.204088784	0.14049055
2148	0.1726614	0.204477124	0.140845676
2149	0.173254333	0.205156076	0.141352591
2150	0.1738843	0.20584254	0.14192606
2151	0.174337933	0.206204103	0.142471764
2152	0.174514133	0.206266422	0.142761845
2153	0.174660833	0.206319705	0.143001962
2154	0.1750423	0.206672897	0.143411703
2155	0.175474233	0.207135647	0.14381282
2156	0.1758598	0.20771466	0.14400494
2157	0.1762612	0.208308451	0.144213949
2158	0.176762033	0.208949308	0.144574759
2159	0.1772794	0.209587661	0.144971139
2160	0.1777697	0.210094553	0.145444847
2161	0.178246133	0.210568146	0.14592412
2162	0.178703733	0.211080272	0.146327194
2163	0.179186833	0.211623147	0.14675052
2164	0.1795945	0.212004462	0.147184538
2165	0.179996767	0.212334765	0.147658768
2166	0.180507433	0.212781039	0.148233828
2167	0.181163533	0.213443502	0.148883564
2168	0.1818188	0.214185617	0.149451983
2169	0.182214967	0.214731495	0.149698438
2170	0.1826458	0.215258628	0.150032972
2171	0.183225667	0.215816827	0.150634506
2172	0.1837767	0.216410501	0.151142899
2173	0.184206467	0.216934271	0.151478662
2174	0.1845088	0.217264861	0.151752739
2175	0.1848285	0.217594763	0.152062237
2176	0.185305133	0.218150531	0.152459736
2177	0.185852967	0.218834766	0.152871167
2178	0.1862953	0.219375323	0.153215277
2179	0.186814767	0.219838292	0.153791241
2180	0.1873661	0.220300775	0.154431425
2181	0.187666833	0.220540801	0.154792866
2182	0.1879966	0.220824668	0.155168532
2183	0.188401067	0.22133019	0.155471943
2184	0.188851967	0.221866234	0.155837699
2185	0.1893727	0.222434847	0.156310553
2186	0.189747633	0.222961958	0.156533308
2187	0.1900291	0.223354663	0.156703537
2188	0.1905401	0.223965511	0.157114689
2189	0.191194	0.224758416	0.157629584
2190	0.1918414	0.225367956	0.158314844
2191	0.192386833	0.225897412	0.158876255
2192	0.192599867	0.226137438	0.159062296
2193	0.192719533	0.226256927	0.15918214
2194	0.192832067	0.226470263	0.15919387
2195	0.193019133	0.226824777	0.15921349
2196	0.193289733	0.227175118	0.159404348
2197	0.193532833	0.227497378	0.159568289
2198	0.193776833	0.227736462	0.159817205
2199	0.1941141	0.227956065	0.160272135
2200	0.1944519	0.228223776	0.160680024
2201	0.194772567	0.228615257	0.160929876
2202	0.195111667	0.229037447	0.161185886
2203	0.1954983	0.229440715	0.161555885
2204	0.195956433	0.229919945	0.161992922
2205	0.196409267	0.230322127	0.162496407
2206	0.1968749	0.230782475	0.162967325
2207	0.197204867	0.231108282	0.163301451
2208	0.197475167	0.231406985	0.163543348
2209	0.197758533	0.231888804	0.163628263
2210	0.1980731	0.232362858	0.163783342
2211	0.198265933	0.232620463	0.163911404
2212	0.198405833	0.232793926	0.164017741
2213	0.1985891	0.232885801	0.164292399
2214	0.198763	0.232999946	0.164526054
2215	0.1987502	0.233096025	0.164404375
2216	0.1987481	0.233170716	0.164325484
2217	0.1987303	0.233136471	0.164324129
2218	0.198640633	0.233036046	0.164245221
2219	0.1986405	0.233078573	0.164202427
2220	0.198521233	0.233000322	0.164042145
2221	0.198231967	0.232656766	0.163807167
2222	0.197954167	0.232261599	0.163646734
2223	0.1976078	0.2317376	0.163478
2224	0.197244033	0.231221534	0.163266532
2225	0.196914167	0.230758046	0.163070288
2226	0.1967039	0.230551675	0.162856125
2227	0.196483233	0.230375513	0.162590954
2228	0.196005867	0.229702891	0.162308842
2229	0.195554767	0.229006878	0.162102656
2230	0.195344033	0.228740117	0.16194795
2231	0.195040033	0.228422737	0.16165733
2232	0.194221767	0.227580689	0.160862844
2233	0.193288233	0.226629194	0.159947273
2234	0.192147933	0.225391246	0.158904621
2235	0.190924133	0.224046258	0.157802008
2236	0.189717567	0.222758237	0.156676897
2237	0.188555333	0.221452572	0.155658095
2238	0.1874595	0.220114688	0.154804312
2239	0.186393767	0.218822173	0.15396536
2240	0.185495133	0.217813011	0.153177256
2241	0.184528733	0.21673089	0.152326576
2242	0.183592933	0.215762476	0.151423391
2243	0.182599767	0.214822088	0.150377446
2244	0.181217033	0.213362792	0.149071274
2245	0.179781267	0.211887216	0.147675317
2246	0.178333967	0.210304298	0.146363635
2247	0.176884167	0.208524666	0.145243667
2248	0.175421733	0.206770797	0.144072669
2249	0.174060967	0.205249389	0.142872544
2250	0.1728195	0.203967346	0.141671654
2251	0.171573933	0.202681618	0.140466249
2252	0.1702547	0.201234199	0.139275201
2253	0.168765567	0.199511852	0.138019281
2254	0.167222333	0.19772334	0.136721326
2255	0.1657594	0.195979922	0.135538878
2256	0.164381233	0.194359326	0.13440314
2257	0.163045733	0.192750142	0.133341325
2258	0.161638033	0.19102986	0.132246206
2259	0.160284767	0.189476007	0.131093526
2260	0.1590086	0.188015006	0.130002194
2261	0.157603267	0.186469396	0.128737137
2262	0.156327767	0.185114016	0.127541518
2263	0.155455267	0.184121161	0.126789373
2264	0.154531533	0.183080676	0.12598239
2265	0.1536883	0.182207818	0.125168782
2266	0.152854633	0.181437269	0.124271998
2267	0.1517187	0.180124532	0.123312868
2268	0.150363533	0.178352629	0.122374438
2269	0.149140567	0.176891697	0.121389436
2270	0.148323	0.17600347	0.12064253
2271	0.1474923	0.175158822	0.119825778
2272	0.1469481	0.174531575	0.119364625
2273	0.146620567	0.174103344	0.119137789
2274	0.146476367	0.173998015	0.118954718
2275	0.146278933	0.173833839	0.118724028
2276	0.1457539	0.173088962	0.118418838
2277	0.145072267	0.172132531	0.118012002
2278	0.1444654	0.171421868	0.117508932
2279	0.144048667	0.171013089	0.117084244
2280	0.143950833	0.171005659	0.116896008
2281	0.143924633	0.171099133	0.116750134
2282	0.1440848	0.171291754	0.116877846
2283	0.144106067	0.171209674	0.117002459
2284	0.143647933	0.170768946	0.116526921
2285	0.143141	0.170336081	0.115945919
2286	0.142656667	0.169988123	0.11532521
2287	0.1420961	0.169730643	0.114461557
2288	0.141455667	0.16912261	0.113788723
2289	0.140787967	0.168302001	0.113273932
2290	0.1402672	0.167645551	0.112888849
2291	0.1399116	0.166943099	0.112880101
2292	0.139220333	0.165985694	0.112454973
2293	0.1382862	0.164856572	0.111715828
2294	0.1374322	0.163796214	0.111068186
2295	0.136680033	0.163000169	0.110359897
2296	0.136007233	0.162279522	0.109734945
2297	0.135429967	0.161707753	0.109152181
2298	0.1347877	0.161024879	0.108550521
2299	0.133966533	0.160051336	0.107881731
2300	0.1331613	0.159141173	0.107181427
2301	0.132515467	0.158436593	0.10659434
2302	0.131985733	0.157857247	0.10611422
2303	0.1316746	0.157501944	0.105847256
2304	0.131312033	0.157088418	0.105535648
2305	0.130949	0.156698373	0.105199627
2306	0.1307219	0.156503229	0.104940571
2307	0.1307651	0.156711145	0.104819055
2308	0.130844067	0.156969095	0.104719038
2309	0.1309713	0.157193139	0.104749461
2310	0.1311238	0.157414561	0.104833039
2311	0.131443533	0.157650595	0.105236472
2312	0.131787467	0.157904616	0.105670317
2313	0.1320868	0.158153543	0.106020057
2314	0.132375733	0.158350773	0.106400694
2315	0.132710267	0.15865377	0.106766764
2316	0.1331019	0.159148833	0.107054967
2317	0.133644867	0.159676494	0.107613239
2318	0.134253067	0.160125887	0.108380246
2319	0.134892833	0.160748668	0.109036999
2320	0.135568167	0.161564763	0.10957157
2321	0.1361064	0.162215205	0.109997595
2322	0.136033667	0.162144623	0.10992271
2323	0.1359161	0.16207452	0.10975768
2324	0.1358472	0.162144668	0.109549732
2325	0.135559267	0.161901555	0.109216978
2326	0.135241967	0.161577442	0.108906491
2327	0.135083767	0.161490931	0.108676602
2328	0.134881933	0.161465796	0.10829807
2329	0.134586133	0.161353493	0.107818774
2330	0.134192167	0.160904266	0.107480067
2331	0.133891333	0.160457966	0.1073247
2332	0.1338412	0.160173898	0.107508502
2333	0.133684167	0.159840911	0.107527423
2334	0.133364033	0.159452138	0.107275929
2335	0.133201267	0.159219098	0.107183436
2336	0.1331648	0.159224865	0.107104735
2337	0.132998233	0.159162339	0.106834128
2338	0.132531633	0.158543707	0.106519559
2339	0.1320397	0.157889995	0.106189405
2340	0.1317346	0.157576154	0.105893046
2341	0.131546667	0.157333017	0.105760316
2342	0.131323867	0.157019386	0.105628347
2343	0.131007967	0.156615588	0.105400345
2344	0.1306819	0.156413181	0.104950619
2345	0.1304049	0.15636363	0.10444617
2346	0.129997567	0.155951123	0.10404401
2347	0.129298733	0.155212404	0.103385062
2348	0.1289418	0.154901214	0.102982386
2349	0.129071333	0.15510312	0.103039547
2350	0.129329067	0.155275256	0.103382878
2351	0.1297365	0.155555746	0.103917254
2352	0.130070767	0.155922132	0.104219402
2353	0.130127033	0.155993421	0.104260646
2354	0.1304143	0.156324649	0.104503951
2355	0.131122733	0.157253148	0.104992318
2356	0.131661133	0.158036392	0.105285875
2357	0.132025633	0.158506136	0.105545131
2358	0.132277033	0.15881181	0.105742257
2359	0.132399533	0.15884983	0.105949237
2360	0.132682867	0.159158873	0.10620686
2361	0.133014733	0.15946981	0.106559657
2362	0.1332347	0.159625191	0.106844209
2363	0.133024833	0.159386495	0.106663172
2364	0.132679867	0.158976177	0.106383556
2365	0.132318933	0.158361995	0.106275872
2366	0.1319645	0.157789252	0.106139748
2367	0.131693967	0.15738448	0.106003453
2368	0.1315803	0.157176719	0.105983881
2369	0.131596667	0.157362719	0.105830614
2370	0.131396733	0.157480871	0.105312596
2371	0.130758167	0.156738067	0.104778266
2372	0.130186167	0.155912354	0.104459979
2373	0.130484633	0.156351538	0.104617728
2374	0.130993167	0.157107292	0.104879042
2375	0.130836133	0.156917468	0.104754799
2376	0.130436133	0.15651085	0.104361417
2377	0.130166033	0.156339969	0.103992098
2378	0.129938233	0.156293618	0.103582849
2379	0.129873967	0.15628087	0.103467063
2380	0.1297343	0.156271733	0.103196867
2381	0.129654867	0.155988397	0.103321337
2382	0.129752867	0.155805277	0.103700457
2383	0.129403067	0.155571527	0.103234606
2384	0.129009767	0.155512194	0.102507339
2385	0.1290888	0.155752851	0.102424749
2386	0.129110467	0.155768808	0.102452126
2387	0.129203	0.155787245	0.102618755
2388	0.129365167	0.15563459	0.103095743
2389	0.1290639	0.155101199	0.103026601
2390	0.128816	0.154793971	0.102838029
2391	0.1287842	0.154912392	0.102656008
2392	0.128677933	0.155011437	0.102344429
2393	0.1287623	0.154958248	0.102566352
2394	0.129019267	0.154761386	0.103277147
2395	0.129241867	0.154723054	0.10376068
2396	0.1295686	0.154960329	0.104176871
2397	0.129683133	0.155024334	0.104341932
2398	0.1295424	0.15516685	0.10391795
2399	0.129337733	0.155123439	0.103552028
2400	0.1286736	0.154407936	0.102939264
2401	0.127958567	0.153809641	0.102107492
2402	0.127412067	0.153282947	0.101541187
2403	0.127002067	0.15284873	0.101155403
2404	0.126944367	0.152579372	0.101309362
2405	0.127152733	0.152816896	0.10148857
2406	0.127460667	0.15371138	0.101209954
2407	0.127444567	0.154256972	0.100632161
2408	0.1261866	0.152374927	0.099998273
2409	0.12462	0.15024426	0.09899574
2410	0.123301867	0.148906871	0.097696862
2411	0.122140433	0.147806398	0.096474468
2412	0.121076733	0.146470544	0.095682923
2413	0.119867467	0.145026053	0.09470888
2414	0.1189243	0.143575458	0.094273142
2415	0.118312467	0.142763345	0.093861588
2416	0.118138	0.142524116	0.093751884
2417	0.117927733	0.142446756	0.093408711
2418	0.117877467	0.14270853	0.093046404
2419	0.1177486	0.143143969	0.092353231
2420	0.1173817	0.14242311	0.09234029
2421	0.1173645	0.141797573	0.092931427
2422	0.118544	0.143207161	0.093880839
2423	0.1195275	0.144840866	0.094214134
2424	0.118381967	0.143603441	0.093160492
2425	0.117076767	0.141702151	0.092451383
2426	0.1162504	0.140563293	0.091937507
2427	0.1152644	0.139649772	0.090879028
2428	0.1142833	0.138542231	0.090024369
2429	0.1128123	0.136910769	0.088713831
2430	0.112433867	0.136517645	0.088350088
2431	0.113126533	0.13775159	0.088501477
2432	0.112561267	0.137756907	0.087365626
2433	0.1112343	0.136777229	0.085691371
2434	0.110377233	0.135826488	0.084927979
2435	0.109651333	0.135096418	0.084206249
2436	0.108254333	0.133441445	0.083067222
2437	0.1067125	0.131304463	0.082120537
2438	0.106031967	0.130555079	0.081508854
2439	0.105701467	0.130878499	0.080524435
2440	0.104889767	0.130397593	0.079381941
2441	0.104185333	0.129638352	0.078732315
2442	0.103119633	0.128201246	0.078038021
2443	0.100747967	0.12567982	0.075816113
2444	0.097951633	0.12272072	0.073182546
2445	0.095804833	0.119890155	0.071719512
2446	0.094084267	0.118246167	0.069922366
2447	0.0929025	0.117654459	0.068150541
2448	0.091211233	0.116357968	0.066064499
2449	0.087954833	0.113376352	0.062533315
2450	0.085249233	0.111200778	0.059297689
2451	0.084118933	0.11041854	0.057819326
2452	0.083546867	0.10952935	0.057564384
2453	0.0839477	0.109580056	0.058315344
2454	0.085074067	0.110736737	0.059411397
2455	0.087176067	0.111420505	0.062931628
2456	0.088427433	0.111465897	0.065388969
2457	0.0879908	0.110525261	0.065456339
2458	0.086918933	0.109340133	0.064497733
2459	0.084522333	0.106791051	0.062253616
2460	0.082930933	0.105769533	0.060092334
2461	0.0823206	0.105809118	0.058832082
2462	0.081706867	0.105451728	0.057962005
2463	0.0814539	0.104428599	0.058479201
2464	0.080191233	0.103193053	0.057189414
2465	0.077784433	0.100579754	0.054989113
2466	0.0756329	0.098132881	0.053132919
2467	0.0734767	0.095177481	0.051775919
2468	0.0714254	0.093515755	0.049335045
2469	0.070731733	0.094029692	0.047433775
2470	0.070111733	0.095383308	0.044840158
2471	0.068243267	0.092647895	0.043838639
2472	0.066550433	0.089932866	0.043168001
2473	0.066799233	0.0904479	0.043150567
2474	0.0656861	0.090923965	0.040448235
2475	0.061275267	0.085725316	0.036825217
2476	0.057325267	0.081830703	0.03281983
2477	0.053519633	0.078447294	0.028591973
2478	0.049344667	0.076811242	0.021878091
2479	0.046819	0.074168872	0.019469128
2480	0.043030167	0.071426326	0.014634007
2481	0.0384615	0.068057796	0.008865204
2482	0.0333319	0.063950434	0.002713366
2483	0.0269132	0.053701139	0.000125261
2484	0.020126633	0.046682924	-0.006429658
2485	0.0170627	0.03969953	-0.00557413
2486	0.014999067	0.034048678	-0.004050545
2487	0.013088533	0.028055061	-0.001877995
2488	0.011192767	0.024637586	-0.002252052
2489	0.013859133	0.032249287	-0.004531021
2490	0.018213533	0.043712228	-0.007285161
2491	0.0196427	0.045055424	-0.005770024
2492	0.021554967	0.049924918	-0.006814985
2493	0.023922333	0.058013744	-0.010169078
2494	0.025273233	0.066859236	-0.016312769
2495	0.030052033	0.066962723	-0.006858657
2496	0.0320816	0.067671606	-0.003508406
2497	0.028289467	0.060223967	-0.003645034
2498	0.027030967	0.06437499	-0.010313057
2499	0.029130133	0.062334196	-0.004073929
2500	0.030408333	0.059428383	0.001388284
