Wavelength	Mean	Std+	Std-
350	0.01251555	0.016546273	0.008484827
351	0.0125971	0.016637064	0.008557136
352	0.01253775	0.016577878	0.008497622
353	0.0126519	0.016719848	0.008583952
354	0.0128656	0.016952877	0.008778323
355	0.0131333	0.01723048	0.00903612
356	0.0129271	0.017043836	0.008810364
357	0.01273215	0.016873778	0.008590522
358	0.01260175	0.016771396	0.008432104
359	0.0126973	0.01689003	0.00850457
360	0.01279125	0.016990186	0.008592314
361	0.0128763	0.017083427	0.008669173
362	0.01294715	0.017173735	0.008720565
363	0.0129913	0.017217096	0.008765504
364	0.01299985	0.017241884	0.008757816
365	0.0129714	0.017247683	0.008695117
366	0.0129083	0.017178344	0.008638256
367	0.0128922	0.017164654	0.008619746
368	0.012931	0.017217058	0.008644942
369	0.01308725	0.017413008	0.008761492
370	0.0129584	0.017312746	0.008604054
371	0.012836	0.017212626	0.008459374
372	0.0129343	0.017327626	0.008540974
373	0.0130797	0.017469359	0.008690041
374	0.01316145	0.017570058	0.008752842
375	0.0131629	0.017619245	0.008706555
376	0.01341525	0.017858912	0.008971588
377	0.01333375	0.017802356	0.008865144
378	0.01307985	0.017598118	0.008561582
379	0.0131704	0.017724395	0.008616405
380	0.01323515	0.017805931	0.008664369
381	0.0133034	0.01788062	0.00872618
382	0.0134011	0.017977862	0.008824338
383	0.0136566	0.018265815	0.009047385
384	0.01375385	0.018383692	0.009124008
385	0.01362445	0.018253977	0.008994923
386	0.0135086	0.018203577	0.008813623
387	0.0135789	0.018318033	0.008839767
388	0.0137327	0.018496005	0.008969395
389	0.013591	0.018349646	0.008832354
390	0.0137976	0.018582119	0.009013081
391	0.0140013	0.018824322	0.009178278
392	0.01387065	0.018732857	0.009008443
393	0.01384665	0.018747011	0.008946289
394	0.01394425	0.018883653	0.009004847
395	0.01416565	0.019143949	0.009187351
396	0.01407735	0.019084693	0.009070007
397	0.01406625	0.019103114	0.009029386
398	0.01410845	0.019178809	0.009038091
399	0.0141542	0.019280735	0.009027665
400	0.0141769	0.019335239	0.009018561
401	0.0142399	0.019435085	0.009044715
402	0.0144314	0.019702885	0.009159915
403	0.0146353	0.019957731	0.009312869
404	0.01478455	0.020150394	0.009418706
405	0.0148615	0.020268164	0.009454836
406	0.01505155	0.02052157	0.00958153
407	0.01519115	0.020721701	0.009660599
408	0.0153046	0.020894418	0.009714782
409	0.015547	0.021209892	0.009884108
410	0.01582095	0.02156252	0.01007938
411	0.0160745	0.021894124	0.010254876
412	0.01624075	0.022131754	0.010349746
413	0.01653665	0.022501808	0.010571492
414	0.0168436	0.022884702	0.010802498
415	0.01713185	0.023252473	0.011011227
416	0.01738865	0.023583181	0.011194119
417	0.01765375	0.023929282	0.011378218
418	0.01793275	0.024294596	0.011570904
419	0.01826385	0.024702137	0.011825563
420	0.018613	0.025132589	0.012093411
421	0.018949	0.025553307	0.012344693
422	0.0192158	0.025908584	0.012523016
423	0.019533	0.026313588	0.012752412
424	0.01984455	0.026707391	0.012981709
425	0.0201294	0.027064901	0.013193899
426	0.0204199	0.02743066	0.01340914
427	0.02071985	0.027807562	0.013632138
428	0.0210309	0.028197992	0.013863808
429	0.02135565	0.028609565	0.014101735
430	0.0216095	0.028947522	0.014271478
431	0.0218381	0.029257109	0.014419091
432	0.02212365	0.029619935	0.014627365
433	0.02243135	0.030007533	0.014855167
434	0.02272525	0.030380413	0.015070087
435	0.02298825	0.030720759	0.015255741
436	0.0232376	0.031040907	0.015434293
437	0.02346445	0.031336172	0.015592728
438	0.02367355	0.031612855	0.015734245
439	0.0239042	0.031915815	0.015892585
440	0.0241282	0.032206977	0.016049423
441	0.02434035	0.032483435	0.016197265
442	0.0245256	0.032737447	0.016313753
443	0.02478385	0.033068259	0.016499441
444	0.0250297	0.033380672	0.016678728
445	0.02520755	0.033611839	0.016803261
446	0.02543505	0.033903047	0.016967053
447	0.02566835	0.034200103	0.017136597
448	0.02589985	0.034494696	0.017305004
449	0.026039	0.034695601	0.017382399
450	0.0261999	0.034918062	0.017481738
451	0.0263768	0.035155721	0.017597879
452	0.02656095	0.035398767	0.017723133
453	0.02674565	0.03563636	0.01785494
454	0.0269351	0.035877646	0.017992554
455	0.02713485	0.036131541	0.018138159
456	0.02731365	0.036365854	0.018261446
457	0.02748345	0.036593837	0.018373063
458	0.02764455	0.036815669	0.018473431
459	0.02784985	0.037074657	0.018625043
460	0.0279795	0.037261799	0.018697201
461	0.02808	0.037421352	0.018738648
462	0.028298	0.03769037	0.01890563
463	0.02848565	0.037926316	0.019044984
464	0.02865415	0.038143452	0.019164848
465	0.02880315	0.038343804	0.019262496
466	0.02894025	0.038535093	0.019345407
467	0.02907705	0.038728771	0.019425329
468	0.0292156	0.038927104	0.019504096
469	0.0293912	0.039145964	0.019636436
470	0.0295622	0.039365899	0.019758501
471	0.02972995	0.03958729	0.01987261
472	0.02990675	0.039818945	0.019994555
473	0.0300511	0.04001233	0.02008987
474	0.03020065	0.040211342	0.020189958
475	0.0303971	0.040464559	0.020329641
476	0.0305469	0.040662931	0.020430869
477	0.03069585	0.040860155	0.020531545
478	0.0308547	0.041069242	0.020640158
479	0.0310006	0.041263097	0.020738103
480	0.03115575	0.041468657	0.020842843
481	0.0313183	0.041682825	0.020953775
482	0.03148025	0.041891079	0.021069421
483	0.0316445	0.042103882	0.021185118
484	0.03180705	0.042315964	0.021298136
485	0.0319568	0.04251435	0.02139925
486	0.03215625	0.04276422	0.02154828
487	0.03232795	0.042985466	0.021670434
488	0.0324424	0.043148315	0.021736485
489	0.0326174	0.043382501	0.021852299
490	0.0327755	0.043593149	0.021957851
491	0.03292245	0.043786094	0.022058806
492	0.0331249	0.044040169	0.022209631
493	0.0333091	0.044274459	0.022343741
494	0.0334826	0.044498701	0.022466499
495	0.03365165	0.044722622	0.022580678
496	0.0338471	0.044971668	0.022722532
497	0.03402795	0.04520489	0.02285101
498	0.03417725	0.045405607	0.022948893
499	0.0344025	0.045674217	0.023130783
500	0.03462495	0.045943324	0.023306576
501	0.0348344	0.046203323	0.023465477
502	0.0349834	0.0464086	0.0235582
503	0.03514375	0.046626609	0.023660891
504	0.03532705	0.046867652	0.023786448
505	0.0355725	0.047169044	0.023975956
506	0.0358067	0.04745827	0.02415513
507	0.03604005	0.047746972	0.024333128
508	0.03627905	0.04804243	0.02451567
509	0.0364879	0.048303904	0.024671896
510	0.0366907	0.048558019	0.024823381
511	0.03689305	0.04881101	0.02497509
512	0.03712995	0.049104902	0.025154998
513	0.0373626	0.049392076	0.025333124
514	0.03759965	0.04968348	0.02551582
515	0.0378567	0.049998357	0.025715043
516	0.03810395	0.050299284	0.025908616
517	0.03836645	0.050617547	0.026115353
518	0.03866045	0.05097262	0.02634828
519	0.0389387	0.051315507	0.026561893
520	0.03922275	0.051666287	0.026779213
521	0.03950955	0.05202054	0.02699856
522	0.03977095	0.052345948	0.027195952
523	0.04005885	0.052695404	0.027422296
524	0.040365	0.053063046	0.027666954
525	0.0406758	0.053439404	0.027912196
526	0.04097115	0.053797002	0.028145298
527	0.04128355	0.054171269	0.028395831
528	0.0416423	0.054593795	0.028690805
529	0.04193185	0.054949897	0.028913803
530	0.0422478	0.055332343	0.029163257
531	0.0426002	0.055750373	0.029450027
532	0.0429212	0.056131957	0.029710443
533	0.04328355	0.056551846	0.030015254
534	0.04366225	0.056988629	0.030335871
535	0.04398565	0.057381247	0.030590053
536	0.0443201	0.057780221	0.030859979
537	0.044672	0.058194789	0.031149211
538	0.0450574	0.058642933	0.031471867
539	0.04539965	0.059049787	0.031749513
540	0.04576595	0.059479763	0.032052137
541	0.04616635	0.059941781	0.032390919
542	0.0465673	0.060406472	0.032728128
543	0.04694675	0.060851495	0.033042005
544	0.04730935	0.061279583	0.033339117
545	0.04767715	0.061709754	0.033644546
546	0.04809805	0.062192288	0.034003812
547	0.04851665	0.062672659	0.034360641
548	0.04888135	0.063100965	0.034661735
549	0.0492914	0.063578577	0.035004223
550	0.04969995	0.064052819	0.035347081
551	0.05009655	0.064511631	0.035681469
552	0.0504964	0.064978944	0.036013856
553	0.050901	0.065448153	0.036353847
554	0.0513182	0.065927995	0.036708405
555	0.05178585	0.066456397	0.037115303
556	0.05222615	0.066959306	0.037492994
557	0.0526625	0.067459692	0.037865308
558	0.0531146	0.067976262	0.038252938
559	0.05351925	0.068448465	0.038590035
560	0.05395305	0.068949842	0.038956258
561	0.05443975	0.069502957	0.039376543
562	0.0548585	0.069990225	0.039726775
563	0.05531425	0.0705116	0.0401169
564	0.0557988	0.071059472	0.040538128
565	0.05625015	0.071575355	0.040924945
566	0.05669865	0.072091444	0.041305856
567	0.05715295	0.072615182	0.041690718
568	0.05762365	0.07315626	0.04209104
569	0.0580955	0.073699883	0.042491117
570	0.05857455	0.074247694	0.042901406
571	0.0590624	0.074799255	0.043325545
572	0.05957445	0.075378476	0.043770424
573	0.0600638	0.075938717	0.044188883
574	0.06053435	0.076481723	0.044586977
575	0.0610193	0.077027402	0.045011198
576	0.0615152	0.077590225	0.045440175
577	0.0620246	0.078169394	0.045879806
578	0.06255155	0.078763166	0.046339934
579	0.06305845	0.079346557	0.046770343
580	0.06357095	0.079933198	0.047208702
581	0.0640981	0.080527257	0.047668943
582	0.0645973	0.081093616	0.048100984
583	0.06510415	0.081668933	0.048539367
584	0.0656224	0.082257166	0.048987634
585	0.0661341	0.082832652	0.049435548
586	0.0666446	0.083409768	0.049879432
587	0.06717035	0.084003805	0.050336895
588	0.06773325	0.084632746	0.050833754
589	0.0682951	0.085268593	0.051321607
590	0.068842	0.08589526	0.05178874
591	0.06935295	0.086491244	0.052214656
592	0.0699073	0.087109912	0.052704688
593	0.0704822	0.087751435	0.053212965
594	0.07107735	0.088417527	0.053737173
595	0.07164605	0.089057137	0.054234963
596	0.0722132	0.089697709	0.054728691
597	0.0727926	0.09035223	0.05523297
598	0.07341975	0.091052526	0.055786974
599	0.0740503	0.091756525	0.056344075
600	0.07467275	0.092453406	0.056892094
601	0.07527085	0.093126525	0.057415175
602	0.07589905	0.093835386	0.057962714
603	0.07654465	0.094564919	0.058524381
604	0.07720545	0.095312496	0.059098404
605	0.077851	0.096045061	0.059656939
606	0.0785004	0.096780934	0.060219866
607	0.07915665	0.097522443	0.060790857
608	0.0798081	0.098252523	0.061363677
609	0.0804791	0.099000291	0.061957909
610	0.08117185	0.09977265	0.06257105
611	0.0818859	0.100572136	0.063199664
612	0.0825567	0.101323921	0.063789479
613	0.0832519	0.102099728	0.064404072
614	0.0839852	0.102913572	0.065056828
615	0.08473295	0.103746795	0.065719105
616	0.0854829	0.104573531	0.066392269
617	0.08622025	0.105382321	0.067058179
618	0.08688935	0.106126601	0.067652099
619	0.08758905	0.106888045	0.068290055
620	0.0883131	0.10766926	0.06895694
621	0.0890656	0.108479399	0.069651801
622	0.0897957	0.109268563	0.070322837
623	0.0905416	0.110079985	0.071003215
624	0.09130795	0.110919318	0.071696582
625	0.09206595	0.111743327	0.072388573
626	0.0928357	0.112577212	0.073094188
627	0.09361095	0.113414147	0.073807753
628	0.09438805	0.114247613	0.074528487
629	0.0951838	0.11510379	0.07526381
630	0.0959675	0.115948179	0.075986821
631	0.09671215	0.116751281	0.076673019
632	0.09751365	0.117607367	0.077419933
633	0.09828605	0.118438804	0.078133296
634	0.0990113	0.119229829	0.078792771
635	0.09983705	0.120118722	0.079555378
636	0.10064245	0.120991056	0.080293844
637	0.10142855	0.121847435	0.081009665
638	0.1021918	0.122683072	0.081700528
639	0.1030095	0.123574004	0.082444996
640	0.10383345	0.124478042	0.083188858
641	0.1046161	0.12535694	0.08387526
642	0.10542845	0.126257769	0.084599131
643	0.10625565	0.127171701	0.085339599
644	0.1071025	0.128105597	0.086099403
645	0.10790765	0.129008079	0.086807221
646	0.108735	0.129937556	0.087532444
647	0.1095771	0.130886576	0.088267624
648	0.11038355	0.131806016	0.088961084
649	0.1112474	0.132787292	0.089707508
650	0.11213495	0.133795104	0.090474796
651	0.11302695	0.134810869	0.091243031
652	0.1138831	0.135785635	0.091980565
653	0.1147462	0.136760551	0.092731849
654	0.1156495	0.137769003	0.093529997
655	0.11650125	0.138741964	0.094260536
656	0.1174159	0.139797179	0.095034621
657	0.11835705	0.140888258	0.095825842
658	0.11933075	0.141989765	0.096671735
659	0.1202968	0.143081453	0.097512147
660	0.1212602	0.144167656	0.098352744
661	0.1222275	0.145250844	0.099204156
662	0.12318275	0.146321491	0.100044009
663	0.1241282	0.147383291	0.100873109
664	0.1250595	0.148432461	0.101686539
665	0.12600805	0.149498735	0.102517365
666	0.126991	0.150600241	0.103381759
667	0.12800035	0.151728419	0.104272281
668	0.1289203	0.152760454	0.105080146
669	0.1298685	0.153826182	0.105910818
670	0.13083435	0.154911737	0.106756963
671	0.13180115	0.15599462	0.10760768
672	0.13275035	0.157062777	0.108437923
673	0.1337079	0.158139124	0.109276676
674	0.13469315	0.159240873	0.110145427
675	0.13567715	0.160343168	0.111011132
676	0.13664415	0.161427067	0.111861233
677	0.1375939	0.162492984	0.112694816
678	0.13855215	0.163583524	0.113520776
679	0.1395077	0.164665715	0.114349685
680	0.14046705	0.165749032	0.115185068
681	0.14144695	0.16685373	0.11604017
682	0.14242035	0.167948457	0.116892243
683	0.1433701	0.169014668	0.117725532
684	0.14428965	0.170043304	0.118535996
685	0.14519235	0.171044266	0.119340434
686	0.1461058	0.172091372	0.120120228
687	0.1470111	0.173172946	0.120849254
688	0.1480642	0.174394952	0.121733448
689	0.1491117	0.175590101	0.122633299
690	0.1501454	0.176758498	0.123532302
691	0.1511936	0.177947649	0.124439551
692	0.15223525	0.179131542	0.125338958
693	0.1532769	0.18032046	0.12623334
694	0.15431215	0.181511912	0.127112388
695	0.1553323	0.182672579	0.127992021
696	0.1563566	0.183833503	0.128879697
697	0.1574028	0.18501628	0.12978932
698	0.15841035	0.186175211	0.130645489
699	0.15940245	0.187326767	0.131478133
700	0.16039835	0.188487229	0.132309471
701	0.16145875	0.189707261	0.133210239
702	0.1624822	0.190891674	0.134072726
703	0.163495	0.192060063	0.134929937
704	0.16453515	0.193244883	0.135825417
705	0.16553585	0.19440155	0.13667015
706	0.1665284	0.195550467	0.137506333
707	0.1675177	0.196694093	0.138341307
708	0.16852485	0.197861566	0.139188134
709	0.16951245	0.19900234	0.14002256
710	0.17048455	0.200124403	0.140844697
711	0.17144875	0.201248787	0.141648713
712	0.17241195	0.202368453	0.142455447
713	0.17336025	0.203472997	0.143247503
714	0.1742787	0.204552595	0.144004805
715	0.17511855	0.2055235	0.1447136
716	0.17595995	0.20650956	0.14541034
717	0.17681015	0.207532239	0.146088061
718	0.17776235	0.208689859	0.146834841
719	0.1787824	0.209918539	0.147646261
720	0.17977785	0.211098865	0.148456835
721	0.180742	0.212169948	0.149314052
722	0.18159265	0.213152449	0.150032851
723	0.1824564	0.214177483	0.150735317
724	0.1833728	0.215288631	0.151456969
725	0.18431725	0.216397086	0.152237414
726	0.1852277	0.21746351	0.15299189
727	0.18609315	0.21848396	0.15370234
728	0.18701065	0.219576906	0.154444394
729	0.18791285	0.220651815	0.155173885
730	0.18879335	0.221699721	0.155886979
731	0.1897099	0.222779382	0.156640418
732	0.19061275	0.22383535	0.15739015
733	0.19148225	0.224850223	0.158114277
734	0.1923045	0.225814709	0.158794291
735	0.193138	0.226802308	0.159473692
736	0.1939789	0.227797999	0.160159801
737	0.1948264	0.228797126	0.160855674
738	0.19561585	0.2297364	0.1614953
739	0.19640125	0.230671881	0.162130619
740	0.19718545	0.231607316	0.162763584
741	0.1979952	0.232579276	0.163411124
742	0.19880235	0.23353401	0.16407069
743	0.19959255	0.234467134	0.164717966
744	0.2003397	0.235366262	0.165313138
745	0.20105905	0.236235812	0.165882288
746	0.20178685	0.237110224	0.166463476
747	0.20254565	0.238010864	0.167080436
748	0.2032464	0.238852937	0.167639863
749	0.2039659	0.23971726	0.16821454
750	0.2046994	0.240598153	0.168800647
751	0.2053739	0.241416606	0.169331194
752	0.20606575	0.242245661	0.169885839
753	0.20675995	0.24307601	0.17044389
754	0.20743225	0.243895928	0.170968572
755	0.208097	0.244696887	0.171497113
756	0.20871565	0.245417912	0.172013388
757	0.20928655	0.246036218	0.172536882
758	0.2093361	0.245930177	0.172742023
759	0.2093523	0.245946865	0.172757735
760	0.2094574	0.246421248	0.172493552
761	0.2103935	0.247583889	0.173203111
762	0.2112437	0.248628892	0.173858508
763	0.2121269	0.249710717	0.174543083
764	0.21307575	0.250879632	0.175271868
765	0.2139904	0.251960142	0.176020658
766	0.21480235	0.252904195	0.176700505
767	0.2155565	0.253773356	0.177339644
768	0.2162442	0.254589514	0.177898886
769	0.21688455	0.255359633	0.178409467
770	0.21749	0.256096634	0.178883366
771	0.2181241	0.256861251	0.179386949
772	0.21869995	0.257553476	0.179846424
773	0.21924225	0.258207247	0.180277253
774	0.2197916	0.258884096	0.180699104
775	0.22036305	0.259574043	0.181152057
776	0.2209385	0.260268366	0.181608634
777	0.22151065	0.260966866	0.182054434
778	0.22210025	0.261677911	0.182522589
779	0.22266995	0.262370379	0.182969521
780	0.22320955	0.263035058	0.183384042
781	0.22367495	0.263622009	0.183727891
782	0.22419265	0.264255099	0.184130201
783	0.2247465	0.264922523	0.184570477
784	0.2252789	0.265578736	0.184979064
785	0.2258021	0.26621586	0.18538834
786	0.22631645	0.266840833	0.185792067
787	0.22681175	0.267446226	0.186177274
788	0.22730505	0.268057775	0.186552325
789	0.2277955	0.268663372	0.186927628
790	0.22828015	0.269257019	0.187303281
791	0.22874815	0.269824014	0.187672286
792	0.2292364	0.270418705	0.188054095
793	0.22974465	0.271040506	0.188448794
794	0.2302913	0.271709628	0.188872972
795	0.2307818	0.272313608	0.189249992
796	0.23123805	0.272876705	0.189599395
797	0.2316627	0.273399223	0.189926177
798	0.23212275	0.273956608	0.190288892
799	0.2326141	0.27455206	0.19067614
800	0.23313365	0.275183733	0.191083567
801	0.2335949	0.275743139	0.191446661
802	0.23403795	0.276286595	0.191789305
803	0.23446455	0.276816117	0.192112983
804	0.2348638	0.277320008	0.192407592
805	0.23533815	0.277896881	0.192779419
806	0.23582875	0.278486757	0.193170743
807	0.2362705	0.2790215	0.1935195
808	0.2366821	0.279526139	0.193838061
809	0.2370989	0.280038969	0.194158831
810	0.23753015	0.280570807	0.194489493
811	0.2378542	0.280974867	0.194733533
812	0.23819695	0.281399791	0.194994109
813	0.23857105	0.281859803	0.195282297
814	0.23896295	0.282329092	0.195596808
815	0.2393439	0.282791622	0.195896178
816	0.2397438	0.283276099	0.196211501
817	0.24021875	0.28383757	0.19659993
818	0.2406185	0.284330361	0.196906639
819	0.2410239	0.284838126	0.197209674
820	0.24147805	0.285409398	0.197546702
821	0.24184595	0.285825213	0.197866687
822	0.2422435	0.286303829	0.198183171
823	0.24264825	0.286818772	0.198477728
824	0.24312715	0.287405021	0.198849279
825	0.2435416	0.287908877	0.199174323
826	0.2439291	0.28837849	0.19947971
827	0.2442812	0.288806354	0.199756046
828	0.24466555	0.28927639	0.20005471
829	0.24508535	0.289788472	0.200382228
830	0.24555325	0.290356212	0.200750288
831	0.2459383	0.290820857	0.201055743
832	0.24635035	0.291317854	0.201382846
833	0.24678365	0.291841382	0.201725918
834	0.2471208	0.292263997	0.201977603
835	0.24748305	0.292716088	0.202250012
836	0.2478624	0.293185828	0.202538972
837	0.24824915	0.293653188	0.202845112
838	0.24863455	0.294105796	0.203163304
839	0.2489818	0.294523096	0.203440504
840	0.24925865	0.294882209	0.203635091
841	0.2496661	0.295364029	0.203968171
842	0.250046	0.295819917	0.204272083
843	0.25038355	0.296234923	0.204532177
844	0.25070075	0.296616186	0.204785314
845	0.25107955	0.297064886	0.205094214
846	0.2514663	0.297526211	0.205406389
847	0.2517182	0.297856575	0.205579825
848	0.25202615	0.298220285	0.205832015
849	0.2523671	0.298618305	0.206115895
850	0.25272505	0.299050036	0.206400064
851	0.2530236	0.299445826	0.206601374
852	0.2533348	0.299816871	0.206852729
853	0.2536775	0.300174242	0.207180758
854	0.25403895	0.300586326	0.207491574
855	0.25436705	0.301018673	0.207715427
856	0.2546782	0.301452503	0.207903897
857	0.25506745	0.301910684	0.208224216
858	0.2553638	0.302265241	0.208462359
859	0.2556741	0.302636299	0.208711901
860	0.2560825	0.303118255	0.209046745
861	0.25635885	0.303461539	0.209256161
862	0.25663895	0.303821321	0.209456579
863	0.25695165	0.304230578	0.209672722
864	0.25731995	0.304627853	0.210012047
865	0.2576633	0.304994898	0.210331702
866	0.2579675	0.305327155	0.210607845
867	0.25816105	0.305592084	0.210730016
868	0.25839105	0.305921824	0.210860276
869	0.2586766	0.30630115	0.21105205
870	0.2590737	0.306756928	0.211390472
871	0.2594104	0.307161828	0.211658972
872	0.25970815	0.307522893	0.211893407
873	0.2599654	0.307834941	0.212095859
874	0.26032495	0.308249418	0.212400482
875	0.2605947	0.308585414	0.212603986
876	0.2608151	0.308881156	0.212749044
877	0.2611593	0.309303188	0.213015412
878	0.26151255	0.309722846	0.213302254
879	0.2618437	0.310114094	0.213573306
880	0.26210085	0.310425438	0.213776262
881	0.2624079	0.31079244	0.21402336
882	0.2627088	0.31115686	0.21426074
883	0.26298625	0.311501166	0.214471334
884	0.26325015	0.31184263	0.21465767
885	0.2635667	0.312216934	0.214916466
886	0.26391965	0.312611932	0.215227368
887	0.264206	0.312950197	0.215461803
888	0.2644247	0.31323853	0.21561087
889	0.2646319	0.313516364	0.215747436
890	0.2648948	0.313829509	0.215960091
891	0.26508875	0.314090143	0.216087357
892	0.2652951	0.314366425	0.216223775
893	0.2655455	0.314686487	0.216404513
894	0.2658067	0.315001337	0.216612063
895	0.26611985	0.315353039	0.216886661
896	0.2664646	0.315720582	0.217208618
897	0.2666015	0.31586151	0.21734149
898	0.2667436	0.316036335	0.217450865
899	0.26694005	0.316268767	0.217611333
900	0.26729545	0.316619214	0.217971686
901	0.2675445	0.316908669	0.218180331
902	0.26781825	0.317266828	0.218369672
903	0.26817275	0.317758934	0.218586566
904	0.26843645	0.318112981	0.218759919
905	0.2686605	0.318404552	0.218916448
906	0.26885975	0.318648354	0.219071146
907	0.26908725	0.31887297	0.21930153
908	0.26948795	0.319284872	0.219691028
909	0.26993005	0.319759937	0.220100163
910	0.2701333	0.320044262	0.220222338
911	0.27025255	0.320203924	0.220301176
912	0.27039435	0.320382907	0.220405793
913	0.2706189	0.320658315	0.220579485
914	0.270914	0.320983928	0.220844072
915	0.2711804	0.321293798	0.221067002
916	0.2714258	0.321594981	0.221256619
917	0.27188955	0.32208383	0.22169527
918	0.27214275	0.32241727	0.22186823
919	0.27232215	0.322694003	0.221950297
920	0.27266725	0.323088938	0.222245562
921	0.27296875	0.323456933	0.222480567
922	0.27334415	0.32390181	0.22278649
923	0.27389345	0.324517371	0.223269529
924	0.2739152	0.32460495	0.22322545
925	0.27401385	0.324775245	0.223252455
926	0.27425575	0.325097184	0.223414316
927	0.27429495	0.325220896	0.223369004
928	0.27435125	0.325335975	0.223366525
929	0.2745044	0.325521065	0.223487735
930	0.27506625	0.326060551	0.224071949
931	0.2750903	0.32600501	0.22417559
932	0.2749345	0.325744666	0.224124334
933	0.27486095	0.325573364	0.224148536
934	0.27528445	0.325905952	0.224662948
935	0.27556125	0.326072275	0.225050225
936	0.275524	0.325917118	0.225130882
937	0.2756748	0.326268075	0.225081525
938	0.276088	0.326829744	0.225346256
939	0.27657205	0.327455514	0.225688586
940	0.2766767	0.327835703	0.225517697
941	0.27691995	0.328164896	0.225675004
942	0.2772502	0.328521277	0.225979123
943	0.2776758	0.328982282	0.226369318
944	0.27781865	0.329081601	0.226555699
945	0.2781408	0.329360483	0.226921117
946	0.2787441	0.329936118	0.227552082
947	0.2786973	0.329994842	0.227399758
948	0.2786262	0.329972707	0.227279693
949	0.278639	0.330015566	0.227262434
950	0.2792226	0.330761298	0.227683902
951	0.27966245	0.331255939	0.228068961
952	0.27997235	0.331588737	0.228355963
953	0.28009915	0.331761874	0.228436426
954	0.28023345	0.331889516	0.228577384
955	0.28052655	0.332227003	0.228826097
956	0.2810296	0.332853887	0.229205313
957	0.2809736	0.332780923	0.229166277
958	0.281069	0.332901183	0.229236817
959	0.2812984	0.333185127	0.229411673
960	0.28166845	0.333602967	0.229733933
961	0.282014	0.334013861	0.230014139
962	0.2822328	0.334298303	0.230167297
963	0.282148	0.334260015	0.230035985
964	0.28235835	0.334495195	0.230221505
965	0.2826495	0.334796679	0.230502321
966	0.28297435	0.335116714	0.230831986
967	0.2831181	0.335310082	0.230926118
968	0.2834629	0.335735931	0.231189869
969	0.2838852	0.336255321	0.231515079
970	0.28369625	0.336105089	0.231287411
971	0.283878	0.336335577	0.231420423
972	0.28409455	0.336596564	0.231592536
973	0.28391975	0.336439843	0.231399657
974	0.2840944	0.336616963	0.231571837
975	0.2843304	0.336847167	0.231813633
976	0.28454015	0.33704293	0.23203737
977	0.2847425	0.337227438	0.232257562
978	0.28473935	0.337216406	0.232262294
979	0.2846019	0.33707924	0.23212456
980	0.2849602	0.337426868	0.232493532
981	0.28516355	0.337650932	0.232676168
982	0.2852655	0.337802019	0.232728981
983	0.2852914	0.337918791	0.232664009
984	0.2857497	0.338370222	0.233129178
985	0.2860754	0.338710217	0.233440583
986	0.2860145	0.338736271	0.233292729
987	0.28613355	0.338843681	0.233423419
988	0.28627965	0.338996656	0.233562644
989	0.2864422	0.33919492	0.23368948
990	0.28661575	0.339466905	0.233764595
991	0.2869924	0.339814208	0.234170592
992	0.2873558	0.340116279	0.234595321
993	0.2872584	0.340099374	0.234417426
994	0.2874251	0.340285952	0.234564248
995	0.28766685	0.340545812	0.234787888
996	0.28791205	0.340836203	0.234987897
997	0.28785315	0.340838687	0.234867613
998	0.28807365	0.341134267	0.235013033
999	0.2886082	0.341749056	0.235467344
1000	0.28906205	0.342162267	0.235961833
1001	0.2902227	0.342435261	0.238010139
1002	0.29047315	0.342759772	0.238186528
1003	0.2907315	0.343038427	0.238424573
1004	0.2909393	0.343252069	0.238626531
1005	0.2910633	0.343368049	0.238758551
1006	0.29134105	0.343666098	0.239016002
1007	0.2917474	0.344133383	0.239361417
1008	0.29208565	0.344526701	0.239644599
1009	0.292356	0.34481777	0.23989423
1010	0.2925855	0.345044313	0.240126687
1011	0.2927594	0.345230465	0.240288335
1012	0.29303395	0.345571063	0.240496837
1013	0.2935326	0.346172525	0.240892675
1014	0.29399055	0.346717054	0.241264046
1015	0.29419335	0.346942058	0.241444642
1016	0.2943749	0.347093714	0.241656086
1017	0.2948252	0.347581882	0.242068518
1018	0.29524455	0.348064226	0.242424874
1019	0.29549875	0.348368449	0.242629051
1020	0.29568215	0.348623003	0.242741297
1021	0.2958783	0.348867696	0.242888904
1022	0.296141	0.349143912	0.243138088
1023	0.2963829	0.349389509	0.243376291
1024	0.29656375	0.349596719	0.243530781
1025	0.29677235	0.34986927	0.24367543
1026	0.29707675	0.350245964	0.243907536
1027	0.29747905	0.350688181	0.244269919
1028	0.29791595	0.351142813	0.244689087
1029	0.2981999	0.351412118	0.244987682
1030	0.29832165	0.351503337	0.245139963
1031	0.29861395	0.351848808	0.245379092
1032	0.29904075	0.352379397	0.245702103
1033	0.2992947	0.352695262	0.245894138
1034	0.29952895	0.352974852	0.246083048
1035	0.29984385	0.353345136	0.246342564
1036	0.3001265	0.353666771	0.246586229
1037	0.300384	0.353946426	0.246821574
1038	0.30066335	0.354246465	0.247080235
1039	0.3009236	0.35454171	0.24730549
1040	0.30110935	0.354774993	0.247443707
1041	0.30131495	0.355028285	0.247601615
1042	0.30168345	0.355477836	0.247889064
1043	0.3020887	0.355998263	0.248179137
1044	0.30241065	0.356389482	0.248431818
1045	0.3026902	0.356666155	0.248714245
1046	0.30290395	0.356894155	0.248913745
1047	0.3030343	0.357067173	0.249001427
1048	0.3031382	0.357196233	0.249080167
1049	0.3034397	0.357548546	0.249330854
1050	0.3038117	0.357999637	0.249623763
1051	0.304153	0.358437613	0.249868387
1052	0.30451215	0.358877683	0.250146617
1053	0.30492615	0.359327375	0.250524925
1054	0.3052733	0.359692264	0.250854336
1055	0.305433	0.35985521	0.25101079
1056	0.30557825	0.360010608	0.251145892
1057	0.3057978	0.360286709	0.251308891
1058	0.30601435	0.360580202	0.251448498
1059	0.3062915	0.360903116	0.251679884
1060	0.30662205	0.361256153	0.251987947
1061	0.30683585	0.361500896	0.252170804
1062	0.30707165	0.361784935	0.252358365
1063	0.30736775	0.362125793	0.252609707
1064	0.3075892	0.362379136	0.252799264
1065	0.30781045	0.362633523	0.252987377
1066	0.3080007	0.362856824	0.253144576
1067	0.30823625	0.363136919	0.253335581
1068	0.30860715	0.363549825	0.253664475
1069	0.30896965	0.36394978	0.25398952
1070	0.3092707	0.364302617	0.254238783
1071	0.3095458	0.36462802	0.25446358
1072	0.3097302	0.364826052	0.254634348
1073	0.3098922	0.364996468	0.254787932
1074	0.3100486	0.365176962	0.254920238
1075	0.31023525	0.365398629	0.255071871
1076	0.31053765	0.365749748	0.255325552
1077	0.3108071	0.366065825	0.255548375
1078	0.3110884	0.366396844	0.255779956
1079	0.3114117	0.366756369	0.256067031
1080	0.3116478	0.36700063	0.25629497
1081	0.31182495	0.36716309	0.25648681
1082	0.31205465	0.3673854	0.2567239
1083	0.3123889	0.367787523	0.256990277
1084	0.31270145	0.368177012	0.257225888
1085	0.31284335	0.368319376	0.257367324
1086	0.31296405	0.368427255	0.257500845
1087	0.31319855	0.368693822	0.257703278
1088	0.3134751	0.369016471	0.257933729
1089	0.3137084	0.369278296	0.258138504
1090	0.31390795	0.369501426	0.258314474
1091	0.31410875	0.369700673	0.258516827
1092	0.3143079	0.369892844	0.258722956
1093	0.3145665	0.370190429	0.258942571
1094	0.3148585	0.370556336	0.259160664
1095	0.31507925	0.370823972	0.259334528
1096	0.31522785	0.370970567	0.259485133
1097	0.31540335	0.371134104	0.259672596
1098	0.31565225	0.37136515	0.25993935
1099	0.31587435	0.371578442	0.260170258
1100	0.31603455	0.37174669	0.26032241
1101	0.3162066	0.371932057	0.260481143
1102	0.3164769	0.372282643	0.260671157
1103	0.3167695	0.372665596	0.260873404
1104	0.3170558	0.373011957	0.261099643
1105	0.31732545	0.373329302	0.261321598
1106	0.31748485	0.373536613	0.261433087
1107	0.317651	0.373764741	0.261537259
1108	0.3178391	0.374009083	0.261669117
1109	0.3180169	0.374220458	0.261813342
1110	0.3181329	0.374384039	0.261881761
1111	0.31819075	0.374506086	0.261875414
1112	0.31827625	0.374629659	0.261922841
1113	0.3184539	0.374813183	0.262094617
1114	0.318606	0.374963352	0.262248648
1115	0.3186746	0.37502379	0.26232541
1116	0.31880655	0.375170689	0.262442411
1117	0.31911775	0.3755564	0.2626791
1118	0.3194327	0.375925984	0.262939416
1119	0.31949995	0.375901801	0.263098099
1120	0.31956095	0.375870003	0.263251897
1121	0.31984385	0.376160363	0.263527337
1122	0.3201925	0.376522004	0.263862996
1123	0.32025435	0.376587983	0.263920717
1124	0.32019865	0.376542093	0.263855207
1125	0.32020855	0.376501568	0.263915532
1126	0.32028335	0.376533505	0.264033195
1127	0.3203052	0.376540481	0.264069919
1128	0.320288	0.376516156	0.264059844
1129	0.32027855	0.376465105	0.264091995
1130	0.3202563	0.3763922	0.2641204
1131	0.32019465	0.376289947	0.264099353
1132	0.3201682	0.376246948	0.264089452
1133	0.32020195	0.376294266	0.264109634
1134	0.32016715	0.37628941	0.26404489
1135	0.3200877	0.376226934	0.263948466
1136	0.3200154	0.376152656	0.263878144
1137	0.31995175	0.376089295	0.263814205
1138	0.3197816	0.375942499	0.263620701
1139	0.3196045	0.375788992	0.263420008
1140	0.31972645	0.37598268	0.26347022
1141	0.31988795	0.376218303	0.263557597
1142	0.31969985	0.376008429	0.263391271
1143	0.31940935	0.375672197	0.263146503
1144	0.3193553	0.375584621	0.263125979
1145	0.31944235	0.375643941	0.263240759
1146	0.3193987	0.375564005	0.263233395
1147	0.3192274	0.375344601	0.263110199
1148	0.31903225	0.375098338	0.262966162
1149	0.3187903	0.37480613	0.26277447
1150	0.3185515	0.374506394	0.262596606
1151	0.3183596	0.374233155	0.262486045
1152	0.3181979	0.374001383	0.262394417
1153	0.31804115	0.373788996	0.262293304
1154	0.31789575	0.373588184	0.262203316
1155	0.31782965	0.373499394	0.262159906
1156	0.31776925	0.373418835	0.262119665
1157	0.31745275	0.373029565	0.261875935
1158	0.3171518	0.372658407	0.261645193
1159	0.31691865	0.372384576	0.261452724
1160	0.3167029	0.372134023	0.261271777
1161	0.31655525	0.37194457	0.26116593
1162	0.3164419	0.371789459	0.261094341
1163	0.3162319	0.371536683	0.260927117
1164	0.31596835	0.371229613	0.260707087
1165	0.31575115	0.370963827	0.260538473
1166	0.3155719	0.370730404	0.260413396
1167	0.3154038	0.370529321	0.260278279
1168	0.31524815	0.370370726	0.260125574
1169	0.31505355	0.370160873	0.259946227
1170	0.3147509	0.369809319	0.259692481
1171	0.3144494	0.369456065	0.259442735
1172	0.31412295	0.369058962	0.259186938
1173	0.31380825	0.368676106	0.258940394
1174	0.3136391	0.368462435	0.258815765
1175	0.31347115	0.368250642	0.258691658
1176	0.31322835	0.367958423	0.258498277
1177	0.31298205	0.367662644	0.258301456
1178	0.3126871	0.367292246	0.258081954
1179	0.31238305	0.366907732	0.257858368
1180	0.3121543	0.366614709	0.257693891
1181	0.3119533	0.366356362	0.257550238
1182	0.31172145	0.366066686	0.257376214
1183	0.31147625	0.365764425	0.257188075
1184	0.3112566	0.365482433	0.257030767
1185	0.3110558	0.365214107	0.256897493
1186	0.31090655	0.365014437	0.256798663
1187	0.310841	0.364923464	0.256758536
1188	0.310803	0.364855999	0.256750001
1189	0.31082495	0.364838285	0.256811615
1190	0.31084425	0.36482331	0.25686519
1191	0.31083815	0.364804206	0.256872094
1192	0.31082995	0.364783166	0.256876734
1193	0.31084875	0.364796717	0.256900783
1194	0.3108683	0.364810788	0.256925812
1195	0.3109508	0.364854611	0.257046989
1196	0.3110313	0.364895198	0.257167402
1197	0.3111683	0.365032042	0.257304558
1198	0.3113215	0.365191327	0.257451673
1199	0.3114606	0.365313133	0.257608067
1200	0.31159165	0.365419546	0.257763754
1201	0.31175795	0.365571499	0.257944401
1202	0.31193805	0.365739584	0.258136516
1203	0.312154	0.365969197	0.258338803
1204	0.31239995	0.366251941	0.258547959
1205	0.312676	0.366553454	0.258798546
1206	0.3129934	0.366883353	0.259103447
1207	0.31332035	0.367236451	0.259404249
1208	0.31366565	0.367633611	0.259697689
1209	0.31404405	0.368068123	0.260019977
1210	0.31452295	0.368600435	0.260445465
1211	0.31497795	0.369101261	0.260854639
1212	0.31533545	0.369482808	0.261188092
1213	0.3156924	0.369864996	0.261519804
1214	0.31615845	0.37041174	0.26190516
1215	0.31662385	0.370959179	0.262288521
1216	0.3171782	0.371584666	0.262771734
1217	0.317725	0.372198193	0.263251807
1218	0.3183229	0.372867961	0.263777839
1219	0.3189299	0.373548425	0.264311375
1220	0.31956695	0.374270027	0.264863873
1221	0.3202114	0.375001395	0.265421405
1222	0.32081865	0.37570969	0.26592761
1223	0.32140375	0.376405139	0.266402361
1224	0.3220081	0.377104505	0.266911695
1225	0.3226276	0.377803021	0.267452179
1226	0.32321815	0.378464729	0.267971571
1227	0.32377095	0.379081887	0.268460013
1228	0.32432145	0.379702585	0.268940315
1229	0.32486745	0.380329996	0.269404904
1230	0.32541625	0.380962028	0.269870472
1231	0.32597685	0.381610216	0.270343484
1232	0.3265185	0.38223399	0.27080301
1233	0.3269927	0.382770882	0.271214518
1234	0.32746385	0.383304536	0.271623164
1235	0.3279111	0.383804803	0.272017397
1236	0.32835685	0.384304809	0.272408891
1237	0.3288167	0.384856339	0.272777061
1238	0.329275	0.385408382	0.273141618
1239	0.32972875	0.385902776	0.273554724
1240	0.3301886	0.386396878	0.273980322
1241	0.33059195	0.386850413	0.274333487
1242	0.3309789	0.387291627	0.274666173
1243	0.3314259	0.38779829	0.27505351
1244	0.3319017	0.388337215	0.275466185
1245	0.33226305	0.388743654	0.275782446
1246	0.33254355	0.389061814	0.276025286
1247	0.33288935	0.389459819	0.276318881
1248	0.33327645	0.389902691	0.276650209
1249	0.3336374	0.390306167	0.276968633
1250	0.3339967	0.390699875	0.277293525
1251	0.3343649	0.391110239	0.277619561
1252	0.3347391	0.391543399	0.277934801
1253	0.3351041	0.391967711	0.278240489
1254	0.33543415	0.392358138	0.278510162
1255	0.33577295	0.392754004	0.278791896
1256	0.3360588	0.393065298	0.279052302
1257	0.33633705	0.393367817	0.279306283
1258	0.33655165	0.393593678	0.279509622
1259	0.33676935	0.393823269	0.279715431
1260	0.33705235	0.394137118	0.279967582
1261	0.3373534	0.394472018	0.280234782
1262	0.33756455	0.394691576	0.280437524
1263	0.33775115	0.394884699	0.280617601
1264	0.3381106	0.39529206	0.28092914
1265	0.3385281	0.395767026	0.281289174
1266	0.33880565	0.396059864	0.281551436
1267	0.339021	0.396271114	0.281770886
1268	0.33927695	0.396558725	0.281995175
1269	0.33956345	0.396895392	0.282231508
1270	0.3398559	0.397215204	0.282496596
1271	0.3401582	0.397532966	0.282783434
1272	0.34042935	0.397824761	0.283033939
1273	0.3406411	0.398057708	0.283224492
1274	0.34087235	0.398321312	0.283423388
1275	0.34116075	0.398654516	0.283666984
1276	0.3414493	0.398982542	0.283916058
1277	0.3418077	0.399397191	0.284218209
1278	0.3421667	0.399813914	0.284519486
1279	0.3424075	0.400100617	0.284714383
1280	0.34265295	0.400392498	0.284913402
1281	0.342982	0.400777942	0.285186058
1282	0.34331265	0.401164913	0.285460387
1283	0.34359145	0.401491219	0.285691681
1284	0.34386195	0.401808208	0.285915692
1285	0.3441247	0.402120019	0.286129381
1286	0.34439605	0.402438305	0.286353795
1287	0.34469865	0.402797515	0.286599785
1288	0.34500025	0.4031632	0.2868373
1289	0.3452636	0.403474151	0.287053049
1290	0.34550405	0.40376088	0.28724722
1291	0.3457383	0.404042191	0.287434409
1292	0.34595595	0.404299818	0.287612082
1293	0.34616605	0.404557867	0.287774233
1294	0.34642925	0.404888263	0.287970237
1295	0.3467018	0.40521454	0.28818906
1296	0.34694455	0.405489934	0.288399166
1297	0.34714775	0.405727211	0.288568289
1298	0.3473031	0.405919555	0.288686645
1299	0.3474988	0.406147902	0.288849698
1300	0.34776985	0.406443846	0.289095854
1301	0.34803325	0.406737621	0.289328879
1302	0.3481746	0.406904105	0.289445095
1303	0.3482886	0.407037137	0.289540063
1304	0.34837105	0.407147206	0.289594894
1305	0.3484714	0.40727371	0.28966909
1306	0.34869915	0.407523771	0.289874529
1307	0.3489396	0.407790015	0.290089185
1308	0.3491025	0.407979926	0.290225074
1309	0.3492536	0.408156045	0.290351155
1310	0.34933645	0.408238923	0.290433977
1311	0.34940645	0.408302038	0.290510862
1312	0.34943315	0.408296731	0.290569569
1313	0.34945335	0.408286902	0.290619798
1314	0.34963325	0.408482855	0.290783645
1315	0.34984285	0.408705135	0.290980565
1316	0.3498472	0.40866826	0.29102614
1317	0.3498117	0.408589771	0.291033629
1318	0.34981935	0.408555023	0.291083677
1319	0.3498397	0.408528215	0.291151185
1320	0.3497997	0.408454213	0.291145187
1321	0.34970915	0.408327338	0.291090962
1322	0.34966815	0.408273893	0.291062407
1323	0.34963585	0.408249138	0.291022562
1324	0.3495747	0.408163123	0.290986277
1325	0.34950655	0.408045692	0.290967408
1326	0.3493928	0.407885732	0.290899868
1327	0.34919395	0.407632458	0.290755442
1328	0.34900555	0.407375831	0.290635269
1329	0.3488172	0.40714428	0.29049012
1330	0.34860145	0.40688898	0.29031392
1331	0.3484949	0.40669524	0.29029456
1332	0.3483995	0.406516616	0.290282384
1333	0.3481524	0.406198555	0.290106245
1334	0.34786965	0.405839129	0.289900171
1335	0.34769495	0.405583445	0.289806455
1336	0.3475421	0.405359043	0.289725157
1337	0.34728395	0.405090771	0.289477129
1338	0.34698305	0.404780694	0.289185406
1339	0.3466033	0.404349814	0.288856786
1340	0.34619435	0.403879713	0.288508987
1341	0.34592655	0.403579063	0.288274037
1342	0.3456822	0.403335419	0.288028981
1343	0.345298	0.402943649	0.287652351
1344	0.3447908	0.402415393	0.287166207
1345	0.3442609	0.401862454	0.286659346
1346	0.34372315	0.401336742	0.286109558
1347	0.34353355	0.401191469	0.285875631
1348	0.343392	0.401107081	0.285676919
1349	0.3429971	0.400756679	0.285237521
1350	0.3422845	0.400049339	0.284519661
1351	0.3414353	0.39919529	0.28367531
1352	0.340794	0.39848396	0.28310404
1353	0.3404975	0.398289819	0.282705181
1354	0.3399056	0.397897798	0.281913402
1355	0.33825255	0.396447924	0.280057176
1356	0.3373587	0.395973382	0.278744018
1357	0.33666565	0.396204693	0.277126607
1358	0.33412315	0.394081149	0.274165151
1359	0.3292102	0.389772626	0.268647774
1360	0.3282834	0.388900702	0.267666098
1361	0.32647195	0.389734139	0.263209761
1362	0.33632555	0.403880737	0.268770363
1363	0.35910685	0.44178402	0.27642968
1364	0.3401628	0.414044602	0.266280998
1365	0.306153	0.371264804	0.241041196
1366	0.2841687	0.3390336	0.2293038
1367	0.2720666	0.325214091	0.218919109
1368	0.2809698	0.336643579	0.225296021
1369	0.2895127	0.356234043	0.222791357
1370	0.30630325	0.376977911	0.235628589
1371	0.3212369	0.397941973	0.244531827
1372	0.31667095	0.380714985	0.252626915
1373	0.309963	0.366419175	0.253506825
1374	0.31132855	0.366712611	0.255944489
1375	0.3170493	0.371967836	0.262130764
1376	0.31871135	0.373143564	0.264279136
1377	0.31576195	0.372472399	0.259051501
1378	0.31600435	0.37431734	0.25769136
1379	0.3189901	0.379825691	0.258154509
1380	0.32098735	0.380940872	0.261033828
1381	0.32237005	0.382605592	0.262134508
1382	0.31502855	0.373247083	0.256810017
1383	0.3012145	0.355766147	0.246662853
1384	0.29831105	0.352356493	0.244265607
1385	0.3095484	0.364963588	0.254133212
1386	0.32031595	0.376718883	0.263913017
1387	0.3211597	0.375989289	0.266330111
1388	0.3146827	0.367506528	0.261858872
1389	0.30585385	0.357328333	0.254379367
1390	0.30603375	0.358700657	0.253366843
1391	0.31080925	0.364145783	0.257472717
1392	0.3090872	0.362213159	0.255961241
1393	0.30586675	0.35940182	0.25233168
1394	0.3035757	0.357935775	0.249215625
1395	0.3008995	0.353235961	0.248563039
1396	0.2995217	0.350471117	0.248572283
1397	0.29822015	0.34790511	0.24853519
1398	0.2976284	0.346595832	0.248660968
1399	0.29859775	0.348868422	0.248327078
1400	0.29922115	0.350541524	0.247900776
1401	0.29807065	0.348482222	0.247659078
1402	0.29648895	0.346307447	0.246670453
1403	0.2955692	0.345088877	0.246049523
1404	0.29518985	0.344516005	0.245863695
1405	0.29081005	0.340291049	0.241329051
1406	0.28608415	0.335802386	0.236365914
1407	0.2819586	0.330849471	0.233067729
1408	0.2787146	0.326690511	0.230738689
1409	0.27449445	0.32203932	0.22694958
1410	0.27111855	0.318547474	0.223689626
1411	0.26915675	0.315820092	0.222493408
1412	0.26736835	0.31332369	0.22141301
1413	0.26488125	0.3105872	0.2191753
1414	0.26263445	0.308069401	0.217199499
1415	0.2602883	0.305238549	0.215338051
1416	0.25835295	0.302946802	0.213759098
1417	0.2563266	0.300706902	0.211946298
1418	0.25413825	0.298255144	0.210021356
1419	0.2516372	0.295494125	0.207780275
1420	0.24924535	0.292973497	0.205517203
1421	0.24677955	0.290261243	0.203297857
1422	0.2444415	0.287551956	0.201331044
1423	0.24242775	0.285263466	0.199592034
1424	0.2405803	0.283217006	0.197943594
1425	0.23892865	0.281339411	0.196517889
1426	0.23739525	0.279512093	0.195278407
1427	0.23606575	0.277941832	0.194189668
1428	0.2348586	0.276654605	0.193062595
1429	0.23355365	0.275337944	0.191769356
1430	0.23233145	0.274179388	0.190483512
1431	0.231204	0.273083775	0.189324225
1432	0.2298636	0.27167114	0.18805606
1433	0.2285448	0.27023173	0.18685787
1434	0.22742365	0.268908921	0.185938379
1435	0.2264516	0.267756512	0.185146688
1436	0.2256118	0.266790192	0.184433408
1437	0.22472885	0.26581288	0.18364482
1438	0.2238887	0.264908895	0.182868505
1439	0.2230792	0.264045308	0.182113092
1440	0.22215805	0.263083794	0.181232306
1441	0.22128675	0.26215914	0.18041436
1442	0.22058665	0.261307582	0.179865718
1443	0.21997755	0.260568231	0.179386869
1444	0.21945335	0.260048627	0.178858073
1445	0.2189723	0.259573641	0.178370959
1446	0.21868725	0.259163445	0.178211055
1447	0.2184587	0.258819928	0.178097472
1448	0.21825215	0.258615509	0.177888791
1449	0.2180452	0.258414564	0.177675836
1450	0.21781745	0.258138528	0.177496372
1451	0.21763505	0.257914801	0.177355299
1452	0.21753785	0.257828327	0.177247373
1453	0.21745305	0.257750138	0.177155962
1454	0.21742375	0.257637787	0.177209713
1455	0.21740245	0.257533562	0.177271338
1456	0.21730625	0.257422306	0.177190194
1457	0.2172106	0.257332435	0.177088765
1458	0.2172964	0.257477984	0.177114816
1459	0.21741095	0.25765764	0.17716426
1460	0.2174747	0.257746366	0.177203034
1461	0.21754875	0.257846479	0.177251021
1462	0.21769155	0.258053957	0.177329143
1463	0.2178469	0.258290175	0.177403625
1464	0.21790125	0.258363874	0.177438626
1465	0.21789805	0.258360179	0.177435921
1466	0.21800985	0.258472193	0.177547507
1467	0.2181737	0.258651712	0.177695688
1468	0.2185236	0.259030825	0.178016375
1469	0.21901615	0.259533115	0.178499185
1470	0.21941185	0.259973004	0.178850696
1471	0.2197027	0.260317269	0.179088131
1472	0.2199146	0.260558443	0.179270757
1473	0.2201049	0.260759842	0.179449958
1474	0.2203785	0.261037028	0.179719972
1475	0.22070505	0.261369496	0.180040604
1476	0.22101295	0.261722972	0.180302928
1477	0.22136615	0.262176634	0.180555666
1478	0.2217652	0.262622316	0.180908084
1479	0.22214495	0.262953562	0.181336338
1480	0.2225038	0.263299311	0.181708289
1481	0.22287725	0.263730943	0.182023557
1482	0.22325565	0.264157227	0.182354073
1483	0.22361765	0.264508608	0.182726692
1484	0.2239668	0.26486377	0.18306983
1485	0.224385	0.26534524	0.18342476
1486	0.22481915	0.265825908	0.183812392
1487	0.2252868	0.266296868	0.184276732
1488	0.2256973	0.266722885	0.184671715
1489	0.22597335	0.267045816	0.184900884
1490	0.22625935	0.267377558	0.185141142
1491	0.2266746	0.267827904	0.185521296
1492	0.22709135	0.268271673	0.185911027
1493	0.2275725	0.268783284	0.186361716
1494	0.22801605	0.269255142	0.186776958
1495	0.2283878	0.269639171	0.187136429
1496	0.2287362	0.269998204	0.187474196
1497	0.22914505	0.270445668	0.187844432
1498	0.2295634	0.27091191	0.18821489
1499	0.23004075	0.271462441	0.188619059
1500	0.23050115	0.271988883	0.189013417
1501	0.2308917	0.272414558	0.189368842
1502	0.2312899	0.272851435	0.189728365
1503	0.2317835	0.273411315	0.190155685
1504	0.23227745	0.273969391	0.190585509
1505	0.23283945	0.274585316	0.191093584
1506	0.2333776	0.275175761	0.191579439
1507	0.2338017	0.275668213	0.191935187
1508	0.23421795	0.276150053	0.192285847
1509	0.23471315	0.276686042	0.192740258
1510	0.2352008	0.277216148	0.193185452
1511	0.23563735	0.277708601	0.193566099
1512	0.23606135	0.278186811	0.193935889
1513	0.23645755	0.278646337	0.194268763
1514	0.23684465	0.27909529	0.19459401
1515	0.2372531	0.279553666	0.194952534
1516	0.2376601	0.280011891	0.195308309
1517	0.23809675	0.280489681	0.195703819
1518	0.2385297	0.280958387	0.196101013
1519	0.23892155	0.281380707	0.196462393
1520	0.2393086	0.281802332	0.196814868
1521	0.23968825	0.282237885	0.197138615
1522	0.24005735	0.282662462	0.197452238
1523	0.2403767	0.283003605	0.197749795
1524	0.2406934	0.283336851	0.198049949
1525	0.24107685	0.283762293	0.198391407
1526	0.24146555	0.284202704	0.198728396
1527	0.24183125	0.284615524	0.199046976
1528	0.2421898	0.28501443	0.19936517
1529	0.2425213	0.285399621	0.199642979
1530	0.2428485	0.285786056	0.199910944
1531	0.24308785	0.286061335	0.200114365
1532	0.2433077	0.286313514	0.200301886
1533	0.24356075	0.286609279	0.200512221
1534	0.2438173	0.28690984	0.20072476
1535	0.2440419	0.287158636	0.200925164
1536	0.2442618	0.287398474	0.201125126
1537	0.2445461	0.287726574	0.201365626
1538	0.24484165	0.288068159	0.201615141
1539	0.2449937	0.288235653	0.201751747
1540	0.245107	0.288361812	0.201852188
1541	0.24527495	0.288561324	0.201988576
1542	0.2454653	0.288785197	0.202145403
1543	0.2456926	0.289039253	0.202345947
1544	0.2459348	0.289307274	0.202562326
1545	0.24609455	0.289487431	0.202701669
1546	0.246208	0.28962111	0.20279489
1547	0.2463906	0.289845692	0.202935508
1548	0.2466078	0.290107462	0.203108138
1549	0.24681355	0.290335828	0.203291272
1550	0.24701905	0.290559545	0.203478555
1551	0.2472076	0.290764886	0.203650314
1552	0.24739545	0.290970804	0.203820096
1553	0.2475958	0.291203731	0.203987869
1554	0.24779855	0.291448072	0.204149028
1555	0.24799285	0.291672061	0.204313639
1556	0.24817605	0.291873376	0.204478724
1557	0.24836615	0.292090033	0.204642267
1558	0.2485559	0.29231017	0.20480163
1559	0.2486994	0.292481958	0.204916842
1560	0.2488296	0.29264396	0.20501524
1561	0.24898715	0.292826717	0.205147583
1562	0.24916015	0.293019652	0.205300648
1563	0.2493146	0.293196187	0.205433013
1564	0.2494574	0.29336033	0.20555447
1565	0.2496263	0.293550096	0.205702504
1566	0.24980775	0.293754373	0.205861127
1567	0.2499733	0.293961313	0.205985287
1568	0.2501313	0.294172638	0.206089962
1569	0.25030725	0.294381558	0.206232942
1570	0.2505006	0.294598752	0.206402448
1571	0.25073105	0.294867285	0.206594815
1572	0.25098745	0.29516773	0.20680717
1573	0.251255	0.29547175	0.20703825
1574	0.251526	0.295775756	0.207276244
1575	0.25175565	0.296025121	0.207486179
1576	0.25195805	0.29623546	0.20768064
1577	0.25224715	0.296545552	0.207948748
1578	0.25259775	0.296927105	0.208268395
1579	0.25291395	0.297274577	0.208553323
1580	0.25320015	0.297589642	0.208810658
1581	0.25350145	0.297929603	0.209073297
1582	0.2538214	0.298297169	0.209345631
1583	0.25414185	0.298658885	0.209624815
1584	0.2544522	0.299006325	0.209898075
1585	0.2547934	0.299391887	0.210194913
1586	0.25516345	0.299809745	0.210517155
1587	0.25550625	0.300189367	0.210823133
1588	0.25583105	0.300545396	0.211116704
1589	0.2561936	0.300954948	0.211432252
1590	0.2565846	0.301403724	0.211765476
1591	0.25698775	0.301850044	0.212125456
1592	0.2573941	0.302289035	0.212499165
1593	0.2577959	0.302745875	0.212845925
1594	0.2581987	0.303220644	0.213176756
1595	0.25860935	0.30367714	0.21354156
1596	0.25902585	0.304121991	0.213929709
1597	0.2594534	0.304599171	0.214307629
1598	0.25988685	0.305094302	0.214679398
1599	0.26030915	0.305582868	0.215035432
1600	0.2607344	0.306079664	0.215389136
1601	0.2612014	0.30662171	0.21578109
1602	0.26169075	0.307188214	0.216193286
1603	0.26214785	0.307695805	0.216599895
1604	0.2625899	0.308171727	0.217008073
1605	0.2630489	0.308673946	0.217423854
1606	0.26351435	0.309187252	0.217841448
1607	0.2639404	0.309670866	0.218209934
1608	0.26434815	0.310143125	0.218553175
1609	0.2647532	0.310585293	0.218921107
1610	0.2651556	0.3110091	0.2193021
1611	0.265595	0.311500111	0.219689889
1612	0.2660529	0.312026271	0.220079529
1613	0.2664428	0.312468955	0.220416645
1614	0.26679485	0.312863928	0.220725772
1615	0.26724385	0.313373082	0.221114618
1616	0.26774325	0.313942688	0.221543812
1617	0.2681762	0.314447861	0.221904539
1618	0.2685771	0.314921851	0.222232349
1619	0.26884175	0.315208442	0.222475058
1620	0.26904265	0.315407066	0.222678234
1621	0.26926605	0.315667318	0.222864782
1622	0.26949875	0.315953864	0.223043636
1623	0.26974235	0.316237943	0.223246757
1624	0.2699917	0.316522468	0.223460932
1625	0.2702355	0.316834616	0.223636384
1626	0.2704772	0.317157603	0.223796797
1627	0.2705813	0.317291521	0.223871079
1628	0.2706347	0.317355954	0.223913446
1629	0.2707984	0.317546933	0.224049867
1630	0.27100125	0.317782854	0.224219646
1631	0.2711679	0.317972153	0.224363647
1632	0.2713239	0.318148188	0.224499612
1633	0.271445	0.318301434	0.224588566
1634	0.271557	0.318450094	0.224663906
1635	0.27172275	0.318653601	0.224791899
1636	0.2719035	0.318872949	0.224934051
1637	0.27206635	0.319037931	0.225094769
1638	0.27222675	0.319191459	0.225262041
1639	0.2723973	0.319394929	0.225399671
1640	0.27257115	0.319610667	0.225531633
1641	0.27266045	0.319697917	0.225622983
1642	0.2727346	0.319761884	0.225707316
1643	0.27277395	0.319815364	0.225732536
1644	0.2728055	0.319864288	0.225746712
1645	0.2728256	0.319850719	0.225800481
1646	0.2728454	0.319830181	0.225860619
1647	0.2727535	0.319749015	0.225757985
1648	0.2726474	0.31965971	0.22563509
1649	0.27245035	0.319463967	0.225436733
1650	0.27224495	0.319258345	0.225231555
1651	0.2718718	0.318863515	0.224880085
1652	0.2714856	0.318454113	0.224517087
1653	0.27107045	0.318001717	0.224139183
1654	0.2706514	0.317544638	0.223758162
1655	0.27030295	0.317185735	0.223420165
1656	0.26995835	0.316831744	0.223084956
1657	0.2695119	0.316369794	0.222654006
1658	0.2690649	0.315907224	0.222222576
1659	0.26863205	0.315466406	0.221797694
1660	0.26818635	0.315013682	0.221359018
1661	0.26756565	0.314395916	0.220735384
1662	0.2669431	0.313773064	0.220113136
1663	0.26640965	0.313204311	0.219614989
1664	0.2658578	0.31262018	0.21909542
1665	0.26515185	0.311901117	0.218402583
1666	0.2644689	0.311208636	0.217729164
1667	0.26396285	0.310721001	0.217204699
1668	0.26343235	0.31020063	0.21666407
1669	0.26280935	0.309545471	0.216073229
1670	0.2622037	0.308921331	0.215486069
1671	0.26165025	0.308391067	0.214909433
1672	0.26107505	0.307838577	0.214311523
1673	0.26045155	0.307254471	0.213648629
1674	0.2597959	0.306626745	0.212965055
1675	0.25903855	0.305853237	0.212223863
1676	0.25830635	0.305113005	0.211499695
1677	0.2576538	0.304476656	0.210830944
1678	0.2570123	0.303855509	0.210169091
1679	0.25640515	0.303273593	0.209536707
1680	0.2557377	0.302609924	0.208865476
1681	0.25493275	0.301765227	0.208100273
1682	0.2541609	0.300980324	0.207341476
1683	0.25345075	0.300300689	0.206600811
1684	0.25266535	0.299524683	0.205806017
1685	0.25177295	0.298611482	0.204934418
1686	0.2508934	0.297695168	0.204091632
1687	0.25002815	0.296772679	0.203283621
1688	0.2492131	0.29591952	0.20250668
1689	0.24847035	0.295158669	0.201782031
1690	0.247738	0.294404622	0.201071378
1691	0.24701165	0.293654459	0.200368841
1692	0.2462673	0.292860093	0.199674507
1693	0.245501	0.2920168	0.1989852
1694	0.2448106	0.291270087	0.198351113
1695	0.24417815	0.290596779	0.197759521
1696	0.243562	0.289914636	0.197209364
1697	0.24297135	0.28924428	0.19669842
1698	0.24238835	0.288606328	0.196170372
1699	0.2417987	0.287974452	0.195622948
1700	0.24124605	0.287335338	0.195156762
1701	0.2407114	0.286687472	0.194735328
1702	0.2401227	0.286008448	0.194236952
1703	0.23950555	0.285313575	0.193697525
1704	0.2389292	0.284654761	0.193203639
1705	0.2383565	0.28399434	0.19271866
1706	0.23784365	0.283406879	0.192280421
1707	0.2373633	0.282857618	0.191868982
1708	0.2367923	0.282201702	0.191382898
1709	0.23619045	0.281516091	0.190864809
1710	0.23567215	0.28095137	0.19039293
1711	0.2351522	0.28038154	0.18992286
1712	0.23449925	0.279626285	0.189372215
1713	0.2338293	0.27885382	0.18880478
1714	0.233311	0.278305798	0.188316202
1715	0.2328019	0.277770607	0.187833193
1716	0.2322596	0.277137891	0.187381309
1717	0.2317221	0.276507702	0.186936498
1718	0.2313422	0.27608856	0.18659584
1719	0.23094	0.275643187	0.186236813
1720	0.2303287	0.274957415	0.185699985
1721	0.22973085	0.27429327	0.18516843
1722	0.22928655	0.273839938	0.184733162
1723	0.228853	0.273400602	0.184305398
1724	0.22857935	0.273170571	0.183988129
1725	0.22828155	0.272902881	0.183660219
1726	0.22786505	0.272408533	0.183321567
1727	0.22753565	0.272020601	0.183050699
1728	0.2275096	0.272026349	0.182992851
1729	0.2275046	0.272049948	0.182959252
1730	0.22757685	0.272140651	0.183013049
1731	0.22775985	0.272349554	0.183170146
1732	0.2281805	0.272806625	0.183554375
1733	0.2286664	0.273342013	0.183990787
1734	0.2292343	0.273982712	0.184485888
1735	0.22983255	0.274628264	0.185036836
1736	0.23047545	0.275281555	0.185669345
1737	0.2310787	0.27590196	0.18625544
1738	0.23165065	0.276504481	0.186796819
1739	0.2321986	0.277096103	0.187301097
1740	0.23272805	0.277680302	0.187775798
1741	0.23322875	0.278219859	0.188237641
1742	0.23368575	0.278691867	0.188679633
1743	0.23401515	0.279035799	0.188994501
1744	0.23427855	0.279329113	0.189227987
1745	0.2345119	0.279579367	0.189444433
1746	0.23473945	0.279807719	0.189671181
1747	0.23494805	0.280006036	0.189890064
1748	0.2351433	0.280195556	0.190091044
1749	0.2353797	0.280426925	0.190332475
1750	0.2356279	0.280666073	0.190589727
1751	0.2358293	0.28084844	0.19081016
1752	0.23600595	0.280999443	0.191012457
1753	0.2361544	0.281146359	0.191162441
1754	0.23630565	0.281303921	0.191307379
1755	0.23651405	0.281539553	0.191488547
1756	0.2367424	0.281799279	0.191685521
1757	0.23690635	0.282017117	0.191795583
1758	0.2370698	0.282225161	0.191914439
1759	0.23741945	0.282565528	0.192273372
1760	0.23778525	0.282935414	0.192635086
1761	0.23808485	0.283247208	0.192922492
1762	0.2383856	0.283563641	0.193207559
1763	0.2386478	0.283881888	0.193413712
1764	0.2389704	0.284241476	0.193699324
1765	0.23951785	0.284753759	0.194281941
1766	0.2400884	0.285327823	0.194848977
1767	0.24073945	0.286083829	0.195395071
1768	0.24138375	0.286807477	0.195960023
1769	0.24193305	0.287376576	0.196489524
1770	0.24253515	0.288018765	0.197051535
1771	0.243234	0.288812278	0.197655722
1772	0.2439051	0.289541134	0.198269066
1773	0.2445113	0.290139599	0.198883001
1774	0.2450881	0.290759357	0.199416843
1775	0.2456648	0.291431745	0.199897855
1776	0.24611875	0.29191724	0.20032026
1777	0.24648245	0.292255724	0.200709176
1778	0.2469554	0.292766621	0.201144179
1779	0.24750615	0.293384776	0.201627524
1780	0.2480377	0.293950275	0.202125125
1781	0.24860305	0.294551596	0.202654504
1782	0.249001	0.294890856	0.203111144
1783	0.24932165	0.29512511	0.20351819
1784	0.24972415	0.295585081	0.203863219
1785	0.25018545	0.296145731	0.204225169
1786	0.25056795	0.296647031	0.204488869
1787	0.2509281	0.297106935	0.204749265
1788	0.25138725	0.297572923	0.205201577
1789	0.2518911	0.298095304	0.205686896
1790	0.25197005	0.298194019	0.205746081
1791	0.25199195	0.298220613	0.205763287
1792	0.252126	0.298299752	0.205952248
1793	0.2523248	0.298464603	0.206184997
1794	0.2527824	0.299010929	0.206553871
1795	0.2532245	0.299512664	0.206936336
1796	0.25334905	0.299595591	0.207102509
1797	0.25341605	0.299635433	0.207196667
1798	0.25349975	0.299746443	0.207253057
1799	0.2535534	0.299849588	0.207257212
1800	0.2533687	0.299711493	0.207025907
1801	0.26147015	0.310718657	0.212221643
1802	0.2597031	0.310383864	0.209022336
1803	0.25534635	0.307333844	0.203358856
1804	0.25003375	0.302593165	0.197474335
1805	0.242003	0.292266918	0.191739082
1806	0.2336913	0.281633474	0.185749126
1807	0.2351872	0.283419655	0.186954745
1808	0.2357868	0.287012145	0.184561455
1809	0.23733615	0.290665633	0.184006667
1810	0.24385615	0.297533949	0.190178351
1811	0.24207985	0.297185433	0.186974267
1812	0.2339497	0.286797413	0.181101987
1813	0.22454275	0.272978582	0.176106918
1814	0.2159393	0.261984516	0.169894084
1815	0.21093205	0.262935781	0.158928319
1816	0.2085927	0.268067651	0.149117749
1817	0.1973286	0.249756349	0.144900851
1818	0.19952005	0.25076792	0.14827218
1819	0.2117734	0.27297268	0.15057412
1820	0.2158194	0.280891479	0.150747321
1821	0.2055292	0.268570847	0.142487553
1822	0.1910071	0.263764729	0.118249471
1823	0.18533925	0.274401997	0.096276503
1824	0.2066015	0.328732334	0.084470666
1825	0.2493952	0.428593448	0.070196952
1826	0.250946	0.461199549	0.040692451
1827	0.22321645	0.422584941	0.023847959
1828	0.17992815	0.356612985	0.003243315
1829	0.1855396	0.386896808	-0.015817608
1830	0.2646815	0.552930461	-0.023567461
1831	0.33419635	0.708841998	-0.040449298
1832	0.1524055	0.332891568	-0.028080568
1833	0.05460005	0.147126359	-0.037926259
1834	0.212025	0.57480936	-0.15075936
1835	2.81425935	8.070903356	-2.442384656
1836	0.3274964	0.877715622	-0.222722822
1837	0.1111576	0.308253484	-0.085938284
1838	0.08647565	0.226749312	-0.053798012
1839	0.0807881	0.216711057	-0.055134857
1840	0.04911915	0.142307732	-0.044069432
1841	0.0279985	0.078385114	-0.022388114
1842	0.02391425	0.076383698	-0.028555198
1843	0.04154745	0.152820907	-0.069726007
1844	0.17241205	0.829826511	-0.485002411
1845	0	0	0
1846	0	0	0
1847	0	0	0
1848	0	0	0
1849	0	0	0
1850	0	0	0
1851	0	0	0
1852	0	0	0
1853	0	0	0
1854	0	0	0
1855	0	0	0
1856	0	0	0
1857	0	0	0
1858	0	0	0
1859	28.85489715	110.4221761	-52.71238183
1860	0.06111215	0.210660723	-0.088436423
1861	0.0344921	0.109483444	-0.040499244
1862	0.0273961	0.095002515	-0.040210315
1863	0.0359966	0.101314365	-0.029321165
1864	0.05572845	0.167540667	-0.056083767
1865	0.10293325	0.311724845	-0.105858345
1866	0.4372453	1.496929396	-0.622438796
1867	0.77364705	2.753152927	-1.205858827
1868	12.5399715	46.05559838	-20.97565538
1869	0.09864715	0.31474231	-0.11744801
1870	0.09048745	0.263773503	-0.082798603
1871	0.14332745	0.461340139	-0.174685239
1872	0.2802661	0.83310866	-0.27257646
1873	1.3727932	4.083526612	-1.337940212
1874	0.92698375	2.158763698	-0.304796198
1875	0.8238892	2.006560845	-0.358782445
1876	1.606026	3.96090146	-0.74884946
1877	31.90461155	84.61148605	-20.80226295
1878	0	0	0
1879	0	0	0
1880	5.52216295	16.30568514	-5.261359241
1881	0.400289	1.177611253	-0.377033253
1882	0.1725007	0.67321892	-0.32821752
1883	0.25046295	0.868018078	-0.367092178
1884	0.21502475	0.672287517	-0.242238017
1885	0.086121	0.242163971	-0.069921971
1886	0.0621135	0.176157972	-0.051930972
1887	0.0603426	0.163524276	-0.042839076
1888	0.04672805	0.113739016	-0.020282916
1889	0.038856	0.098028962	-0.020316962
1890	0.051027	0.133990282	-0.031936282
1891	0.06642075	0.206767404	-0.073925904
1892	0.04970645	0.149349618	-0.049936718
1893	0.0357916	0.102969131	-0.031385931
1894	0.06517805	0.148849573	-0.018493473
1895	0.34186345	0.882810662	-0.199083762
1896	0	0	0
1897	0	0	0
1898	0.26915655	0.896676191	-0.358363091
1899	0.0897046	0.275201975	-0.095792775
1900	0.0619501	0.190122734	-0.066222534
1901	0.0572179	0.179299317	-0.064863517
1902	0.05620485	0.203520464	-0.091110764
1903	0.11123115	0.313721345	-0.091259045
1904	0.37617545	1.109543273	-0.357192373
1905	0.1496732	0.472344294	-0.172997894
1906	0.05441735	0.187420502	-0.078585802
1907	0.0271294	0.110946195	-0.056687395
1908	0.0256997	0.0946205	-0.0432211
1909	0.03190085	0.102359384	-0.038557684
1910	0.0457554	0.128872439	-0.037361639
1911	0.0566159	0.181273336	-0.068041536
1912	0.06592375	0.182977699	-0.051130199
1913	0.07083065	0.201833198	-0.060171898
1914	0.0492563	0.124440683	-0.025928083
1915	0.0318727	0.078987364	-0.015241964
1916	0.02423645	0.056806397	-0.008333497
1917	0.02368835	0.053997987	-0.006621287
1918	0.0276955	0.054314219	0.001076781
1919	0.0340995	0.060395974	0.007803026
1920	0.0414302	0.078548223	0.004312177
1921	0.05122405	0.086744449	0.015703651
1922	0.06054165	0.107015609	0.014067691
1923	0.06539275	0.112447384	0.018338116
1924	0.0683406	0.122931153	0.013750047
1925	0.07460955	0.133722609	0.015496491
1926	0.0847014	0.159203531	0.010199269
1927	0.08967795	0.162527419	0.016828481
1928	0.0889105	0.151024193	0.026796807
1929	0.088039	0.145053114	0.031024886
1930	0.0884768	0.1416498	0.0353038
1931	0.0903025	0.142797254	0.037807746
1932	0.0965443	0.141086939	0.052001661
1933	0.10156425	0.142209911	0.060918589
1934	0.1043909	0.140132038	0.068649762
1935	0.1066942	0.140484543	0.072903857
1936	0.1085531	0.139851022	0.077255178
1937	0.11040595	0.141226918	0.079584982
1938	0.11413185	0.146054627	0.082209073
1939	0.1191432	0.153273024	0.085013376
1940	0.1230839	0.158996568	0.087171232
1941	0.12576835	0.160676602	0.090860098
1942	0.1279432	0.163104546	0.092781854
1943	0.12775605	0.161934609	0.093577491
1944	0.1275847	0.161411171	0.093758229
1945	0.13080945	0.164668308	0.096950592
1946	0.13463665	0.168828137	0.100445163
1947	0.13823135	0.173225001	0.103237699
1948	0.14158985	0.177651589	0.105528111
1949	0.1431111	0.179670746	0.106551454
1950	0.1417918	0.177895295	0.105688305
1951	0.14101775	0.177230076	0.104805424
1952	0.14257145	0.180447733	0.104695167
1953	0.1440548	0.183686641	0.104422959
1954	0.144311	0.183733883	0.104888117
1955	0.1445164	0.183861987	0.105170813
1956	0.1451524	0.183049423	0.107255377
1957	0.1458071	0.182218533	0.109395667
1958	0.1485227	0.18478599	0.11225941
1959	0.1524683	0.189456868	0.115479732
1960	0.1558182	0.193241789	0.118394611
1961	0.1585434	0.195952839	0.121133961
1962	0.16068895	0.198101702	0.123276198
1963	0.1616006	0.198638225	0.124562975
1964	0.16237265	0.199127472	0.125617828
1965	0.16270745	0.19954941	0.12586549
1966	0.1629785	0.199952082	0.126004918
1967	0.1640973	0.20137096	0.12682364
1968	0.1653756	0.203009725	0.127741475
1969	0.1662384	0.204041216	0.128435584
1970	0.166801	0.204616098	0.128985902
1971	0.16738475	0.205184457	0.129585043
1972	0.168061	0.205777281	0.130344719
1973	0.1687609	0.20647668	0.13104512
1974	0.1698688	0.207978839	0.131758761
1975	0.17089785	0.209391293	0.132404407
1976	0.1720698	0.210671791	0.133467809
1977	0.1731942	0.211888962	0.134499438
1978	0.17387625	0.212535357	0.135217143
1979	0.17440625	0.213015722	0.135796778
1980	0.1747854	0.213332278	0.136238522
1981	0.1749597	0.213437352	0.136482048
1982	0.17530095	0.213819001	0.136782899
1983	0.1761802	0.214979097	0.137381303
1984	0.17706945	0.216164216	0.137974684
1985	0.17781305	0.2169298	0.1386963
1986	0.17855265	0.217702925	0.139402375
1987	0.17947885	0.218801441	0.140156259
1988	0.18042865	0.219970877	0.140886423
1989	0.1808029	0.220261611	0.141344189
1990	0.1810168	0.220298708	0.141734892
1991	0.1811843	0.220453873	0.141914727
1992	0.18124665	0.220628104	0.141865196
1993	0.1813114	0.220769415	0.141853385
1994	0.181324	0.220860526	0.141787474
1995	0.18140295	0.221095909	0.141709991
1996	0.18190955	0.221944612	0.141874488
1997	0.18244745	0.222874082	0.142020818
1998	0.1818615	0.222106499	0.141616501
1999	0.18111525	0.221138236	0.141092264
2000	0.1809265	0.220800496	0.141052504
2001	0.1809469	0.220670813	0.141222987
2002	0.18112315	0.220821565	0.141424735
2003	0.18134105	0.221026477	0.141655623
2004	0.18126595	0.220704091	0.141827809
2005	0.18084305	0.219802068	0.141884032
2006	0.1804884	0.219152132	0.141824668
2007	0.18071505	0.219735315	0.141694785
2008	0.1810576	0.22052179	0.14159341
2009	0.18138965	0.221317152	0.141462148
2010	0.18159375	0.221973524	0.141213976
2011	0.181077	0.221399722	0.140754278
2012	0.1806694	0.221000391	0.140338409
2013	0.1803852	0.220830309	0.139940091
2014	0.18003805	0.220560029	0.139516071
2015	0.1796512	0.220082287	0.139220113
2016	0.1793653	0.21960852	0.13912208
2017	0.17937435	0.219438537	0.139310163
2018	0.1798416	0.21974384	0.13993936
2019	0.18012755	0.219950391	0.140304709
2020	0.17933795	0.218836884	0.139839016
2021	0.1785941	0.217783087	0.139405113
2022	0.1778083	0.216712454	0.138904146
2023	0.1770542	0.215745522	0.138362878
2024	0.1765476	0.215207511	0.137887689
2025	0.17631385	0.215102154	0.137525546
2026	0.17574435	0.214578101	0.136910599
2027	0.17492015	0.213680539	0.136159761
2028	0.17435735	0.213085522	0.135629178
2029	0.1738689	0.212516914	0.135220886
2030	0.1732682	0.211795499	0.134740901
2031	0.1725213	0.211064765	0.133977835
2032	0.17175515	0.210314206	0.133196094
2033	0.1709068	0.209370212	0.132443388
2034	0.17010735	0.208464086	0.131750614
2035	0.16929615	0.207562665	0.131029635
2036	0.16836215	0.206501617	0.130222683
2037	0.1671732	0.205137879	0.129208521
2038	0.16588135	0.203731321	0.128031379
2039	0.1648039	0.202560801	0.127046999
2040	0.1640156	0.201566224	0.126464976
2041	0.16321835	0.200607213	0.125829487
2042	0.1624143	0.199819483	0.125009117
2043	0.1616323	0.198989456	0.124275144
2044	0.1608077	0.197974844	0.123640556
2045	0.1598992	0.196876069	0.122922331
2046	0.1587557	0.195517342	0.121994058
2047	0.15758695	0.19412527	0.12104863
2048	0.15666265	0.193251183	0.120074117
2049	0.15570205	0.192343917	0.119060183
2050	0.15480545	0.191589533	0.118021367
2051	0.1540274	0.191032114	0.117022686
2052	0.1530299	0.189874084	0.116185716
2053	0.15179115	0.188114521	0.115467779
2054	0.150701	0.186597067	0.114804933
2055	0.14997665	0.185520358	0.114432942
2056	0.149245	0.184558391	0.113931609
2057	0.14837565	0.183713624	0.113037676
2058	0.14754315	0.182880778	0.112205522
2059	0.14714315	0.182474813	0.111811487
2060	0.1467789	0.182200762	0.111357038
2061	0.14606885	0.181422691	0.110715009
2062	0.1453078	0.180504898	0.110110702
2063	0.14448035	0.179444558	0.109516142
2064	0.1438812	0.17877927	0.10898313
2065	0.14335625	0.178351405	0.108361095
2066	0.14285345	0.17786613	0.10784077
2067	0.1425551	0.17761892	0.10749128
2068	0.14221995	0.177333798	0.107106102
2069	0.14190095	0.177055696	0.106746204
2070	0.141699	0.177060321	0.106337679
2071	0.14145505	0.177032498	0.105877602
2072	0.14105395	0.17653902	0.10556888
2073	0.14074695	0.176074289	0.105419611
2074	0.14061995	0.175702499	0.105537401
2075	0.14039735	0.175147727	0.105646973
2076	0.14014005	0.174791346	0.105488754
2077	0.13983455	0.174503073	0.105166027
2078	0.13938615	0.173903786	0.104868514
2079	0.1387807	0.173147472	0.104413928
2080	0.1382989	0.172565524	0.104032276
2081	0.1380799	0.172375756	0.103784044
2082	0.13779745	0.172205205	0.103389695
2083	0.13733315	0.171830717	0.102835583
2084	0.1368673	0.171393096	0.102341504
2085	0.13649115	0.170928398	0.102053902
2086	0.13614965	0.170511118	0.101788182
2087	0.1358199	0.170038186	0.101601614
2088	0.135494	0.169602424	0.101385576
2089	0.1355534	0.169673094	0.101433706
2090	0.1357761	0.169909632	0.101642568
2091	0.13592435	0.170110035	0.101738665
2092	0.1359741	0.17017232	0.10177588
2093	0.1359191	0.170086113	0.101752087
2094	0.13562655	0.169792698	0.101460402
2095	0.1352257	0.169356707	0.101094693
2096	0.13473655	0.168725883	0.100747217
2097	0.1343405	0.168258905	0.100422095
2098	0.1343588	0.168477228	0.100240372
2099	0.13444445	0.168774911	0.100113989
2100	0.13445765	0.168823377	0.100091923
2101	0.13441385	0.168795469	0.100032231
2102	0.1342106	0.168574722	0.099846478
2103	0.13395635	0.168250153	0.099662547
2104	0.1337991	0.168022152	0.099576048
2105	0.13359	0.167704875	0.099475125
2106	0.133294	0.167245907	0.099342093
2107	0.1331845	0.167123334	0.099245666
2108	0.1331542	0.167159624	0.099148776
2109	0.13313325	0.167100154	0.099166346
2110	0.1331241	0.167100618	0.099147582
2111	0.1332153	0.167443347	0.098987253
2112	0.13337665	0.167851574	0.098901726
2113	0.13368035	0.168208732	0.099151968
2114	0.13392615	0.168463427	0.099388873
2115	0.13377725	0.168285261	0.099269239
2116	0.1336382	0.168178457	0.099097943
2117	0.13351225	0.168031667	0.098992833
2118	0.1332049	0.16756639	0.09884341
2119	0.1330006	0.167297431	0.098703769
2120	0.13291095	0.167211395	0.098610505
2121	0.1330539	0.167391068	0.098716732
2122	0.1336021	0.168043498	0.099160702
2123	0.134029	0.168592011	0.099465989
2124	0.1341254	0.168658459	0.099592341
2125	0.134196	0.168638438	0.099753562
2126	0.134307	0.168672008	0.099941992
2127	0.13448045	0.168814956	0.100145944
2128	0.13483665	0.169234763	0.100438537
2129	0.1351835	0.169660812	0.100706188
2130	0.1352538	0.169718232	0.100789368
2131	0.1352695	0.169661901	0.100877099
2132	0.13532205	0.169803191	0.100840909
2133	0.1352269	0.169908144	0.100545656
2134	0.1349807	0.169657446	0.100303954
2135	0.13473935	0.169270069	0.100208631
2136	0.13462485	0.169045796	0.100203904
2137	0.1347297	0.169089792	0.100369608
2138	0.13488105	0.169255998	0.100506102
2139	0.13506775	0.169540445	0.100595055
2140	0.13528685	0.169810703	0.100762997
2141	0.1356531	0.170184878	0.101121322
2142	0.13607465	0.170631044	0.101518256
2143	0.13654695	0.171023834	0.102070066
2144	0.1369987	0.171343042	0.102654358
2145	0.1373453	0.1716265	0.1030641
2146	0.1376497	0.171936011	0.103363389
2147	0.13788835	0.172245699	0.103531001
2148	0.1381884	0.172657921	0.103718879
2149	0.1382369	0.172897524	0.103576276
2150	0.13819275	0.173003736	0.103381764
2151	0.1383967	0.173265592	0.103527808
2152	0.1386788	0.17355512	0.10380248
2153	0.13900405	0.17388056	0.10412754
2154	0.1395479	0.174467426	0.104628374
2155	0.1400432	0.175052863	0.105033537
2156	0.14037565	0.17551944	0.10523186
2157	0.140593	0.175830156	0.105355844
2158	0.14054605	0.175862108	0.105229992
2159	0.1405406	0.175968766	0.105112434
2160	0.14076245	0.176216701	0.105308199
2161	0.1410048	0.176405018	0.105604582
2162	0.14143505	0.176693665	0.106176435
2163	0.1419916	0.177167551	0.106815649
2164	0.1424919	0.177618774	0.107365026
2165	0.1429549	0.178003692	0.107906108
2166	0.1433517	0.178552952	0.108150448
2167	0.14352445	0.178921477	0.108127423
2168	0.1437329	0.179329089	0.108136711
2169	0.1441376	0.179921117	0.108354083
2170	0.14459205	0.180421726	0.108762374
2171	0.1452034	0.181083462	0.109323338
2172	0.14581345	0.181770788	0.109856112
2173	0.14631925	0.182343978	0.110294522
2174	0.1467055	0.182770478	0.110640522
2175	0.1469423	0.182987436	0.110897164
2176	0.1472188	0.183271191	0.111166409
2177	0.1473857	0.183404002	0.111367398
2178	0.1474526	0.183387117	0.111518083
2179	0.147748	0.183798295	0.111697705
2180	0.1481881	0.184454062	0.111922138
2181	0.14891015	0.185325636	0.112494664
2182	0.1495938	0.186089596	0.113098004
2183	0.149858	0.186236935	0.113479065
2184	0.1501682	0.186386128	0.113950272
2185	0.1505009	0.186626889	0.114374911
2186	0.1504524	0.186499789	0.114405011
2187	0.1503288	0.186256898	0.114400702
2188	0.1504831	0.186446101	0.114520099
2189	0.15076	0.186762721	0.114757279
2190	0.1511452	0.187137949	0.115152451
2191	0.15145945	0.187502856	0.115416044
2192	0.15172215	0.187896114	0.115548186
2193	0.152058	0.188368548	0.115747452
2194	0.1526584	0.189143342	0.116173458
2195	0.15334385	0.19002543	0.11666227
2196	0.15387405	0.190637115	0.117110985
2197	0.1542145	0.190954329	0.117474671
2198	0.15442605	0.191027204	0.117824896
2199	0.15461145	0.191213418	0.118009482
2200	0.15453835	0.191099209	0.117977491
2201	0.1544127	0.190845283	0.117980117
2202	0.15427995	0.190709805	0.117850095
2203	0.1541495	0.190458363	0.117840637
2204	0.15404075	0.190256578	0.117824922
2205	0.1542286	0.190569745	0.117887455
2206	0.1545437	0.19108769	0.11799971
2207	0.15463245	0.191462204	0.117802696
2208	0.15481115	0.191824197	0.117798103
2209	0.15527895	0.192334724	0.118223176
2210	0.1556152	0.192692959	0.118537441
2211	0.15564295	0.192784118	0.118501782
2212	0.15570205	0.192965365	0.118438735
2213	0.1559908	0.193389331	0.118592269
2214	0.15632135	0.193806711	0.118835989
2215	0.15653365	0.193976756	0.119090544
2216	0.15667105	0.194046453	0.119295647
2217	0.15661005	0.194008295	0.119211805
2218	0.1564382	0.193872786	0.119003614
2219	0.1561857	0.193441434	0.118929966
2220	0.1558674	0.192791518	0.118943282
2221	0.15549525	0.192157139	0.118833361
2222	0.1553285	0.191825109	0.118831891
2223	0.1552303	0.191536778	0.118923822
2224	0.1548027	0.191036844	0.118568556
2225	0.15441085	0.190658384	0.118163316
2226	0.15438885	0.19078293	0.11799477
2227	0.15414465	0.190592107	0.117697193
2228	0.1533558	0.189644796	0.117066804
2229	0.152605	0.188737511	0.116472489
2230	0.1520302	0.187948577	0.116111823
2231	0.15149035	0.187273788	0.115706912
2232	0.15104425	0.186949868	0.115138632
2233	0.15057225	0.186609545	0.114534955
2234	0.14980875	0.185919974	0.113697526
2235	0.1489837	0.1851822	0.1127852
2236	0.14816705	0.184356224	0.111977876
2237	0.1472416	0.183352611	0.111130589
2238	0.1462368	0.182195273	0.110278327
2239	0.14519435	0.180991557	0.109397143
2240	0.14385045	0.179414585	0.108286315
2241	0.1425984	0.178039419	0.107157381
2242	0.1414721	0.17678137	0.10616283
2243	0.1403028	0.175364188	0.105241412
2244	0.1389082	0.173670579	0.104145821
2245	0.13727675	0.171578238	0.102975262
2246	0.1357544	0.169663408	0.101845392
2247	0.13473725	0.16848332	0.10099118
2248	0.13378055	0.167465533	0.100095567
2249	0.13272905	0.166433459	0.099024641
2250	0.13169145	0.16539377	0.09798913
2251	0.13033055	0.164024409	0.096636691
2252	0.12884755	0.162515793	0.095179307
2253	0.127448	0.16101464	0.09388136
2254	0.12616585	0.159651847	0.092679853
2255	0.125321	0.158769759	0.091872241
2256	0.12459505	0.157966922	0.091223178
2257	0.1236948	0.156804554	0.090585046
2258	0.12267155	0.155506057	0.089837043
2259	0.12169785	0.15444968	0.08894602
2260	0.1207317	0.153513242	0.087950158
2261	0.11955265	0.152242465	0.086862835
2262	0.1183789	0.150923289	0.085834511
2263	0.1174078	0.149818469	0.084997131
2264	0.11656115	0.148829666	0.084292634
2265	0.11575325	0.147753801	0.083752699
2266	0.11503205	0.146778471	0.083285629
2267	0.1142658	0.145857578	0.082674022
2268	0.1134684	0.144831773	0.082105027
2269	0.1128999	0.144135239	0.081664561
2270	0.11240865	0.143612194	0.081205106
2271	0.11193325	0.1430945	0.080772
2272	0.11150155	0.142743077	0.080260023
2273	0.1109455	0.142194622	0.079696378
2274	0.1104852	0.14149349	0.07947691
2275	0.1099883	0.140780061	0.079196539
2276	0.10931245	0.14010488	0.07852002
2277	0.10878085	0.13959261	0.07796909
2278	0.1086313	0.13928944	0.07797316
2279	0.1084279	0.138923712	0.077932088
2280	0.10804975	0.138411733	0.077687767
2281	0.10765035	0.137813667	0.077487033
2282	0.1073655	0.137477919	0.077253081
2283	0.1071225	0.137336469	0.076908531
2284	0.10652405	0.13674721	0.07630089
2285	0.10578475	0.135988017	0.075581483
2286	0.1052608	0.135425615	0.075095985
2287	0.1048456	0.134991573	0.074699627
2288	0.1046694	0.134933942	0.074404858
2289	0.10465205	0.135028204	0.074275896
2290	0.10435485	0.134851576	0.073858124
2291	0.1037501	0.134247867	0.073252333
2292	0.1030244	0.133334007	0.072714793
2293	0.1023074	0.132238414	0.072376386
2294	0.1015902	0.131217643	0.071962757
2295	0.10065545	0.130286413	0.071024487
2296	0.0998324	0.129475234	0.070189566
2297	0.0993719	0.129070327	0.069673473
2298	0.0988528	0.128514417	0.069191183
2299	0.09836345	0.127684869	0.069042031
2300	0.0979105	0.126988153	0.068832847
2301	0.09759415	0.126808344	0.068379956
2302	0.097362	0.126746876	0.067977124
2303	0.0973473	0.126789624	0.067904976
2304	0.0973677	0.126793947	0.067941453
2305	0.0973526	0.126572694	0.068132506
2306	0.0972833	0.126331636	0.068234964
2307	0.0969684	0.125940556	0.067996244
2308	0.09656265	0.125440789	0.067684511
2309	0.096421	0.125254587	0.067587413
2310	0.0964094	0.12520146	0.06761734
2311	0.09666195	0.125446676	0.067877224
2312	0.0970301	0.125868797	0.068191403
2313	0.09763045	0.126643905	0.068616995
2314	0.09838665	0.127625879	0.069147421
2315	0.099007	0.128408475	0.069605525
2316	0.0994185	0.12882672	0.07001028
2317	0.09985345	0.129195477	0.070511423
2318	0.1004219	0.12982588	0.07101792
2319	0.1009488	0.130443165	0.071454435
2320	0.1013133	0.130821339	0.071805261
2321	0.10145385	0.130959868	0.071947832
2322	0.10151425	0.131030634	0.071997866
2323	0.1017013	0.131186512	0.072216088
2324	0.1018273	0.131227922	0.072426678
2325	0.10194905	0.131377029	0.072521071
2326	0.101969	0.131433954	0.072504046
2327	0.1019768	0.131437197	0.072516403
2328	0.1017808	0.131302609	0.072258991
2329	0.10152215	0.131145727	0.071898573
2330	0.1015011	0.131009953	0.071992247
2331	0.1015362	0.130887232	0.072185168
2332	0.10152475	0.130938242	0.072111258
2333	0.10149075	0.131028715	0.071952785
2334	0.10121885	0.13064208	0.07179562
2335	0.100882	0.13013769	0.07162631
2336	0.1006677	0.129798323	0.071537077
2337	0.1004303	0.129511303	0.071349297
2338	0.09997045	0.129045757	0.070895143
2339	0.09946105	0.128497585	0.070424515
2340	0.09908325	0.128100533	0.070065967
2341	0.09870675	0.127564416	0.069849084
2342	0.09827805	0.12696849	0.06958761
2343	0.098043	0.126698361	0.069387639
2344	0.0979649	0.126837688	0.069092112
2345	0.097856	0.127184005	0.068527995
2346	0.0976204	0.126957896	0.068282904
2347	0.09749725	0.12660557	0.06838893
2348	0.0976774	0.126753784	0.068601016
2349	0.09784125	0.126787547	0.068894953
2350	0.09814365	0.126974024	0.069313276
2351	0.09889755	0.127777942	0.070017158
2352	0.0994454	0.128494996	0.070395804
2353	0.09960225	0.128917097	0.070287403
2354	0.0998961	0.129635911	0.070156289
2355	0.10013625	0.130482659	0.069789841
2356	0.10034875	0.131123428	0.069574072
2357	0.1008586	0.131402144	0.070315056
2358	0.1013785	0.131594774	0.071162226
2359	0.1014821	0.131641195	0.071323005
2360	0.1015549	0.131777271	0.071332529
2361	0.10176695	0.132265731	0.071268169
2362	0.10199975	0.132794162	0.071205338
2363	0.10206955	0.132802112	0.071336988
2364	0.1020393	0.132660687	0.071417913
2365	0.1020829	0.132511059	0.071654741
2366	0.1021778	0.132407168	0.071948432
2367	0.10200515	0.132364283	0.071646017
2368	0.1018522	0.132537083	0.071167317
2369	0.1017608	0.132655681	0.070865919
2370	0.1014413	0.132384544	0.070498056
2371	0.1011802	0.132049396	0.070311004
2372	0.10110725	0.131932901	0.070281599
2373	0.1009314	0.131342555	0.070520245
2374	0.10082185	0.130838952	0.070804748
2375	0.1006096	0.130643027	0.070576173
2376	0.10040005	0.130512456	0.070287644
2377	0.0999988	0.130617555	0.069380045
2378	0.099305	0.130481835	0.068128165
2379	0.09902905	0.130190789	0.067867311
2380	0.0989384	0.129926831	0.067949969
2381	0.09892415	0.129918862	0.067929438
2382	0.0988945	0.130180167	0.067608833
2383	0.0986735	0.130088605	0.067258395
2384	0.09837195	0.129765255	0.066978645
2385	0.0983373	0.129582435	0.067092165
2386	0.0984723	0.12954664	0.06739796
2387	0.0986085	0.129500766	0.067716234
2388	0.0991855	0.129721272	0.068649728
2389	0.09986875	0.129995857	0.069741643
2390	0.1006198	0.130449774	0.070789826
2391	0.10100955	0.130940784	0.071078316
2392	0.100942	0.131270267	0.070613733
2393	0.1010038	0.131540661	0.070466939
2394	0.10072815	0.131131835	0.070324465
2395	0.10019535	0.130536428	0.069854272
2396	0.09963535	0.129632746	0.069637954
2397	0.0995705	0.129206365	0.069934635
2398	0.09950405	0.129370347	0.069637753
2399	0.0992901	0.129404588	0.069175612
2400	0.09902235	0.128740997	0.069303703
2401	0.0986235	0.128141666	0.069105334
2402	0.0984942	0.128098042	0.068890358
2403	0.09833895	0.127985483	0.068692417
2404	0.09794275	0.127796544	0.068088956
2405	0.09752785	0.127600082	0.067455618
2406	0.09722055	0.12718955	0.06725155
2407	0.09698865	0.126984215	0.066993085
2408	0.09710645	0.127327198	0.066885702
2409	0.0972683	0.127749794	0.066786806
2410	0.09728825	0.127944738	0.066631762
2411	0.09709555	0.128078712	0.066112388
2412	0.0959172	0.126962283	0.064872117
2413	0.0946676	0.125763354	0.063571846
2414	0.09379745	0.124974876	0.062620024
2415	0.0927445	0.123856079	0.061632921
2416	0.09184755	0.122383822	0.061311278
2417	0.09120135	0.121307502	0.061095198
2418	0.0907186	0.120274405	0.061162795
2419	0.090453	0.119633793	0.061272207
2420	0.09062845	0.120218298	0.061038602
2421	0.0907081	0.120756396	0.060659804
2422	0.0906307	0.119771841	0.061489559
2423	0.090499	0.118844909	0.062153091
2424	0.0902225	0.118499795	0.061945205
2425	0.0898565	0.11768364	0.06202936
2426	0.089805	0.117499755	0.062110245
2427	0.0900724	0.118131199	0.062013601
2428	0.09028585	0.118569053	0.062002647
2429	0.09022475	0.119092382	0.061357118
2430	0.08959445	0.118557566	0.060631334
2431	0.0883003	0.117173684	0.059426916
2432	0.087239	0.115887431	0.058590569
2433	0.08732715	0.11599828	0.05865602
2434	0.08831255	0.117589525	0.059035575
2435	0.0890461	0.118647186	0.059445014
2436	0.08804615	0.118005872	0.058086428
2437	0.08586965	0.115991837	0.055747463
2438	0.08362975	0.113182086	0.054077414
2439	0.08150975	0.110615463	0.052404037
2440	0.07991775	0.108759606	0.051075894
2441	0.07950825	0.108313916	0.050702584
2442	0.0787925	0.107833307	0.049751693
2443	0.07644815	0.106162934	0.046733366
2444	0.07541205	0.1061593	0.0446648
2445	0.07668785	0.107993712	0.045381988
2446	0.07655515	0.107397417	0.045712883
2447	0.07470445	0.104103088	0.045305812
2448	0.0720349	0.101255257	0.042814543
2449	0.0682186	0.09833452	0.03810268
2450	0.0671355	0.097480252	0.036790748
2451	0.0690152	0.099338353	0.038692047
2452	0.07033405	0.101087323	0.039580777
2453	0.07062315	0.101320306	0.039925994
2454	0.0702548	0.100501412	0.040008188
2455	0.07043325	0.098564798	0.042301702
2456	0.0710595	0.097900079	0.044218921
2457	0.07180765	0.097729457	0.045885843
2458	0.072127	0.096627573	0.047626427
2459	0.070798	0.09499962	0.04659638
2460	0.06874365	0.093703603	0.043783697
2461	0.0666588	0.093383631	0.039933969
2462	0.065214	0.09395542	0.03647258
2463	0.06458855	0.094167088	0.035010012
2464	0.06345015	0.093429925	0.033470375
2465	0.0620592	0.091749788	0.032368612
2466	0.0613827	0.090994275	0.031771125
2467	0.0615784	0.091735176	0.031421624
2468	0.0607375	0.092039851	0.029435149
2469	0.05884675	0.088433771	0.029259729
2470	0.0576294	0.08655449	0.02870431
2471	0.05677485	0.086436506	0.027113194
2472	0.05634675	0.086907863	0.025785637
2473	0.0554157	0.086493278	0.024338122
2474	0.0523843	0.083341751	0.021426849
2475	0.0474921	0.076743398	0.018240802
2476	0.04284485	0.071720984	0.013968716
2477	0.04039545	0.068893477	0.011897423
2478	0.03892675	0.069375629	0.008477871
2479	0.03792495	0.067586163	0.008263737
2480	0.03539645	0.063951561	0.006841339
2481	0.0342057	0.060796956	0.007614444
2482	0.03389675	0.060961709	0.006831791
2483	0.0301609	0.057266238	0.003055562
2484	0.0261108	0.056020817	-0.003799217
2485	0.0250764	0.054595239	-0.004442439
2486	0.02300355	0.053629479	-0.007622379
2487	0.0193509	0.041790298	-0.003088498
2488	0.0159513	0.037086947	-0.005184347
2489	0.01923365	0.047130823	-0.008663523
2490	0.0263817	0.065555697	-0.012792297
2491	0.02758605	0.064044896	-0.008872796
2492	0.02281565	0.057011263	-0.011379963
2493	0.0184241	0.042897278	-0.006049078
2494	0.0179442	0.040309734	-0.004421334
2495	0.01647755	0.03438773	-0.00143263
2496	0.01360495	0.0318502	-0.0046403
2497	0.01322045	0.035509607	-0.009068707
2498	0.0143929	0.041855676	-0.013069876
2499	0.0177895	0.045283242	-0.009704242
2500	0.02370215	0.054592323	-0.007188023
