Wavelength	Mean	Std+	Std-
350	0.0235609	0.034127725	0.012994075
351	0.02369155	0.034303682	0.013079418
352	0.0236483	0.034282132	0.013014468
353	0.02411055	0.034760457	0.013460643
354	0.0241469	0.034813171	0.013480629
355	0.02374805	0.034433468	0.013062632
356	0.0237765	0.034512635	0.013040365
357	0.02398605	0.034765751	0.013206349
358	0.02419975	0.035021775	0.013377725
359	0.02402935	0.034904592	0.013154108
360	0.0241675	0.035092246	0.013242754
361	0.02430565	0.035277935	0.013333365
362	0.0242681	0.03528701	0.01324919
363	0.02447665	0.035553065	0.013400235
364	0.02471415	0.03585653	0.01357177
365	0.02494245	0.03615605	0.01372885
366	0.0249469	0.036199799	0.013694001
367	0.02509795	0.036378479	0.013817421
368	0.02530235	0.036619228	0.013985472
369	0.02533205	0.036754129	0.013909971
370	0.02533615	0.036845331	0.013826969
371	0.0254587	0.037046852	0.013870548
372	0.02585405	0.037515818	0.014192282
373	0.0260774	0.037834789	0.014320011
374	0.02620565	0.038051405	0.014359895
375	0.02624775	0.038170927	0.014324573
376	0.02644925	0.038490313	0.014408187
377	0.0268344	0.038985346	0.014683454
378	0.02729945	0.039562911	0.015035989
379	0.0274748	0.039883013	0.015066587
380	0.02765275	0.04019156	0.01511394
381	0.0278779	0.040549871	0.015205929
382	0.02820835	0.041030939	0.015385761
383	0.02831665	0.041287652	0.015345648
384	0.0286275	0.04175361	0.01550139
385	0.02923305	0.042524119	0.015941981
386	0.02987365	0.043383139	0.016364161
387	0.0302344	0.043953828	0.016514972
388	0.03044175	0.044363019	0.016520481
389	0.0309425	0.045059379	0.016825621
390	0.03124285	0.045553353	0.016932347
391	0.03154985	0.046056285	0.017043415
392	0.0320749	0.046791706	0.017358094
393	0.0327659	0.047730631	0.017801169
394	0.0333531	0.04859665	0.01810955
395	0.03376445	0.049310278	0.018218622
396	0.0346556	0.050507436	0.018803764
397	0.03535775	0.051529176	0.019186324
398	0.0359221	0.052417318	0.019426882
399	0.0364758	0.053289523	0.019662077
400	0.03720745	0.054316516	0.020098384
401	0.03793345	0.055319787	0.020547113
402	0.0385375	0.05620331	0.02087169
403	0.03930275	0.057266563	0.021338937
404	0.0400724	0.058337651	0.021807149
405	0.04082775	0.059402249	0.022253251
406	0.04183525	0.060788475	0.022882025
407	0.0427978	0.062148697	0.023446903
408	0.0437366	0.06350237	0.02397083
409	0.04482595	0.065034212	0.024617688
410	0.04589595	0.066543716	0.025248184
411	0.04694195	0.068023096	0.025860804
412	0.0479812	0.0694958	0.0264666
413	0.04913985	0.07107964	0.02720006
414	0.0503038	0.072660493	0.027947107
415	0.0514603	0.074232129	0.028688471
416	0.05267895	0.075884187	0.029473713
417	0.05389725	0.077530011	0.030264489
418	0.05511045	0.079167402	0.031053498
419	0.0563018	0.080804975	0.031798625
420	0.05754565	0.082474125	0.032617175
421	0.0588016	0.084144055	0.033459145
422	0.0600267	0.085781214	0.034272186
423	0.06120775	0.087373366	0.035042134
424	0.0623958	0.088955316	0.035836284
425	0.06362775	0.090556856	0.036698644
426	0.06472645	0.092004292	0.037448608
427	0.0658762	0.09351444	0.03823796
428	0.06709035	0.095101993	0.039078707
429	0.06834445	0.096725604	0.039963296
430	0.0694769	0.098245141	0.040708659
431	0.07055805	0.099720193	0.041395907
432	0.07172355	0.101277439	0.042169661
433	0.0728746	0.102781696	0.042967504
434	0.0739436	0.104179696	0.043707504
435	0.0748902	0.105434661	0.044345739
436	0.0758349	0.106619497	0.045050303
437	0.07669955	0.10772554	0.04567356
438	0.07749495	0.108771932	0.046217968
439	0.0783436	0.109880312	0.046806888
440	0.0792119	0.111000966	0.047422834
441	0.0800694	0.112104183	0.048034617
442	0.0808501	0.113127484	0.048572716
443	0.08163285	0.114137593	0.049128107
444	0.0823811	0.115103377	0.049658823
445	0.0830636	0.115994412	0.050132788
446	0.0837437	0.11687368	0.05061372
447	0.08440385	0.117739936	0.051067764
448	0.08504605	0.118597077	0.051495023
449	0.08568755	0.11942893	0.05194617
450	0.0862878	0.120201951	0.052373649
451	0.0868613	0.12093723	0.05278537
452	0.08742825	0.121666932	0.053189568
453	0.08799235	0.122395432	0.053589268
454	0.0885369	0.123108074	0.053965726
455	0.08904065	0.123786447	0.054294853
456	0.0895996	0.124526978	0.054672222
457	0.09015095	0.125255125	0.055046775
458	0.0906767	0.125948874	0.055404526
459	0.0910974	0.126526396	0.055668404
460	0.0915761	0.127157254	0.055994946
461	0.0920895	0.127821196	0.056357804
462	0.0925665	0.128452166	0.056680834
463	0.0930483	0.129079933	0.057016667
464	0.09351705	0.129688018	0.057346082
465	0.0939472	0.130247305	0.057647095
466	0.09437155	0.130811845	0.057931255
467	0.09481535	0.131407067	0.058223633
468	0.09528535	0.132039942	0.058530758
469	0.0957395	0.132658224	0.058820776
470	0.0961754	0.133255477	0.059095323
471	0.0965955	0.133833033	0.059357967
472	0.09701555	0.134401709	0.059629391
473	0.0974656	0.1349942	0.059937
474	0.097918	0.135587718	0.060248282
475	0.09834655	0.136161447	0.060531653
476	0.09875105	0.136699143	0.060802957
477	0.09917225	0.137259073	0.061085427
478	0.0996239	0.137860228	0.061387572
479	0.1000488	0.138420412	0.061677188
480	0.10045805	0.138957649	0.061958451
481	0.1008577	0.139476747	0.062238653
482	0.1012816	0.140001437	0.062561763
483	0.101735	0.140555936	0.062914064
484	0.10217625	0.141106155	0.063246345
485	0.1025316	0.141590831	0.063472369
486	0.10302	0.142234251	0.063805749
487	0.10349495	0.142884939	0.064104961
488	0.10390655	0.143494215	0.064318885
489	0.10433745	0.14410576	0.06456914
490	0.1048035	0.14472441	0.06488259
491	0.10528885	0.145336759	0.065240941
492	0.1057512	0.145919127	0.065583273
493	0.1062464	0.146551198	0.065941602
494	0.10674885	0.14720055	0.06629715
495	0.1072274	0.147833088	0.066621712
496	0.10770825	0.148447247	0.066969253
497	0.1081999	0.149070153	0.067329647
498	0.10871215	0.149718897	0.067705403
499	0.10926395	0.150421437	0.068106463
500	0.10982565	0.151142253	0.068509047
501	0.1103934	0.151878551	0.068908249
502	0.1109538	0.152636162	0.069271438
503	0.11153545	0.153407151	0.069663749
504	0.1121202	0.15417381	0.07006659
505	0.11269055	0.154916433	0.070464667
506	0.113306	0.155691521	0.070920479
507	0.1139319	0.156478037	0.071385763
508	0.114562	0.157276983	0.071847017
509	0.1152299	0.158126285	0.072333515
510	0.11591255	0.158993613	0.072831487
511	0.11660525	0.159873886	0.073336614
512	0.1172507	0.160702947	0.073798453
513	0.11794015	0.16157065	0.07430965
514	0.1186584	0.162467212	0.074849588
515	0.1193776	0.163370132	0.075385068
516	0.1201429	0.16436119	0.07592461
517	0.12093765	0.165404866	0.076470434
518	0.12175715	0.166492402	0.077021898
519	0.12257265	0.167592587	0.077552713
520	0.1234293	0.168715963	0.078142637
521	0.1243172	0.169845987	0.078788413
522	0.12515435	0.170901244	0.079407456
523	0.12600355	0.171961313	0.080045787
524	0.12687985	0.173050615	0.080709085
525	0.1278221	0.174225906	0.081418294
526	0.12873405	0.175402693	0.082065407
527	0.1296628	0.176611637	0.082713963
528	0.13065435	0.177897663	0.083411037
529	0.1316059	0.179135738	0.084076062
530	0.13255895	0.180349011	0.084768889
531	0.13351775	0.181539708	0.085495792
532	0.13450785	0.18278722	0.08622848
533	0.13552935	0.184088363	0.086970337
534	0.1365727	0.185428679	0.087716721
535	0.13760795	0.186770549	0.088445351
536	0.1386322	0.188075169	0.089189231
537	0.13964495	0.189357289	0.089932611
538	0.1406482	0.190626942	0.090669458
539	0.1417109	0.191992513	0.091429287
540	0.142774	0.193371114	0.092176886
541	0.1438219	0.194742234	0.092901566
542	0.14489865	0.196147904	0.093649396
543	0.1459671	0.197535847	0.094398353
544	0.14702715	0.198905043	0.095149257
545	0.1481031	0.200275847	0.095930353
546	0.1491971	0.201671701	0.096722499
547	0.15029515	0.203078113	0.097512187
548	0.15138925	0.204489769	0.098288731
549	0.1524617	0.205884061	0.099039339
550	0.1535381	0.207279472	0.099796728
551	0.15462345	0.208678767	0.100568133
552	0.15573335	0.210099466	0.101367234
553	0.15683845	0.211519655	0.102157245
554	0.1579331	0.212931191	0.102935009
555	0.15897035	0.214270436	0.103670264
556	0.160042	0.215641052	0.104442948
557	0.16113375	0.217041005	0.105226495
558	0.16223255	0.21847358	0.10599152
559	0.1633175	0.219910178	0.106724822
560	0.16440855	0.221352931	0.107464169
561	0.16550695	0.222796162	0.108217738
562	0.16658655	0.224195268	0.108977832
563	0.16765955	0.22558522	0.10973388
564	0.16873305	0.226977912	0.110488188
565	0.16981755	0.228401192	0.111233908
566	0.1708865	0.229800013	0.111972987
567	0.171957	0.231198529	0.112715471
568	0.17304265	0.232614423	0.113470877
569	0.1741013	0.234013754	0.114188846
570	0.17516415	0.235426837	0.114901463
571	0.17623795	0.236860813	0.115615087
572	0.1773283	0.238304462	0.116352138
573	0.1784014	0.239715476	0.117087324
574	0.17946265	0.241101747	0.117823553
575	0.180548	0.242511915	0.118584085
576	0.18162825	0.243934345	0.119322155
577	0.18271115	0.24537028	0.12005202
578	0.18379085	0.246804978	0.120776722
579	0.1849057	0.248277279	0.121534121
580	0.186027	0.249756389	0.122297611
581	0.18714115	0.251225913	0.123056387
582	0.1882343	0.252634928	0.123833672
583	0.1893471	0.254068675	0.124625525
584	0.1904828	0.255533569	0.125432031
585	0.1915753	0.256948173	0.126202427
586	0.19268425	0.258370929	0.126997571
587	0.19381305	0.259816161	0.127809939
588	0.1949371	0.261267785	0.128606415
589	0.1961224	0.262828763	0.129416037
590	0.1973169	0.264419567	0.130214233
591	0.19847885	0.265983863	0.130973837
592	0.1997099	0.267555886	0.131863914
593	0.2009523	0.269147932	0.132756668
594	0.20221295	0.270776367	0.133649533
595	0.2034847	0.272435101	0.134534299
596	0.20477615	0.274118896	0.135433404
597	0.2060849	0.275825787	0.136344013
598	0.20740515	0.277549769	0.137260531
599	0.20876885	0.279327451	0.138210249
600	0.210164	0.28114849	0.13917951
601	0.2115805	0.283003962	0.140157038
602	0.21299345	0.284880777	0.141106123
603	0.21444115	0.286786616	0.142095684
604	0.2159247	0.288719366	0.143130034
605	0.2173576	0.290596261	0.144118939
606	0.21885475	0.292539464	0.145170036
607	0.2203983	0.294533781	0.146262819
608	0.22191175	0.296494616	0.147328884
609	0.2234616	0.298492577	0.148430623
610	0.22504135	0.300522724	0.149559976
611	0.2266316	0.302558539	0.150704661
612	0.22816845	0.304519422	0.151817478
613	0.2297198	0.306497808	0.152941792
614	0.23129825	0.308510101	0.154086399
615	0.2329101	0.310554846	0.155265354
616	0.2345301	0.312629726	0.156430474
617	0.2361506	0.314716079	0.157585121
618	0.23774565	0.316756662	0.158734638
619	0.2392966	0.31872121	0.15987199
620	0.240826	0.320657377	0.160994623
621	0.24233785	0.322583025	0.162092675
622	0.2439035	0.324591707	0.163215293
623	0.2454908	0.326639241	0.164342359
624	0.24708645	0.328708825	0.165464075
625	0.2486637	0.330767745	0.166559655
626	0.25025745	0.332848361	0.167666539
627	0.25185275	0.334930356	0.168775144
628	0.2534352	0.33698772	0.16988268
629	0.2550561	0.339097532	0.171014668
630	0.25665115	0.341179787	0.172122513
631	0.25816125	0.343163718	0.173158782
632	0.25961455	0.345075815	0.174153285
633	0.26107855	0.346995354	0.175161746
634	0.26257005	0.348942259	0.176197841
635	0.26407735	0.35091127	0.17724343
636	0.2655739	0.35287416	0.17827364
637	0.26705765	0.354825529	0.179289771
638	0.26850915	0.356731835	0.180286465
639	0.2700028	0.35870907	0.18129653
640	0.27150515	0.360712687	0.182297613
641	0.27298705	0.362710109	0.183263991
642	0.27445665	0.364679081	0.184234219
643	0.27591075	0.366615634	0.185205866
644	0.277359	0.368530869	0.186187131
645	0.2787856	0.370431973	0.187139227
646	0.2802292	0.372356875	0.188101525
647	0.2816875	0.374305113	0.189069887
648	0.28314055	0.376271833	0.190009267
649	0.28465155	0.378317067	0.190986033
650	0.28618985	0.380392126	0.191987574
651	0.28775165	0.382477727	0.193025573
652	0.28922675	0.384439223	0.194014277
653	0.2906664	0.386332288	0.195000512
654	0.29210665	0.388195447	0.196017853
655	0.29354405	0.39016285	0.19692525
656	0.29508755	0.392308846	0.197866254
657	0.2966761	0.394525756	0.198826444
658	0.2983446	0.396715074	0.199974126
659	0.2999039	0.398768936	0.201038864
660	0.30141215	0.400764905	0.202059395
661	0.30291775	0.402775154	0.203060346
662	0.3043904	0.404738344	0.204042456
663	0.30585195	0.406693999	0.205009901
664	0.30730485	0.408650689	0.205959011
665	0.30878805	0.410612797	0.206963303
666	0.3102572	0.412566302	0.207948098
667	0.3117133	0.414512402	0.208914198
668	0.3131582	0.416421496	0.209894904
669	0.31457265	0.418299548	0.210845752
670	0.3159872	0.420179558	0.211794842
671	0.3174495	0.422109864	0.212789136
672	0.3189002	0.424022731	0.213777669
673	0.32034545	0.425924114	0.214766786
674	0.32179145	0.427819265	0.215763635
675	0.3232256	0.429703857	0.216747343
676	0.3246677	0.431594575	0.217740825
677	0.3261198	0.433493037	0.218746563
678	0.32757445	0.435387678	0.219761222
679	0.3290357	0.437282633	0.220788767
680	0.33050665	0.439183139	0.221830161
681	0.33200165	0.441105398	0.222897902
682	0.3334869	0.442996419	0.223977381
683	0.334943	0.444831997	0.225054003
684	0.33636775	0.446601124	0.226134376
685	0.3377492	0.4482484	0.22725
686	0.33922635	0.450078974	0.228373726
687	0.34079185	0.45210692	0.22947678
688	0.34262685	0.454426092	0.230827608
689	0.34445785	0.456695446	0.232220254
690	0.3462672	0.458901052	0.233633348
691	0.34809425	0.461084201	0.235104299
692	0.34995545	0.463288144	0.236622756
693	0.35185005	0.465537598	0.238162502
694	0.353775	0.467849155	0.239700845
695	0.3558023	0.470281598	0.241323002
696	0.3578263	0.472676142	0.242976458
697	0.3598621	0.475044687	0.244679513
698	0.3618489	0.477344195	0.246353605
699	0.36386545	0.47967435	0.24805655
700	0.3659192	0.482051214	0.249787186
701	0.3680504	0.484550463	0.251550337
702	0.37020295	0.487058098	0.253347802
703	0.37234805	0.489542882	0.255153218
704	0.37450135	0.492017984	0.256984716
705	0.37660395	0.494432703	0.258775197
706	0.37871945	0.496864796	0.260574104
707	0.38086055	0.499329903	0.262391197
708	0.383016	0.501793514	0.264238486
709	0.3851457	0.504218521	0.266072879
710	0.3872589	0.506615994	0.267901806
711	0.38938665	0.509018961	0.269754339
712	0.39145795	0.511352419	0.271563481
713	0.393492	0.513619676	0.273364324
714	0.39550745	0.515807229	0.275207671
715	0.3973222	0.517705873	0.276938527
716	0.39915305	0.519619163	0.278686937
717	0.4010303	0.521599943	0.280460657
718	0.4032432	0.524144382	0.282342018
719	0.40566275	0.526974176	0.284351324
720	0.4080474	0.529769359	0.286325441
721	0.4102701	0.532211932	0.288328268
722	0.41229445	0.534386723	0.290202177
723	0.4143447	0.536598193	0.292091207
724	0.4164289	0.538936495	0.293921305
725	0.41853455	0.541287303	0.295781797
726	0.4206271	0.543619053	0.297635147
727	0.4227238	0.545951711	0.299495889
728	0.4248236	0.548300583	0.301346617
729	0.42693855	0.550695338	0.303181762
730	0.4290435	0.553105085	0.304981915
731	0.4311987	0.555593392	0.306804008
732	0.43327585	0.557954593	0.308597107
733	0.43526605	0.560186428	0.310345672
734	0.4371765	0.562285943	0.312067057
735	0.4390285	0.564343761	0.313713239
736	0.4408655	0.566397253	0.315333747
737	0.44270045	0.568459308	0.316941592
738	0.4444577	0.570445985	0.318469415
739	0.44621885	0.572430242	0.320007458
740	0.44797375	0.574401974	0.321545526
741	0.44965385	0.576306154	0.323001546
742	0.4513097	0.578169597	0.324449803
743	0.4529419	0.579997856	0.325885944
744	0.45455695	0.581800529	0.327313371
745	0.4561293	0.583570814	0.328687786
746	0.4576692	0.585306213	0.330032187
747	0.45918145	0.587006758	0.331356142
748	0.4606562	0.588655524	0.332656876
749	0.4621034	0.59027654	0.33393026
750	0.46351825	0.591866124	0.335170376
751	0.4649219	0.593455402	0.336388398
752	0.46633755	0.595050669	0.337624431
753	0.4677536	0.596644371	0.338862829
754	0.4691588	0.598234955	0.340082645
755	0.4705133	0.599756477	0.341270123
756	0.47171405	0.601060549	0.342367551
757	0.47271615	0.602053931	0.343378369
758	0.47217195	0.601015736	0.343328164
759	0.4717623	0.60028246	0.34324214
760	0.4722622	0.601075742	0.343448658
761	0.47435115	0.603592891	0.345109409
762	0.47618275	0.605775657	0.346589843
763	0.4781021	0.608052722	0.348151478
764	0.48033825	0.610716841	0.349959659
765	0.4823295	0.61301894	0.35164006
766	0.4840379	0.61496036	0.35311544
767	0.48558585	0.61668978	0.35448192
768	0.48695095	0.618207211	0.355694689
769	0.48824455	0.619643767	0.356845333
770	0.4894949	0.621031563	0.357958237
771	0.49069195	0.622363018	0.359020882
772	0.4918883	0.623686177	0.360090423
773	0.49309255	0.625013242	0.361171858
774	0.49431315	0.626357945	0.362268355
775	0.4954968	0.627663493	0.363330107
776	0.49664905	0.628932664	0.364365436
777	0.49776745	0.630159491	0.365375409
778	0.4989177	0.631422378	0.366413022
779	0.50007015	0.632683511	0.367456789
780	0.50121705	0.633934004	0.368500096
781	0.50234595	0.635187396	0.369504504
782	0.5035121	0.636469464	0.370554736
783	0.50469955	0.637767336	0.371631764
784	0.50582495	0.639002825	0.372647075
785	0.5069291	0.640189555	0.373668645
786	0.50800945	0.641336226	0.374682674
787	0.50903775	0.642415525	0.375659975
788	0.5100804	0.643541142	0.376619658
789	0.51114475	0.644693317	0.377596183
790	0.5122295	0.6458657	0.3785933
791	0.51334935	0.647087463	0.379611237
792	0.5144522	0.648298026	0.380606374
793	0.5155409	0.649491913	0.381589887
794	0.516644	0.650661376	0.382626624
795	0.51767905	0.651760332	0.383597768
796	0.5187061	0.652859	0.3845532
797	0.51978275	0.654029047	0.385536453
798	0.5208023	0.655115508	0.386489092
799	0.5218075	0.656181847	0.387433153
800	0.52279025	0.657223246	0.388357254
801	0.52376175	0.658242126	0.389281374
802	0.5247687	0.659319827	0.390217573
803	0.5258113	0.660454186	0.391168414
804	0.52688175	0.661626518	0.392136982
805	0.5279237	0.66274314	0.39310426
806	0.52892445	0.663802986	0.394045914
807	0.52985155	0.664779405	0.394923695
808	0.5307824	0.665760814	0.395803986
809	0.53173715	0.666759502	0.396714798
810	0.53272105	0.667777147	0.397664953
811	0.5334396	0.668433621	0.398445579
812	0.534108	0.669029093	0.399186907
813	0.5347578	0.669601464	0.399914136
814	0.5354541	0.670259021	0.400649179
815	0.5362777	0.671090722	0.401464678
816	0.5371983	0.672060907	0.402335693
817	0.538212	0.673179415	0.403244585
818	0.53942535	0.674551236	0.404299464
819	0.5405458	0.675804799	0.405286801
820	0.54148185	0.676818169	0.406145531
821	0.54218905	0.677450036	0.406928064
822	0.5431554	0.678458272	0.407852528
823	0.5442995	0.679763434	0.408835566
824	0.5454173	0.681047154	0.409787446
825	0.54632515	0.682012416	0.410637884
826	0.54715915	0.682851662	0.411466638
827	0.54798255	0.683678566	0.412286534
828	0.54896515	0.684730872	0.413199428
829	0.5499952	0.685856942	0.414133458
830	0.5510378	0.687011636	0.415063964
831	0.5519736	0.688020437	0.415926763
832	0.5528987	0.689007141	0.416790259
833	0.5538114	0.689975217	0.417647583
834	0.5547485	0.691008787	0.418488213
835	0.5556424	0.69197104	0.41931376
836	0.5565163	0.69290113	0.42013147
837	0.55739495	0.693846997	0.420942903
838	0.55825375	0.694764405	0.421743095
839	0.559103	0.695668584	0.422537416
840	0.5599464	0.696564376	0.423328424
841	0.5608017	0.697464889	0.424138511
842	0.5615995	0.698296693	0.424902307
843	0.56233695	0.699057953	0.425615947
844	0.5631451	0.69991147	0.42637873
845	0.56395105	0.700767036	0.427135064
846	0.56473135	0.701592583	0.427870117
847	0.56539815	0.702274054	0.428522246
848	0.5661926	0.703092201	0.429292999
849	0.56700995	0.703934831	0.430085069
850	0.56775635	0.704702944	0.430809756
851	0.56842335	0.705421289	0.431425411
852	0.5691515	0.706178037	0.432124963
853	0.5699802	0.707006061	0.432954339
854	0.57082215	0.707883802	0.433760498
855	0.5716071	0.708731655	0.434482545
856	0.57233455	0.709529596	0.435139504
857	0.5730954	0.710325316	0.435865484
858	0.57385255	0.711116793	0.436588307
859	0.57461055	0.71190301	0.43731809
860	0.57535605	0.712662937	0.438049163
861	0.57611555	0.713453569	0.438777531
862	0.5767848	0.714159636	0.439409964
863	0.57734795	0.714763593	0.439932307
864	0.5780234	0.715425563	0.440621237
865	0.57873125	0.716155839	0.441306661
866	0.57946225	0.716936668	0.441987832
867	0.58017715	0.717702625	0.442651675
868	0.5809795	0.718555715	0.443403285
869	0.581748	0.719361632	0.444134368
870	0.58238585	0.720005991	0.444765709
871	0.58307395	0.720736983	0.445410917
872	0.58373515	0.721424454	0.446045846
873	0.5843474	0.722031909	0.446662891
874	0.5850574	0.722786392	0.447328408
875	0.58578795	0.723558948	0.448016952
876	0.586503	0.724312662	0.448693338
877	0.5870251	0.724864454	0.449185746
878	0.5876672	0.725521923	0.449812477
879	0.5883564	0.726231676	0.450481124
880	0.5890266	0.726951649	0.451101551
881	0.5897478	0.727711906	0.451783694
882	0.59046855	0.72847162	0.45246548
883	0.59117195	0.729216406	0.453127494
884	0.59184485	0.729929267	0.453760433
885	0.5924828	0.730590859	0.454374741
886	0.59310215	0.73122263	0.45498167
887	0.59378805	0.731939858	0.455636242
888	0.5943751	0.732554316	0.456195884
889	0.5949338	0.733131352	0.456736248
890	0.59554065	0.733735087	0.457346213
891	0.59602665	0.734225307	0.457827993
892	0.59644665	0.734637808	0.458255492
893	0.59680125	0.734963355	0.458639145
894	0.59712915	0.735208021	0.459050279
895	0.59741205	0.735393059	0.459431041
896	0.5976649	0.735536614	0.459793186
897	0.598033	0.735811466	0.460254534
898	0.5984685	0.736204275	0.460732725
899	0.5989833	0.736703736	0.461262864
900	0.59961885	0.73732393	0.46191377
901	0.60037885	0.738181846	0.462575854
902	0.60112755	0.739059013	0.463196087
903	0.60181825	0.739885548	0.463750952
904	0.60229395	0.740437483	0.464150417
905	0.60276685	0.740956235	0.464577465
906	0.60325775	0.741461021	0.465054479
907	0.6037363	0.741886115	0.465586485
908	0.6041543	0.742237851	0.466070749
909	0.60455295	0.742567369	0.466538531
910	0.60498955	0.742954396	0.467024704
911	0.60552815	0.74350822	0.46754808
912	0.6060697	0.744082642	0.468056758
913	0.6065621	0.744607202	0.468516998
914	0.60707685	0.745152385	0.469001315
915	0.6076359	0.745716044	0.469555756
916	0.6082327	0.746300841	0.470164559
917	0.60880965	0.74699653	0.47062277
918	0.60956915	0.747866284	0.471272016
919	0.6103727	0.748768627	0.471976773
920	0.610976	0.749446978	0.472505022
921	0.6116556	0.750227053	0.473084147
922	0.61228905	0.750943735	0.473634365
923	0.6127882	0.751476478	0.474099922
924	0.6130998	0.751788073	0.474411527
925	0.61344795	0.752101506	0.474794394
926	0.61384475	0.752427032	0.475262468
927	0.6138143	0.752330409	0.475298191
928	0.61372085	0.752098548	0.475343152
929	0.6134993	0.751660636	0.475337964
930	0.61288405	0.750727071	0.475041029
931	0.61243925	0.749971042	0.474907458
932	0.611903	0.749049075	0.474756925
933	0.6110352	0.747649604	0.474420796
934	0.61072945	0.746949637	0.474509263
935	0.6108898	0.746849452	0.474930148
936	0.6115573	0.747440128	0.475674472
937	0.61234725	0.748406291	0.476288209
938	0.6131429	0.74944557	0.47684023
939	0.61393195	0.750498448	0.477365452
940	0.6147736	0.751523885	0.478023315
941	0.61532865	0.752226494	0.478430806
942	0.61580455	0.752821763	0.478787337
943	0.6163257	0.753429023	0.479222377
944	0.6165377	0.753509094	0.479566306
945	0.61678655	0.753678921	0.479894179
946	0.61714245	0.754064516	0.480220384
947	0.61773985	0.754755458	0.480724242
948	0.61809845	0.755236623	0.480960277
949	0.6183	0.755545628	0.481054372
950	0.6186315	0.755778518	0.481484482
951	0.61897805	0.756206194	0.481749906
952	0.6193627	0.756745139	0.481980261
953	0.61982345	0.75736779	0.48227911
954	0.6205069	0.758069026	0.482944774
955	0.6210191	0.758636848	0.483401352
956	0.6212553	0.759010257	0.483500343
957	0.62158	0.759537129	0.483622871
958	0.6220009	0.76005087	0.48395093
959	0.622538	0.760629542	0.484446458
960	0.6233855	0.761723275	0.485047725
961	0.62390305	0.76234803	0.48545807
962	0.62429965	0.762835517	0.485763783
963	0.6247531	0.76349423	0.48601197
964	0.62534	0.764220569	0.486459431
965	0.6258503	0.764870207	0.486830393
966	0.62622095	0.765396408	0.487045492
967	0.6269791	0.766337194	0.487621006
968	0.62753685	0.767073194	0.488000506
969	0.62796395	0.767672813	0.488255087
970	0.628614	0.768475503	0.488752497
971	0.6288208	0.768702164	0.488939436
972	0.62890505	0.768800324	0.489009776
973	0.62921385	0.769282775	0.489144925
974	0.62943015	0.769618824	0.489241476
975	0.6296089	0.769808703	0.489409097
976	0.6297584	0.769812108	0.489704692
977	0.6300457	0.770211258	0.489880142
978	0.63018505	0.77035206	0.49001804
979	0.63022115	0.770303105	0.490139195
980	0.63060745	0.770832971	0.490381929
981	0.63097935	0.77128024	0.49067846
982	0.63138105	0.771737511	0.491024589
983	0.63190315	0.772360581	0.491445719
984	0.63214125	0.772639105	0.491643395
985	0.6323927	0.772912463	0.491872937
986	0.6327766	0.773310825	0.492242375
987	0.63313065	0.773794664	0.492466636
988	0.63350605	0.774247772	0.492764328
989	0.6339161	0.774682979	0.493149221
990	0.63445185	0.775307707	0.493595993
991	0.6346827	0.775534412	0.493830988
992	0.6348304	0.775664503	0.493996297
993	0.63528575	0.776240436	0.494331064
994	0.6358005	0.776760787	0.494840213
995	0.6363767	0.7773397	0.4954137
996	0.6370322	0.778051021	0.496013379
997	0.6374863	0.778442771	0.496529829
998	0.63778175	0.778710857	0.496852643
999	0.6379276	0.778871257	0.496983943
1000	0.63808415	0.778973303	0.497194997
1001	0.64141085	0.780423806	0.502397894
1002	0.64207425	0.781122172	0.503026328
1003	0.6423659	0.781327493	0.503404307
1004	0.6427449	0.781649707	0.503840093
1005	0.6435649	0.782535942	0.504593858
1006	0.644433	0.783509296	0.505356704
1007	0.6449973	0.784130195	0.505864405
1008	0.6452316	0.784330199	0.506133001
1009	0.6454043	0.784442523	0.506366077
1010	0.64577615	0.784798543	0.506753757
1011	0.6462945	0.785308524	0.507280476
1012	0.646811	0.785798691	0.507823309
1013	0.6473675	0.786356864	0.508378136
1014	0.6478898	0.786841425	0.508938175
1015	0.6482476	0.787071001	0.509424199
1016	0.6487725	0.787573509	0.509971491
1017	0.64938005	0.788233025	0.510527075
1018	0.64983025	0.788651988	0.511008512
1019	0.65037015	0.789170565	0.511569735
1020	0.6508377	0.789584521	0.512090879
1021	0.65125345	0.789921102	0.512585798
1022	0.6518544	0.790508329	0.513200471
1023	0.65257275	0.791268812	0.513876688
1024	0.6531944	0.791912612	0.514476188
1025	0.65374315	0.792454115	0.515032185
1026	0.6543779	0.79309278	0.51566302
1027	0.6550078	0.793715638	0.516299962
1028	0.65537335	0.794011392	0.516735308
1029	0.6555815	0.794129418	0.517033582
1030	0.65608945	0.794642113	0.517536787
1031	0.6566393	0.795255071	0.518023529
1032	0.65701825	0.795647857	0.518388643
1033	0.65758155	0.796207968	0.518955132
1034	0.65812755	0.796716008	0.519539092
1035	0.65847015	0.796987931	0.519952369
1036	0.6587547	0.797179276	0.520330124
1037	0.6591338	0.797492611	0.520774989
1038	0.65954725	0.797890932	0.521203568
1039	0.65994105	0.798282293	0.521599807
1040	0.66039535	0.798745219	0.522045481
1041	0.66086695	0.799225166	0.522508734
1042	0.66128455	0.799615086	0.522954014
1043	0.6617776	0.800081575	0.523473625
1044	0.66229225	0.800592157	0.523992343
1045	0.6625918	0.800853091	0.524330509
1046	0.6627311	0.800925811	0.524536389
1047	0.66294755	0.801079473	0.524815627
1048	0.66328625	0.80136853	0.52520397
1049	0.66368625	0.801752218	0.525620282
1050	0.66411625	0.802169156	0.526063344
1051	0.66465555	0.802682728	0.526628372
1052	0.66524985	0.803266045	0.527233655
1053	0.665712	0.803740333	0.527683667
1054	0.66604765	0.80408259	0.52801271
1055	0.666457	0.80450555	0.52840845
1056	0.66698055	0.805047926	0.528913174
1057	0.6673277	0.805357934	0.529297466
1058	0.66748855	0.805450965	0.529526135
1059	0.6677183	0.805634873	0.529801727
1060	0.6680772	0.805970605	0.530183795
1061	0.66853705	0.806466912	0.530607188
1062	0.66894845	0.80690386	0.53099304
1063	0.66926795	0.807204451	0.531331449
1064	0.6696087	0.807519164	0.531698236
1065	0.6699171	0.807793658	0.532040542
1066	0.6702001	0.808043401	0.532356799
1067	0.67058195	0.808412231	0.532751669
1068	0.6708793	0.808685429	0.533073171
1069	0.6710847	0.808849507	0.533319893
1070	0.6713724	0.809084948	0.533659852
1071	0.67174785	0.809417263	0.534078437
1072	0.67211815	0.809782322	0.534453978
1073	0.6724322	0.810103577	0.534760823
1074	0.67263185	0.810294904	0.534968796
1075	0.67281175	0.810450751	0.535172749
1076	0.6729108	0.810495935	0.535325665
1077	0.6731583	0.810728888	0.535587712
1078	0.6736989	0.811300635	0.536097165
1079	0.6742932	0.81190029	0.53668611
1080	0.67476475	0.81234988	0.53717962
1081	0.67505075	0.81259637	0.53750513
1082	0.6753416	0.812863974	0.537819226
1083	0.675483	0.812982862	0.537983138
1084	0.6755152	0.812951594	0.538078806
1085	0.6755439	0.812850764	0.538237036
1086	0.6756631	0.81286085	0.53846535
1087	0.6759617	0.813146582	0.538776818
1088	0.6762721	0.813459854	0.539084346
1089	0.6765856	0.813757279	0.539413921
1090	0.6768181	0.813943249	0.539692951
1091	0.6768593	0.813947259	0.539771341
1092	0.67695095	0.814039987	0.539861913
1093	0.6771306	0.81420013	0.54006107
1094	0.67743275	0.814464967	0.540400533
1095	0.6776506	0.81462533	0.54067587
1096	0.6777212	0.814622603	0.540819797
1097	0.67791725	0.814779459	0.541055041
1098	0.6781464	0.814984526	0.541308274
1099	0.6783201	0.815110418	0.541529782
1100	0.6784074	0.815093713	0.541721087
1101	0.6784242	0.815007161	0.541841239
1102	0.6784158	0.814972474	0.541859126
1103	0.6784811	0.815030594	0.541931606
1104	0.6787989	0.815381897	0.542215903
1105	0.6791063	0.815718922	0.542493678
1106	0.67912875	0.815687682	0.542569818
1107	0.6791156	0.815604741	0.542626459
1108	0.67911835	0.815568174	0.542668526
1109	0.67915325	0.815580155	0.542726345
1110	0.67927405	0.815675628	0.542872472
1111	0.6793654	0.815715264	0.543015536
1112	0.67932295	0.815569859	0.543076041
1113	0.67913255	0.815241565	0.543023535
1114	0.6788512	0.814783774	0.542918626
1115	0.67833865	0.814002547	0.542674753
1116	0.67787935	0.813275845	0.542482855
1117	0.67790035	0.813153112	0.542647588
1118	0.67782555	0.812899994	0.542751106
1119	0.67735375	0.812105164	0.542602336
1120	0.67686745	0.811275616	0.542459284
1121	0.67666135	0.810955527	0.542367173
1122	0.676449	0.810653175	0.542244825
1123	0.67617775	0.810339951	0.542015549
1124	0.6759248	0.810042292	0.541807308
1125	0.67552725	0.80959266	0.54146184
1126	0.6750894	0.80910474	0.54107406
1127	0.67477305	0.808860827	0.540685273
1128	0.67452485	0.80876689	0.54028281
1129	0.6744455	0.808870485	0.540020515
1130	0.6745472	0.809166204	0.539928196
1131	0.6745378	0.809356657	0.539718943
1132	0.67433775	0.809395977	0.539279523
1133	0.67415535	0.809462292	0.538848408
1134	0.6740285	0.809607666	0.538449334
1135	0.6738276	0.809628911	0.538026289
1136	0.67313525	0.808969242	0.537301258
1137	0.67251915	0.808390268	0.536648032
1138	0.67235985	0.808388169	0.536331531
1139	0.6722194	0.808405344	0.536033456
1140	0.672021	0.808352127	0.535689873
1141	0.67180045	0.808261997	0.535338903
1142	0.67155405	0.80815387	0.53495423
1143	0.67131845	0.808072229	0.534564671
1144	0.67079285	0.807650774	0.533934926
1145	0.67011805	0.807047535	0.533188565
1146	0.66963115	0.806675133	0.532587167
1147	0.6693732	0.806577776	0.532168624
1148	0.6690938	0.806480628	0.531706972
1149	0.6687304	0.806309132	0.531151668
1150	0.66834495	0.806107657	0.530582243
1151	0.6678894	0.805831588	0.529947212
1152	0.66746505	0.805577435	0.529352665
1153	0.66710475	0.8053956	0.5288139
1154	0.66679645	0.805256622	0.528336278
1155	0.6666328	0.805283474	0.527982126
1156	0.6664833	0.805308267	0.527658333
1157	0.6662237	0.805245072	0.527202328
1158	0.66598555	0.805189543	0.526781557
1159	0.6657524	0.805125614	0.526379186
1160	0.66553455	0.805068061	0.526001039
1161	0.6651263	0.804783055	0.525469545
1162	0.66466915	0.804431246	0.524907054
1163	0.66439865	0.804291746	0.524505554
1164	0.6642363	0.804273955	0.524198645
1165	0.66391075	0.804034922	0.523786578
1166	0.6634279	0.803585395	0.523270405
1167	0.66297725	0.803184308	0.522770192
1168	0.66256505	0.802846161	0.522283939
1169	0.66219695	0.802539418	0.521854482
1170	0.66191505	0.802290368	0.521539732
1171	0.6616368	0.802050785	0.521222815
1172	0.6613613	0.801845479	0.520877121
1173	0.6610773	0.801627778	0.520526822
1174	0.66058185	0.801142998	0.520020702
1175	0.66009035	0.80066234	0.51951836
1176	0.65971305	0.800303929	0.519122171
1177	0.6593446	0.799954757	0.518734443
1178	0.6589066	0.799535033	0.518278167
1179	0.6584568	0.799103848	0.517809752
1180	0.65801415	0.798657673	0.517370627
1181	0.65757015	0.798200348	0.516939952
1182	0.65715785	0.797787411	0.516528289
1183	0.65676875	0.797405343	0.516132157
1184	0.6563786	0.797026475	0.515730725
1185	0.65598945	0.796653145	0.515325755
1186	0.6556457	0.796325387	0.514966013
1187	0.65537205	0.7960706	0.5146735
1188	0.65509455	0.795805313	0.514383787
1189	0.65481265	0.795517897	0.514107403
1190	0.65456635	0.795271848	0.513860852
1191	0.65444755	0.795178753	0.513716347
1192	0.6543363	0.795094233	0.513578367
1193	0.6542218	0.794991486	0.513452114
1194	0.6541055	0.794886213	0.513324787
1195	0.6539149	0.794693466	0.513136334
1196	0.65373575	0.794515529	0.512955971
1197	0.65372875	0.794506002	0.512951498
1198	0.6537305	0.794501255	0.512959745
1199	0.65372355	0.794482252	0.512964848
1200	0.65371165	0.794454764	0.512968536
1201	0.65364515	0.794358344	0.512931956
1202	0.6535725	0.794252796	0.512892204
1203	0.6536726	0.794347133	0.512998067
1204	0.65389775	0.794584509	0.513210991
1205	0.65406065	0.79473828	0.51338302
1206	0.654155	0.794798091	0.513511909
1207	0.6543098	0.794927095	0.513692505
1208	0.65457405	0.795187992	0.513960108
1209	0.6548576	0.795467138	0.514248062
1210	0.65520585	0.795804758	0.514606942
1211	0.65557015	0.796162111	0.514978189
1212	0.65602335	0.796623601	0.515423099
1213	0.65645835	0.797062188	0.515854512
1214	0.656833	0.79738097	0.51628503
1215	0.65720865	0.797701625	0.516715675
1216	0.65789685	0.798401608	0.517392092
1217	0.65859205	0.79911259	0.51807151
1218	0.65932115	0.79984129	0.51880101
1219	0.6600467	0.800562012	0.519531388
1220	0.66061065	0.801061507	0.520159793
1221	0.66113645	0.801504039	0.520768861
1222	0.661859	0.802188359	0.521529641
1223	0.662665	0.802982918	0.522347082
1224	0.6633478	0.803623251	0.523072349
1225	0.6639484	0.804157942	0.523738858
1226	0.6645571	0.80471289	0.52440131
1227	0.6651614	0.80527509	0.52504771
1228	0.6658273	0.805906976	0.525747624
1229	0.6666061	0.806663065	0.526549135
1230	0.6673377	0.807371631	0.527303769
1231	0.6679434	0.807957677	0.527929123
1232	0.66853605	0.808525754	0.528546346
1233	0.6690932	0.809036233	0.529150167
1234	0.6696473	0.809544126	0.529750474
1235	0.67013885	0.809984153	0.530293547
1236	0.6706278	0.810423849	0.530831751
1237	0.6711417	0.810904634	0.531378766
1238	0.67165305	0.811380212	0.531925888
1239	0.67210985	0.811813485	0.532406215
1240	0.6725765	0.812266127	0.532886873
1241	0.67314935	0.812830194	0.533468506
1242	0.6737424	0.813414828	0.534069972
1243	0.6741409	0.813763616	0.534518184
1244	0.6744562	0.814006735	0.534905665
1245	0.67488185	0.814382509	0.535381191
1246	0.67537885	0.814844772	0.535912928
1247	0.67574525	0.815167335	0.536323165
1248	0.67596935	0.815345537	0.536593163
1249	0.676237	0.815580709	0.536893291
1250	0.67655475	0.81587083	0.53723867
1251	0.67685095	0.8161253	0.5375766
1252	0.67713575	0.816348882	0.537922618
1253	0.6774178	0.816574167	0.538261433
1254	0.67765835	0.816775328	0.538541372
1255	0.6779181	0.816997778	0.538838422
1256	0.67822485	0.81727671	0.53917299
1257	0.67852295	0.817549349	0.539496551
1258	0.67876335	0.817763979	0.539762721
1259	0.6790055	0.817977029	0.540033971
1260	0.6792316	0.818172653	0.540290547
1261	0.6794693	0.818383457	0.540555143
1262	0.679685	0.818562651	0.540807349
1263	0.67987635	0.818711328	0.541041372
1264	0.6800211	0.818799528	0.541242672
1265	0.6801838	0.818907714	0.541459886
1266	0.68041375	0.819101426	0.541726074
1267	0.6806438	0.819298152	0.541989448
1268	0.68077725	0.819395003	0.542159497
1269	0.68090595	0.819498531	0.542313369
1270	0.68105385	0.81961902	0.54248868
1271	0.68117375	0.819702121	0.542645379
1272	0.6813894	0.819899311	0.542879489
1273	0.681681	0.820186237	0.543175763
1274	0.68193	0.820424252	0.543435748
1275	0.68212235	0.820588156	0.543656544
1276	0.68231945	0.820763664	0.543875236
1277	0.68267145	0.821149608	0.544193292
1278	0.6830375	0.821554983	0.544520017
1279	0.6832534	0.821762322	0.544744478
1280	0.68343235	0.821921111	0.544943589
1281	0.6835673	0.822024137	0.545110463
1282	0.6837237	0.822154829	0.545292571
1283	0.6839351	0.822350416	0.545519784
1284	0.68414475	0.822544926	0.545744574
1285	0.68447805	0.822916261	0.546039839
1286	0.68482535	0.823305474	0.546345226
1287	0.68506335	0.82357239	0.54655431
1288	0.68528955	0.823829929	0.546749171
1289	0.6854612	0.824005661	0.546916739
1290	0.685596	0.824128547	0.547063453
1291	0.68573805	0.82428821	0.54718789
1292	0.68586315	0.82444588	0.54728042
1293	0.68592705	0.824494209	0.547359891
1294	0.6860191	0.824554321	0.547483879
1295	0.6861374	0.824679346	0.547595454
1296	0.68620555	0.82477373	0.54763737
1297	0.6861885	0.824761213	0.547615787
1298	0.68609925	0.824653455	0.547545045
1299	0.68602615	0.824562733	0.547489567
1300	0.6860006	0.824524173	0.547477027
1301	0.6859997	0.82452718	0.54747222
1302	0.68607425	0.824647274	0.547501226
1303	0.6861479	0.824768797	0.547527003
1304	0.6860031	0.824644791	0.547361409
1305	0.685803	0.824451956	0.547154044
1306	0.68558725	0.824214506	0.546959994
1307	0.68537415	0.823982151	0.546766149
1308	0.68509465	0.823686082	0.546503218
1309	0.684816	0.823393406	0.546238594
1310	0.68464795	0.823236261	0.546059639
1311	0.6844506	0.823048529	0.545852671
1312	0.68402925	0.822621863	0.545436637
1313	0.6835776	0.822164373	0.544990827
1314	0.6831872	0.821762486	0.544611914
1315	0.6827914	0.821359933	0.544222867
1316	0.68239305	0.820987671	0.543798429
1317	0.68204595	0.820685573	0.543406327
1318	0.6815474	0.820195035	0.542899765
1319	0.68090455	0.819529628	0.542279472
1320	0.6803699	0.819004472	0.541735328
1321	0.67993255	0.818600497	0.541264603
1322	0.67939175	0.818084491	0.540699009
1323	0.6787311	0.817431583	0.540030617
1324	0.67805745	0.816741623	0.539373277
1325	0.6773859	0.816037071	0.538734729
1326	0.6767067	0.815342844	0.538070556
1327	0.67590115	0.814515818	0.537286482
1328	0.67501295	0.813590709	0.536435191
1329	0.67421835	0.812818677	0.535618023
1330	0.67338145	0.812003558	0.534759342
1331	0.6721917	0.810766399	0.533617001
1332	0.6709001	0.809431985	0.532368215
1333	0.6695779	0.80809081	0.53106499
1334	0.66828065	0.806783178	0.529778122
1335	0.6673551	0.805902737	0.528807463
1336	0.666456	0.805055537	0.527856463
1337	0.6655377	0.804176617	0.526898783
1338	0.66457165	0.803250746	0.525892554
1339	0.6638844	0.802644966	0.525123834
1340	0.66323875	0.80209044	0.52438706
1341	0.6625239	0.801444954	0.523602846
1342	0.6617733	0.800771201	0.522775399
1343	0.6610129	0.800023521	0.522002279
1344	0.6599748	0.798947289	0.521002311
1345	0.65865355	0.797428118	0.519878982
1346	0.6572025	0.795722269	0.518682731
1347	0.6559424	0.794307634	0.517577166
1348	0.6545993	0.792836185	0.516362415
1349	0.6536213	0.791650478	0.515592122
1350	0.6529485	0.790674417	0.515222583
1351	0.65252495	0.790036488	0.515013412
1352	0.6520542	0.789447255	0.514661145
1353	0.65092085	0.788008985	0.513832715
1354	0.6473382	0.783521274	0.511155126
1355	0.6428948	0.777835582	0.507954018
1356	0.6453214	0.780138369	0.510504431
1357	0.64890115	0.783989951	0.513812349
1358	0.647226	0.782901362	0.511550638
1359	0.64523875	0.781161449	0.509316051
1360	0.64839125	0.784267747	0.512514753
1361	0.66035935	0.798100739	0.522617961
1362	0.67899165	0.817738585	0.540244715
1363	0.6940171	0.834801323	0.553232877
1364	0.6997951	0.844521828	0.555068372
1365	0.71831635	0.87356584	0.56306686
1366	0.65943495	0.800176797	0.518693103
1367	0.59497975	0.723700826	0.466258674
1368	0.59022935	0.718250271	0.462208429
1369	0.5884073	0.718304873	0.458509727
1370	0.5506444	0.66905595	0.43223285
1371	0.53041955	0.64300318	0.41783592
1372	0.5585024	0.673741579	0.443263221
1373	0.57553195	0.693732904	0.457330996
1374	0.5918404	0.713531514	0.470149286
1375	0.6207154	0.748842146	0.492588654
1376	0.6060194	0.731757812	0.480280988
1377	0.5714591	0.691223699	0.451694501
1378	0.5555328	0.673259943	0.437805657
1379	0.55257755	0.672524849	0.432630251
1380	0.56040615	0.685147858	0.435664442
1381	0.5764337	0.70591102	0.44695638
1382	0.5964966	0.72846539	0.46452781
1383	0.60527425	0.7360423	0.4745062
1384	0.5999818	0.729458402	0.470505198
1385	0.5949488	0.725163761	0.464733839
1386	0.58378745	0.711657488	0.455917412
1387	0.57251145	0.696555736	0.448467164
1388	0.57046595	0.694630349	0.446301551
1389	0.5658776	0.691880501	0.439874699
1390	0.55964555	0.687276376	0.432014724
1391	0.55776095	0.689765373	0.425756527
1392	0.5548873	0.689412955	0.420361645
1393	0.5513859	0.683342648	0.419429152
1394	0.55054715	0.681218969	0.419875331
1395	0.54969335	0.680945268	0.418441432
1396	0.54791995	0.679400214	0.416439686
1397	0.5436289	0.673573976	0.413683824
1398	0.54074295	0.67009879	0.41138711
1399	0.54012635	0.672274547	0.407978153
1400	0.53835535	0.672784437	0.403926263
1401	0.53586245	0.67121996	0.40050494
1402	0.53505535	0.671618796	0.398491904
1403	0.53651585	0.674359266	0.398672434
1404	0.53677735	0.675466009	0.398088691
1405	0.5296448	0.667578296	0.391711304
1406	0.5226148	0.659744384	0.385485216
1407	0.5176683	0.654510179	0.380826421
1408	0.51416185	0.651024657	0.377299043
1409	0.5116553	0.649532599	0.373778001
1410	0.51021085	0.649080914	0.371340786
1411	0.5068262	0.645197816	0.368454584
1412	0.50324155	0.640900206	0.365582894
1413	0.49971765	0.637363614	0.362071686
1414	0.4964014	0.634195473	0.358607327
1415	0.49260035	0.630326137	0.354874563
1416	0.48892525	0.626456286	0.351394214
1417	0.48598775	0.6234747	0.3485008
1418	0.4837493	0.621351708	0.346146892
1419	0.4804527	0.617983283	0.342922117
1420	0.4768543	0.614203089	0.339505511
1421	0.4726707	0.60961133	0.33573007
1422	0.46839155	0.604865144	0.331917956
1423	0.46508745	0.60135618	0.32881872
1424	0.4621629	0.598274236	0.326051564
1425	0.4590048	0.594842835	0.323166765
1426	0.45577505	0.59129329	0.32025681
1427	0.4533059	0.588643627	0.317968173
1428	0.4518079	0.587239278	0.316376522
1429	0.4498827	0.58521953	0.31454587
1430	0.4472262	0.582113065	0.312339335
1431	0.4448442	0.579394357	0.310294043
1432	0.4423304	0.576600593	0.308060207
1433	0.4399204	0.573894727	0.305946073
1434	0.43777655	0.571446689	0.304106411
1435	0.43550995	0.56885838	0.30216152
1436	0.43324145	0.566307017	0.300175883
1437	0.43111335	0.563902611	0.298324089
1438	0.42906945	0.561393643	0.296745257
1439	0.42731635	0.559267683	0.295365017
1440	0.42630905	0.558397266	0.294220834
1441	0.4252268	0.557402752	0.293050848
1442	0.42389115	0.555914613	0.291867687
1443	0.42272455	0.554617203	0.290831897
1444	0.42197675	0.553889839	0.290063661
1445	0.4213063	0.553242388	0.289370212
1446	0.420489	0.552284181	0.288693819
1447	0.41970705	0.55135164	0.28806246
1448	0.4191788	0.55079523	0.28756237
1449	0.41878805	0.550421341	0.287154759
1450	0.41862585	0.550351455	0.286900245
1451	0.41845685	0.550239908	0.286673792
1452	0.41823765	0.549993145	0.286482155
1453	0.4180445	0.54978958	0.28629942
1454	0.4179662	0.549769472	0.286162928
1455	0.41795275	0.549827284	0.286078216
1456	0.41777225	0.54967273	0.28587177
1457	0.417554	0.549459477	0.285648523
1458	0.4176189	0.549559885	0.285677915
1459	0.41777985	0.549762411	0.285797289
1460	0.41795095	0.549988145	0.285913755
1461	0.4181133	0.55020858	0.28601802
1462	0.41819755	0.550291353	0.286103747
1463	0.4182246	0.550278283	0.286170917
1464	0.4183577	0.55034033	0.28637507
1465	0.41853515	0.550430676	0.286639624
1466	0.41852935	0.550343868	0.286714832
1467	0.41840775	0.550149848	0.286665652
1468	0.41852335	0.550231944	0.286814756
1469	0.41884555	0.550545735	0.287145365
1470	0.41916495	0.55087703	0.28745287
1471	0.41948995	0.551249285	0.287730615
1472	0.4199234	0.551747426	0.288099374
1473	0.42039435	0.552283663	0.288505037
1474	0.4208506	0.552806282	0.288894918
1475	0.42125415	0.553263089	0.289245211
1476	0.4216963	0.553780226	0.289612374
1477	0.42220285	0.554400373	0.290005327
1478	0.42267305	0.554943453	0.290402647
1479	0.42314865	0.555449019	0.290848281
1480	0.42363045	0.555968067	0.291292833
1481	0.4241132	0.556500401	0.291725999
1482	0.42463615	0.557092107	0.292180193
1483	0.4252123	0.557757642	0.292666958
1484	0.42575735	0.558379217	0.293135483
1485	0.42633495	0.559040278	0.293629622
1486	0.42691345	0.559698292	0.294128608
1487	0.4273815	0.560192263	0.294570737
1488	0.42789805	0.560768571	0.295027529
1489	0.42867125	0.56171786	0.29562464
1490	0.42936505	0.562564469	0.296165631
1491	0.4300563	0.563399915	0.296712685
1492	0.4306875	0.564163015	0.297211985
1493	0.43118575	0.564741315	0.297630185
1494	0.4316882	0.565321365	0.298055035
1495	0.43231745	0.566052573	0.298582327
1496	0.43295295	0.566799022	0.299106878
1497	0.4336413	0.567615062	0.299667538
1498	0.43427075	0.568350374	0.300191126
1499	0.4347971	0.5689153	0.3006789
1500	0.4353253	0.569485737	0.301164863
1501	0.4359561	0.570191803	0.301720397
1502	0.436578	0.57088553	0.30227047
1503	0.43723805	0.571618222	0.302857878
1504	0.43789365	0.572347172	0.303440128
1505	0.43861815	0.573171927	0.304064373
1506	0.4393283	0.573981128	0.304675472
1507	0.4399317	0.574610415	0.305252985
1508	0.44052105	0.57522257	0.30581953
1509	0.44112875	0.575900187	0.306357313
1510	0.4417217	0.576564534	0.306878866
1511	0.4423792	0.577312458	0.307445942
1512	0.44303045	0.578051789	0.308009111
1513	0.44369555	0.578764195	0.308626905
1514	0.44436135	0.579478168	0.309244532
1515	0.4450326	0.580212999	0.309852201
1516	0.445688	0.580929401	0.310446599
1517	0.446362	0.581656065	0.311067935
1518	0.44703375	0.582380308	0.311687192
1519	0.447675	0.583107032	0.312242968
1520	0.4483011	0.583817978	0.312784222
1521	0.4489354	0.584504954	0.313365846
1522	0.4495681	0.585193046	0.313943154
1523	0.45016815	0.585866478	0.314469822
1524	0.45076195	0.586531238	0.314992662
1525	0.4513606	0.587190288	0.315530912
1526	0.4519583	0.587846677	0.316069923
1527	0.45248005	0.588390909	0.316569191
1528	0.4529712	0.588896121	0.317046279
1529	0.4533682	0.589314439	0.317421961
1530	0.4537466	0.589715804	0.317777396
1531	0.4541319	0.590130387	0.318133413
1532	0.45453335	0.590561653	0.318505047
1533	0.4549037	0.590919143	0.318888257
1534	0.4552618	0.59125608	0.31926752
1535	0.45570815	0.591724882	0.319691418
1536	0.4561852	0.592239839	0.320130561
1537	0.4564847	0.592521558	0.320447842
1538	0.45671615	0.592713759	0.320718541
1539	0.4571211	0.593127192	0.321115008
1540	0.45758275	0.593611733	0.321553767
1541	0.4578915	0.593919813	0.321863187
1542	0.45816615	0.594190957	0.322141343
1543	0.45855635	0.594611073	0.322501627
1544	0.45898905	0.595086804	0.322891296
1545	0.45930625	0.595419433	0.323193067
1546	0.45955225	0.595663082	0.323441418
1547	0.45977775	0.595871195	0.323684305
1548	0.46000665	0.596076605	0.323936695
1549	0.46023735	0.596281136	0.324193564
1550	0.4604832	0.596508133	0.324458267
1551	0.46071065	0.596728115	0.324693185
1552	0.46092835	0.596938592	0.324918108
1553	0.4612089	0.597219809	0.325197991
1554	0.4615016	0.597514462	0.325488738
1555	0.4617255	0.59771774	0.32573326
1556	0.4619219	0.59788278	0.32596102
1557	0.46217595	0.598126796	0.326225104
1558	0.4624654	0.598420559	0.326510241
1559	0.4627412	0.598697647	0.326784753
1560	0.46301495	0.598971714	0.327058186
1561	0.46325705	0.599211991	0.327302109
1562	0.46347505	0.59942339	0.32752671
1563	0.4636682	0.599619242	0.327717158
1564	0.46384415	0.599805834	0.327882466
1565	0.46402405	0.59996108	0.32808702
1566	0.46422085	0.600112981	0.328328719
1567	0.46446225	0.600344553	0.328579947
1568	0.464723	0.600614549	0.328831451
1569	0.46493115	0.60081648	0.32904582
1570	0.4651222	0.600996393	0.329248007
1571	0.46536595	0.601241704	0.329490196
1572	0.46563575	0.601519073	0.329752427
1573	0.46587365	0.601747511	0.329999789
1574	0.46608725	0.601940507	0.330233993
1575	0.46637155	0.602221724	0.330521376
1576	0.4667017	0.602561427	0.330841973
1577	0.46700775	0.602875389	0.331140111
1578	0.46729435	0.603167373	0.331421327
1579	0.46762915	0.603511223	0.331747077
1580	0.4680069	0.603901198	0.332112602
1581	0.4683827	0.604289525	0.332475875
1582	0.46875	0.604669118	0.332830882
1583	0.4690749	0.604990358	0.333159442
1584	0.46937465	0.605277296	0.333472004
1585	0.46975265	0.605668456	0.333836844
1586	0.47017675	0.606121735	0.334231765
1587	0.4705734	0.606543818	0.334602982
1588	0.4709662	0.606963255	0.334969145
1589	0.4714003	0.607413608	0.335386992
1590	0.47185565	0.607875638	0.335835662
1591	0.4723515	0.608398363	0.336304637
1592	0.47287105	0.608956206	0.336785894
1593	0.4733957	0.609509029	0.337282371
1594	0.47392785	0.610063931	0.337791769
1595	0.47447555	0.610650098	0.338301002
1596	0.4750394	0.611265619	0.338813181
1597	0.47558875	0.611864772	0.339312728
1598	0.47613155	0.612456554	0.339806546
1599	0.47666255	0.613012411	0.340312689
1600	0.4771885	0.613548051	0.340828949
1601	0.4777859	0.61418513	0.34138667
1602	0.47842655	0.614880932	0.341972168
1603	0.47901175	0.61550071	0.34252279
1604	0.4795668	0.61607886	0.34305474
1605	0.48024	0.616818089	0.343661911
1606	0.48098215	0.617652374	0.344311926
1607	0.48166245	0.618412789	0.344912111
1608	0.4823099	0.619133166	0.345486634
1609	0.4829774	0.619873492	0.346081308
1610	0.48365525	0.620624784	0.346685716
1611	0.4841493	0.621130617	0.347167983
1612	0.4845407	0.621500941	0.347580459
1613	0.48510345	0.622100877	0.348106023
1614	0.4857565	0.62282017	0.34869283
1615	0.4863172	0.62341304	0.34922136
1616	0.48682905	0.623940052	0.349718048
1617	0.4873055	0.624441974	0.350169026
1618	0.4877652	0.624932547	0.350597853
1619	0.4882884	0.625492664	0.351084136
1620	0.4888395	0.626083075	0.351595925
1621	0.48942205	0.626714627	0.352129473
1622	0.4900198	0.627366129	0.352673471
1623	0.4905025	0.627905494	0.353099506
1624	0.4909369	0.628397396	0.353476404
1625	0.4914148	0.628925869	0.353903731
1626	0.4919103	0.629469446	0.354351154
1627	0.49234605	0.629938083	0.354754017
1628	0.49276055	0.630379959	0.355141141
1629	0.49327925	0.63095275	0.35560575
1630	0.49383675	0.631574173	0.356099327
1631	0.49420245	0.631961068	0.356443832
1632	0.4945087	0.632275199	0.356742201
1633	0.49480855	0.632573896	0.357043204
1634	0.4951091	0.63287077	0.35734743
1635	0.49541955	0.633213208	0.357625892
1636	0.4957364	0.633571837	0.357900963
1637	0.4961251	0.634016387	0.358233813
1638	0.4965354	0.634486088	0.358584712
1639	0.4967443	0.634700657	0.358787943
1640	0.4969097	0.634859314	0.358960086
1641	0.4970147	0.634942908	0.359086492
1642	0.4971073	0.635011522	0.359203078
1643	0.4972346	0.635176405	0.359292795
1644	0.4973687	0.635358875	0.359378525
1645	0.49733895	0.635317823	0.359360077
1646	0.49728775	0.635247235	0.359328265
1647	0.49733245	0.635313474	0.359351426
1648	0.49738625	0.63539231	0.35938019
1649	0.49723165	0.635238307	0.359224993
1650	0.4970586	0.635064126	0.359053074
1651	0.49671165	0.634688518	0.358734782
1652	0.4963524	0.634299678	0.358405122
1653	0.49596625	0.633869718	0.358062782
1654	0.4955758	0.633433761	0.357717839
1655	0.49500775	0.632807957	0.357207543
1656	0.49443865	0.632181343	0.356695957
1657	0.4939963	0.631727394	0.356265206
1658	0.4935526	0.63127287	0.35583233
1659	0.4929924	0.630670127	0.355314673
1660	0.49243135	0.63006714	0.35479556
1661	0.49199535	0.629598476	0.354392224
1662	0.491567	0.629140944	0.353993056
1663	0.49125	0.628841131	0.353658869
1664	0.49092155	0.628522216	0.353320884
1665	0.4905124	0.628057703	0.352967097
1666	0.4900821	0.62757265	0.35259155
1667	0.48951805	0.626964858	0.352071242
1668	0.48898135	0.626382492	0.351580208
1669	0.4886054	0.62593064	0.35128016
1670	0.4882422	0.62550031	0.35098409
1671	0.48796105	0.625205312	0.350716788
1672	0.4876368	0.624847748	0.350425852
1673	0.48714435	0.624243517	0.350045183
1674	0.48671485	0.623727284	0.349702416
1675	0.4865	0.623510434	0.349489566
1676	0.4862754	0.623268474	0.349282326
1677	0.48601865	0.622950593	0.349086707
1678	0.4857671	0.622645814	0.348888386
1679	0.48552785	0.622372304	0.348683396
1680	0.48523165	0.622028559	0.348434741
1681	0.48484535	0.621578733	0.348111967
1682	0.4844764	0.621155286	0.347797514
1683	0.4841162	0.620739909	0.347492491
1684	0.483648	0.620189924	0.347106076
1685	0.4830302	0.619460804	0.346599596
1686	0.48249475	0.618838246	0.346151254
1687	0.48205015	0.618327932	0.345772368
1688	0.48156215	0.617763307	0.345360993
1689	0.48103945	0.617158643	0.344920257
1690	0.480545	0.616599487	0.344490513
1691	0.48007245	0.616076845	0.344068055
1692	0.47946305	0.615389564	0.343536536
1693	0.4787417	0.614572684	0.342910716
1694	0.47812965	0.61387211	0.34238719
1695	0.47758205	0.613233319	0.341930781
1696	0.47705835	0.612630841	0.341485859
1697	0.47655625	0.612061726	0.341050774
1698	0.47603785	0.611501029	0.340574671
1699	0.47549645	0.610928813	0.340064087
1700	0.47488765	0.610256912	0.339518388
1701	0.4742499	0.609543399	0.338956401
1702	0.47365885	0.608878558	0.338439142
1703	0.47308665	0.608232661	0.337940639
1704	0.47254315	0.607653545	0.337432755
1705	0.47200045	0.607084421	0.336916479
1706	0.47128015	0.606316343	0.336243957
1707	0.47050685	0.605491767	0.335521933
1708	0.4696734	0.604580078	0.334766722
1709	0.4688037	0.603623014	0.333984386
1710	0.46805665	0.60277238	0.33334092
1711	0.4673528	0.601971109	0.332734491
1712	0.46667025	0.601248151	0.332092349
1713	0.4659588	0.600493334	0.331424266
1714	0.4651621	0.599632386	0.330691814
1715	0.4643542	0.598756967	0.329951433
1716	0.46334955	0.597605445	0.329093655
1717	0.46234365	0.596449046	0.328238254
1718	0.46159545	0.595612851	0.327578049
1719	0.4608526	0.594785895	0.326919305
1720	0.4598722	0.593656961	0.326087439
1721	0.4588398	0.592467581	0.325212019
1722	0.4580084	0.591551021	0.324465779
1723	0.4571653	0.590618955	0.323711645
1724	0.4561352	0.589446593	0.322823807
1725	0.4552224	0.588420576	0.322024224
1726	0.45490195	0.588120495	0.321683405
1727	0.45448965	0.587689422	0.321289878
1728	0.45372985	0.586759884	0.320699816
1729	0.45307905	0.585968263	0.320189837
1730	0.452814	0.585678649	0.319949351
1731	0.45269555	0.585553707	0.319837393
1732	0.45284185	0.585701002	0.319982698
1733	0.45298105	0.585830335	0.320131765
1734	0.4531112	0.585941455	0.320280945
1735	0.4533873	0.586252736	0.320521864
1736	0.4538985	0.586882991	0.320914009
1737	0.45429055	0.587335082	0.321246018
1738	0.45457775	0.58762032	0.32153518
1739	0.45497715	0.588075567	0.321878733
1740	0.455435	0.588638866	0.322231134
1741	0.4559008	0.589189931	0.322611669
1742	0.4563836	0.589734933	0.323032267
1743	0.45665395	0.590011564	0.323296336
1744	0.45681625	0.590155151	0.323477349
1745	0.45696	0.590350649	0.323569351
1746	0.45707355	0.590547028	0.323600072
1747	0.45726415	0.590805089	0.323723211
1748	0.4574604	0.591057264	0.323863536
1749	0.45740385	0.590981711	0.323825989
1750	0.4573093	0.590853523	0.323765077
1751	0.4572791	0.590797582	0.323760618
1752	0.4572382	0.590725014	0.323751386
1753	0.4572442	0.590723507	0.323764893
1754	0.45727155	0.590756545	0.323786555
1755	0.4574042	0.590926297	0.323882103
1756	0.4575441	0.591099322	0.323988878
1757	0.45773595	0.5913141	0.3241578
1758	0.45793745	0.591544273	0.324330627
1759	0.45798975	0.591606708	0.324372792
1760	0.45806695	0.591704804	0.324429096
1761	0.4582784	0.591979568	0.324577232
1762	0.45843045	0.592161492	0.324699408
1763	0.4585551	0.592286979	0.324823221
1764	0.45884335	0.592617708	0.325068992
1765	0.45953255	0.593400675	0.325664425
1766	0.46011825	0.594059179	0.326177321
1767	0.4604346	0.594415431	0.326453769
1768	0.460759	0.594770137	0.326747863
1769	0.46106245	0.595071103	0.327053797
1770	0.4613708	0.595388366	0.327353234
1771	0.4617009	0.595760648	0.327641152
1772	0.4621979	0.596297792	0.328098008
1773	0.4629228	0.597047236	0.328798364
1774	0.46326685	0.597386856	0.329146844
1775	0.4632722	0.597373004	0.329171396
1776	0.46355595	0.597696218	0.329415682
1777	0.4639647	0.598168926	0.329760474
1778	0.46439465	0.598639157	0.330150143
1779	0.46491605	0.5992138	0.3306183
1780	0.46513095	0.599457803	0.330804097
1781	0.4651949	0.59951925	0.33087055
1782	0.465247	0.599488954	0.331005046
1783	0.4653098	0.599455575	0.331164025
1784	0.46576515	0.599906108	0.331624192
1785	0.46627375	0.600417952	0.332129548
1786	0.4663513	0.600556079	0.332146521
1787	0.46642835	0.600713351	0.332143349
1788	0.4668372	0.601188529	0.332485871
1789	0.46725405	0.601669098	0.332839002
1790	0.46710655	0.60146514	0.33274796
1791	0.46690335	0.601167292	0.332639408
1792	0.46662675	0.600778894	0.332474606
1793	0.4664867	0.600553453	0.332419947
1794	0.46733775	0.601523158	0.333152342
1795	0.4679105	0.602140121	0.333680879
1796	0.46732905	0.601334397	0.333323703
1797	0.4669638	0.600784582	0.333143018
1798	0.46710035	0.600792543	0.333408157
1799	0.4672306	0.600845765	0.333615435
1800	0.4672841	0.600877773	0.333690427
1801	0.449896	0.58338337	0.31640863
1802	0.449774	0.58376457	0.31578343
1803	0.45222035	0.588161346	0.316279354
1804	0.4489616	0.585445953	0.312477247
1805	0.443851	0.580379969	0.307322031
1806	0.4460467	0.585730893	0.306362507
1807	0.45022815	0.596407672	0.304048628
1808	0.44064675	0.588623917	0.292669583
1809	0.4322045	0.578467313	0.285941687
1810	0.4396551	0.58765228	0.29165792
1811	0.4440372	0.593032135	0.295042265
1812	0.4400722	0.58869362	0.29145078
1813	0.43327115	0.580952412	0.285589888
1814	0.43964365	0.588715308	0.290571992
1815	0.4685317	0.62573165	0.31133175
1816	0.4846705	0.651689492	0.317651508
1817	0.43558705	0.592802753	0.278371347
1818	0.4032232	0.549373505	0.257072895
1819	0.3965399	0.532522331	0.260557469
1820	0.38682625	0.515074902	0.258577598
1821	0.36458105	0.494556017	0.234606083
1822	0.33472245	0.465137966	0.204306934
1823	0.3063954	0.424515504	0.188275296
1824	0.2877623	0.399945111	0.175579489
1825	0.28444645	0.409682391	0.159210509
1826	0.31384385	0.47423604	0.15345166
1827	0.3350049	0.52810859	0.14190121
1828	0.3085471	0.507754329	0.109339871
1829	0.30920285	0.536981365	0.081424335
1830	0.3538143	0.681033124	0.026595476
1831	0.37538235	0.818670459	-0.067905759
1832	0.33214185	0.689956907	-0.025673207
1833	0.53989015	1.240385104	-0.160604804
1834	0.1319835	0.305099408	-0.041132408
1835	0.0277458	0.080643486	-0.025151886
1836	0.0585644	0.207785634	-0.090656834
1837	0.29096485	1.276453257	-0.694523557
1838	0	0	0
1839	0	0	0
1840	0	0	0
1841	0.87966325	3.366468366	-1.607141866
1842	0.10612815	0.505159576	-0.292903276
1843	0.046161	0.183370019	-0.091048019
1844	0.05939435	0.281909002	-0.163120302
1845	0.21995975	1.041592062	-0.601672562
1846	0	0	0
1847	0.18681355	0.705212486	-0.331585386
1848	0.08592455	0.330316192	-0.158467092
1849	0.0591967	0.198941693	-0.080548293
1850	0.05202365	0.150876192	-0.046828892
1851	0.047588	0.140601222	-0.045425222
1852	0.0437663	0.149658253	-0.062125653
1853	0.03119725	0.15893451	-0.09654001
1854	0.05135405	0.25640196	-0.15369386
1855	0.25233635	0.971686482	-0.467013782
1856	0	0	0
1857	0.9069148	2.328262934	-0.514433334
1858	0.2041513	0.699177321	-0.290874721
1859	0.1112877	0.517412415	-0.294837015
1860	0.12812515	0.527475321	-0.271225021
1861	0.1941763	0.593777521	-0.205424921
1862	0.24456215	0.976569991	-0.487445691
1863	0.60840855	2.14404275	-0.92722565
1864	5.10585575	19.95007128	-9.738359779
1865	4.47981415	16.06655192	-7.106923621
1866	1.5862723	5.628135	-2.4555904
1867	0.63393515	2.263555749	-0.995685449
1868	0.4566265	1.74082997	-0.82757697
1869	0.3916857	1.597779645	-0.814408245
1870	0.47605325	1.828431941	-0.876325441
1871	0	0	0
1872	0	0	0
1873	0	0	0
1874	2.2985521	6.296140913	-1.699036713
1875	0.7019109	2.002806929	-0.598985129
1876	0.18652945	0.542935004	-0.169876104
1877	0.12651285	0.378856514	-0.125830814
1878	0.1239254	0.362263979	-0.114413179
1879	0.1670192	0.484478977	-0.150440577
1880	0.1502913	0.439461361	-0.138878761
1881	0.09668525	0.2517033	-0.0583328
1882	0.0764414	0.202521739	-0.049638939
1883	0.06763235	0.150221316	-0.014956616
1884	0.06551505	0.134603372	-0.003573272
1885	0.0829589	0.164977222	0.000940578
1886	0.1091053	0.234427753	-0.016217153
1887	0.16080245	0.333817679	-0.012212779
1888	0.2284855	0.442044275	0.014926725
1889	0.2476082	0.493411303	0.001805097
1890	0.24135985	0.509187695	-0.026467995
1891	0.2378875	0.529736676	-0.053961676
1892	0.267861	0.546069417	-0.010347417
1893	0.3184254	0.649316736	-0.012465936
1894	0.21449065	0.429444845	-0.000463545
1895	0.1202373	0.246058288	-0.005583688
1896	0.08018075	0.171890255	-0.011528755
1897	0.04967195	0.111189927	-0.011846027
1898	0.02795825	0.074760097	-0.018843597
1899	0.03861025	0.106527561	-0.029307061
1900	0.0444738	0.12598896	-0.03704136
1901	0.03659725	0.105538332	-0.032343832
1902	0.03376485	0.106425586	-0.038895886
1903	0.03288995	0.103399692	-0.037619792
1904	0.03042185	0.104421053	-0.043577353
1905	0.03008035	0.108621738	-0.048461038
1906	0.03943905	0.148542298	-0.069664198
1907	0.0898393	0.330969821	-0.151291221
1908	0.3573904	1.371420447	-0.656639647
1909	0.7378474	2.758608844	-1.282914044
1910	0.15550635	0.504941197	-0.193928497
1911	0.08657105	0.250670384	-0.077528284
1912	0.06907105	0.166903332	-0.028761232
1913	0.0643505	0.148262974	-0.019561974
1914	0.09615255	0.183992229	0.008312871
1915	0.1300482	0.257418556	0.002677844
1916	0.1509783	0.283395865	0.018560735
1917	0.15945415	0.285434274	0.033474026
1918	0.1631245	0.286538211	0.039710789
1919	0.16570255	0.289114581	0.042290519
1920	0.17109025	0.295516957	0.046663543
1921	0.1885725	0.309459659	0.067685341
1922	0.20278135	0.324157556	0.081405144
1923	0.18986455	0.30250066	0.07722844
1924	0.1782755	0.287184607	0.069366393
1925	0.1953636	0.308925112	0.081802088
1926	0.22555465	0.348562715	0.102546585
1927	0.24384385	0.37074939	0.11693831
1928	0.24551265	0.370309848	0.120715452
1929	0.24875835	0.371846872	0.125669828
1930	0.2554166	0.377141051	0.133692149
1931	0.2578266	0.37827684	0.13737636
1932	0.25081095	0.366279526	0.135342374
1933	0.24567515	0.358479449	0.132870851
1934	0.26105835	0.378623739	0.143492961
1935	0.2770374	0.400759164	0.153315636
1936	0.2784792	0.400643423	0.156314977
1937	0.2726593	0.390212362	0.155106238
1938	0.27217	0.388131923	0.156208077
1939	0.2773167	0.394039464	0.160593936
1940	0.2818938	0.399946647	0.163840953
1941	0.28790375	0.409395987	0.166411513
1942	0.2932888	0.417759244	0.168818356
1943	0.2946468	0.418911106	0.170382494
1944	0.29577145	0.419887142	0.171655758
1945	0.2976285	0.421427684	0.173829316
1946	0.29937545	0.422649952	0.176100948
1947	0.2994474	0.421797095	0.177097705
1948	0.29884735	0.420185421	0.177509279
1949	0.29885105	0.419638968	0.178063132
1950	0.2996044	0.420382267	0.178826533
1951	0.30044065	0.421012851	0.179868449
1952	0.3017154	0.421192632	0.182238168
1953	0.3029135	0.42144922	0.18437778
1954	0.30730225	0.427038048	0.187566452
1955	0.3115028	0.432471265	0.190534335
1956	0.31257835	0.434274023	0.190882677
1957	0.31271455	0.434970333	0.190458767
1958	0.31433465	0.437368354	0.191300946
1959	0.31681735	0.440717418	0.192917282
1960	0.31929215	0.44366208	0.19492222
1961	0.32195955	0.446244845	0.197674255
1962	0.3238612	0.447964776	0.199757624
1963	0.3235023	0.4466826	0.200322
1964	0.3232003	0.445617589	0.200783011
1965	0.3258895	0.449673019	0.202105981
1966	0.3284294	0.453563265	0.203295535
1967	0.33035625	0.456161475	0.204551025
1968	0.3319061	0.458114654	0.205697546
1969	0.3334068	0.459850462	0.206963138
1970	0.3348987	0.461409268	0.208388132
1971	0.3361438	0.462622854	0.209664746
1972	0.33706715	0.463382934	0.210751366
1973	0.33800635	0.464208772	0.211803928
1974	0.33957545	0.466043392	0.213107508
1975	0.3410322	0.467752214	0.214312186
1976	0.340806	0.467309465	0.214302535
1977	0.34041175	0.466642624	0.214180876
1978	0.3409307	0.467332701	0.214528699
1979	0.34179255	0.468526727	0.215058373
1980	0.3425003	0.469397352	0.215603248
1981	0.34310825	0.47004957	0.21616693
1982	0.34362295	0.470511466	0.216734434
1983	0.3439514	0.470637049	0.217265751
1984	0.34431125	0.470878268	0.217744232
1985	0.34478185	0.471500984	0.218062716
1986	0.3452487	0.472120316	0.218377084
1987	0.3461202	0.47312415	0.21911625
1988	0.34704115	0.474167658	0.219914642
1989	0.34728855	0.474388562	0.220188538
1990	0.34729325	0.474317778	0.220268722
1991	0.3479064	0.475063543	0.220749257
1992	0.3490157	0.476520141	0.221511259
1993	0.3496549	0.477216195	0.222093605
1994	0.34938145	0.476527801	0.222235099
1995	0.34903915	0.475767794	0.222310506
1996	0.3484508	0.474703074	0.222198526
1997	0.34780335	0.473535264	0.222071436
1998	0.34836715	0.474297643	0.222436657
1999	0.34918695	0.475433131	0.222940769
2000	0.3489396	0.475306463	0.222572737
2001	0.3482739	0.47467028	0.22187752
2002	0.34760675	0.474008423	0.221205077
2003	0.34665775	0.473019524	0.220295976
2004	0.34561725	0.471806222	0.219428278
2005	0.3444153	0.470116661	0.218713939
2006	0.34370725	0.469210133	0.218204367
2007	0.34559405	0.472232509	0.218955591
2008	0.34726645	0.474881473	0.219651427
2009	0.346676	0.473847255	0.219504745
2010	0.34597585	0.4726811	0.2192706
2011	0.34632385	0.473456076	0.219191624
2012	0.3468774	0.474506402	0.219248398
2013	0.3473046	0.475138368	0.219470832
2014	0.347385	0.475179571	0.219590429
2015	0.3460205	0.473231117	0.218809883
2016	0.34407255	0.470633876	0.217511224
2017	0.34318905	0.469446993	0.216931107
2018	0.34301165	0.469044934	0.216978366
2019	0.34278605	0.468649915	0.216922185
2020	0.3420423	0.467319358	0.216765242
2021	0.3413175	0.466016888	0.216618112
2022	0.34003535	0.46413137	0.21593933
2023	0.33894595	0.462618152	0.215273748
2024	0.3378253	0.461154713	0.214495887
2025	0.3366607	0.459636342	0.213685058
2026	0.3353195	0.457858015	0.212780985
2027	0.33405695	0.45619699	0.21191691
2028	0.3329765	0.454801621	0.211151379
2029	0.33204005	0.453775144	0.210304956
2030	0.33117465	0.452856059	0.209493241
2031	0.3298659	0.451178733	0.208553067
2032	0.3285634	0.449516554	0.207610246
2033	0.32702965	0.447490448	0.206568852
2034	0.3255158	0.445468696	0.205562904
2035	0.32411425	0.443608252	0.204620248
2036	0.3228688	0.442011392	0.203726208
2037	0.3215899	0.440348962	0.202830838
2038	0.3201924	0.438497789	0.201887011
2039	0.3188895	0.436804065	0.200974935
2040	0.31785965	0.43557856	0.20014074
2041	0.3165902	0.434046591	0.199133809
2042	0.3149986	0.432003822	0.197993378
2043	0.3134903	0.430096953	0.196883647
2044	0.31224825	0.428625563	0.195870937
2045	0.31098415	0.427133822	0.194834478
2046	0.3095281	0.425327044	0.193729156
2047	0.307899	0.423280066	0.192517934
2048	0.3064944	0.42157035	0.19141845
2049	0.3053026	0.420129249	0.190475951
2050	0.30399955	0.418469789	0.189529311
2051	0.3025338	0.416585062	0.188482538
2052	0.30087755	0.414371404	0.187383696
2053	0.29896395	0.41172714	0.18620076
2054	0.29702005	0.409062681	0.184977419
2055	0.2949354	0.406325252	0.183545548
2056	0.29299725	0.40383897	0.18215553
2057	0.29178875	0.402471851	0.181105649
2058	0.2906737	0.401201535	0.180145865
2059	0.2900725	0.400497192	0.179647808
2060	0.28960985	0.400019482	0.179200218
2061	0.28916085	0.39952581	0.17879589
2062	0.2888662	0.399109199	0.178623201
2063	0.28885905	0.39904222	0.17867588
2064	0.2887448	0.398948695	0.178540905
2065	0.28827395	0.398412966	0.178134934
2066	0.287126	0.396951333	0.177300667
2067	0.28611735	0.395647636	0.176587064
2068	0.28611505	0.395644864	0.176585236
2069	0.28601905	0.395583391	0.176454709
2070	0.2853482	0.394774514	0.175921886
2071	0.2846649	0.393911249	0.175418551
2072	0.2840366	0.393069648	0.175003552
2073	0.28337595	0.392202922	0.174548978
2074	0.28259885	0.39121099	0.17398671
2075	0.2818895	0.390372356	0.173406644
2076	0.28121195	0.389392962	0.173030938
2077	0.2807123	0.388533033	0.172891567
2078	0.28026575	0.387815634	0.172715866
2079	0.27990005	0.38716429	0.17263581
2080	0.2796256	0.386654437	0.172596763
2081	0.2793972	0.386298254	0.172496146
2082	0.2791848	0.385985584	0.172384016
2083	0.27891845	0.385740262	0.172096638
2084	0.2786484	0.385508351	0.171788449
2085	0.2783122	0.38512712	0.17149728
2086	0.2779285	0.384651763	0.171205237
2087	0.2774055	0.384003211	0.170807789
2088	0.2769568	0.383494042	0.170419558
2089	0.2766428	0.38313657	0.17014903
2090	0.2764031	0.382901326	0.169904874
2091	0.27597065	0.382353096	0.169588204
2092	0.27498025	0.380924014	0.169036486
2093	0.2741783	0.379772939	0.168583661
2094	0.2735339	0.378862696	0.168205104
2095	0.27270345	0.377707808	0.167699092
2096	0.2722765	0.377155212	0.167397788
2097	0.27196015	0.376740998	0.167179302
2098	0.2719178	0.376726759	0.167108841
2099	0.2719649	0.376881135	0.167048665
2100	0.27208775	0.377213754	0.166961746
2101	0.2720958	0.377345458	0.166846142
2102	0.27182745	0.376909595	0.166745305
2103	0.27141465	0.376296384	0.166532916
2104	0.27106895	0.375849735	0.166288165
2105	0.27108115	0.375872299	0.166290001
2106	0.27108005	0.375901214	0.166258886
2107	0.2708071	0.375553089	0.166061111
2108	0.27056695	0.375225987	0.165907913
2109	0.27013045	0.374763281	0.165497619
2110	0.2699238	0.374619726	0.165227874
2111	0.27045555	0.375427465	0.165483635
2112	0.2709276	0.376146833	0.165708367
2113	0.2710745	0.376377246	0.165771754
2114	0.27121965	0.376568367	0.165870933
2115	0.27108025	0.3762672	0.1658933
2116	0.2708672	0.375880102	0.165854298
2117	0.27065915	0.375633616	0.165684684
2118	0.27044015	0.375458018	0.165422282
2119	0.2704543	0.375636825	0.165271775
2120	0.2705739	0.375843582	0.165304218
2121	0.2708192	0.376224562	0.165413838
2122	0.2709346	0.376380804	0.165488396
2123	0.27093015	0.37631073	0.16554957
2124	0.2710138	0.376420868	0.165606732
2125	0.2710446	0.37642332	0.16566588
2126	0.2707516	0.376007591	0.165495609
2127	0.2704672	0.375656968	0.165277432
2128	0.2707593	0.376055907	0.165462693
2129	0.2712436	0.376644214	0.165842986
2130	0.2716438	0.37707579	0.16621181
2131	0.2719616	0.377435034	0.166488166
2132	0.27186125	0.37729067	0.16643183
2133	0.2715358	0.376851243	0.166220357
2134	0.2713924	0.376612285	0.166172515
2135	0.2713121	0.376376017	0.166248183
2136	0.27147825	0.376580454	0.166376046
2137	0.27200445	0.377485731	0.166523169
2138	0.27239295	0.378156438	0.166629462
2139	0.27236695	0.378161799	0.166572101
2140	0.27220745	0.377974216	0.166440684
2141	0.2723475	0.37807431	0.16662069
2142	0.27265175	0.378380028	0.166923472
2143	0.27297425	0.378732809	0.167215691
2144	0.2732709	0.379063003	0.167478797
2145	0.27373905	0.379661112	0.167816988
2146	0.2741711	0.380225559	0.168116641
2147	0.274362	0.380482964	0.168241036
2148	0.27469445	0.380967767	0.168421133
2149	0.27501115	0.381266132	0.168756168
2150	0.2751475	0.381173414	0.169121586
2151	0.27548845	0.381496503	0.169480397
2152	0.2758375	0.381877263	0.169797737
2153	0.27623045	0.382325408	0.170135492
2154	0.2768302	0.383239087	0.170421313
2155	0.27724675	0.383847842	0.170645658
2156	0.2773387	0.383946863	0.170730537
2157	0.2775213	0.384124311	0.170918289
2158	0.2780159	0.384620029	0.171411771
2159	0.2785524	0.385220993	0.171883807
2160	0.2791073	0.38597104	0.17224356
2161	0.2796402	0.386656039	0.172624361
2162	0.27989655	0.386837019	0.172956081
2163	0.2801318	0.386936086	0.173327514
2164	0.28044	0.387318465	0.173561535
2165	0.28067345	0.3877174	0.1736295
2166	0.2812668	0.388541025	0.173992575
2167	0.2820312	0.389635925	0.174426475
2168	0.28272655	0.390488071	0.174965029
2169	0.2833956	0.391021653	0.175769547
2170	0.28401805	0.391551809	0.176484291
2171	0.284523	0.39210466	0.17694134
2172	0.28497525	0.39266996	0.17728054
2173	0.28546055	0.393444999	0.177476101
2174	0.2859569	0.394203551	0.177710249
2175	0.28644545	0.39483072	0.17806018
2176	0.28688925	0.395379904	0.178398596
2177	0.28719275	0.395697318	0.178688182
2178	0.2875292	0.396030469	0.179027931
2179	0.2881527	0.396742216	0.179563184
2180	0.2888053	0.39756322	0.18004738
2181	0.2895733	0.398593379	0.180553221
2182	0.290237	0.399443861	0.181030139
2183	0.2905823	0.399904873	0.181259727
2184	0.29090505	0.400311568	0.181498532
2185	0.29120135	0.400599911	0.181802789
2186	0.29150355	0.400807515	0.182199585
2187	0.29203955	0.401339075	0.182740025
2188	0.2928992	0.402294269	0.183504131
2189	0.29355965	0.403026759	0.184092541
2190	0.2939553	0.403536931	0.184373669
2191	0.2944416	0.404179983	0.184703217
2192	0.29541815	0.405631533	0.185204767
2193	0.2965328	0.407265363	0.185800237
2194	0.29738165	0.408294658	0.186468642
2195	0.2980676	0.409024363	0.187110837
2196	0.2989421	0.409976241	0.187907959
2197	0.29995725	0.411162675	0.188751825
2198	0.3005637	0.412172583	0.188954817
2199	0.3010647	0.413086649	0.189042751
2200	0.30119835	0.413339506	0.189057194
2201	0.30104755	0.413048031	0.189047069
2202	0.3014074	0.413392377	0.189422423
2203	0.30199855	0.414143951	0.189853149
2204	0.30255065	0.414770465	0.190330835
2205	0.30279975	0.414959839	0.190639661
2206	0.3029353	0.414924293	0.190946307
2207	0.30378135	0.415723892	0.191838808
2208	0.30473555	0.416825284	0.192645816
2209	0.30603605	0.418614311	0.193457789
2210	0.30739965	0.42042675	0.19437255
2211	0.3081858	0.4213871	0.1949845
2212	0.30870285	0.422059314	0.195346386
2213	0.3089442	0.422453074	0.195435326
2214	0.30915675	0.42275681	0.19555669
2215	0.3093549	0.422962016	0.195747784
2216	0.30958825	0.42323226	0.19594424
2217	0.3097051	0.423359018	0.196051182
2218	0.3097996	0.423450768	0.196148432
2219	0.3099784	0.423560003	0.196396797
2220	0.3102451	0.423809901	0.196680299
2221	0.31048325	0.4241094	0.1968571
2222	0.3105107	0.424169852	0.196851548
2223	0.31055285	0.424264133	0.196841567
2224	0.31033495	0.423952746	0.196717154
2225	0.30981885	0.423188658	0.196449042
2226	0.30942275	0.422537714	0.196307786
2227	0.30921025	0.422185328	0.196235172
2228	0.3093846	0.422338061	0.196431139
2229	0.3094559	0.422348047	0.196563753
2230	0.30893205	0.421705265	0.196158835
2231	0.308354	0.420992089	0.195715911
2232	0.3080138	0.420555718	0.195471882
2233	0.30774525	0.420252955	0.195237545
2234	0.30747765	0.420007383	0.194947917
2235	0.3071111	0.419598741	0.194623459
2236	0.30601855	0.418224639	0.193812461
2237	0.304771	0.416667615	0.192874385
2238	0.3038807	0.415630436	0.192130964
2239	0.30296755	0.414562105	0.191372995
2240	0.30235435	0.4137819	0.1909268
2241	0.30207465	0.413538827	0.190610473
2242	0.3015313	0.412995195	0.190067405
2243	0.30058355	0.41179068	0.18937642
2244	0.29925625	0.409997037	0.188515463
2245	0.2975834	0.407779422	0.187387378
2246	0.2960065	0.405804869	0.186208131
2247	0.29446295	0.403846969	0.185078931
2248	0.29286215	0.401809919	0.183914381
2249	0.29176305	0.400490643	0.183035457
2250	0.290679	0.399170125	0.182187875
2251	0.28921725	0.397289981	0.181144519
2252	0.2877602	0.395382956	0.180137444
2253	0.28649395	0.393725147	0.179262753
2254	0.28530875	0.392228295	0.178389205
2255	0.2842178	0.390900231	0.177535369
2256	0.28294685	0.389284865	0.176608835
2257	0.28137135	0.387163719	0.175578981
2258	0.2800532	0.385398414	0.174707986
2259	0.2790041	0.384032653	0.173975547
2260	0.27778465	0.382437339	0.173131961
2261	0.2769305	0.381267144	0.172593856
2262	0.27605315	0.38003563	0.17207067
2263	0.27459285	0.378145177	0.171040523
2264	0.2732471	0.376518066	0.169976134
2265	0.27213425	0.375179601	0.169088899
2266	0.27089075	0.373447452	0.168334048
2267	0.26976875	0.371860872	0.167676628
2268	0.268729	0.370395033	0.167062967
2269	0.26742855	0.368582429	0.166274671
2270	0.26595305	0.366799964	0.165106136
2271	0.26475875	0.365279708	0.164237792
2272	0.2640185	0.364335806	0.163701194
2273	0.2633712	0.363591899	0.163150501
2274	0.26303275	0.363146653	0.162918847
2275	0.2625901	0.362565767	0.162614433
2276	0.26171815	0.361574192	0.161862108
2277	0.2608403	0.360575254	0.161105346
2278	0.2601674	0.359656541	0.160678259
2279	0.25954345	0.358764463	0.160322437
2280	0.2589573	0.358039589	0.159875011
2281	0.25833605	0.357332137	0.159339963
2282	0.25791705	0.356846956	0.158987144
2283	0.25768735	0.356521549	0.158853151
2284	0.2574502	0.356053155	0.158847245
2285	0.2568171	0.355069845	0.158564355
2286	0.25595695	0.35378453	0.15812937
2287	0.2553034	0.352843539	0.157763261
2288	0.2548897	0.352362265	0.157417135
2289	0.2547164	0.352326093	0.157106707
2290	0.2539467	0.351520346	0.156373054
2291	0.25225145	0.349314276	0.155188624
2292	0.2510085	0.347643948	0.154373052
2293	0.25084915	0.347320412	0.154377888
2294	0.2502695	0.346499631	0.154039369
2295	0.2495558	0.345842017	0.153269583
2296	0.24893245	0.345382492	0.152482408
2297	0.24782985	0.344190251	0.151469449
2298	0.2468899	0.343015314	0.150764486
2299	0.24609215	0.341684347	0.150499953
2300	0.24536335	0.340476668	0.150250032
2301	0.2451743	0.340079763	0.150268837
2302	0.24495205	0.339670274	0.150233826
2303	0.24407405	0.338633064	0.149515036
2304	0.24311965	0.33755764	0.14868166
2305	0.242509	0.336702126	0.148315874
2306	0.24205945	0.335974833	0.148144067
2307	0.24198405	0.33605435	0.14791375
2308	0.24187225	0.336184852	0.147559648
2309	0.2415711	0.335877992	0.147264208
2310	0.2412796	0.335564858	0.146994342
2311	0.2415527	0.335964503	0.147140897
2312	0.2421369	0.336727107	0.147546693
2313	0.2420836	0.336731327	0.147435873
2314	0.24182325	0.336517951	0.147128549
2315	0.2424406	0.337277977	0.147603223
2316	0.2436915	0.338615978	0.148767022
2317	0.2446527	0.339723518	0.149581882
2318	0.24494195	0.340018306	0.149865594
2319	0.2450791	0.340109425	0.150048775
2320	0.24522605	0.340448996	0.150003104
2321	0.24555275	0.34089853	0.15020697
2322	0.2464925	0.342101174	0.150883826
2323	0.24717535	0.342954954	0.151395746
2324	0.2470417	0.342731382	0.151352018
2325	0.24714915	0.343044463	0.151253837
2326	0.24709105	0.34321648	0.15096562
2327	0.24685295	0.343010784	0.150695116
2328	0.24689475	0.343163538	0.150625962
2329	0.2469644	0.343285903	0.150642897
2330	0.24627205	0.342106347	0.150437753
2331	0.2453008	0.34063396	0.14996764
2332	0.2441373	0.339091748	0.149182852
2333	0.24313475	0.337703963	0.148565537
2334	0.24291955	0.337243623	0.148595477
2335	0.2428004	0.336959789	0.148641011
2336	0.24246075	0.336667616	0.148253884
2337	0.24213195	0.336410987	0.147852913
2338	0.24210465	0.33658134	0.14762796
2339	0.24210165	0.336963229	0.147240071
2340	0.2422706	0.337361466	0.147179734
2341	0.24263325	0.337723819	0.147542681
2342	0.2423297	0.337098921	0.147560479
2343	0.2417431	0.336144948	0.147341252
2344	0.241395	0.335824132	0.146965868
2345	0.2412077	0.335731596	0.146683804
2346	0.24116005	0.335599499	0.146720601
2347	0.2409178	0.335143944	0.146691656
2348	0.24057875	0.334559972	0.146597528
2349	0.24014475	0.334086065	0.146203435
2350	0.23963875	0.33355056	0.14572694
2351	0.2396091	0.333680374	0.145537826
2352	0.23992565	0.334278724	0.145572576
2353	0.2407495	0.335514556	0.145984444
2354	0.24161065	0.336714098	0.146507202
2355	0.2423627	0.337706413	0.147018987
2356	0.24313985	0.338939472	0.147340228
2357	0.24331705	0.33929239	0.14734171
2358	0.2433663	0.339437113	0.147295487
2359	0.2438786	0.339955803	0.147801397
2360	0.2444909	0.340437771	0.148544029
2361	0.24454955	0.340334901	0.148764199
2362	0.24459285	0.340280469	0.148905231
2363	0.2452314	0.341108263	0.149354537
2364	0.2458465	0.342033639	0.149659361
2365	0.24590185	0.342357626	0.149446074
2366	0.2457605	0.342374091	0.149146909
2367	0.2448328	0.340914936	0.148750664
2368	0.2439316	0.339390908	0.148472292
2369	0.24409115	0.339770923	0.148411377
2370	0.2443247	0.340402305	0.148247095
2371	0.2442521	0.340328305	0.148175895
2372	0.2443049	0.34045364	0.14815616
2373	0.2456172	0.342261467	0.148972933
2374	0.2470544	0.344178756	0.149930044
2375	0.24732185	0.344412404	0.150231296
2376	0.24770075	0.344751208	0.150650292
2377	0.2471992	0.344350163	0.150048237
2378	0.24609575	0.343334364	0.148857136
2379	0.2453501	0.342873753	0.147826447
2380	0.2449685	0.342821512	0.147115488
2381	0.24580675	0.344155741	0.147457759
2382	0.24738125	0.346286537	0.148475963
2383	0.24792835	0.346798528	0.149058172
2384	0.24763375	0.346068959	0.149198541
2385	0.246899	0.344694026	0.149103974
2386	0.2454796	0.342507375	0.148451825
2387	0.2441536	0.340508623	0.147798577
2388	0.24328405	0.339025062	0.147543038
2389	0.24329905	0.339019505	0.147578595
2390	0.2441409	0.34052826	0.14775354
2391	0.24482105	0.341792362	0.147849738
2392	0.2452654	0.342672397	0.147858403
2393	0.24516625	0.342761437	0.147571063
2394	0.2439808	0.341302853	0.146658747
2395	0.2430569	0.3401481	0.1459657
2396	0.24272035	0.339555421	0.145885279
2397	0.24235985	0.338935802	0.145783898
2398	0.242072	0.338587517	0.145556483
2399	0.2417016	0.338201647	0.145201553
2400	0.24206425	0.338576714	0.145551786
2401	0.2424373	0.338875768	0.145998832
2402	0.2421417	0.338947006	0.145336394
2403	0.2417462	0.338823043	0.144669357
2404	0.24180255	0.338580314	0.145024786
2405	0.24213615	0.338767784	0.145504516
2406	0.24187165	0.337864386	0.145878914
2407	0.24118865	0.336386606	0.145990694
2408	0.2393281	0.333866257	0.144789943
2409	0.2370403	0.33091816	0.14316244
2410	0.23485625	0.328728924	0.140983576
2411	0.23311495	0.327479587	0.138750313
2412	0.2326874	0.327548226	0.137826574
2413	0.23207755	0.326954798	0.137200302
2414	0.2311663	0.32566806	0.13666454
2415	0.23072365	0.325261048	0.136186252
2416	0.23214555	0.327493379	0.136797721
2417	0.2339874	0.330464378	0.137510422
2418	0.23469105	0.331777452	0.137604648
2419	0.23474025	0.331917261	0.137563239
2420	0.2353615	0.333329474	0.137393526
2421	0.2363773	0.335630069	0.137124531
2422	0.23523855	0.333623909	0.136853191
2423	0.23343665	0.330185174	0.136688126
2424	0.23162245	0.32728982	0.13595508
2425	0.2301589	0.324965965	0.135351835
2426	0.22837405	0.322685167	0.134062933
2427	0.22574205	0.319620229	0.131863871
2428	0.22417945	0.317107401	0.131251499
2429	0.2225851	0.314672018	0.130498182
2430	0.2216589	0.31329837	0.13001943
2431	0.221722	0.312822974	0.130621026
2432	0.22022705	0.311456928	0.128997172
2433	0.2183316	0.310065802	0.126597398
2434	0.2175045	0.309141153	0.125867847
2435	0.2173632	0.308683365	0.126043035
2436	0.21683165	0.306967216	0.126696084
2437	0.2151978	0.303327317	0.127068283
2438	0.21437545	0.301775751	0.126975149
2439	0.21321235	0.300562562	0.125862138
2440	0.2102217	0.297360085	0.123083315
2441	0.20837035	0.295904993	0.120835707
2442	0.2075839	0.295108753	0.120059047
2443	0.2062874	0.293307536	0.119267264
2444	0.2059177	0.292388921	0.119446479
2445	0.20545185	0.291572654	0.119331046
2446	0.20273575	0.288638121	0.116833379
2447	0.19903715	0.284607702	0.113466598
2448	0.195469	0.279857429	0.111080571
2449	0.19523	0.27894585	0.11151415
2450	0.1963598	0.280521443	0.112198157
2451	0.19599155	0.280798074	0.111185026
2452	0.1947787	0.280104943	0.109452457
2453	0.19185725	0.275856696	0.107857804
2454	0.19004115	0.272401919	0.107680381
2455	0.18838095	0.269069945	0.107691955
2456	0.18576355	0.265162864	0.106364236
2457	0.18436145	0.264019051	0.104703849
2458	0.1840781	0.264363461	0.103792739
2459	0.18403585	0.265199586	0.102872114
2460	0.1842095	0.266685386	0.101733614
2461	0.1840949	0.266809759	0.101380041
2462	0.183755	0.266475982	0.101034018
2463	0.18337405	0.266205719	0.100542381
2464	0.18241475	0.265218377	0.099611123
2465	0.1818754	0.265568228	0.098182572
2466	0.1813421	0.265583713	0.097100487
2467	0.18076515	0.26369957	0.09783073
2468	0.17942975	0.260821695	0.098037805
2469	0.17484645	0.255185817	0.094507083
2470	0.170503	0.250423086	0.090582914
2471	0.16924025	0.24890803	0.08957247
2472	0.16720225	0.246538741	0.087865759
2473	0.163017	0.240794601	0.085239399
2474	0.15978725	0.236135215	0.083439285
2475	0.15923745	0.236682108	0.081792792
2476	0.15919775	0.23918234	0.07921316
2477	0.1579663	0.239287276	0.076645324
2478	0.15516785	0.237655377	0.072680323
2479	0.1537711	0.237803318	0.069738882
2480	0.15165495	0.237146005	0.066163895
2481	0.140994	0.221938741	0.060049259
2482	0.12898115	0.204840431	0.053121869
2483	0.11809035	0.192224264	0.043956436
2484	0.1048045	0.177517681	0.032091319
2485	0.0976462	0.167010805	0.028281595
2486	0.0893361	0.158418186	0.020254014
2487	0.0778344	0.14451352	0.01115528
2488	0.06919195	0.137085496	0.001298404
2489	0.07054275	0.14391747	-0.00283197
2490	0.0746604	0.158413487	-0.009092687
2491	0.07287675	0.154646604	-0.008893104
2492	0.06823555	0.150099711	-0.013628611
2493	0.0706765	0.154048684	-0.012695684
2494	0.0750212	0.160395087	-0.010352687
2495	0.0759726	0.149945299	0.001999901
2496	0.0763468	0.142516099	0.010177501
2497	0.07681225	0.142296426	0.011328074
2498	0.0804608	0.148921598	0.012000002
2499	0.0906981	0.163752313	0.017643887
2500	0.0987358	0.179275073	0.018196527
