Wavelength	Mean	Std+	Std-
350	0.025185429	0.032621278	0.017749579
351	0.024924429	0.032313867	0.017534991
352	0.025003857	0.032361515	0.0176462
353	0.025199	0.032585822	0.017812178
354	0.025271857	0.032630208	0.017913507
355	0.025210571	0.032479769	0.017941374
356	0.025068286	0.032285061	0.01785151
357	0.024944143	0.032165544	0.017722742
358	0.024862	0.032117593	0.017606407
359	0.024903143	0.032175748	0.017630538
360	0.024865857	0.032141805	0.017589909
361	0.024844143	0.032110491	0.017577795
362	0.024898143	0.03213641	0.017659876
363	0.025134714	0.032335691	0.017933737
364	0.025235571	0.032440149	0.018030994
365	0.025162714	0.032414142	0.017911287
366	0.024962286	0.032274742	0.017649829
367	0.024867571	0.032161339	0.017573804
368	0.024847143	0.032079298	0.017614988
369	0.024873571	0.032063601	0.017683542
370	0.025008	0.032162343	0.017853657
371	0.025114143	0.03226382	0.017964466
372	0.025082571	0.032292207	0.017872936
373	0.025013	0.032142733	0.017883267
374	0.025014714	0.032138162	0.017891267
375	0.025107286	0.032331306	0.017883266
376	0.025128429	0.032344906	0.017911951
377	0.025230571	0.032466181	0.017994962
378	0.025351	0.032612314	0.018089686
379	0.025259571	0.032475644	0.018043499
380	0.025167429	0.032407057	0.0179278
381	0.025145143	0.032409456	0.01788083
382	0.025286	0.032518962	0.018053038
383	0.025309	0.032544879	0.018073121
384	0.025391429	0.032628179	0.018154679
385	0.025568429	0.032797082	0.018339775
386	0.025536	0.032798688	0.018273312
387	0.025365714	0.032681413	0.018050015
388	0.02516	0.03252691	0.01779309
389	0.025316143	0.032650889	0.017981396
390	0.025398714	0.032730599	0.01806683
391	0.025479286	0.032829085	0.018129487
392	0.025626857	0.033017876	0.018235838
393	0.025776143	0.033171954	0.018380332
394	0.025752857	0.033175178	0.018330536
395	0.025518429	0.033001352	0.018035505
396	0.025604714	0.033097537	0.018111891
397	0.025642429	0.033164316	0.018120541
398	0.025656857	0.033222184	0.01809153
399	0.025738857	0.033354629	0.018123085
400	0.026017429	0.033646856	0.018388001
401	0.026264714	0.033905392	0.018624036
402	0.026264857	0.033945881	0.018583833
403	0.026429	0.034143014	0.018714986
404	0.026631571	0.034375956	0.018887187
405	0.026848857	0.034623254	0.01907446
406	0.027173143	0.035010321	0.019335965
407	0.027561429	0.035482357	0.0196405
408	0.028005143	0.03602762	0.019982666
409	0.028520286	0.036664237	0.020376334
410	0.029005714	0.037288926	0.020722503
411	0.029502857	0.037930977	0.021074738
412	0.030086571	0.038662198	0.021510945
413	0.030828857	0.039584306	0.022073408
414	0.031603	0.040541343	0.022664657
415	0.032390714	0.041508401	0.023273027
416	0.033370571	0.042695014	0.024046129
417	0.034348143	0.043905392	0.024790894
418	0.035324429	0.045139833	0.025509025
419	0.036392	0.046507872	0.026276128
420	0.037469571	0.047880497	0.027058646
421	0.038582714	0.049298544	0.027866884
422	0.039807857	0.050868958	0.028746756
423	0.041082857	0.05249159	0.029674124
424	0.042321	0.054079831	0.030562169
425	0.043491286	0.055603447	0.031379124
426	0.044664286	0.057083371	0.032245201
427	0.045940571	0.058704891	0.033176252
428	0.047319	0.060473504	0.034164496
429	0.048620429	0.062207276	0.035033581
430	0.049962143	0.06396914	0.035955146
431	0.051304429	0.06573382	0.036875037
432	0.052607143	0.067505966	0.03770832
433	0.053812571	0.069148775	0.038476368
434	0.054984	0.070711507	0.039256493
435	0.056160571	0.072218483	0.04010266
436	0.057208571	0.073519596	0.040897547
437	0.058189143	0.074757737	0.041620549
438	0.059122571	0.075960658	0.042284485
439	0.060085857	0.077191906	0.042979808
440	0.061041429	0.078419449	0.043663408
441	0.061970714	0.079624258	0.044317171
442	0.062829143	0.0807646	0.044893686
443	0.063697857	0.081891959	0.045503756
444	0.064524714	0.082950389	0.046099039
445	0.065267143	0.083885234	0.046649052
446	0.065995857	0.084797591	0.047194123
447	0.066685286	0.085690554	0.047680017
448	0.067338143	0.086569016	0.04810727
449	0.068028571	0.087437391	0.048619752
450	0.068659286	0.088227251	0.04909132
451	0.069256571	0.08897088	0.049542263
452	0.069866714	0.089720918	0.05001251
453	0.070440286	0.090432858	0.050447714
454	0.071004429	0.091140172	0.050868685
455	0.071577143	0.091868428	0.051285857
456	0.072135429	0.092613538	0.051657319
457	0.072681143	0.09334175	0.052020536
458	0.073207857	0.094038466	0.052377248
459	0.073721571	0.094669626	0.052773517
460	0.074197571	0.095269758	0.053125385
461	0.074659714	0.095858955	0.053460474
462	0.075175571	0.09648838	0.053862763
463	0.075627	0.097051763	0.054202237
464	0.076074	0.09761344	0.05453456
465	0.076565429	0.098227152	0.054903705
466	0.077023143	0.098791608	0.055254678
467	0.077457857	0.099343354	0.05557236
468	0.077867714	0.099886711	0.055848717
469	0.078349429	0.100518249	0.056180608
470	0.078807571	0.101113024	0.056502118
471	0.079247	0.10168007	0.05681393
472	0.079689143	0.102258332	0.057119953
473	0.080129571	0.102825508	0.057433635
474	0.080569429	0.103381856	0.057757001
475	0.081011714	0.103925008	0.058098421
476	0.081396286	0.104412416	0.058380156
477	0.081794857	0.104913048	0.058676666
478	0.082226714	0.105445628	0.059007801
479	0.082641	0.105961745	0.059320255
480	0.083070286	0.106478746	0.059661826
481	0.083507	0.106987023	0.060026977
482	0.083909714	0.107420343	0.060399086
483	0.084293	0.107820208	0.060765792
484	0.084682	0.108235296	0.061128704
485	0.085104429	0.108729002	0.061479855
486	0.085533	0.109298909	0.061767091
487	0.085973429	0.109916674	0.062030184
488	0.086427857	0.110579843	0.062275872
489	0.086908286	0.111247853	0.062568718
490	0.087338143	0.111795909	0.062880377
491	0.087727286	0.11224483	0.063209742
492	0.088172714	0.112744227	0.063601202
493	0.088607143	0.113258947	0.063955338
494	0.089040286	0.113787206	0.064293365
495	0.089488714	0.11433928	0.064638149
496	0.089969429	0.114891294	0.065047563
497	0.090422714	0.115403162	0.065442267
498	0.090824714	0.115855798	0.065793631
499	0.091269857	0.116374638	0.066165076
500	0.091735143	0.116939446	0.06653084
501	0.092217429	0.117546585	0.066888272
502	0.092715286	0.118193957	0.067236614
503	0.093217	0.118841825	0.067592175
504	0.093715286	0.119474783	0.067955789
505	0.094207857	0.120072328	0.068343387
506	0.094726429	0.120675613	0.068777244
507	0.095248143	0.121274439	0.069221847
508	0.095767429	0.121868065	0.069666792
509	0.096315143	0.122512369	0.070117917
510	0.096857857	0.123166395	0.070549319
511	0.097399571	0.123829529	0.070969614
512	0.098005857	0.124516381	0.071495334
513	0.098555857	0.125135016	0.071976699
514	0.099102286	0.125749671	0.072454901
515	0.099740571	0.126481723	0.072999419
516	0.100407	0.127300356	0.073513644
517	0.101101429	0.128191279	0.074011578
518	0.101825429	0.129163214	0.074487643
519	0.102540857	0.13013557	0.074946144
520	0.103254857	0.131067036	0.075442679
521	0.103960143	0.131942565	0.07597772
522	0.104641429	0.132716771	0.076566086
523	0.105340857	0.133510892	0.077170822
524	0.10606	0.134327536	0.077792464
525	0.106806	0.135177774	0.078434226
526	0.107574714	0.136109239	0.079040189
527	0.108348286	0.137079202	0.07961737
528	0.109127	0.138086238	0.080167762
529	0.109922429	0.139091638	0.080753219
530	0.110701429	0.140017426	0.081385431
531	0.111457	0.140851529	0.082062471
532	0.112185429	0.141711889	0.082658968
533	0.112947286	0.142644469	0.083250103
534	0.113739	0.143633912	0.083844088
535	0.114557286	0.144653248	0.084461323
536	0.115352571	0.14560357	0.085101572
537	0.116137	0.146523971	0.085750029
538	0.116921857	0.147438018	0.086405696
539	0.117753857	0.148447733	0.087059981
540	0.118609714	0.149515683	0.087703746
541	0.119481143	0.150631759	0.088330527
542	0.120364143	0.151754919	0.088973366
543	0.121235714	0.152842888	0.089628541
544	0.122101143	0.153904103	0.090298183
545	0.122998714	0.154974502	0.091022927
546	0.123923857	0.156079654	0.09176806
547	0.124851286	0.157196173	0.092506398
548	0.125760143	0.158308357	0.093211929
549	0.126679714	0.159444975	0.093914453
550	0.127604571	0.160576967	0.094632176
551	0.128533714	0.161698643	0.095368785
552	0.129462286	0.162845826	0.096078746
553	0.130384429	0.163973158	0.096795699
554	0.131305857	0.165085294	0.09752642
555	0.132241429	0.166184678	0.098298179
556	0.133142286	0.167251564	0.099033008
557	0.134046429	0.1683367	0.099756157
558	0.134990714	0.169496403	0.100485026
559	0.135955429	0.17072852	0.101182337
560	0.136920857	0.171953046	0.101888669
561	0.137877	0.173140833	0.102613167
562	0.138776286	0.174215965	0.103336606
563	0.139687	0.175300996	0.104073004
564	0.140612143	0.176403739	0.104820547
565	0.141548	0.177533183	0.105562817
566	0.142492143	0.178678439	0.106305847
567	0.143434571	0.179822882	0.107046261
568	0.144351286	0.180933619	0.107768952
569	0.145280571	0.182068553	0.108492589
570	0.146226857	0.183234781	0.109218933
571	0.147190857	0.18443727	0.109944444
572	0.148130571	0.185613766	0.110647377
573	0.14908	0.186758928	0.111401072
574	0.150037143	0.187876127	0.112198159
575	0.150976857	0.188981894	0.11297182
576	0.151950714	0.190163672	0.113737757
577	0.152938857	0.19138392	0.114493794
578	0.153901714	0.192584199	0.115219229
579	0.154864429	0.193781925	0.115946932
580	0.155832429	0.194977549	0.116687308
581	0.156807429	0.196167554	0.117447303
582	0.157748857	0.197271843	0.118225871
583	0.158644	0.198325871	0.118962129
584	0.159503714	0.199343672	0.119663757
585	0.160386286	0.20037592	0.120396652
586	0.161247143	0.201381885	0.121112401
587	0.162094571	0.202378755	0.121810388
588	0.162907	0.203361953	0.122452047
589	0.163751	0.204475185	0.123026815
590	0.164595286	0.205619878	0.123570693
591	0.165413429	0.206742162	0.124084695
592	0.166172714	0.207657747	0.124687682
593	0.166924429	0.20856625	0.125282607
594	0.167676857	0.209493072	0.125860643
595	0.168404	0.210458481	0.126349519
596	0.169142286	0.211441776	0.126842795
597	0.169883286	0.212433531	0.127333041
598	0.170603714	0.21340401	0.127803419
599	0.171342857	0.214420032	0.128265682
600	0.172093571	0.215468464	0.128718679
601	0.172849286	0.216542082	0.129156489
602	0.173658429	0.217698807	0.12961805
603	0.174475429	0.218849204	0.130101653
604	0.175295857	0.219980468	0.130611246
605	0.176124857	0.221074746	0.131174968
606	0.176936714	0.222168679	0.131704749
607	0.177756143	0.223274845	0.13223744
608	0.178628143	0.224393294	0.132862992
609	0.179500571	0.225522031	0.133479112
610	0.180387857	0.226656665	0.13411905
611	0.181291714	0.227774798	0.134808631
612	0.182227714	0.228908225	0.135547204
613	0.183171714	0.230039989	0.13630344
614	0.184120714	0.23116811	0.137073318
615	0.185047429	0.232269812	0.137825045
616	0.186036286	0.233470405	0.138602166
617	0.187067857	0.234734848	0.139400866
618	0.188097571	0.235979022	0.140216121
619	0.189062571	0.237111244	0.141013899
620	0.190002	0.238208557	0.141795443
621	0.190931	0.239310193	0.142551807
622	0.191916286	0.240464648	0.143367923
623	0.192909	0.241642494	0.144175506
624	0.193895143	0.242834595	0.144955691
625	0.194837714	0.244030889	0.14564454
626	0.195791429	0.245214967	0.14636789
627	0.196749571	0.246390567	0.147108576
628	0.197712	0.247598621	0.147825379
629	0.198631714	0.248784972	0.148478456
630	0.199515571	0.249942809	0.149088334
631	0.200362	0.25106232	0.14966168
632	0.201175286	0.252138001	0.15021257
633	0.201985143	0.253195807	0.150774479
634	0.202799571	0.254241383	0.15135776
635	0.203506571	0.255172162	0.151840981
636	0.204158429	0.256035685	0.152281172
637	0.204760143	0.256833244	0.152687042
638	0.205298571	0.257528765	0.153068378
639	0.205774857	0.258182809	0.153366905
640	0.206205429	0.258810447	0.153600411
641	0.206585429	0.259413734	0.153757123
642	0.206873143	0.259896771	0.153849515
643	0.207070286	0.260277428	0.153863144
644	0.207166286	0.260549581	0.15378299
645	0.207268429	0.260874924	0.153661933
646	0.207322	0.261177278	0.153466722
647	0.207337	0.261464822	0.153209178
648	0.207357571	0.26178719	0.152927953
649	0.207441857	0.262229971	0.152653743
650	0.207537143	0.262709481	0.152364804
651	0.207580571	0.2631364	0.152024743
652	0.207667571	0.263555716	0.151779427
653	0.207741143	0.263927555	0.151554731
654	0.207780714	0.264232678	0.15132875
655	0.207928571	0.264847255	0.151009888
656	0.208140571	0.265620753	0.15066039
657	0.208384286	0.266451273	0.150317299
658	0.208502714	0.266890064	0.150115365
659	0.208656714	0.267326697	0.149986732
660	0.208856143	0.267786723	0.149925562
661	0.20915	0.268324305	0.149975695
662	0.2095	0.268898329	0.150101671
663	0.209895857	0.269504013	0.150287701
664	0.210345429	0.270147468	0.150543389
665	0.210839714	0.270801507	0.150877921
666	0.211387714	0.271510751	0.151264678
667	0.212001286	0.272288437	0.151714134
668	0.212798714	0.273236198	0.15236123
669	0.213599857	0.27416902	0.153030695
670	0.214441571	0.275144442	0.153738701
671	0.215413	0.276289722	0.154536278
672	0.216453429	0.27749943	0.155407427
673	0.217541571	0.278764533	0.15631861
674	0.218688857	0.280107508	0.157270207
675	0.219952	0.281578359	0.158325641
676	0.221269571	0.283124446	0.159414697
677	0.222644	0.284751967	0.160536033
678	0.224181143	0.286593098	0.161769187
679	0.225799714	0.288591013	0.163008415
680	0.227489571	0.290728746	0.164250397
681	0.229274429	0.293059359	0.165489498
682	0.231178	0.295568441	0.166787559
683	0.233123286	0.29814367	0.168102902
684	0.235115571	0.300789535	0.169441608
685	0.237197571	0.303464482	0.170930661
686	0.239600143	0.306735416	0.172464869
687	0.242307714	0.310631533	0.173983896
688	0.244869429	0.314253825	0.175485033
689	0.247357	0.317663084	0.177050916
690	0.249752	0.320860015	0.178643985
691	0.252148571	0.323974973	0.18032217
692	0.254629	0.327079686	0.182178314
693	0.257188857	0.330231143	0.184146572
694	0.259856571	0.333485852	0.186227291
695	0.262504571	0.336634027	0.188375116
696	0.265137429	0.339687032	0.190587825
697	0.26779	0.34268308	0.19289692
698	0.270528571	0.345712384	0.195344759
699	0.273309429	0.34876254	0.197856317
700	0.276143286	0.351855165	0.200431407
701	0.279081143	0.355059367	0.203102919
702	0.281949143	0.358169618	0.205728668
703	0.284752	0.361190098	0.208313902
704	0.287513571	0.36413404	0.210893103
705	0.290249	0.36706727	0.21343073
706	0.292935429	0.369944761	0.215926096
707	0.295562857	0.372750232	0.218375482
708	0.298064	0.375494169	0.220633831
709	0.30048	0.37813434	0.22282566
710	0.302804	0.380673232	0.224934768
711	0.304957714	0.383070365	0.226845064
712	0.306991	0.385349658	0.228632342
713	0.308931286	0.387521302	0.230341269
714	0.310765571	0.389547173	0.231983969
715	0.312403857	0.391263773	0.233543942
716	0.314063571	0.393051181	0.235075962
717	0.315794857	0.395017608	0.236572106
718	0.317652571	0.397369705	0.237935438
719	0.319469714	0.399691479	0.239247949
720	0.321109857	0.401758322	0.240461393
721	0.322530143	0.403264295	0.24179599
722	0.323990571	0.404857044	0.243124099
723	0.325559857	0.406639879	0.244479835
724	0.327214857	0.408662142	0.245767572
725	0.328797714	0.410496396	0.247099033
726	0.330386143	0.412313537	0.248458749
727	0.332023571	0.414181948	0.249865195
728	0.333743429	0.416164262	0.251322595
729	0.335466143	0.418163099	0.252769187
730	0.337175429	0.420155881	0.254194976
731	0.338939571	0.422200917	0.255678226
732	0.340683857	0.424157808	0.257209906
733	0.342394286	0.426050009	0.258738562
734	0.344082571	0.427925508	0.260239634
735	0.345856857	0.4299168	0.261796914
736	0.347618857	0.431886908	0.263350807
737	0.349332	0.433783421	0.264880579
738	0.351045	0.435688899	0.266401101
739	0.352765	0.437604628	0.267925372
740	0.354492429	0.439533076	0.269451781
741	0.356275143	0.441556861	0.270993425
742	0.358017143	0.443516487	0.272517799
743	0.359737571	0.445441853	0.27403329
744	0.361473286	0.447383067	0.275563505
745	0.363140429	0.449247614	0.277033244
746	0.364813571	0.451114001	0.278513142
747	0.366537429	0.453027934	0.280046924
748	0.368221857	0.454918075	0.28152564
749	0.369887286	0.456792556	0.282982015
750	0.371533143	0.458647422	0.284418864
751	0.373222571	0.460542688	0.285902455
752	0.374859	0.462387617	0.287330383
753	0.376456	0.464194717	0.288717283
754	0.378026571	0.465975478	0.290077665
755	0.379670857	0.467815113	0.291526601
756	0.381160429	0.469373542	0.292947315
757	0.382404857	0.470438645	0.294371069
758	0.382864	0.469891502	0.295836498
759	0.384573857	0.471199866	0.297947848
760	0.388405714	0.476448494	0.300362934
761	0.389564857	0.478085841	0.301043873
762	0.390950571	0.479922516	0.301978627
763	0.392490429	0.481950931	0.303029926
764	0.393963286	0.483999157	0.303927414
765	0.395469286	0.485841299	0.305097273
766	0.396875571	0.487470904	0.306280239
767	0.398310143	0.489071821	0.307548465
768	0.399848286	0.490785947	0.308910624
769	0.401368286	0.492500828	0.310235744
770	0.402875714	0.494223914	0.311527515
771	0.404309143	0.49585251	0.312765776
772	0.405703286	0.497439349	0.313967223
773	0.407087286	0.499019038	0.315155533
774	0.408513	0.500658221	0.316367779
775	0.409916286	0.502272096	0.317560475
776	0.411293	0.503855673	0.318730327
777	0.412635	0.505400475	0.319869525
778	0.413981286	0.50694654	0.321016031
779	0.415307571	0.508478046	0.322137097
780	0.416604	0.509986731	0.323221269
781	0.417850429	0.511406217	0.32429464
782	0.419075	0.512808455	0.325341545
783	0.420294571	0.514213625	0.326375518
784	0.421539143	0.515661632	0.327416654
785	0.422746571	0.517057933	0.32843521
786	0.423935286	0.51842852	0.329442051
787	0.425099143	0.519765843	0.330432442
788	0.426275143	0.521106029	0.331444257
789	0.427447714	0.522440032	0.332455397
790	0.428609571	0.523759757	0.333459386
791	0.429716143	0.525039064	0.334393222
792	0.430842571	0.526346446	0.335338697
793	0.431965857	0.527656479	0.336275235
794	0.432997714	0.528876873	0.337118555
795	0.434095143	0.53013813	0.338052156
796	0.435216571	0.53142097	0.339012173
797	0.436330143	0.532715453	0.339944832
798	0.437320714	0.533855926	0.340785503
799	0.438294429	0.53497418	0.341614677
800	0.439258714	0.536080531	0.342436897
801	0.440231571	0.537220011	0.343243132
802	0.441278857	0.538446639	0.344111075
803	0.442376429	0.539728293	0.345024564
804	0.443383714	0.540877955	0.345889473
805	0.444396857	0.542049029	0.346744685
806	0.445383143	0.543186027	0.347580259
807	0.446288286	0.544202278	0.348374293
808	0.447126571	0.545136374	0.349116769
809	0.447952714	0.546085425	0.349820003
810	0.448773286	0.5470754	0.350471172
811	0.449525714	0.547892034	0.351159395
812	0.450249429	0.548672834	0.351826024
813	0.450974143	0.549453238	0.352495048
814	0.451782286	0.550328443	0.353236128
815	0.452604571	0.551230081	0.353979062
816	0.453445143	0.552167308	0.354722978
817	0.454307	0.553159934	0.355454066
818	0.455285143	0.554287108	0.356283178
819	0.456258286	0.555460552	0.357056019
820	0.457204286	0.556686314	0.357722257
821	0.457600714	0.556994929	0.358206499
822	0.458351286	0.557768444	0.358934128
823	0.459396286	0.558975255	0.359817316
824	0.460302286	0.560174641	0.360429931
825	0.461098286	0.561130799	0.361065772
826	0.461833143	0.561950846	0.361715439
827	0.462451429	0.562603828	0.362299029
828	0.463282571	0.563556618	0.363008525
829	0.464108714	0.564514619	0.363702809
830	0.464830857	0.565347936	0.364313778
831	0.465631857	0.566252637	0.365011077
832	0.466459286	0.567206758	0.365711814
833	0.467299286	0.568193703	0.366404869
834	0.468147143	0.569173183	0.367121103
835	0.468928	0.570089385	0.367766615
836	0.469681429	0.570975744	0.368387114
837	0.470463143	0.571871449	0.369054837
838	0.471155	0.572659481	0.369650519
839	0.471825714	0.573418926	0.370232503
840	0.472504143	0.574181092	0.370827194
841	0.473211286	0.574991694	0.371430878
842	0.473870857	0.575741894	0.37199982
843	0.474481	0.576426899	0.372535101
844	0.475184	0.577213199	0.373154801
845	0.475889286	0.578015321	0.37376325
846	0.476583	0.578815625	0.374350375
847	0.477215429	0.57956116	0.374869697
848	0.477791714	0.580149255	0.375434174
849	0.478390286	0.580759219	0.376021352
850	0.479048286	0.581497861	0.376598711
851	0.479666429	0.582306912	0.377025945
852	0.480169143	0.582845409	0.377492877
853	0.480562	0.583078422	0.378045578
854	0.481254571	0.583779704	0.378729439
855	0.482050429	0.58474777	0.379353087
856	0.482831857	0.585770253	0.379893461
857	0.483378429	0.586433161	0.380323696
858	0.483982429	0.587128459	0.380836398
859	0.484628571	0.587853043	0.3814041
860	0.485309714	0.588599672	0.382019757
861	0.485958143	0.589368016	0.38254827
862	0.486608	0.590147363	0.383068637
863	0.487271	0.590941454	0.383600546
864	0.487803	0.591484382	0.384121618
865	0.488281571	0.59187227	0.384690873
866	0.488755714	0.592233542	0.385277887
867	0.489419	0.59306714	0.38577086
868	0.490074857	0.593860775	0.386288939
869	0.490708714	0.594607652	0.386809776
870	0.491318286	0.595302694	0.387333878
871	0.491873714	0.595947652	0.387799777
872	0.492426571	0.5965715	0.388281643
873	0.492987714	0.597177364	0.388798065
874	0.493475	0.597721846	0.389228154
875	0.494000714	0.598302211	0.389699218
876	0.494543571	0.598903861	0.390183282
877	0.495012429	0.59946967	0.390555187
878	0.495497	0.600008988	0.390985012
879	0.495956	0.600492511	0.391419489
880	0.496321571	0.600848801	0.391794342
881	0.496651286	0.601229506	0.392073065
882	0.497070857	0.601714925	0.392426789
883	0.497630429	0.602345381	0.392915477
884	0.497962286	0.60269138	0.393233191
885	0.498305286	0.60304843	0.393562142
886	0.498673571	0.603436553	0.39391059
887	0.499128143	0.60394637	0.394309915
888	0.499535857	0.604411766	0.394659949
889	0.499916571	0.604854623	0.394978519
890	0.500278857	0.605287766	0.395269948
891	0.500661571	0.605703027	0.395620116
892	0.501007571	0.60608213	0.395933013
893	0.501289714	0.606410066	0.396169363
894	0.501550286	0.606668579	0.396431992
895	0.501734286	0.606815723	0.396652848
896	0.501858571	0.606870952	0.39684619
897	0.502105143	0.607059502	0.397150784
898	0.502307286	0.607115653	0.397498919
899	0.502507714	0.607145792	0.397869637
900	0.502773857	0.607321919	0.398225795
901	0.503239857	0.607744477	0.398735237
902	0.503788429	0.608395626	0.399181231
903	0.504395571	0.609319676	0.399471467
904	0.505059429	0.610350263	0.399768594
905	0.505477429	0.610940854	0.400014003
906	0.505655571	0.611091746	0.400219397
907	0.505671571	0.610901595	0.400441548
908	0.505869714	0.610964286	0.400775142
909	0.506208429	0.611243439	0.401173418
910	0.506664286	0.611770302	0.40155827
911	0.507089857	0.612295536	0.401884178
912	0.507500571	0.612751822	0.402249321
913	0.507898143	0.613081391	0.402714894
914	0.508032429	0.613221852	0.402843005
915	0.508310857	0.6135024	0.403119314
916	0.508760143	0.613944374	0.403575911
917	0.509266857	0.614445095	0.404088619
918	0.509775571	0.615084663	0.40446648
919	0.510299857	0.615805557	0.404794158
920	0.510884429	0.61654707	0.405221787
921	0.511442286	0.617268191	0.40561638
922	0.511959429	0.617886301	0.406032556
923	0.512412143	0.618313931	0.406510354
924	0.512707	0.618673207	0.406740793
925	0.513077429	0.619149109	0.407005748
926	0.513560857	0.61977615	0.407345565
927	0.514114714	0.620496556	0.407732872
928	0.514361571	0.620880521	0.407842622
929	0.514389143	0.621001732	0.407776554
930	0.514361	0.620930258	0.407791742
931	0.514394286	0.620598001	0.40819057
932	0.514277	0.619938217	0.408615783
933	0.513721429	0.618763021	0.408679836
934	0.513606286	0.618014625	0.409197947
935	0.513550143	0.617327716	0.409772569
936	0.513508	0.61674041	0.41027559
937	0.513917	0.617469087	0.410364913
938	0.514621429	0.618637453	0.410605404
939	0.515489857	0.620047677	0.410932037
940	0.516332	0.621422639	0.411241361
941	0.517026857	0.622551234	0.41150248
942	0.517496143	0.623198657	0.411793629
943	0.517578429	0.622965542	0.412191315
944	0.517489571	0.622724529	0.412254614
945	0.517505286	0.622528387	0.412482185
946	0.517688286	0.622398949	0.412977623
947	0.517767714	0.622728689	0.412806739
948	0.518179	0.623307492	0.413050508
949	0.518778286	0.624022688	0.413533883
950	0.519061	0.624478669	0.413643331
951	0.519116714	0.624564659	0.413668769
952	0.519186143	0.624637586	0.4137347
953	0.519505143	0.625032817	0.413977469
954	0.519720571	0.625149105	0.414292038
955	0.519760143	0.62518357	0.414336716
956	0.519587857	0.625170575	0.414005139
957	0.519662857	0.625295311	0.414030403
958	0.519953857	0.625533203	0.414374512
959	0.520351714	0.625827948	0.414875481
960	0.520387857	0.625941957	0.414833757
961	0.520572	0.626185848	0.414958152
962	0.520775	0.626456034	0.415093966
963	0.52086	0.62664673	0.41507327
964	0.521003143	0.62679493	0.415211356
965	0.521240429	0.627042598	0.415438259
966	0.521593429	0.627439402	0.415747455
967	0.521768571	0.627868927	0.415668216
968	0.521959714	0.628227788	0.41569164
969	0.522167286	0.628557776	0.415776795
970	0.522380714	0.629085467	0.415675961
971	0.522636	0.629420308	0.415851692
972	0.522803857	0.629564824	0.416042891
973	0.522649429	0.629394673	0.415904184
974	0.522851429	0.629566622	0.416136235
975	0.522945714	0.629579265	0.416312163
976	0.522735857	0.629208104	0.41626361
977	0.522799286	0.62922655	0.416372021
978	0.522822857	0.629230586	0.416415128
979	0.522830286	0.629254631	0.416405941
980	0.523123286	0.629710598	0.416535973
981	0.523510571	0.630140434	0.416880709
982	0.523783	0.630422886	0.417143114
983	0.523541429	0.630280692	0.416802166
984	0.523762143	0.630546948	0.416977338
985	0.524111857	0.630935393	0.417288321
986	0.524493571	0.631364312	0.417622831
987	0.524906429	0.631719159	0.418093698
988	0.525080286	0.631913069	0.418247502
989	0.525037429	0.631970212	0.418104645
990	0.525243	0.632228907	0.418257093
991	0.525339857	0.632414763	0.418264951
992	0.525407143	0.632561097	0.418253189
993	0.525582857	0.632704619	0.418461096
994	0.525776857	0.632988226	0.418565489
995	0.526041286	0.633301884	0.418780687
996	0.526424571	0.633595112	0.419254031
997	0.526797143	0.63411564	0.419478646
998	0.527074714	0.634397073	0.419752356
999	0.527275571	0.634438707	0.420112436
1000	0.527822	0.634970379	0.420673621
1001	0.537801857	0.653899628	0.421704086
1002	0.537959714	0.65407564	0.421843788
1003	0.538262714	0.654366049	0.422159379
1004	0.538853286	0.654964056	0.422742515
1005	0.539328429	0.655509587	0.42314727
1006	0.539645429	0.655875457	0.4234154
1007	0.539837571	0.655950557	0.423724586
1008	0.540041429	0.656012289	0.424070568
1009	0.540333571	0.656265354	0.424401789
1010	0.540625143	0.65651381	0.424736476
1011	0.540855429	0.656599428	0.425111429
1012	0.541133286	0.656771997	0.425494575
1013	0.541509571	0.65722816	0.425790983
1014	0.541884857	0.657792892	0.425976822
1015	0.542387857	0.658361818	0.426413896
1016	0.542845	0.658692538	0.426997462
1017	0.542920143	0.658786635	0.427053651
1018	0.543011143	0.659032622	0.426989664
1019	0.543352	0.659439567	0.427264433
1020	0.543889286	0.659914628	0.427863943
1021	0.544462429	0.660393858	0.428530999
1022	0.54506	0.660892182	0.429227818
1023	0.545580143	0.661272398	0.429887888
1024	0.545857286	0.661440152	0.43027442
1025	0.546026714	0.661685197	0.430368232
1026	0.546373	0.662228377	0.430517623
1027	0.546756857	0.662633748	0.430879966
1028	0.546925571	0.662584017	0.431267126
1029	0.547225714	0.66278872	0.431662708
1030	0.547786571	0.663513092	0.43206005
1031	0.548217143	0.664091308	0.432342978
1032	0.548616	0.664504254	0.432727746
1033	0.549099286	0.665016398	0.433182173
1034	0.549386857	0.665312978	0.433460736
1035	0.549582143	0.665471114	0.433693172
1036	0.549982	0.665913729	0.434050271
1037	0.550465143	0.666484093	0.434446192
1038	0.550820857	0.666808482	0.434833232
1039	0.551139571	0.667066109	0.435213034
1040	0.551516429	0.66752034	0.435512517
1041	0.551849	0.667952594	0.435745406
1042	0.552137714	0.668185994	0.436089434
1043	0.552558857	0.668552217	0.436565498
1044	0.552991286	0.66904843	0.436934142
1045	0.553241143	0.669325079	0.437157207
1046	0.553524286	0.669653345	0.437395226
1047	0.553963429	0.670163232	0.437763625
1048	0.554420571	0.670613817	0.438227325
1049	0.554854571	0.671019092	0.438690051
1050	0.555149429	0.671312265	0.438986592
1051	0.555332429	0.671539816	0.439125041
1052	0.555652857	0.671893958	0.439411757
1053	0.555983	0.672248464	0.439717536
1054	0.556181286	0.672500087	0.439862485
1055	0.556350857	0.672750675	0.439951039
1056	0.556634143	0.673102304	0.440165982
1057	0.557035714	0.673544042	0.440527386
1058	0.557419286	0.673936504	0.440902067
1059	0.557831143	0.674360374	0.441301911
1060	0.558309571	0.674898084	0.441721059
1061	0.558556714	0.675262902	0.441850527
1062	0.558675571	0.675524616	0.441826527
1063	0.559013286	0.675875842	0.442150729
1064	0.559403286	0.676189975	0.442616597
1065	0.559684429	0.676428182	0.442940675
1066	0.559912857	0.676633749	0.443191965
1067	0.560127857	0.67685535	0.443400365
1068	0.560441429	0.677157498	0.443725359
1069	0.560788429	0.677477467	0.44409939
1070	0.561145714	0.677917097	0.444374331
1071	0.561477429	0.67836042	0.444594437
1072	0.561640429	0.678448943	0.444831914
1073	0.561754429	0.678413218	0.445095639
1074	0.562163571	0.678829189	0.445497954
1075	0.562630714	0.679353464	0.445907964
1076	0.562824286	0.679644908	0.446003663
1077	0.563005429	0.67998779	0.446023067
1078	0.563170714	0.680097525	0.446243903
1079	0.563295857	0.679980916	0.446610799
1080	0.563523857	0.680149533	0.446898181
1081	0.563846286	0.680625742	0.44706683
1082	0.564133286	0.680993492	0.447273079
1083	0.564189857	0.680954989	0.447424725
1084	0.564280143	0.680972206	0.447588079
1085	0.564663571	0.681376468	0.447950675
1086	0.565038	0.681760462	0.448315538
1087	0.565203143	0.681863234	0.448543052
1088	0.565355714	0.681956269	0.44875516
1089	0.565512857	0.682103795	0.448921919
1090	0.56562	0.682201333	0.449038667
1091	0.565805143	0.682375657	0.449234628
1092	0.566067571	0.682605153	0.449529989
1093	0.566204	0.682650579	0.449757421
1094	0.566246714	0.682632299	0.44986113
1095	0.566258143	0.68257893	0.449937356
1096	0.566282429	0.682488799	0.450076058
1097	0.566369286	0.682544656	0.450193915
1098	0.566388286	0.682664637	0.450111934
1099	0.566431714	0.682781046	0.450082383
1100	0.566698571	0.682978556	0.450418587
1101	0.566958714	0.683167762	0.450749667
1102	0.567262286	0.683445857	0.451078714
1103	0.567599429	0.683783099	0.451415759
1104	0.567986857	0.684323435	0.451650279
1105	0.568346714	0.684854088	0.451839341
1106	0.568294286	0.684900778	0.451687793
1107	0.568161857	0.684821442	0.451502272
1108	0.568135	0.684870087	0.451399913
1109	0.568181571	0.685071507	0.451291636
1110	0.568408857	0.685447818	0.451369897
1111	0.568793571	0.685956784	0.451630359
1112	0.569109143	0.686309307	0.451908979
1113	0.569349857	0.686438076	0.452261638
1114	0.569494571	0.686460143	0.452529
1115	0.569310143	0.686173219	0.452447067
1116	0.569026714	0.685671265	0.452382164
1117	0.568624429	0.685031998	0.452216859
1118	0.568214143	0.684402316	0.45202597
1119	0.568183429	0.684172082	0.452194775
1120	0.568144857	0.683898697	0.452391017
1121	0.567586571	0.682855178	0.452317965
1122	0.566932857	0.681666477	0.452199238
1123	0.566739429	0.681274305	0.452204552
1124	0.566641286	0.681030634	0.452251938
1125	0.566461429	0.680660607	0.45226225
1126	0.566299857	0.680303332	0.452296382
1127	0.566089429	0.679809016	0.452369842
1128	0.56573	0.679094104	0.452365896
1129	0.565252857	0.678435685	0.452070029
1130	0.564565571	0.67769589	0.451435253
1131	0.563943571	0.677033244	0.450853899
1132	0.563710143	0.676817215	0.450603071
1133	0.56356	0.676719951	0.450400049
1134	0.563423286	0.676747162	0.450099409
1135	0.563253571	0.676727738	0.449779405
1136	0.562782143	0.676229626	0.44933466
1137	0.562340286	0.675763423	0.448917149
1138	0.561946286	0.67550223	0.448390341
1139	0.561571286	0.675271208	0.447871364
1140	0.561177571	0.674998939	0.447356204
1141	0.560772714	0.674705028	0.446840401
1142	0.560159	0.673937597	0.446380403
1143	0.559500714	0.673060873	0.445940556
1144	0.558748286	0.6721246	0.445371972
1145	0.558009571	0.671226398	0.444792745
1146	0.557105429	0.670079144	0.444131713
1147	0.556015	0.668674634	0.443355366
1148	0.554923143	0.667308186	0.442538099
1149	0.553844	0.666015755	0.441672245
1150	0.552852286	0.664846399	0.440858172
1151	0.552005429	0.66387556	0.440135297
1152	0.551179429	0.662944659	0.439414198
1153	0.550209857	0.661875917	0.438543797
1154	0.549315286	0.660889308	0.437741263
1155	0.548605286	0.660092618	0.437117954
1156	0.547952286	0.65936047	0.436544101
1157	0.547252571	0.658624203	0.43588094
1158	0.546589571	0.657928484	0.435250658
1159	0.545742286	0.657121102	0.43436347
1160	0.544910714	0.65634364	0.433477788
1161	0.544320714	0.655736432	0.432904997
1162	0.543833429	0.655207778	0.432459079
1163	0.543173	0.654484189	0.431861811
1164	0.542421	0.65365982	0.43118218
1165	0.541759143	0.65296671	0.430551575
1166	0.541169	0.652380425	0.429957575
1167	0.540552429	0.651718269	0.429386588
1168	0.539884	0.65093042	0.42883758
1169	0.539217286	0.650168549	0.428266023
1170	0.538529571	0.649443773	0.42761537
1171	0.537863	0.648721738	0.427004262
1172	0.537257714	0.647959493	0.426555935
1173	0.536662857	0.647213514	0.426112201
1174	0.536172	0.646656632	0.425687368
1175	0.535683	0.646102009	0.425263991
1176	0.534982857	0.645254364	0.42471135
1177	0.534271	0.644390379	0.424151621
1178	0.533660714	0.643661749	0.42365968
1179	0.533071	0.642961147	0.423180853
1180	0.532466857	0.642169667	0.422764047
1181	0.531858857	0.641346844	0.42237087
1182	0.531250857	0.640581365	0.421920349
1183	0.530642143	0.639847597	0.421436689
1184	0.530082714	0.639227103	0.420938326
1185	0.529573714	0.638720599	0.420426829
1186	0.529057571	0.638150029	0.419965113
1187	0.528525714	0.637477708	0.41957372
1188	0.528042143	0.636871036	0.419213249
1189	0.527689143	0.636449672	0.418928613
1190	0.527351714	0.636069326	0.418634103
1191	0.527030857	0.635785334	0.418276381
1192	0.526709714	0.635489485	0.417929944
1193	0.526409429	0.635104809	0.417714048
1194	0.526111571	0.634723853	0.41749929
1195	0.525983	0.634628712	0.417337288
1196	0.525860286	0.634541944	0.417178628
1197	0.525748	0.63438369	0.41711231
1198	0.525628571	0.634205671	0.417051472
1199	0.525528429	0.634029625	0.417027232
1200	0.525439714	0.633859733	0.417019696
1201	0.525425286	0.633786071	0.417064501
1202	0.525450429	0.633764086	0.417136771
1203	0.525599286	0.63392815	0.417270422
1204	0.525847714	0.634247839	0.41744759
1205	0.526084714	0.634516669	0.41765276
1206	0.526315	0.634718527	0.417911473
1207	0.526518286	0.634908253	0.418128319
1208	0.526688	0.63511248	0.41826352
1209	0.526937714	0.635415164	0.418460265
1210	0.527391714	0.635956972	0.418826456
1211	0.527834143	0.636490767	0.419177519
1212	0.528271714	0.637038758	0.41950467
1213	0.528716857	0.637595925	0.419837789
1214	0.529338	0.638353563	0.420322437
1215	0.529956	0.639106669	0.420805331
1216	0.530671857	0.639966052	0.421377662
1217	0.531391571	0.640832568	0.421950575
1218	0.532097286	0.641704299	0.422490272
1219	0.532789571	0.64256627	0.423012873
1220	0.533528571	0.643482614	0.423574529
1221	0.534279143	0.644415301	0.424142985
1222	0.535042857	0.645356162	0.424729552
1223	0.535806571	0.646283934	0.425329209
1224	0.536615	0.647270909	0.425959091
1225	0.537487429	0.64833624	0.426638617
1226	0.538317714	0.649349604	0.427285825
1227	0.539049857	0.650259062	0.427840652
1228	0.539791714	0.651171065	0.428412364
1229	0.540572429	0.652103564	0.429041293
1230	0.541323	0.652993656	0.429652344
1231	0.54204	0.653826057	0.430253943
1232	0.542739429	0.65465375	0.430825107
1233	0.543392571	0.655452588	0.431332555
1234	0.544052	0.656246399	0.431857601
1235	0.544626	0.656913851	0.432338149
1236	0.545187429	0.657570072	0.432804785
1237	0.545674429	0.658140259	0.433208598
1238	0.546157	0.658702975	0.433611025
1239	0.546687571	0.659296273	0.43407887
1240	0.547239571	0.659912178	0.434566965
1241	0.547708286	0.660414349	0.435002223
1242	0.548142143	0.66088042	0.435403866
1243	0.548638857	0.661460614	0.435817101
1244	0.549168286	0.662081032	0.436255539
1245	0.549656714	0.662623572	0.436689856
1246	0.550089714	0.66308564	0.437093789
1247	0.550498143	0.663514734	0.437481552
1248	0.550886286	0.663920271	0.4378523
1249	0.551229	0.664306095	0.438151905
1250	0.551594571	0.664757362	0.438431781
1251	0.551974857	0.66522192	0.438727794
1252	0.552313429	0.665636132	0.438990726
1253	0.552675429	0.6660467	0.439304157
1254	0.553002857	0.666322714	0.439683001
1255	0.553312	0.666583123	0.440040877
1256	0.553656857	0.666933995	0.440379719
1257	0.554017	0.667311253	0.440722747
1258	0.554327429	0.66766583	0.440989027
1259	0.554625286	0.668001407	0.441249164
1260	0.554839571	0.668129749	0.441549394
1261	0.555060571	0.668244225	0.441876918
1262	0.555226429	0.668415098	0.442037759
1263	0.555389143	0.668614974	0.442163312
1264	0.555694571	0.668996184	0.442392959
1265	0.556037143	0.669420045	0.44265424
1266	0.556283429	0.669624314	0.442942543
1267	0.556505	0.669759283	0.443250717
1268	0.556679286	0.669863333	0.443495239
1269	0.556799429	0.669914521	0.443684336
1270	0.557001857	0.670080648	0.443923066
1271	0.557343571	0.670429171	0.444257972
1272	0.557719286	0.670816804	0.444621768
1273	0.558037	0.671174988	0.444899012
1274	0.558322143	0.671515139	0.445129147
1275	0.558615	0.671852878	0.445377122
1276	0.558878857	0.672154694	0.44560302
1277	0.559093143	0.672381446	0.44580484
1278	0.559318571	0.672606657	0.446030486
1279	0.559548143	0.672863694	0.446232592
1280	0.559795286	0.673144904	0.446445668
1281	0.560078714	0.673417835	0.446739593
1282	0.560345714	0.673674227	0.447017202
1283	0.560604571	0.673975086	0.447234057
1284	0.560880143	0.674296319	0.447463967
1285	0.561268286	0.674782848	0.447753724
1286	0.561671143	0.675299894	0.448042391
1287	0.561928429	0.675594349	0.448262508
1288	0.562177429	0.675871706	0.448483151
1289	0.562384429	0.67608283	0.448686028
1290	0.562537714	0.676213358	0.448862071
1291	0.562710143	0.676433396	0.44898689
1292	0.562905286	0.676732518	0.449078053
1293	0.563093429	0.677042908	0.449143949
1294	0.563268429	0.677313335	0.449223523
1295	0.563526	0.677660375	0.449391625
1296	0.563829714	0.678069662	0.449589767
1297	0.563939	0.678223124	0.449654876
1298	0.563887857	0.678155109	0.449620606
1299	0.563931143	0.678168008	0.449694278
1300	0.564007571	0.678146186	0.449868957
1301	0.563979571	0.678047796	0.449911347
1302	0.563739286	0.677835566	0.449643006
1303	0.563558286	0.677667391	0.449449181
1304	0.563586429	0.677680467	0.44949239
1305	0.563575857	0.677660865	0.44949085
1306	0.563405857	0.677431205	0.449380509
1307	0.563217143	0.677164892	0.449269394
1308	0.562939714	0.676818223	0.449061206
1309	0.562652286	0.676472291	0.448832281
1310	0.562431714	0.676151107	0.448712322
1311	0.562206714	0.675802676	0.448610753
1312	0.561927286	0.675398428	0.448456143
1313	0.561619429	0.67497222	0.448266637
1314	0.561232714	0.674449981	0.448015448
1315	0.560860857	0.673930649	0.447791065
1316	0.560395857	0.673284114	0.4475076
1317	0.559844143	0.672542017	0.447146269
1318	0.559353286	0.67193282	0.446773751
1319	0.558861857	0.67137364	0.446350075
1320	0.558357571	0.670735279	0.445979864
1321	0.557901714	0.670107269	0.44569616
1322	0.557413714	0.669466667	0.445360762
1323	0.556876143	0.668749734	0.445002552
1324	0.556257286	0.667953596	0.444560975
1325	0.555568429	0.667040866	0.444095992
1326	0.554783571	0.665956292	0.44361085
1327	0.553782143	0.664640585	0.442923701
1328	0.552815	0.663381531	0.442248469
1329	0.552053143	0.662404252	0.441702034
1330	0.551226	0.6613957	0.4410563
1331	0.550046429	0.65997267	0.440120187
1332	0.548854143	0.658487619	0.439220667
1333	0.547864571	0.657256235	0.438472907
1334	0.546840714	0.656024857	0.437656572
1335	0.545751857	0.65480414	0.436699574
1336	0.544661	0.653579051	0.435742949
1337	0.543809571	0.652562202	0.435056941
1338	0.542995	0.651562434	0.434427566
1339	0.542090286	0.650569465	0.433611107
1340	0.541104714	0.649557008	0.43265242
1341	0.540319571	0.648794414	0.431844728
1342	0.539496286	0.647938696	0.431053876
1343	0.538765571	0.647033922	0.430497221
1344	0.538011857	0.64608465	0.429939064
1345	0.537379	0.645362158	0.429395842
1346	0.536720714	0.64463132	0.428810109
1347	0.535816143	0.643637597	0.427994689
1348	0.534697714	0.642390589	0.427004839
1349	0.534021143	0.641647541	0.426394745
1350	0.533422	0.640987365	0.425856635
1351	0.532567571	0.640063485	0.425071658
1352	0.531853429	0.639471662	0.424235195
1353	0.531095714	0.63868718	0.423504248
1354	0.529826857	0.636856052	0.422797662
1355	0.528658429	0.635064086	0.422252771
1356	0.529301	0.63625479	0.42234721
1357	0.529246143	0.637149511	0.421342774
1358	0.529631143	0.637215258	0.422047027
1359	0.532195857	0.640316299	0.424075415
1360	0.531561286	0.64173499	0.421387581
1361	0.530085143	0.642007787	0.418162498
1362	0.542360714	0.645056505	0.439664924
1363	0.562901714	0.655127927	0.470675502
1364	0.550560286	0.643442812	0.45767776
1365	0.527732571	0.631272864	0.424192279
1366	0.513878714	0.616902264	0.410855165
1367	0.507563571	0.617465388	0.397661755
1368	0.532435143	0.644208146	0.42066214
1369	0.551337571	0.668609605	0.434065538
1370	0.536348714	0.644458832	0.428238596
1371	0.522929429	0.626604761	0.419254096
1372	0.511658714	0.614029405	0.409288024
1373	0.504336429	0.610390237	0.39828262
1374	0.514764571	0.623381947	0.406147196
1375	0.525653571	0.636726673	0.414580469
1376	0.516842429	0.622633066	0.411051791
1377	0.504456143	0.604282469	0.404629817
1378	0.498118571	0.592552209	0.403684934
1379	0.491184429	0.581648491	0.400720366
1380	0.489878429	0.581062312	0.398694545
1381	0.491697571	0.58925639	0.394138753
1382	0.490089286	0.590268016	0.389910556
1383	0.489522429	0.588230396	0.390814461
1384	0.485818429	0.583251536	0.388385321
1385	0.476864143	0.571588125	0.382140161
1386	0.472053143	0.56421318	0.379893106
1387	0.473225286	0.565775774	0.380674797
1388	0.474337286	0.568234923	0.380439648
1389	0.471217	0.565331229	0.377102771
1390	0.466418857	0.561138784	0.37169893
1391	0.463978714	0.557532243	0.370425186
1392	0.464057571	0.555003654	0.373111488
1393	0.462704714	0.552579662	0.372829767
1394	0.459221	0.548880561	0.369561439
1395	0.455349714	0.545238801	0.365460627
1396	0.452440286	0.542336773	0.362543799
1397	0.447429714	0.534900994	0.359958435
1398	0.441644429	0.526879873	0.356408984
1399	0.433968	0.515618224	0.352317776
1400	0.427697286	0.506718254	0.348676317
1401	0.423843571	0.504081009	0.343606134
1402	0.420121	0.501669795	0.338572205
1403	0.413903143	0.494432025	0.333374261
1404	0.408382714	0.487805261	0.328960167
1405	0.404571429	0.483603469	0.325539388
1406	0.400992143	0.479750188	0.322234098
1407	0.39349	0.471508604	0.315471396
1408	0.386804571	0.464363891	0.309245252
1409	0.382703	0.459793895	0.305612105
1410	0.379232857	0.45580597	0.302659744
1411	0.373755143	0.449464033	0.298046253
1412	0.369405143	0.444403878	0.294406408
1413	0.365812571	0.440101322	0.291523821
1414	0.362185143	0.435838716	0.288531569
1415	0.358180571	0.431187391	0.285173752
1416	0.354576714	0.426948456	0.282204972
1417	0.350616286	0.421944379	0.279288193
1418	0.347018	0.41726491	0.27677109
1419	0.343683571	0.413345619	0.274021524
1420	0.340260429	0.40954784	0.270973017
1421	0.336524	0.405402133	0.267645867
1422	0.332865286	0.401397143	0.264333429
1423	0.329872286	0.397987047	0.261757524
1424	0.327611	0.395329627	0.259892373
1425	0.325323143	0.392850284	0.257796002
1426	0.32278	0.390167731	0.255392269
1427	0.320313714	0.387409798	0.253217631
1428	0.317917429	0.384559194	0.251275663
1429	0.315797429	0.381987538	0.249607319
1430	0.313952143	0.379667618	0.248236668
1431	0.311945714	0.377181893	0.246709535
1432	0.309646571	0.374398706	0.244894437
1433	0.307463143	0.371823183	0.243103103
1434	0.305465857	0.369758278	0.241173437
1435	0.303504571	0.367654855	0.239354288
1436	0.301368714	0.364986781	0.237750648
1437	0.299388857	0.362559744	0.236217971
1438	0.298111571	0.361012266	0.235210877
1439	0.296850857	0.359504952	0.234196762
1440	0.295364143	0.358008349	0.232719937
1441	0.293975286	0.356550161	0.231400411
1442	0.292666286	0.354680086	0.230652485
1443	0.291412714	0.352935317	0.229890111
1444	0.290341571	0.351736767	0.228946376
1445	0.289402857	0.350688336	0.228117379
1446	0.288617714	0.349863249	0.22737218
1447	0.287873571	0.349117202	0.226629941
1448	0.287234143	0.34854851	0.225919775
1449	0.286673286	0.348044693	0.225301879
1450	0.286196714	0.347503158	0.22489027
1451	0.285767143	0.346994832	0.224539453
1452	0.285240857	0.346346233	0.224135482
1453	0.284749143	0.345741475	0.223756811
1454	0.284462143	0.34538037	0.223543916
1455	0.284188571	0.345070092	0.223307051
1456	0.283794714	0.344791215	0.222798214
1457	0.283448429	0.344573561	0.222323296
1458	0.283345	0.344660826	0.222029174
1459	0.283293429	0.344789509	0.221797348
1460	0.283103714	0.34456655	0.221640878
1461	0.282911	0.344308098	0.221513902
1462	0.282773857	0.344196845	0.221350869
1463	0.282568429	0.344041269	0.221095588
1464	0.282401571	0.343980947	0.220822196
1465	0.282275286	0.343941176	0.220609396
1466	0.282137429	0.343783646	0.220491211
1467	0.281962429	0.343550031	0.220374826
1468	0.281983571	0.343583396	0.220383747
1469	0.282154429	0.343806958	0.2205019
1470	0.282413857	0.344065635	0.220762079
1471	0.282746	0.344393086	0.221098914
1472	0.282881857	0.344537323	0.221226392
1473	0.282787143	0.344441794	0.221132491
1474	0.283040714	0.344704761	0.221376667
1475	0.283701571	0.345420233	0.22198291
1476	0.284193286	0.346092023	0.222294548
1477	0.284530571	0.346732051	0.222329092
1478	0.284935571	0.347383344	0.222487799
1479	0.285385286	0.348000585	0.222769986
1480	0.285752143	0.348547079	0.222957207
1481	0.286055429	0.3490546	0.223056257
1482	0.286466857	0.34962357	0.223310144
1483	0.287043429	0.350295604	0.223791253
1484	0.287644429	0.351003004	0.224285853
1485	0.288338714	0.351845191	0.224832238
1486	0.288966	0.352631885	0.225300115
1487	0.289455286	0.353286928	0.225623643
1488	0.289971	0.353962399	0.225979601
1489	0.290554857	0.354744474	0.226365241
1490	0.291131714	0.355523291	0.226740137
1491	0.291799143	0.356343034	0.227255251
1492	0.292403286	0.357101329	0.227705242
1493	0.293001	0.357920044	0.228081956
1494	0.293614143	0.358726178	0.228502108
1495	0.294292714	0.359594462	0.228990967
1496	0.294946857	0.360437895	0.229455819
1497	0.295635857	0.361253111	0.230018604
1498	0.296312571	0.362058653	0.23056649
1499	0.296885714	0.362860446	0.230910982
1500	0.297446286	0.363661523	0.231231048
1501	0.298185714	0.364637941	0.231733487
1502	0.298932	0.365593955	0.232270045
1503	0.299731	0.366502647	0.232959353
1504	0.300520286	0.367402484	0.233638088
1505	0.301323286	0.368324197	0.234322374
1506	0.302122571	0.369249135	0.234996008
1507	0.302916714	0.370190698	0.23564273
1508	0.303687857	0.371102292	0.236273423
1509	0.304412857	0.371996846	0.236828868
1510	0.305129	0.372887487	0.237370513
1511	0.305914714	0.3738532	0.237976229
1512	0.306692286	0.374808205	0.238576366
1513	0.307463429	0.37576211	0.239164747
1514	0.308216286	0.376688786	0.239743786
1515	0.308873714	0.377452097	0.240295332
1516	0.309523143	0.378206663	0.240839623
1517	0.310220857	0.379050505	0.241391209
1518	0.310915571	0.379890997	0.241940146
1519	0.311517857	0.380645389	0.242390325
1520	0.312109429	0.381396819	0.242822038
1521	0.312792286	0.382282218	0.243302354
1522	0.313467286	0.383150363	0.243784208
1523	0.314027571	0.383756178	0.244298965
1524	0.314574857	0.384340093	0.244809621
1525	0.315134857	0.385037483	0.245232231
1526	0.315702857	0.385750104	0.24565561
1527	0.316312714	0.386467597	0.246157832
1528	0.316924714	0.387191807	0.246657621
1529	0.317431571	0.387849762	0.247013381
1530	0.317922429	0.388493634	0.247351223
1531	0.318417571	0.389062142	0.247773001
1532	0.318903714	0.389599421	0.248208008
1533	0.319402286	0.390268113	0.248536459
1534	0.319904571	0.390965903	0.24884324
1535	0.320352143	0.39155695	0.249147336
1536	0.320799857	0.392139428	0.249460286
1537	0.321241857	0.392688329	0.249795385
1538	0.321677	0.393228604	0.250125396
1539	0.322039143	0.393702835	0.25037545
1540	0.322362571	0.394128145	0.250596998
1541	0.322723286	0.394562032	0.250884539
1542	0.323105714	0.395019135	0.251192294
1543	0.323537	0.395537461	0.251536539
1544	0.323994286	0.396086873	0.251901699
1545	0.324356714	0.396545697	0.252167731
1546	0.324678429	0.396952809	0.252404048
1547	0.325048	0.397390849	0.252705151
1548	0.325428857	0.39784717	0.253010545
1549	0.325842857	0.398370806	0.253314908
1550	0.326289714	0.398940173	0.253639256
1551	0.326607429	0.399320931	0.253893926
1552	0.326856	0.399588097	0.254123903
1553	0.327152714	0.399906597	0.254398831
1554	0.327478857	0.40027491	0.254682805
1555	0.327793429	0.400668607	0.25491825
1556	0.328095714	0.401073259	0.25511817
1557	0.328553286	0.40161986	0.255486711
1558	0.329105	0.402239848	0.255970152
1559	0.329460286	0.402670882	0.256249689
1560	0.329699143	0.402995695	0.256402591
1561	0.330071571	0.403434456	0.256708687
1562	0.33053	0.403942176	0.257117824
1563	0.330874714	0.404351816	0.257397612
1564	0.331152857	0.404703752	0.257601962
1565	0.331513	0.405118556	0.257907444
1566	0.331914286	0.405573257	0.258255314
1567	0.332327429	0.406061258	0.258593599
1568	0.332754857	0.406578947	0.258930768
1569	0.333051286	0.40695897	0.259143601
1570	0.333264143	0.407237802	0.259290483
1571	0.333577286	0.407608714	0.259545858
1572	0.333964286	0.408049883	0.259878688
1573	0.334350429	0.408541136	0.260159721
1574	0.334756143	0.40909633	0.260415956
1575	0.335137286	0.409562665	0.260711906
1576	0.335488857	0.409951021	0.261026693
1577	0.335906714	0.410402173	0.261411256
1578	0.336364286	0.410895848	0.261832723
1579	0.336798571	0.411382953	0.26221419
1580	0.337217	0.411854631	0.262579369
1581	0.337674429	0.4124111	0.262937758
1582	0.338152857	0.413027079	0.263278635
1583	0.338620714	0.41357221	0.263669219
1584	0.339083714	0.414071935	0.264095494
1585	0.339608143	0.414711514	0.264504772
1586	0.340179143	0.415447005	0.26491128
1587	0.340707857	0.416108137	0.265307578
1588	0.341206571	0.416717835	0.265695307
1589	0.341788	0.417406847	0.266169153
1590	0.342435429	0.418159689	0.266711168
1591	0.343050857	0.418849827	0.267251888
1592	0.343633143	0.419482731	0.267783554
1593	0.344250714	0.420177871	0.268323557
1594	0.344908143	0.420940824	0.268875461
1595	0.345553571	0.421638022	0.269469121
1596	0.346188	0.422279804	0.270096196
1597	0.346857857	0.423010794	0.27070492
1598	0.347549571	0.423799883	0.27129926
1599	0.348217	0.424575024	0.271858976
1600	0.348875429	0.425346026	0.272404831
1601	0.349627571	0.426174596	0.273080546
1602	0.350444714	0.42704677	0.273842658
1603	0.351185	0.42787113	0.27449887
1604	0.351882	0.4286766	0.2750874
1605	0.352600286	0.429418529	0.275782042
1606	0.353334857	0.430122805	0.276546909
1607	0.354084714	0.430940699	0.277228729
1608	0.354839429	0.431820423	0.277858435
1609	0.355582286	0.432637562	0.278527009
1610	0.356315714	0.433416346	0.279215082
1611	0.357020143	0.434122377	0.279917908
1612	0.357707857	0.43478702	0.280628695
1613	0.358437429	0.435615287	0.281259571
1614	0.359186571	0.436526815	0.281846328
1615	0.359816286	0.437217987	0.282414585
1616	0.360384714	0.437798843	0.282970585
1617	0.361070714	0.438441588	0.283699841
1618	0.361811857	0.439110846	0.284512868
1619	0.362477143	0.439810839	0.285143447
1620	0.363107143	0.440524513	0.285689773
1621	0.363729	0.441171833	0.286286167
1622	0.364346714	0.441790066	0.286903362
1623	0.364847429	0.4422916	0.287403257
1624	0.365300143	0.442744316	0.28785597
1625	0.365779857	0.443172591	0.288387124
1626	0.366269857	0.443592068	0.288947647
1627	0.366722	0.444035569	0.289408431
1628	0.367161143	0.444488578	0.289833708
1629	0.367713	0.445046279	0.290379721
1630	0.368307286	0.445644537	0.290970035
1631	0.368731429	0.446049334	0.291413523
1632	0.369103286	0.446394161	0.29181241
1633	0.369506714	0.446751003	0.292262426
1634	0.369924714	0.447117389	0.292732039
1635	0.370312857	0.447472054	0.29315366
1636	0.370697143	0.447825786	0.2935685
1637	0.371023286	0.448140452	0.29390612
1638	0.371338857	0.448451743	0.294225971
1639	0.371778	0.448862837	0.294693163
1640	0.372244143	0.449294368	0.295193918
1641	0.372646429	0.449670874	0.295621983
1642	0.373041857	0.450042922	0.296040793
1643	0.373246429	0.450272597	0.29622026
1644	0.373416286	0.450475283	0.296357288
1645	0.373596429	0.450699991	0.296492866
1646	0.373779429	0.450928717	0.29663014
1647	0.373937286	0.451100667	0.296773905
1648	0.374094714	0.451267904	0.296921525
1649	0.374181143	0.451338898	0.297023387
1650	0.374258714	0.451401412	0.297116016
1651	0.374153429	0.451180975	0.297125882
1652	0.374038571	0.450945751	0.297131391
1653	0.373816429	0.45062264	0.297010217
1654	0.373587286	0.450293545	0.296881026
1655	0.373315429	0.449880025	0.296750832
1656	0.373041429	0.449455169	0.296627688
1657	0.372728143	0.448995058	0.296461227
1658	0.372406286	0.44853446	0.296278111
1659	0.371989714	0.44798714	0.295992288
1660	0.371576429	0.447431637	0.29572122
1661	0.371322143	0.446975593	0.295668693
1662	0.371067571	0.446534982	0.295600161
1663	0.370772143	0.446228385	0.2953159
1664	0.370475714	0.445911057	0.295040372
1665	0.370219	0.445502412	0.294935588
1666	0.369957714	0.445097789	0.29481764
1667	0.369623143	0.444696217	0.294550069
1668	0.369268143	0.444268779	0.294267506
1669	0.368832429	0.443743957	0.2939209
1670	0.368406857	0.443231481	0.293582233
1671	0.368028571	0.442759703	0.29329744
1672	0.367646714	0.442256993	0.293036436
1673	0.367293429	0.441696653	0.292890204
1674	0.366939571	0.441172952	0.292706191
1675	0.366552143	0.440720099	0.292384187
1676	0.366137286	0.440180869	0.292093702
1677	0.365653857	0.439429599	0.291878116
1678	0.365158	0.438690605	0.291625395
1679	0.364650143	0.437981032	0.291319254
1680	0.364084429	0.437225182	0.290943675
1681	0.363395571	0.436375098	0.290416045
1682	0.362690429	0.435500819	0.289880038
1683	0.361938429	0.434572764	0.289304093
1684	0.361223286	0.433655403	0.288791169
1685	0.360589857	0.432775778	0.288403936
1686	0.359892143	0.431806189	0.287978096
1687	0.359074857	0.4306813	0.287468414
1688	0.358187857	0.429532205	0.286843509
1689	0.357241429	0.428381659	0.286101198
1690	0.356371857	0.427309745	0.285433969
1691	0.355564143	0.426301545	0.284826741
1692	0.354775714	0.425301793	0.284249635
1693	0.354025571	0.424328269	0.283722874
1694	0.353293286	0.423435151	0.28315142
1695	0.352580429	0.422613013	0.282547844
1696	0.351733143	0.421607949	0.281858337
1697	0.350773429	0.420449616	0.281097241
1698	0.349930143	0.419351221	0.280509065
1699	0.349143714	0.418270981	0.280016448
1700	0.348323429	0.417266142	0.279380715
1701	0.347513857	0.416336126	0.278691588
1702	0.346807429	0.415559038	0.278055819
1703	0.346112429	0.414816041	0.277408816
1704	0.345312857	0.413821172	0.276804542
1705	0.344473	0.412736647	0.276209353
1706	0.343687429	0.411753828	0.275621029
1707	0.342918857	0.410792554	0.27504516
1708	0.342172714	0.40991201	0.274433418
1709	0.341424571	0.409038588	0.273810555
1710	0.340744286	0.408171308	0.273317263
1711	0.340077286	0.40729716	0.272857411
1712	0.339417571	0.40647564	0.272359503
1713	0.338740714	0.405660751	0.271820678
1714	0.338038	0.404761395	0.271314605
1715	0.337346286	0.403870358	0.270822214
1716	0.336711571	0.403095181	0.270327961
1717	0.336064714	0.402301668	0.26982776
1718	0.335425143	0.401481067	0.269369218
1719	0.334758857	0.400625191	0.268892524
1720	0.334063714	0.399778079	0.268349349
1721	0.333423714	0.399000017	0.267847411
1722	0.333075429	0.398513052	0.267637806
1723	0.332657571	0.397941962	0.267373181
1724	0.332051571	0.397149687	0.266953456
1725	0.331475714	0.39641629	0.266535139
1726	0.330930286	0.395837502	0.266023069
1727	0.330423714	0.395282991	0.265564437
1728	0.330094143	0.394810999	0.265377287
1729	0.329832	0.394426358	0.265237642
1730	0.329792571	0.394362764	0.265222378
1731	0.329824857	0.394431158	0.265218556
1732	0.329998857	0.394766184	0.26523153
1733	0.330244714	0.395160232	0.265329197
1734	0.330596429	0.395609965	0.265582892
1735	0.330931571	0.39610261	0.265760533
1736	0.331255714	0.396667796	0.265843633
1737	0.331613143	0.397267138	0.265959148
1738	0.332019286	0.397922994	0.266115578
1739	0.332195286	0.398263299	0.266127273
1740	0.332110857	0.398274994	0.26594672
1741	0.332253143	0.398532222	0.265974064
1742	0.332630714	0.399051753	0.266209675
1743	0.332731429	0.399155402	0.266307455
1744	0.332593429	0.398940198	0.266246659
1745	0.332545286	0.398924333	0.266166238
1746	0.332602286	0.399039357	0.266165214
1747	0.332625714	0.399221598	0.26602983
1748	0.332608	0.399413728	0.265802272
1749	0.332495143	0.399339824	0.265650462
1750	0.332348	0.399168237	0.265527763
1751	0.332352429	0.39915853	0.265546327
1752	0.332393286	0.399219604	0.265566967
1753	0.332359286	0.399258809	0.265459763
1754	0.332315	0.399241556	0.265388444
1755	0.332435571	0.399381878	0.265489265
1756	0.332580143	0.399601394	0.265558891
1757	0.332742	0.399870414	0.265613586
1758	0.332907143	0.400113756	0.265700529
1759	0.332898429	0.400226141	0.265570716
1760	0.332904143	0.400363156	0.26544513
1761	0.333162286	0.400727051	0.26559752
1762	0.333400714	0.40104547	0.265755958
1763	0.333524286	0.401135499	0.265913073
1764	0.33376	0.401379351	0.266140649
1765	0.334356571	0.402117074	0.266596069
1766	0.334763286	0.402687505	0.266839067
1767	0.334653	0.402731223	0.266574777
1768	0.334743857	0.402976327	0.266511387
1769	0.335249714	0.40374885	0.266750579
1770	0.335758	0.404471489	0.267044511
1771	0.336225	0.404993417	0.267456583
1772	0.336707	0.405568359	0.267845641
1773	0.337245857	0.406280801	0.268210913
1774	0.337529714	0.406684941	0.268374487
1775	0.337531143	0.406721045	0.268341241
1776	0.337729143	0.407077261	0.268381024
1777	0.338159143	0.407808001	0.268510285
1778	0.338479143	0.40818117	0.268777116
1779	0.338679714	0.408270846	0.269088583
1780	0.339060714	0.408709598	0.269411831
1781	0.339574857	0.409385265	0.269764449
1782	0.339882286	0.409949526	0.269815045
1783	0.340109714	0.410401327	0.269818102
1784	0.340362143	0.410683048	0.270041238
1785	0.340617429	0.410919697	0.27031516
1786	0.340957	0.411275833	0.270638167
1787	0.341316143	0.411753521	0.270878765
1788	0.341582	0.411858982	0.271305018
1789	0.341787429	0.411883977	0.27169088
1790	0.341662571	0.411911748	0.271413395
1791	0.341653714	0.411994469	0.27131296
1792	0.341979286	0.412231693	0.271726879
1793	0.342285143	0.412480393	0.272089893
1794	0.342714857	0.413325275	0.27210444
1795	0.343049571	0.41399278	0.272106362
1796	0.342886714	0.413534459	0.27223897
1797	0.34299	0.413413926	0.272566074
1798	0.343844286	0.41423805	0.273450521
1799	0.344412857	0.414839401	0.273986313
1800	0.344287143	0.414836762	0.273737524
1801	0.345492429	0.419136155	0.271848702
1802	0.341017143	0.41255243	0.269481856
1803	0.342827714	0.418534294	0.267121135
1804	0.346429857	0.42781792	0.265041794
1805	0.349393429	0.434029385	0.264757472
1806	0.351340857	0.439084472	0.263597243
1807	0.355087714	0.447533579	0.262641849
1808	0.353383857	0.452585334	0.254182381
1809	0.347193143	0.446448986	0.2479373
1810	0.350175857	0.446511403	0.253840312
1811	0.35378	0.450238487	0.257321513
1812	0.358422857	0.460604872	0.256240843
1813	0.363744857	0.475962249	0.251527465
1814	0.368186857	0.492212099	0.244161615
1815	0.371467429	0.504181777	0.23875308
1816	0.374939857	0.510035727	0.239843987
1817	0.367121429	0.512399669	0.221843188
1818	0.348582	0.498736436	0.198427564
1819	0.350686143	0.501854797	0.199517489
1820	0.357422857	0.504312045	0.210533669
1821	0.354126714	0.486533715	0.221719713
1822	0.348529286	0.470843069	0.226215502
1823	0.356878571	0.489615618	0.224141525
1824	0.368556714	0.518485798	0.21862763
1825	0.374693571	0.539749873	0.20963727
1826	0.382123	0.558110464	0.206135536
1827	0.411305714	0.593394242	0.229217186
1828	0.481188429	0.69562796	0.266748897
1829	0.548805	0.821153487	0.276456513
1830	0.585293429	0.913347847	0.25723901
1831	0.590330286	0.983847329	0.196813243
1832	0.554538571	1.02574397	0.083333173
1833	0.419099857	0.939463913	-0.101264198
1834	0.516688	1.096229103	-0.062853103
1835	1.066585286	1.970307084	0.162863487
1836	0.841191	1.58025576	0.10212624
1837	0.609658143	1.152757075	0.066559211
1838	0.611920429	1.102083162	0.121757695
1839	0.639183429	1.104135709	0.174231149
1840	0.764788714	1.285569541	0.244007888
1841	1.740071	3.167093445	0.313048555
1842	0	0	0
1843	0	0	0
1844	0	0	0
1845	1.710759143	2.841159969	0.580358317
1846	0.802678714	1.467547862	0.137809566
1847	0.654585429	1.184550184	0.124620673
1848	0.618150286	1.127259285	0.109041286
1849	0.588938429	1.075561824	0.102315033
1850	0.517811571	0.976891351	0.058731792
1851	0.360745429	0.674928971	0.046561886
1852	0.281235714	0.565937265	-0.003465836
1853	0.244448143	0.515702435	-0.026806149
1854	0.284196286	0.616881347	-0.048488776
1855	0.394511429	0.854119267	-0.06509641
1856	0.590802429	1.14506625	0.036538607
1857	0.785959286	1.427734757	0.144183814
1858	0.772664571	1.267260311	0.278068832
1859	0.623966	0.939706808	0.308225192
1860	0.613518286	0.956018279	0.271018293
1861	0.56575	0.901607962	0.229892038
1862	0.482557571	0.782040667	0.183074475
1863	0.462187714	0.727011489	0.197363939
1864	0.401706714	0.762511679	0.040901749
1865	0.327329286	0.664217824	-0.009559252
1866	0.294277143	0.6008361	-0.012281814
1867	0.439008571	0.820071318	0.057945825
1868	0.703202429	1.265355552	0.141049305
1869	0.891382429	1.610692156	0.172072701
1870	1.522219857	2.962411239	0.082028476
1871	4.915204286	10.15996993	-0.329561359
1872	4.782048571	9.758930785	-0.194833642
1873	4.220817143	9.057326059	-0.615691773
1874	1.151139857	2.227351136	0.074928579
1875	0.544018714	1.056693101	0.031344327
1876	0.327534	0.64679907	0.00826893
1877	0.254406429	0.514583591	-0.005770734
1878	0.299882143	0.569925264	0.029839022
1879	0.382546429	0.726290326	0.038802531
1880	0.416866571	0.811915438	0.021817705
1881	0.43323	0.775927208	0.090532792
1882	0.417643	0.709732881	0.125553119
1883	0.332499286	0.569456033	0.095542539
1884	0.28156	0.496032311	0.067087689
1885	0.264085286	0.469342854	0.058827717
1886	0.237245714	0.445793312	0.028698116
1887	0.22841	0.381092268	0.075727732
1888	0.272257	0.400601576	0.143912424
1889	0.316187143	0.476944856	0.15542943
1890	0.346955429	0.56332896	0.130581897
1891	0.381743571	0.644102394	0.119384749
1892	0.351383429	0.598577789	0.104189068
1893	0.313044286	0.54219919	0.083889382
1894	0.252191286	0.406285652	0.09809692
1895	0.182255571	0.314350954	0.050160189
1896	0.202297857	0.349351364	0.055244351
1897	0.366633571	0.577328421	0.155938722
1898	0.650431571	1.08803382	0.212829323
1899	0.547780143	0.989541825	0.106018461
1900	0.566189429	1.100204314	0.032174543
1901	0.924096	1.401147956	0.447044044
1902	1.767931571	3.221025964	0.314837179
1903	3.817654571	7.368388691	0.266920452
1904	244.276404	513.1960817	-24.64327375
1905	2.209516286	4.443534536	-0.024501965
1906	1.153727	2.149833227	0.157620773
1907	0.836471143	1.363374467	0.309567819
1908	0.830158429	1.307031024	0.353285833
1909	0.829982714	1.403777513	0.256187916
1910	0.594363714	0.994878903	0.193848526
1911	0.430319714	0.720052709	0.140586719
1912	0.323291571	0.502128767	0.144454376
1913	0.245529143	0.407178091	0.083880195
1914	0.203650857	0.320801131	0.086500583
1915	0.180989857	0.285311419	0.076668295
1916	0.166576571	0.25195211	0.081201033
1917	0.162845	0.22681178	0.09887822
1918	0.166337	0.215034767	0.117639233
1919	0.167935714	0.218072151	0.117799277
1920	0.166338	0.223574897	0.109101103
1921	0.155490571	0.223470516	0.087510627
1922	0.145521857	0.223586707	0.067457007
1923	0.145991429	0.201892561	0.090090296
1924	0.147694429	0.189847997	0.10554086
1925	0.149615143	0.191311458	0.107918828
1926	0.151112286	0.198256965	0.103967606
1927	0.147547857	0.200344354	0.09475136
1928	0.141468571	0.202120118	0.080817025
1929	0.136889714	0.202039423	0.071740006
1930	0.134781571	0.194232796	0.075330347
1931	0.134785571	0.191748095	0.077823048
1932	0.140384857	0.190815109	0.089954606
1933	0.145465	0.191835542	0.099094458
1934	0.149442143	0.190811995	0.108072291
1935	0.152662571	0.193692317	0.111632826
1936	0.152649	0.194805887	0.110492113
1937	0.151800143	0.19644264	0.107157645
1938	0.148785429	0.194776911	0.102793946
1939	0.143927	0.189227409	0.098626591
1940	0.141043286	0.185745528	0.096341043
1941	0.140531714	0.183370489	0.097692939
1942	0.139923857	0.181714785	0.098132929
1943	0.143581286	0.181873949	0.105288622
1944	0.147006286	0.183834622	0.110177949
1945	0.147707286	0.186265325	0.109149246
1946	0.147655286	0.188682261	0.10662831
1947	0.149495571	0.190886636	0.108104507
1948	0.152473	0.193889321	0.111056679
1949	0.154653857	0.197320972	0.111986742
1950	0.155926286	0.200473354	0.111379217
1951	0.157113143	0.203302665	0.110923621
1952	0.158017286	0.202446972	0.1135876
1953	0.158896571	0.202123495	0.115669648
1954	0.160332	0.201126225	0.119537775
1955	0.161704	0.201147357	0.122260643
1956	0.161641286	0.204266198	0.119016373
1957	0.161192286	0.207947329	0.114437242
1958	0.160546	0.209497717	0.111594283
1959	0.159809571	0.209489978	0.110129165
1960	0.159827429	0.209270898	0.110383959
1961	0.161061571	0.208787333	0.11333581
1962	0.162249429	0.208295917	0.116202941
1963	0.163751714	0.206593197	0.120910231
1964	0.165043857	0.205301737	0.124785978
1965	0.166935857	0.207635053	0.126236661
1966	0.168600714	0.210107253	0.127094176
1967	0.169541571	0.211583538	0.127499605
1968	0.170276571	0.212823123	0.12773002
1969	0.171346714	0.214456076	0.128237353
1970	0.172650714	0.216383037	0.128918392
1971	0.174128571	0.218326898	0.129930245
1972	0.175967	0.220280622	0.131653378
1973	0.177531571	0.221936517	0.133126626
1974	0.178410714	0.222103104	0.134718325
1975	0.179218143	0.222270767	0.136165518
1976	0.180213857	0.222406367	0.138021348
1977	0.181091286	0.222469946	0.139712626
1978	0.182033429	0.224341398	0.139725459
1979	0.183014143	0.226891117	0.139137169
1980	0.183964857	0.228893139	0.139036576
1981	0.184970857	0.230595852	0.139345862
1982	0.185953429	0.232068609	0.139838248
1983	0.186954714	0.233069296	0.140840132
1984	0.187912286	0.234141009	0.141683562
1985	0.188971714	0.235689967	0.142253462
1986	0.190022	0.237242357	0.142801643
1987	0.191333714	0.238014881	0.144652547
1988	0.192574714	0.23875758	0.146391849
1989	0.193547571	0.23985896	0.147236183
1990	0.194429857	0.24105821	0.147801504
1991	0.195365143	0.242174909	0.148555377
1992	0.196448714	0.24354666	0.149350768
1993	0.197395286	0.245011624	0.149778947
1994	0.197931714	0.246109954	0.149753475
1995	0.198464143	0.246990187	0.149938099
1996	0.199010143	0.246474353	0.151545932
1997	0.199661286	0.246110205	0.153212367
1998	0.200670143	0.24758951	0.153750776
1999	0.201915857	0.249640569	0.154191145
2000	0.20216	0.249602456	0.154717544
2001	0.201899143	0.248534423	0.155263863
2002	0.201672571	0.248342464	0.155002679
2003	0.200840286	0.247542252	0.154138319
2004	0.200371429	0.245791105	0.154951752
2005	0.202588571	0.246955927	0.158221216
2006	0.205048857	0.249553457	0.160544258
2007	0.206426857	0.253589701	0.159264014
2008	0.207939857	0.257604747	0.158274967
2009	0.211403714	0.261143818	0.161663611
2010	0.214879571	0.264831627	0.164927516
2011	0.215352	0.265379491	0.165324509
2012	0.214736571	0.26434388	0.165129263
2013	0.212878143	0.263184135	0.162572151
2014	0.210733143	0.262547479	0.158918807
2015	0.210359571	0.263283277	0.157435865
2016	0.211914429	0.265278855	0.158550002
2017	0.213079143	0.267001222	0.159157064
2018	0.213989857	0.26907267	0.158907045
2019	0.214707286	0.270509287	0.158905285
2020	0.215210714	0.269839625	0.160581803
2021	0.215625	0.269327075	0.161922925
2022	0.215146857	0.26787126	0.162422455
2023	0.214592714	0.266326068	0.16285936
2024	0.214411714	0.266289202	0.162534227
2025	0.214135	0.266475767	0.161794233
2026	0.214409	0.266626638	0.162191362
2027	0.215303571	0.267069542	0.163537601
2028	0.215746143	0.266987764	0.164504522
2029	0.215688429	0.266551827	0.16482503
2030	0.215537857	0.266301507	0.164774207
2031	0.214507143	0.265565179	0.163449107
2032	0.21349	0.264843913	0.162136087
2033	0.212650286	0.264379354	0.160921217
2034	0.211894857	0.264043391	0.159746323
2035	0.210801286	0.262998312	0.158604259
2036	0.209520571	0.261596766	0.157444377
2037	0.208687	0.260720984	0.156653016
2038	0.208146286	0.260321494	0.155971078
2039	0.207571143	0.259903529	0.155238757
2040	0.207222143	0.259475697	0.154968589
2041	0.207296571	0.259356233	0.15523691
2042	0.207336	0.259469956	0.155202044
2043	0.207042	0.259181767	0.154902233
2044	0.20637	0.258524121	0.154215879
2045	0.205733143	0.258048705	0.15341758
2046	0.204969143	0.257662509	0.152275777
2047	0.204064714	0.256992152	0.151137277
2048	0.203442143	0.256105819	0.150778466
2049	0.202797286	0.25526135	0.150333222
2050	0.201929571	0.254276757	0.149582386
2051	0.201160429	0.253371031	0.148949826
2052	0.200538571	0.252576134	0.148501008
2053	0.200015857	0.251907951	0.148123763
2054	0.199459286	0.251235321	0.147683251
2055	0.198838429	0.250016272	0.147660585
2056	0.198197143	0.248990173	0.147404113
2057	0.197042429	0.248168539	0.145916318
2058	0.195888571	0.247334895	0.144442248
2059	0.195379571	0.24686794	0.143891203
2060	0.194938857	0.24659712	0.143280595
2061	0.193903571	0.245838035	0.141969108
2062	0.192933714	0.245096713	0.140770716
2063	0.191923286	0.243358465	0.140488107
2064	0.190782286	0.24066877	0.140895802
2065	0.190453429	0.239303506	0.141603352
2066	0.190896714	0.239396481	0.142396948
2067	0.190953571	0.23923084	0.142676303
2068	0.191034429	0.240033318	0.142035539
2069	0.191091714	0.240745799	0.14143763
2070	0.190803143	0.24072314	0.140883145
2071	0.190371571	0.240467274	0.140275868
2072	0.189596857	0.239381212	0.139812502
2073	0.188935571	0.238331613	0.13953953
2074	0.189128571	0.23852733	0.139729813
2075	0.189095571	0.238539598	0.139651545
2076	0.18884	0.238444444	0.139235556
2077	0.188538286	0.2384749	0.138601672
2078	0.188019571	0.238048026	0.137991116
2079	0.187220286	0.237046479	0.137394092
2080	0.186782714	0.236278518	0.13728691
2081	0.186980286	0.236111312	0.13784926
2082	0.187070143	0.235856337	0.138283948
2083	0.186799286	0.235329032	0.13826954
2084	0.186536857	0.234920877	0.138152837
2085	0.186903714	0.235597729	0.1382097
2086	0.187422714	0.236488794	0.138356635
2087	0.186937143	0.235827506	0.138046779
2088	0.186351143	0.234776275	0.137926011
2089	0.186005143	0.234335738	0.137674548
2090	0.185578571	0.233923332	0.137233811
2091	0.185364286	0.233460596	0.137267976
2092	0.185386286	0.233221867	0.137550705
2093	0.185159857	0.232999812	0.137319902
2094	0.184291286	0.232297694	0.136284877
2095	0.183592	0.231697074	0.135486926
2096	0.183134	0.231424525	0.134843475
2097	0.182669714	0.231122373	0.134217055
2098	0.182894429	0.231284162	0.134504695
2099	0.183359143	0.231694163	0.135024122
2100	0.183529429	0.232289702	0.134769155
2101	0.183444857	0.232807099	0.134082616
2102	0.183501	0.233126845	0.133875155
2103	0.183326857	0.233162707	0.133491007
2104	0.182980857	0.232752897	0.133208817
2105	0.183163429	0.232281997	0.134044861
2106	0.183422286	0.231924488	0.134920083
2107	0.183282143	0.23163294	0.134931346
2108	0.183250429	0.231448169	0.135052688
2109	0.183513571	0.231397705	0.135629437
2110	0.183736143	0.231515925	0.135956361
2111	0.184108286	0.232316353	0.135900218
2112	0.184522857	0.233167643	0.135878071
2113	0.184563429	0.233416343	0.135710515
2114	0.184403143	0.233378157	0.135428129
2115	0.183928286	0.232452489	0.135404083
2116	0.183426	0.231295173	0.135556827
2117	0.18322	0.231283896	0.135156104
2118	0.183228571	0.231640858	0.134816285
2119	0.183669143	0.231971854	0.135366431
2120	0.184267	0.232572194	0.135961806
2121	0.184768714	0.232884793	0.136652635
2122	0.184984	0.232814892	0.137153108
2123	0.184787571	0.232503315	0.137071828
2124	0.184595714	0.232248333	0.136943095
2125	0.184578857	0.232222947	0.136934767
2126	0.184814571	0.232426413	0.137202729
2127	0.184993857	0.23250566	0.137482054
2128	0.184961143	0.232567915	0.137354371
2129	0.184942857	0.232789419	0.137096296
2130	0.185049143	0.232629064	0.137469222
2131	0.185029571	0.232093865	0.137965277
2132	0.185211857	0.232176098	0.138247616
2133	0.185820571	0.232799001	0.138842141
2134	0.186290286	0.233449347	0.139131224
2135	0.186615143	0.234097599	0.139132687
2136	0.187199286	0.234958754	0.139439817
2137	0.187498857	0.23577791	0.139219804
2138	0.187788571	0.236454019	0.139123124
2139	0.187885	0.236163234	0.139606766
2140	0.187829714	0.235813022	0.139846407
2141	0.187744429	0.235536573	0.139952284
2142	0.187851571	0.235511864	0.140191279
2143	0.188758	0.236539878	0.140976122
2144	0.189724857	0.237642976	0.141806739
2145	0.190046429	0.237974371	0.142118486
2146	0.190313	0.238341383	0.142284617
2147	0.19049	0.238496201	0.142483799
2148	0.190561429	0.23850216	0.142620697
2149	0.191586143	0.239195921	0.143976365
2150	0.192806714	0.240295203	0.145318225
2151	0.193156714	0.240977595	0.145335833
2152	0.192829429	0.240698339	0.144960518
2153	0.192767571	0.240524158	0.145010985
2154	0.193280143	0.241067462	0.145492824
2155	0.193923	0.241888051	0.145957949
2156	0.194660571	0.242805739	0.146515403
2157	0.195089429	0.243382574	0.146796284
2158	0.195185857	0.243589834	0.14678188
2159	0.195477714	0.244026105	0.146929324
2160	0.196165429	0.24478965	0.147541207
2161	0.196865714	0.245552603	0.148178826
2162	0.197610571	0.246567517	0.148653626
2163	0.198193	0.247450308	0.148935692
2164	0.198599143	0.247824017	0.149374268
2165	0.199151	0.248534518	0.149767482
2166	0.199835857	0.249408149	0.150263565
2167	0.200472571	0.250312937	0.150632206
2168	0.201056857	0.25111821	0.150995504
2169	0.201391286	0.251277496	0.151505075
2170	0.201397857	0.250978434	0.151817281
2171	0.201203714	0.250750327	0.151657102
2172	0.201056143	0.25088093	0.151231356
2173	0.201272714	0.251622837	0.150922592
2174	0.201548571	0.252338694	0.150758449
2175	0.202111286	0.252779486	0.151443085
2176	0.202843857	0.253245809	0.152441905
2177	0.203722571	0.253776276	0.153668867
2178	0.204502	0.254207339	0.154796661
2179	0.204939571	0.254702893	0.15517625
2180	0.205235	0.255517214	0.154952786
2181	0.205587	0.257011228	0.154162772
2182	0.205963571	0.258194747	0.153732396
2183	0.206283714	0.258595073	0.153972356
2184	0.206815714	0.259158792	0.154472636
2185	0.207540143	0.259554335	0.155525951
2186	0.208199571	0.25984001	0.156559133
2187	0.208909714	0.260460608	0.157358821
2188	0.209267571	0.260914679	0.157620464
2189	0.209554429	0.261367901	0.157740956
2190	0.210286	0.262004427	0.158567573
2191	0.210737857	0.262189587	0.159286128
2192	0.210313857	0.261316524	0.15931119
2193	0.210001857	0.260672777	0.159330937
2194	0.210292286	0.260801918	0.159782653
2195	0.210646857	0.261035656	0.160258058
2196	0.211018	0.261941247	0.160094753
2197	0.211320571	0.263003432	0.15963771
2198	0.211519714	0.263331867	0.159707561
2199	0.211894	0.263696342	0.160091658
2200	0.212777429	0.264521022	0.161033835
2201	0.213890286	0.265564185	0.162216387
2202	0.214329857	0.26613399	0.162525724
2203	0.214411143	0.266833846	0.16198844
2204	0.214973143	0.268082491	0.161863795
2205	0.215650429	0.268659483	0.162641374
2206	0.216502857	0.26947787	0.163527845
2207	0.217162714	0.269935228	0.164390201
2208	0.217397429	0.269946725	0.164848132
2209	0.217464857	0.270190257	0.164739457
2210	0.217490429	0.270291753	0.164689104
2211	0.217437286	0.270186541	0.16468803
2212	0.217567571	0.270480631	0.164654512
2213	0.217886857	0.271323456	0.164450258
2214	0.217943143	0.271731898	0.164154388
2215	0.217383	0.270978301	0.163787699
2216	0.216907429	0.270459704	0.163355153
2217	0.217143143	0.271181574	0.163104712
2218	0.217526143	0.271967631	0.163084655
2219	0.217921143	0.271996048	0.163846238
2220	0.217763571	0.271137095	0.164390048
2221	0.217243857	0.269994281	0.164493434
2222	0.217270571	0.269607948	0.164933195
2223	0.217346286	0.269121955	0.165570617
2224	0.217209429	0.268383464	0.166035393
2225	0.217276429	0.268395091	0.166157767
2226	0.217581714	0.268934318	0.16622911
2227	0.217673143	0.269051349	0.166294937
2228	0.217326571	0.268426859	0.166226284
2229	0.216938	0.26778422	0.16609178
2230	0.216605143	0.266924605	0.166285681
2231	0.216072286	0.265714514	0.166430057
2232	0.214295714	0.263544091	0.165047338
2233	0.212282286	0.261514167	0.163050405
2234	0.211259	0.26121256	0.16130544
2235	0.210734143	0.261395447	0.160072839
2236	0.210119286	0.260900698	0.159337873
2237	0.209219429	0.260107278	0.158331579
2238	0.207964571	0.258650267	0.157278876
2239	0.206816429	0.257108255	0.156524602
2240	0.206076714	0.256446096	0.155707333
2241	0.205195857	0.255726259	0.154665455
2242	0.204122714	0.254483266	0.153762163
2243	0.202857	0.252364569	0.153349431
2244	0.201469857	0.250150439	0.152789275
2245	0.200063	0.24871386	0.15141214
2246	0.198792714	0.246975216	0.150610213
2247	0.197946429	0.245210659	0.150682198
2248	0.197078143	0.243910339	0.150245947
2249	0.196571	0.243228657	0.149913343
2250	0.195884429	0.242223192	0.149545665
2251	0.194206857	0.239732713	0.148681001
2252	0.192429286	0.23714487	0.147713701
2253	0.190786714	0.235160987	0.146412442
2254	0.189185143	0.233356096	0.14501419
2255	0.187546143	0.231642463	0.143449822
2256	0.185811857	0.230016426	0.141607289
2257	0.184120143	0.228414085	0.139826201
2258	0.182525857	0.226523655	0.138528059
2259	0.180839	0.224470475	0.137207525
2260	0.179202714	0.222913174	0.135492255
2261	0.177781857	0.221692116	0.133871599
2262	0.176570571	0.220864612	0.132276531
2263	0.176315857	0.220448511	0.132183203
2264	0.176243857	0.219618096	0.132869618
2265	0.175217	0.218304102	0.132129898
2266	0.173653714	0.216732149	0.13057528
2267	0.172138	0.214846958	0.129429042
2268	0.170358714	0.212134804	0.128582624
2269	0.168770286	0.209590665	0.127949906
2270	0.167266429	0.207520718	0.127012139
2271	0.165746571	0.205743045	0.125750098
2272	0.165266286	0.205750159	0.124782412
2273	0.165046143	0.205911913	0.124180373
2274	0.164755286	0.204840633	0.124669939
2275	0.164470286	0.203774177	0.125166394
2276	0.164525714	0.203887424	0.125164005
2277	0.164673571	0.204285408	0.125061735
2278	0.164881	0.205095936	0.124666064
2279	0.165064714	0.205889632	0.124239796
2280	0.165077714	0.205721318	0.12443411
2281	0.165005857	0.205359472	0.124652242
2282	0.164576714	0.204611701	0.124541728
2283	0.16408	0.203601144	0.124558856
2284	0.163212286	0.202418394	0.124006177
2285	0.162604857	0.201789519	0.123420195
2286	0.161632714	0.199923556	0.123341873
2287	0.160170143	0.197580023	0.122760263
2288	0.159282	0.196800469	0.121763531
2289	0.158400571	0.196388082	0.12041306
2290	0.157794714	0.196066098	0.119523331
2291	0.157606714	0.195609808	0.119603621
2292	0.157189	0.194993059	0.119384941
2293	0.15653	0.19401694	0.11904306
2294	0.155658429	0.192684269	0.118632588
2295	0.154445429	0.190943809	0.117947048
2296	0.153508286	0.189728798	0.117287774
2297	0.153067143	0.189361442	0.116772844
2298	0.152429429	0.1886596	0.116199257
2299	0.151815714	0.187564693	0.116066736
2300	0.151349571	0.186247317	0.116451826
2301	0.151261714	0.185155471	0.117367957
2302	0.151219714	0.184483796	0.117955633
2303	0.15076	0.184018487	0.117501513
2304	0.150180714	0.183555781	0.116805648
2305	0.149969857	0.18364202	0.116297694
2306	0.149848	0.183728374	0.115967626
2307	0.149478	0.183137449	0.115818551
2308	0.149106286	0.182530611	0.11568196
2309	0.148807857	0.181992814	0.1156229
2310	0.148638857	0.181517906	0.115759808
2311	0.148552286	0.181821255	0.115283316
2312	0.148366714	0.182711374	0.114022055
2313	0.148384143	0.183975039	0.112793246
2314	0.148108714	0.184761833	0.111455596
2315	0.147933571	0.185279602	0.110587541
2316	0.148074571	0.185156161	0.110992981
2317	0.148680143	0.185025647	0.112334638
2318	0.149589429	0.185242771	0.113936086
2319	0.150052857	0.185725915	0.1143798
2320	0.150444571	0.18696295	0.113926193
2321	0.150608857	0.187603612	0.113614103
2322	0.150392857	0.187554111	0.113231603
2323	0.150492286	0.187443565	0.113541006
2324	0.150831714	0.186906444	0.114756984
2325	0.151032571	0.186551735	0.115513408
2326	0.151094143	0.18646309	0.115725196
2327	0.151030143	0.186373871	0.115686415
2328	0.150859714	0.186386437	0.115332991
2329	0.150830857	0.186437633	0.115224082
2330	0.150784857	0.186630778	0.114938936
2331	0.150637286	0.186940815	0.114333757
2332	0.150487	0.187179055	0.113794945
2333	0.150406	0.187596307	0.113215693
2334	0.150673571	0.188917548	0.112429595
2335	0.150921143	0.190187017	0.111655268
2336	0.150039143	0.189499331	0.110578954
2337	0.148936571	0.188642912	0.109230231
2338	0.148706	0.187288949	0.110123051
2339	0.148594	0.1856175	0.1115705
2340	0.149090714	0.185422268	0.11275916
2341	0.149863571	0.185337961	0.114389182
2342	0.148756857	0.183742084	0.11377163
2343	0.146811286	0.181583047	0.112039524
2344	0.146263429	0.180549904	0.111976953
2345	0.146671	0.180758367	0.112583633
2346	0.146985143	0.180541376	0.11342891
2347	0.147481571	0.180361213	0.11460193
2348	0.147273571	0.179457359	0.115089784
2349	0.146211143	0.178202457	0.114219828
2350	0.145629714	0.178639054	0.112620375
2351	0.145892143	0.180572846	0.11121144
2352	0.146779857	0.182873731	0.110685983
2353	0.147349	0.183954175	0.110743825
2354	0.147983286	0.184024629	0.111941942
2355	0.148442714	0.182713731	0.114171698
2356	0.148620429	0.181903783	0.115337074
2357	0.148904714	0.182710965	0.115098463
2358	0.148656857	0.182919223	0.114394491
2359	0.148491429	0.182944275	0.114038582
2360	0.148795286	0.183068111	0.114522461
2361	0.149547286	0.182892111	0.11620246
2362	0.150292286	0.182805993	0.117778579
2363	0.150517714	0.182467084	0.118568345
2364	0.150347714	0.182499398	0.11819603
2365	0.149219571	0.183541491	0.114897652
2366	0.148272286	0.184767602	0.11177697
2367	0.148074714	0.184366789	0.11178264
2368	0.147591857	0.183352686	0.111831028
2369	0.147051714	0.182915115	0.111188314
2370	0.146911857	0.183283861	0.110539854
2371	0.146187857	0.182548097	0.109827617
2372	0.145092143	0.181547293	0.108636992
2373	0.144892857	0.181156604	0.108629111
2374	0.145420286	0.181531165	0.109309406
2375	0.146570143	0.183612363	0.109527923
2376	0.147231	0.184647304	0.109814696
2377	0.146387714	0.18389295	0.108882478
2378	0.145015857	0.183349361	0.106682354
2379	0.145201429	0.183086021	0.107316836
2380	0.146732286	0.183572354	0.109892218
2381	0.148002286	0.183771754	0.112232817
2382	0.147950714	0.182853774	0.113047655
2383	0.147328143	0.181919076	0.112737209
2384	0.146898286	0.182119765	0.111676807
2385	0.147203143	0.182693383	0.111712903
2386	0.148310143	0.18359945	0.113020836
2387	0.147933571	0.183548826	0.112318316
2388	0.146699714	0.18222757	0.111171858
2389	0.146046714	0.180749504	0.111343925
2390	0.145468714	0.179730197	0.111207232
2391	0.145639571	0.180217497	0.111061645
2392	0.146293286	0.181630069	0.110956503
2393	0.146770286	0.18277288	0.110767691
2394	0.147458857	0.184319043	0.110598672
2395	0.147906286	0.18482954	0.110983031
2396	0.148256857	0.1833141	0.113199615
2397	0.148411143	0.182687251	0.114135034
2398	0.146112143	0.18076326	0.111461026
2399	0.144026286	0.178431472	0.109621099
2400	0.144123429	0.176416814	0.111830044
2401	0.143567429	0.174311481	0.112823376
2402	0.142304714	0.173071883	0.111537546
2403	0.141038429	0.171726844	0.110350014
2404	0.140069857	0.170979152	0.109160563
2405	0.140637143	0.172143183	0.109131103
2406	0.142649857	0.175699174	0.10960054
2407	0.143986	0.179617268	0.108354732
2408	0.144229429	0.18175872	0.106700137
2409	0.143266857	0.181689592	0.104844122
2410	0.139935	0.178552409	0.101317591
2411	0.137120857	0.176456049	0.097785665
2412	0.135083286	0.172128115	0.098038456
2413	0.133462286	0.167239416	0.099685155
2414	0.135174	0.16775466	0.10259334
2415	0.136888143	0.169038117	0.104738169
2416	0.137640429	0.16905005	0.106230808
2417	0.138690286	0.170439022	0.106941549
2418	0.139268571	0.173497169	0.105039974
2419	0.139546429	0.176080532	0.103012325
2420	0.138479143	0.174314555	0.102643731
2421	0.137412286	0.172135401	0.102689171
2422	0.137438714	0.173499084	0.101378344
2423	0.137475571	0.175042228	0.099908915
2424	0.137789286	0.175305616	0.100272955
2425	0.137664571	0.174741619	0.100587524
2426	0.136011143	0.169719696	0.102302589
2427	0.133886857	0.165131447	0.102642267
2428	0.133888429	0.166329084	0.101447773
2429	0.134645143	0.169057973	0.100232313
2430	0.134239429	0.171954615	0.096524242
2431	0.134415429	0.175268829	0.093562029
2432	0.131868714	0.170781428	0.092956001
2433	0.127868714	0.163635416	0.092102013
2434	0.126062714	0.16338058	0.088744848
2435	0.125638286	0.167603728	0.083672843
2436	0.127327143	0.16976335	0.084890936
2437	0.128978429	0.168957053	0.088999805
2438	0.128467143	0.164310173	0.092624112
2439	0.127245286	0.159028966	0.095461605
2440	0.125953429	0.157666993	0.094239864
2441	0.124107	0.156985179	0.091228821
2442	0.123894571	0.159541298	0.088247845
2443	0.123485714	0.15896186	0.088009568
2444	0.120780714	0.157495706	0.084065723
2445	0.118680286	0.161824399	0.075536173
2446	0.116529	0.160557887	0.072500113
2447	0.113008857	0.153625455	0.072392259
2448	0.111950429	0.150208454	0.073692403
2449	0.112355143	0.147135475	0.077574811
2450	0.112052571	0.1466634	0.077441743
2451	0.114169714	0.152345874	0.075993555
2452	0.115931	0.158167106	0.073694894
2453	0.115042571	0.158633314	0.071451829
2454	0.113791	0.157198328	0.070383672
2455	0.114861429	0.154678508	0.075044349
2456	0.114354714	0.151496382	0.077213047
2457	0.109539	0.143215945	0.075862055
2458	0.105720857	0.137942326	0.073499388
2459	0.104073714	0.136636668	0.07151076
2460	0.103094857	0.133990955	0.072198759
2461	0.10569	0.138188349	0.073191651
2462	0.109137571	0.145137116	0.073138027
2463	0.112439429	0.148114563	0.076764294
2464	0.115095	0.152449243	0.077740757
2465	0.115277	0.156085941	0.074468059
2466	0.114213857	0.157031842	0.071395873
2467	0.110382714	0.152882178	0.067883251
2468	0.106752	0.148626919	0.064877081
2469	0.104714857	0.147020049	0.062409665
2470	0.102784286	0.145958659	0.059609913
2471	0.102110857	0.141896617	0.062325097
2472	0.104813286	0.14469347	0.064933102
2473	0.109876571	0.156470587	0.063282556
2474	0.112437714	0.164648567	0.060226861
2475	0.109305857	0.161063786	0.057547928
2476	0.101809143	0.151970143	0.051648143
2477	0.093264857	0.133608285	0.052921429
2478	0.089762286	0.129022666	0.050501905
2479	0.092962714	0.140367778	0.04555765
2480	0.094863571	0.149869994	0.039857148
2481	0.091900143	0.146972384	0.036827902
2482	0.085348429	0.138763218	0.031933639
2483	0.075271571	0.123171427	0.027371716
2484	0.070820286	0.119532779	0.022107792
2485	0.077505143	0.134869045	0.02014124
2486	0.08076	0.157022569	0.004497431
2487	0.076224857	0.175337321	-0.022887607
2488	0.072889286	0.197767706	-0.051989135
2489	0.077240143	0.190325366	-0.03584508
2490	0.082381857	0.174985828	-0.010222113
2491	0.088674	0.192426446	-0.015078446
2492	0.102951571	0.224007457	-0.018104314
2493	0.119995143	0.214711501	0.025278784
2494	0.120986571	0.202424015	0.039549128
2495	0.112747143	0.182942212	0.042552073
2496	0.113346	0.17922416	0.04746784
2497	0.110319286	0.154412712	0.066225859
2498	0.104215714	0.159439476	0.048991953
2499	0.095731429	0.139374558	0.052088299
2500	0.080403857	0.107528336	0.053279378
