Wavelength	Mean	Std+	Std-
350	0.04283355	0.053322074	0.032345026
351	0.04263095	0.053144305	0.032117595
352	0.04307465	0.053592302	0.032556998
353	0.0433623	0.053916504	0.032808096
354	0.04376665	0.054339979	0.033193321
355	0.04423355	0.054807525	0.033659575
356	0.04366395	0.054269262	0.033058638
357	0.0439602	0.054617751	0.033302649
358	0.0446187	0.055335983	0.033901417
359	0.0447636	0.055524928	0.034002272
360	0.0448659	0.055688477	0.034043323
361	0.0449796	0.055847424	0.034111776
362	0.04514275	0.056014642	0.034270858
363	0.0453452	0.056323331	0.034367069
364	0.04551765	0.056575602	0.034459698
365	0.04564905	0.056744022	0.034554078
366	0.04571425	0.056836727	0.034591773
367	0.0460086	0.057178741	0.034838459
368	0.0463629	0.05758537	0.03514043
369	0.0463344	0.057564036	0.035104764
370	0.0467661	0.058038238	0.035493962
371	0.04720715	0.058531107	0.035883193
372	0.04733195	0.058699787	0.035964113
373	0.0475658	0.059010628	0.036120972
374	0.0478088	0.059321049	0.036296551
375	0.0480454	0.059609732	0.036481068
376	0.04820835	0.05984663	0.03657007
377	0.0483932	0.060119465	0.036666935
378	0.04861015	0.060433499	0.036786801
379	0.0489022	0.060815027	0.036989373
380	0.04931985	0.061261884	0.037377816
381	0.04957055	0.061551784	0.037589316
382	0.0493272	0.061418333	0.037236067
383	0.0496237	0.061770816	0.037476584
384	0.0500339	0.062230373	0.037837427
385	0.05048955	0.062739846	0.038239254
386	0.0512817	0.06364536	0.03891804
387	0.0514863	0.063965027	0.039007573
388	0.0513681	0.063952684	0.038783516
389	0.0518522	0.064482432	0.039221968
390	0.05212355	0.064820306	0.039426794
391	0.05237065	0.065128249	0.039613051
392	0.0527712	0.065559185	0.039983215
393	0.0530442	0.06586573	0.04022267
394	0.053381	0.066271886	0.040490114
395	0.0538148	0.06681699	0.04081261
396	0.05369075	0.066818191	0.040563309
397	0.05398165	0.067228236	0.040735064
398	0.0544874	0.067842259	0.041132541
399	0.0546602	0.068083365	0.041237035
400	0.0549429	0.06840543	0.04148037
401	0.0552245	0.068706717	0.041742283
402	0.0554206	0.068903932	0.041937268
403	0.05569915	0.069193828	0.042204472
404	0.05594575	0.069467858	0.042423642
405	0.05613525	0.069703838	0.042566662
406	0.0564715	0.070068285	0.042874715
407	0.0567956	0.070443785	0.043147415
408	0.05709145	0.070808465	0.043374435
409	0.05727295	0.071050448	0.043495452
410	0.0575896	0.071417622	0.043761578
411	0.05794975	0.071824412	0.044075088
412	0.05827585	0.072200343	0.044351357
413	0.0585507	0.072516369	0.044585031
414	0.0588352	0.072840406	0.044829994
415	0.059157	0.073202259	0.045111741
416	0.0594053	0.073492018	0.045318582
417	0.05974685	0.073877339	0.045616361
418	0.0601493	0.074325894	0.045972706
419	0.0603174	0.074543218	0.046091582
420	0.0605982	0.074869215	0.046327185
421	0.0609553	0.075273237	0.046637363
422	0.0613799	0.075756885	0.047002915
423	0.06162995	0.076056953	0.047202947
424	0.06189805	0.076371017	0.047425083
425	0.06227095	0.0767877	0.0477542
426	0.06252685	0.077079528	0.047974172
427	0.062818	0.077420271	0.048215729
428	0.0631569	0.07782231	0.04849149
429	0.06354275	0.078262234	0.048823266
430	0.0639462	0.078741191	0.049151209
431	0.0643406	0.079221869	0.049459331
432	0.06467815	0.079644436	0.049711864
433	0.06503315	0.080098867	0.049967433
434	0.06537815	0.080531095	0.050225205
435	0.06570205	0.080914052	0.050490048
436	0.0659871	0.08123076	0.05074344
437	0.06626945	0.081556135	0.050982765
438	0.06656475	0.081907828	0.051221672
439	0.067025	0.082424623	0.051625377
440	0.06733955	0.082815069	0.051864031
441	0.06759455	0.083152593	0.052036507
442	0.06797085	0.083594402	0.052347298
443	0.0683214	0.08401297	0.05262983
444	0.06864485	0.084401773	0.052887927
445	0.06893165	0.084748331	0.053114969
446	0.0692576	0.085136202	0.053378998
447	0.06959735	0.085546233	0.053648467
448	0.06994625	0.085974081	0.053918419
449	0.0702149	0.08631423	0.05411557
450	0.07052095	0.086682827	0.054359073
451	0.0708543	0.087072131	0.054636469
452	0.07119965	0.087468644	0.054930656
453	0.07141515	0.087745836	0.055084464
454	0.0716495	0.088048858	0.055250142
455	0.0720273	0.088503352	0.055551248
456	0.0723176	0.088876839	0.055758361
457	0.0725971	0.089232692	0.055961508
458	0.07287445	0.089576474	0.056172426
459	0.073121	0.089886971	0.056355029
460	0.07344955	0.090281125	0.056617975
461	0.0738109	0.090710913	0.056910887
462	0.0740407	0.091016187	0.057065213
463	0.0742904	0.091334209	0.057246591
464	0.07456125	0.091668469	0.057454031
465	0.07486255	0.092028476	0.057696624
466	0.0752054	0.092439133	0.057971667
467	0.0755094	0.092818416	0.058200384
468	0.07575155	0.093144335	0.058358765
469	0.076017	0.093491797	0.058542203
470	0.0763016	0.093862923	0.058740277
471	0.07659155	0.094239651	0.058943449
472	0.0768324	0.094549176	0.059115624
473	0.0771371	0.094931763	0.059342437
474	0.07745655	0.095329879	0.059583221
475	0.07774835	0.09569346	0.05980324
476	0.07801845	0.096032703	0.060004197
477	0.07831215	0.09639862	0.06022568
478	0.0786444	0.09680797	0.06048083
479	0.07895765	0.097206836	0.060708464
480	0.0792421	0.097570075	0.060914125
481	0.07950545	0.09790485	0.06110605
482	0.07978115	0.098235915	0.061326385
483	0.08000195	0.098522053	0.061481847
484	0.08025335	0.098845031	0.061661669
485	0.08065955	0.09932631	0.06199279
486	0.0809698	0.099733795	0.062205805
487	0.0812668	0.100140925	0.062392675
488	0.0815723	0.100569411	0.062575189
489	0.08189475	0.100998496	0.062791004
490	0.0822165	0.101411826	0.063021174
491	0.08253295	0.101806012	0.063259888
492	0.0828452	0.102191214	0.063499186
493	0.08315545	0.102587524	0.063723376
494	0.0834764	0.103000418	0.063952382
495	0.0838354	0.103449262	0.064221538
496	0.08410815	0.103807094	0.064409206
497	0.0843858	0.104166248	0.064605352
498	0.0847059	0.104564495	0.064847305
499	0.0850447	0.104987847	0.065101553
500	0.0853712	0.105408794	0.065333606
501	0.0856849	0.10582581	0.06554399
502	0.0859969	0.10624827	0.06574553
503	0.08631865	0.106672327	0.065964973
504	0.0866349	0.107087268	0.066182532
505	0.0869229	0.10747638	0.06636942
506	0.0872827	0.107921729	0.066643671
507	0.08764665	0.108366643	0.066926657
508	0.08798865	0.108788908	0.067188392
509	0.0883448	0.109244808	0.067444792
510	0.0886676	0.109659789	0.067675411
511	0.08896205	0.110037799	0.067886301
512	0.0893085	0.110469752	0.068147248
513	0.08968445	0.110933527	0.068435373
514	0.0900567	0.111396466	0.068716934
515	0.09034365	0.111776785	0.068910515
516	0.0906724	0.112212663	0.069132137
517	0.0910251	0.112683982	0.069366218
518	0.0913981	0.1131885	0.0696077
519	0.09180005	0.113720609	0.069879491
520	0.09214975	0.114194425	0.070105075
521	0.0924456	0.114603606	0.070287594
522	0.0928455	0.115065166	0.070625834
523	0.0932097	0.115506183	0.070913217
524	0.09356595	0.115949351	0.071182549
525	0.09396935	0.116442188	0.071496512
526	0.09435965	0.116928198	0.071791102
527	0.09473195	0.117408861	0.072055039
528	0.0950808	0.117888307	0.072273293
529	0.09544825	0.118366469	0.072530031
530	0.0958429	0.118851087	0.072834713
531	0.0962648	0.119342467	0.073187133
532	0.0966464	0.119816207	0.073476593
533	0.09696945	0.120239639	0.073699261
534	0.0972756	0.120652517	0.073898683
535	0.09768125	0.121168746	0.074193754
536	0.09805975	0.121640675	0.074478825
537	0.09844555	0.122113584	0.074777516
538	0.09887065	0.122625624	0.075115676
539	0.09922975	0.123082223	0.075377277
540	0.0995815	0.123539894	0.075623106
541	0.09993435	0.12400596	0.07586274
542	0.10036985	0.124548816	0.076190884
543	0.100746	0.125029079	0.076462921
544	0.1010903	0.125474965	0.076705635
545	0.1015006	0.125986134	0.077015066
546	0.10188545	0.126463885	0.077307015
547	0.1022724	0.126944244	0.077600556
548	0.10268985	0.127463478	0.077916222
549	0.10306425	0.127945532	0.078182968
550	0.10346785	0.128449851	0.078485849
551	0.10391835	0.128990895	0.078845805
552	0.10428745	0.129453435	0.079121465
553	0.1046604	0.129924866	0.079395934
554	0.1050454	0.130409831	0.079680969
555	0.10548265	0.130931696	0.080033604
556	0.10586205	0.131399903	0.080324197
557	0.1062317	0.131864007	0.080599393
558	0.1066357	0.132372188	0.080899212
559	0.1070553	0.132902841	0.081207759
560	0.10747285	0.13343202	0.08151368
561	0.10788035	0.133949193	0.081811507
562	0.1082973	0.134445827	0.082148773
563	0.10867295	0.134906332	0.082439568
564	0.10902105	0.135344296	0.082697804
565	0.10940835	0.135819182	0.082997518
566	0.10983375	0.136336655	0.083330845
567	0.1102551	0.136852494	0.083657706
568	0.1106107	0.137302421	0.083918979
569	0.11097765	0.137765758	0.084189542
570	0.1113519	0.138240497	0.084463303
571	0.1117323	0.138727013	0.084737587
572	0.11218235	0.139274451	0.085090249
573	0.1126122	0.139795178	0.085429222
574	0.113022	0.140290694	0.085753306
575	0.1134299	0.140783628	0.086076172
576	0.11383325	0.141282516	0.086383984
577	0.1142368	0.141788576	0.086685024
578	0.11464095	0.142299963	0.086981937
579	0.11504585	0.142814722	0.087276978
580	0.1154339	0.143305728	0.087562072
581	0.11579295	0.143756006	0.087829894
582	0.1162338	0.144277607	0.088189993
583	0.11667435	0.144797273	0.088551427
584	0.11710515	0.145306408	0.088903892
585	0.1174484	0.145725327	0.089171473
586	0.1177721	0.146122008	0.089422192
587	0.1180947	0.146516338	0.089673062
588	0.11843955	0.146929611	0.089949489
589	0.11880615	0.147396428	0.090215872
590	0.11916	0.147864466	0.090455534
591	0.1194739	0.148299875	0.090647925
592	0.1199585	0.148865876	0.091051124
593	0.120427	0.149415685	0.091438315
594	0.12086425	0.149940452	0.091788048
595	0.12122125	0.150417822	0.092024678
596	0.1216331	0.15094636	0.09231984
597	0.1220823	0.151509572	0.092655028
598	0.122548	0.152086757	0.093009243
599	0.1230532	0.152707338	0.093399062
600	0.12352125	0.153298695	0.093743805
601	0.12388775	0.153801097	0.093974403
602	0.12426435	0.154318109	0.094210591
603	0.12466005	0.15484585	0.09447425
604	0.12507685	0.155383942	0.094769758
605	0.12549355	0.155903946	0.095083154
606	0.1258922	0.156401642	0.095382758
607	0.126298	0.15690344	0.09569256
608	0.1267709	0.157465619	0.096076181
609	0.12724605	0.158034885	0.096457215
610	0.12767805	0.158560254	0.096795846
611	0.1280045	0.158973434	0.097035566
612	0.1284459	0.15947771	0.09741409
613	0.1288465	0.159943534	0.097749466
614	0.1291804	0.160349465	0.098011335
615	0.129566	0.160804944	0.098327056
616	0.13000255	0.161313548	0.098691552
617	0.1304602	0.161843162	0.099077238
618	0.13084995	0.162297724	0.099402176
619	0.13129035	0.162793247	0.099787453
620	0.131739	0.163289656	0.100188344
621	0.1321642	0.163752228	0.100576172
622	0.13251075	0.164151191	0.100870309
623	0.13291675	0.164613333	0.101220167
624	0.1334127	0.165166446	0.101658954
625	0.1338425	0.165664931	0.102020069
626	0.13421705	0.166107586	0.102326514
627	0.13456025	0.166517743	0.102602757
628	0.13496465	0.166986814	0.102942486
629	0.13543465	0.167537925	0.103331375
630	0.1359074	0.168098305	0.103716495
631	0.13632935	0.168609396	0.104049304
632	0.13671815	0.169100107	0.104336193
633	0.13713135	0.169607441	0.104655259
634	0.13758305	0.170141134	0.105024966
635	0.1380385	0.170686716	0.105390284
636	0.13850125	0.171241811	0.105760689
637	0.13895795	0.171792635	0.106123265
638	0.1393393	0.172265846	0.106412754
639	0.13978395	0.172801488	0.106766412
640	0.1402609	0.173374566	0.107147234
641	0.1407535	0.173978708	0.107528292
642	0.14117085	0.174485799	0.107855901
643	0.1415578	0.174954327	0.108161273
644	0.14192475	0.175398674	0.108450826
645	0.14229865	0.175848118	0.108749182
646	0.14265375	0.176286925	0.109020575
647	0.14300285	0.176726741	0.109278959
648	0.14342225	0.177240292	0.109604208
649	0.1438565	0.177789729	0.109923271
650	0.1442851	0.178335546	0.110234654
651	0.1446844	0.178829568	0.110539232
652	0.1451114	0.179340067	0.110882733
653	0.1455567	0.179857281	0.111256119
654	0.14603015	0.180389694	0.111670606
655	0.1464785	0.180955515	0.112001485
656	0.1469577	0.18159557	0.11231983
657	0.1474473	0.182267144	0.112627456
658	0.1479358	0.182835311	0.113036289
659	0.1484036	0.183379769	0.113427431
660	0.1488843	0.183937856	0.113830744
661	0.1494384	0.184575944	0.114300856
662	0.1499511	0.18516289	0.11473931
663	0.15042485	0.185718495	0.115131205
664	0.15084905	0.186241442	0.115456658
665	0.15135505	0.18681498	0.11589512
666	0.15181035	0.187343482	0.116277218
667	0.15221395	0.187829258	0.116598642
668	0.15263255	0.188342948	0.116922152
669	0.1531284	0.188917224	0.117339576
670	0.1536431	0.189506913	0.117779287
671	0.15407275	0.190029053	0.118116447
672	0.15453615	0.190569732	0.118502568
673	0.15500575	0.191118015	0.118893485
674	0.1554723	0.191673035	0.119271565
675	0.15588685	0.192165678	0.119608022
676	0.15634865	0.192706959	0.119990341
677	0.1568585	0.193298265	0.120418735
678	0.1572888	0.193801203	0.120776397
679	0.1577387	0.19432634	0.12115106
680	0.15819205	0.194856645	0.121527455
681	0.1586131	0.195354341	0.121871859
682	0.15909935	0.195908102	0.122290598
683	0.1595743	0.196439579	0.122709021
684	0.1599941	0.196899688	0.123088512
685	0.1603546	0.197256212	0.123452988
686	0.1607302	0.197683103	0.123777297
687	0.16112515	0.198202581	0.124047719
688	0.16160595	0.198804793	0.124407107
689	0.1620525	0.199333691	0.124771309
690	0.16248485	0.199817618	0.125152082
691	0.1629703	0.200328843	0.125611757
692	0.1634303	0.200807029	0.126053571
693	0.163878	0.201296505	0.126459495
694	0.1643135	0.201828389	0.126798611
695	0.16492035	0.202545331	0.127295369
696	0.16548445	0.203199284	0.127769616
697	0.16598105	0.203761148	0.128200952
698	0.16638435	0.20419749	0.12857121
699	0.16681105	0.204675329	0.128946771
700	0.16728025	0.20521404	0.12934646
701	0.16788605	0.205922293	0.129849807
702	0.1684441	0.206575395	0.130312805
703	0.16897625	0.207194535	0.130757965
704	0.1695	0.207795652	0.131204348
705	0.17002945	0.20840702	0.13165188
706	0.17056405	0.209021771	0.132106329
707	0.17110415	0.209638925	0.132569375
708	0.1716458	0.210257818	0.133033782
709	0.17215825	0.210841587	0.133474913
710	0.17265395	0.211404539	0.133903361
711	0.173172	0.211990762	0.134353238
712	0.17354435	0.212422043	0.134666657
713	0.17386955	0.212784268	0.134954832
714	0.1742239	0.213126743	0.135321057
715	0.17425965	0.21307437	0.13544493
716	0.1742207	0.212942599	0.135498801
717	0.1741556	0.212799294	0.135511906
718	0.17454965	0.213298771	0.135800529
719	0.17518175	0.214120375	0.136243125
720	0.17594605	0.215098094	0.136794006
721	0.17670375	0.215911417	0.137496083
722	0.1770963	0.216308075	0.137884525
723	0.17736625	0.216578967	0.138153533
724	0.1776808	0.216947559	0.138414041
725	0.17810525	0.217446833	0.138763667
726	0.1785972	0.218012384	0.139182016
727	0.17916505	0.218647972	0.139682128
728	0.1796716	0.219254507	0.140088693
729	0.18023035	0.219922826	0.140537874
730	0.18085555	0.22066956	0.14104154
731	0.18170425	0.22168586	0.14172264
732	0.1824759	0.222593675	0.142358125
733	0.1831588	0.223382875	0.142934725
734	0.1837059	0.223992955	0.143418845
735	0.18417495	0.224542651	0.143807249
736	0.18468255	0.225134406	0.144230694
737	0.18527695	0.22581268	0.14474122
738	0.18588035	0.2265108	0.1452499
739	0.18647915	0.227199096	0.145759204
740	0.1870628	0.227867558	0.146258042
741	0.18755965	0.228460935	0.146658365
742	0.1880508	0.229031121	0.147070479
743	0.18853	0.22957792	0.14748208
744	0.18898585	0.230093548	0.147878152
745	0.1894463	0.230617097	0.148275503
746	0.18991735	0.231147178	0.148687522
747	0.19040655	0.231688223	0.149124877
748	0.19083835	0.232194209	0.149482491
749	0.19127515	0.232698628	0.149851672
750	0.19172445	0.23320781	0.15024109
751	0.19224575	0.233799551	0.150691949
752	0.1927276	0.234348593	0.151106607
753	0.19317685	0.234863711	0.151489989
754	0.19359135	0.23534644	0.15183626
755	0.19404305	0.235866632	0.152219468
756	0.1944389	0.236300686	0.152577114
757	0.19472505	0.236569135	0.152880965
758	0.19442455	0.236067172	0.152781928
759	0.1939449	0.235471555	0.152418245
760	0.19348155	0.235129242	0.151833858
761	0.194172	0.235935493	0.152408507
762	0.1948108	0.236689706	0.152931894
763	0.1955662	0.237584393	0.153548007
764	0.19666875	0.238887789	0.154449711
765	0.19769905	0.240063523	0.155334577
766	0.1985384	0.241013293	0.156063507
767	0.199179	0.241741519	0.156616481
768	0.19972185	0.24235244	0.15709126
769	0.20024745	0.242941549	0.157553351
770	0.2007686	0.24352408	0.15801312
771	0.2012192	0.24403286	0.15840554
772	0.2016688	0.244536524	0.158801076
773	0.20211245	0.245034755	0.159190145
774	0.2025278	0.245516338	0.159539262
775	0.20298195	0.246032534	0.159931366
776	0.20343195	0.246543577	0.160320323
777	0.2038478	0.247021923	0.160673677
778	0.2042768	0.247509454	0.161044146
779	0.20472975	0.248025813	0.161433687
780	0.20520805	0.248572904	0.161843196
781	0.2056409	0.249059709	0.162222091
782	0.20605825	0.24953487	0.16258163
783	0.2064556	0.249991688	0.162919512
784	0.20679355	0.250381664	0.163205436
785	0.20713175	0.250762388	0.163501112
786	0.2074862	0.251149751	0.163822649
787	0.2078747	0.251556394	0.164193006
788	0.20822145	0.251952284	0.164490616
789	0.208601	0.252382122	0.164819878
790	0.2090295	0.252856242	0.165202758
791	0.2095212	0.253437084	0.165605316
792	0.21006275	0.254076721	0.166048779
793	0.21061255	0.25472009	0.16650501
794	0.21098385	0.255114821	0.166852879
795	0.21129655	0.255456642	0.167136458
796	0.211628	0.255835885	0.167420115
797	0.21206825	0.25636665	0.16776985
798	0.21247975	0.256820844	0.168138656
799	0.21283795	0.257217008	0.168458892
800	0.21312155	0.257543572	0.168699528
801	0.21358475	0.258070488	0.169099012
802	0.2140606	0.25861644	0.16950476
803	0.21455675	0.259189803	0.169923697
804	0.2151291	0.259858178	0.170400022
805	0.21559485	0.260401128	0.170788572
806	0.2160054	0.260875905	0.171134895
807	0.2163979	0.261319584	0.171476216
808	0.2166618	0.261606555	0.171717045
809	0.216895	0.261858224	0.171931776
810	0.21712025	0.262104267	0.172136233
811	0.2171723	0.262132994	0.172211606
812	0.21710625	0.26202221	0.17219029
813	0.2169639	0.261817221	0.172110579
814	0.2170956	0.261904794	0.172286406
815	0.2173229	0.262139108	0.172506692
816	0.2176834	0.26254374	0.17282306
817	0.2183088	0.263248332	0.173369268
818	0.21914375	0.26423797	0.17404953
819	0.21992275	0.265174978	0.174670522
820	0.22055785	0.265950086	0.175165614
821	0.2204371	0.265754776	0.175119424
822	0.22068135	0.266009094	0.175353606
823	0.2213342	0.26677431	0.17589409
824	0.2222991	0.267948954	0.176649246
825	0.22287755	0.268623581	0.177131519
826	0.22322025	0.269003962	0.177436538
827	0.2233364	0.269137877	0.177534923
828	0.2238194	0.26968596	0.17795284
829	0.2243911	0.270346401	0.178435799
830	0.2249532	0.271017948	0.178888452
831	0.2255174	0.271670099	0.179364701
832	0.2261119	0.272347344	0.179876456
833	0.2267191	0.273034343	0.180403857
834	0.22718655	0.273609353	0.180763747
835	0.2276848	0.274205845	0.181163755
836	0.22819275	0.274809675	0.181575825
837	0.2286688	0.275390037	0.181947563
838	0.22917765	0.275974111	0.182381189
839	0.2297256	0.276589348	0.182861852
840	0.23033055	0.277262767	0.183398333
841	0.2306825	0.277698594	0.183666406
842	0.23108825	0.278169211	0.184007289
843	0.2315718	0.278697957	0.184445643
844	0.2320222	0.279235306	0.184809094
845	0.2324385	0.279738634	0.185138366
846	0.23283885	0.280220556	0.185457144
847	0.2332598	0.280697939	0.185821661
848	0.2336797	0.281158485	0.186200915
849	0.2340583	0.281581425	0.186535175
850	0.2343356	0.28192016	0.18675104
851	0.234781	0.282455728	0.187106272
852	0.23520675	0.282932788	0.187480712
853	0.23559925	0.283329409	0.187869091
854	0.236078	0.28385015	0.18830585
855	0.2365313	0.284390362	0.188672238
856	0.2369298	0.28490022	0.18895938
857	0.237222	0.285297639	0.189146361
858	0.2376704	0.285802147	0.189538653
859	0.23814615	0.286323513	0.189968787
860	0.2385497	0.286785605	0.190313795
861	0.23903845	0.287346457	0.190730443
862	0.2395135	0.287896479	0.191130521
863	0.23995815	0.288417725	0.191498575
864	0.24019765	0.288698283	0.191697017
865	0.2405903	0.289102502	0.192078098
866	0.24105585	0.289574414	0.192537286
867	0.24129825	0.289907503	0.192688997
868	0.2417749	0.290466154	0.193083646
869	0.24226845	0.291028843	0.193508057
870	0.24261275	0.291422054	0.193803446
871	0.24298745	0.291868321	0.194106579
872	0.2433512	0.292300585	0.194401815
873	0.24369355	0.292702732	0.194684368
874	0.2441422	0.293220945	0.195063455
875	0.2445262	0.293650262	0.195402138
876	0.2448638	0.294023265	0.195704335
877	0.2452252	0.294474077	0.195976323
878	0.2456608	0.2949586	0.196363
879	0.2461016	0.295443477	0.196759723
880	0.2464666	0.295883057	0.197050143
881	0.2468026	0.296262975	0.197342225
882	0.24713	0.296639236	0.197620764
883	0.24745135	0.297024249	0.197878451
884	0.2478136	0.297448535	0.198178665
885	0.24825535	0.297944861	0.198565839
886	0.2487489	0.298483204	0.199014596
887	0.2491256	0.298878485	0.199372715
888	0.2494301	0.299238245	0.199621955
889	0.2496841	0.299564122	0.199804078
890	0.24988685	0.299838025	0.199935675
891	0.2501097	0.300066784	0.200152616
892	0.2502117	0.300168005	0.200255395
893	0.25011275	0.300078596	0.200146904
894	0.2502497	0.30015108	0.20034832
895	0.25022765	0.300064937	0.200390363
896	0.25004545	0.299818301	0.200272599
897	0.24992155	0.299601989	0.200241111
898	0.25003595	0.29965625	0.20041565
899	0.25026005	0.299858031	0.200662069
900	0.25041465	0.300057951	0.200771349
901	0.25097145	0.300718047	0.201224853
902	0.25167075	0.301552288	0.201789212
903	0.252447	0.302493839	0.202400161
904	0.2527968	0.302998591	0.202595009
905	0.2530896	0.303353002	0.202826198
906	0.25332895	0.303565786	0.203092114
907	0.2532866	0.303494012	0.203079188
908	0.25331685	0.303492292	0.203141408
909	0.253462	0.303604289	0.203319711
910	0.25387045	0.303983219	0.203757681
911	0.25412835	0.304269784	0.203986916
912	0.2543252	0.304511833	0.204138567
913	0.2544849	0.304717036	0.204252764
914	0.25476175	0.305034707	0.204488793
915	0.2550316	0.305358994	0.204704206
916	0.25532165	0.305717365	0.204925935
917	0.25612655	0.306590239	0.205662861
918	0.2568276	0.307412184	0.206243016
919	0.2574958	0.308228719	0.206762881
920	0.2582656	0.309139928	0.207391272
921	0.2585449	0.30957581	0.20751399
922	0.2588428	0.309995109	0.207690491
923	0.25946755	0.31066271	0.20827239
924	0.25971155	0.310932478	0.208490622
925	0.2597859	0.311017834	0.208553966
926	0.25970535	0.310933546	0.208477154
927	0.2595901	0.310807742	0.208372458
928	0.25893935	0.310083079	0.207795621
929	0.25797245	0.308976555	0.206968345
930	0.2574379	0.308216634	0.206659166
931	0.2566807	0.307088986	0.206272414
932	0.25577085	0.30576871	0.20577299
933	0.2548057	0.304485265	0.205126135
934	0.2543177	0.303692167	0.204943233
935	0.25375365	0.302902712	0.204604588
936	0.25311015	0.302161901	0.204058399
937	0.2544647	0.303626595	0.205302805
938	0.25546965	0.304914562	0.206024738
939	0.2562987	0.306082255	0.206515145
940	0.25744415	0.307323771	0.207564529
941	0.2581316	0.308179579	0.208083621
942	0.2585642	0.308745056	0.208383344
943	0.25877655	0.308962786	0.208590314
944	0.25863165	0.308854375	0.208408925
945	0.25879	0.309016143	0.208563857
946	0.25941255	0.309588701	0.209236399
947	0.2601711	0.310316211	0.210025989
948	0.26065155	0.310878252	0.210424848
949	0.26089315	0.311277282	0.210509018
950	0.2609699	0.311467651	0.210472149
951	0.2611671	0.311777016	0.210557184
952	0.26151665	0.312228541	0.210804759
953	0.2621217	0.312908778	0.211334622
954	0.26251775	0.313450126	0.211585374
955	0.26332295	0.314343862	0.212302038
956	0.2647168	0.31573573	0.21369787
957	0.26470415	0.315858245	0.213550055
958	0.2648343	0.316103891	0.213564709
959	0.26511895	0.316505092	0.213732808
960	0.2657213	0.317326544	0.214116056
961	0.2664516	0.318162827	0.214740373
962	0.26729545	0.319073756	0.215517144
963	0.26829755	0.320165528	0.216429572
964	0.2685954	0.320602031	0.216588769
965	0.26911185	0.321265334	0.216958366
966	0.27011125	0.322410976	0.217811524
967	0.27122175	0.323715596	0.218727904
968	0.2717555	0.324438591	0.219072409
969	0.27195695	0.324811522	0.219102378
970	0.2730304	0.325959727	0.220101073
971	0.27374995	0.326815888	0.220684012
972	0.2742198	0.327431776	0.221007824
973	0.2744065	0.327710388	0.221102612
974	0.27462465	0.328017112	0.221232188
975	0.2750178	0.328431398	0.221604202
976	0.27568325	0.329009192	0.222357308
977	0.27597225	0.329295901	0.222648599
978	0.2762456	0.329582507	0.222908693
979	0.2765166	0.329893812	0.223139388
980	0.2767696	0.330324417	0.223214783
981	0.277328	0.331009242	0.223646758
982	0.27784775	0.331621787	0.224073713
983	0.2777636	0.331606938	0.223920262
984	0.2784337	0.332438388	0.224429012
985	0.27908785	0.333235713	0.224939987
986	0.27942215	0.333646133	0.225198167
987	0.280505	0.334811211	0.226198789
988	0.28098305	0.33540681	0.22655929
989	0.2809399	0.335499663	0.226380137
990	0.2822744	0.336785096	0.227763704
991	0.2828605	0.337410028	0.228310972
992	0.28309845	0.337749492	0.228447408
993	0.28356555	0.338365432	0.228765668
994	0.28331665	0.338197312	0.228435988
995	0.28316575	0.338100529	0.228230971
996	0.2835612	0.338534681	0.228587719
997	0.2842545	0.339172314	0.229336686
998	0.2847086	0.339662215	0.229754985
999	0.2849124	0.34000363	0.22982117
1000	0.28548915	0.340676057	0.230302243
1001	0.28852195	0.347798305	0.229245595
1002	0.2889491	0.348266283	0.229631917
1003	0.28950075	0.348899975	0.230101525
1004	0.28993585	0.349414926	0.230456774
1005	0.290247	0.349779403	0.230714597
1006	0.2905257	0.350077654	0.230973746
1007	0.2908354	0.350408893	0.231261907
1008	0.2912417	0.350875988	0.231607412
1009	0.2917105	0.351424235	0.231996765
1010	0.2921413	0.351902756	0.232379844
1011	0.2925418	0.352315371	0.232768229
1012	0.2929593	0.352750905	0.233167695
1013	0.29336475	0.353202554	0.233526946
1014	0.2937634	0.353672303	0.233854497
1015	0.29417665	0.354165104	0.234188196
1016	0.2945724	0.354625049	0.234519751
1017	0.29487545	0.354961899	0.234789001
1018	0.29515515	0.355276766	0.235033534
1019	0.2955035	0.355679718	0.235327282
1020	0.29587905	0.356094098	0.235664002
1021	0.29628435	0.356529395	0.236039305
1022	0.2966871	0.356961571	0.236412629
1023	0.29709175	0.357405381	0.236778119
1024	0.29751725	0.357888906	0.237145594
1025	0.29790875	0.358345808	0.237471692
1026	0.2982752	0.358777819	0.237772581
1027	0.29876425	0.359348346	0.238180154
1028	0.299334	0.359986639	0.238681361
1029	0.2998003	0.360478443	0.239122157
1030	0.30014935	0.360851939	0.239446761
1031	0.3004754	0.361232501	0.239718299
1032	0.30089125	0.361719159	0.240063341
1033	0.3012533	0.362149551	0.240357049
1034	0.30155725	0.362504137	0.240610363
1035	0.30190495	0.362866159	0.240943741
1036	0.3022835	0.363259594	0.241307406
1037	0.30266725	0.363683571	0.241650929
1038	0.30310615	0.364179361	0.242032939
1039	0.30354375	0.364674804	0.242412696
1040	0.3038356	0.365020285	0.242650915
1041	0.304047	0.365282417	0.242811583
1042	0.3043684	0.365666092	0.243070708
1043	0.3047797	0.366145248	0.243414152
1044	0.30511695	0.366512934	0.243720966
1045	0.30537475	0.366785686	0.243963814
1046	0.30569875	0.367141525	0.244255975
1047	0.3060965	0.367579816	0.244613184
1048	0.30645455	0.367995001	0.244914099
1049	0.3068075	0.368435197	0.245179803
1050	0.30716945	0.368884469	0.245454431
1051	0.3075106	0.369279848	0.245741352
1052	0.3078429	0.369649153	0.246036647
1053	0.3081731	0.370028868	0.246317332
1054	0.30849025	0.370408476	0.246572024
1055	0.30875505	0.370726034	0.246784066
1056	0.30900505	0.371019121	0.246990979
1057	0.3092535	0.371321181	0.247185819
1058	0.3094871	0.371616755	0.247357445
1059	0.3097955	0.372000943	0.247590057
1060	0.31018435	0.372451458	0.247917242
1061	0.3105169	0.372796162	0.248237638
1062	0.3107842	0.373085918	0.248482482
1063	0.31105335	0.373382495	0.248724205
1064	0.3113555	0.373708419	0.249002581
1065	0.3117	0.374087381	0.249312619
1066	0.31202255	0.374459769	0.249585331
1067	0.3123149	0.374811941	0.249817859
1068	0.3126481	0.375198781	0.250097419
1069	0.3129994	0.375595399	0.250403401
1070	0.3133227	0.37597784	0.25066756
1071	0.31364835	0.376372493	0.250924207
1072	0.31405695	0.376831543	0.251282357
1073	0.31446715	0.377274164	0.251660136
1074	0.31471715	0.377537663	0.251896637
1075	0.3149403	0.377778704	0.252101896
1076	0.31527535	0.378150664	0.252400036
1077	0.3156697	0.378593279	0.252746121
1078	0.3160361	0.37900552	0.25306668
1079	0.31628595	0.379289878	0.253282022
1080	0.31654295	0.379556466	0.253529434
1081	0.31694115	0.379943144	0.253939156
1082	0.31730495	0.380318491	0.254291409
1083	0.31758405	0.380684256	0.254483844
1084	0.3178416	0.381015282	0.254667918
1085	0.3180034	0.381156484	0.254850316
1086	0.3181794	0.381300001	0.255058799
1087	0.3184307	0.381522162	0.255339238
1088	0.31868035	0.381747983	0.255612717
1089	0.3189638	0.382057037	0.255870563
1090	0.31927915	0.382409372	0.256148928
1091	0.3195063	0.382640251	0.256372349
1092	0.31966085	0.382783357	0.256538343
1093	0.31976175	0.382855075	0.256668425
1094	0.31984565	0.382919925	0.256771375
1095	0.31988705	0.382942496	0.256831604
1096	0.31991345	0.382922671	0.256904229
1097	0.3199618	0.38290779	0.25701581
1098	0.32003945	0.382919169	0.257159731
1099	0.32014875	0.382977921	0.257319579
1100	0.3202906	0.383086066	0.257495134
1101	0.3203956	0.383154351	0.257636849
1102	0.3203707	0.383116042	0.257625358
1103	0.3203392	0.383076137	0.257602263
1104	0.32034525	0.38307097	0.25761953
1105	0.3203658	0.383077492	0.257654108
1106	0.3203272	0.383026471	0.257627929
1107	0.3202388	0.382919085	0.257558515
1108	0.32001465	0.382623994	0.257405306
1109	0.3197321	0.382252236	0.257211964
1110	0.31934765	0.381786183	0.256909117
1111	0.31889165	0.381256214	0.256527086
1112	0.3183407	0.380578672	0.256102728
1113	0.3176782	0.379722185	0.255634215
1114	0.317062	0.378914133	0.255209867
1115	0.3165836	0.378266476	0.254900724
1116	0.3159972	0.377480366	0.254514034
1117	0.3151078	0.376293785	0.253921815
1118	0.31413435	0.374992434	0.253276266
1119	0.3131752	0.373667112	0.252683288
1120	0.31215285	0.372254814	0.252050886
1121	0.31156385	0.371437846	0.251689854
1122	0.31101835	0.370678888	0.251357812
1123	0.31093215	0.370403891	0.251460409
1124	0.3109357	0.370233225	0.251638175
1125	0.31097385	0.370218665	0.251729035
1126	0.31095195	0.370156624	0.251747276
1127	0.3112805	0.370416511	0.252144489
1128	0.3118843	0.370977907	0.252790693
1129	0.3125307	0.371679855	0.253381545
1130	0.31317285	0.372468632	0.253877068
1131	0.31374465	0.373192184	0.254297116
1132	0.3142773	0.373864449	0.254690151
1133	0.3148109	0.37453537	0.25508643
1134	0.31539155	0.375283352	0.255499748
1135	0.3159292	0.375978946	0.255879454
1136	0.31641595	0.376590651	0.256241249
1137	0.31685475	0.377142907	0.256566593
1138	0.31700785	0.377403624	0.256612076
1139	0.31714445	0.377647868	0.256641032
1140	0.31735305	0.377904542	0.256801558
1141	0.3175429	0.378119359	0.256966441
1142	0.31762705	0.378239491	0.257014609
1143	0.3176986	0.378365725	0.257031475
1144	0.3178731	0.378583949	0.257162251
1145	0.31809305	0.378829692	0.257356408
1146	0.31841275	0.379211529	0.257613971
1147	0.3188056	0.379705906	0.257905294
1148	0.31926815	0.38025154	0.25828476
1149	0.3198623	0.380904733	0.258819867
1150	0.3205271	0.381661441	0.259392759
1151	0.32132115	0.382609988	0.260032312
1152	0.3220821	0.383516985	0.260647215
1153	0.3229203	0.384506861	0.261333739
1154	0.323696	0.385428657	0.261963343
1155	0.32446215	0.386412037	0.262512263
1156	0.32516365	0.387312763	0.263014537
1157	0.32591535	0.388285352	0.263545348
1158	0.3266176	0.389194918	0.264040282
1159	0.32725365	0.390012264	0.264495036
1160	0.3278408	0.390765283	0.264916317
1161	0.32845015	0.391521416	0.265378884
1162	0.3290475	0.392255389	0.265839611
1163	0.3294708	0.392792928	0.266148672
1164	0.3297812	0.393201532	0.266360868
1165	0.33008785	0.393591674	0.266584026
1166	0.330394	0.393967991	0.266820009
1167	0.33068675	0.394330013	0.267043487
1168	0.33096535	0.394678229	0.267252471
1169	0.3311966	0.394961147	0.267432053
1170	0.33132625	0.39509971	0.26755279
1171	0.33145545	0.395241341	0.267669559
1172	0.3315893	0.395403483	0.267775117
1173	0.33172175	0.395562724	0.267880776
1174	0.33185905	0.395702228	0.268015872
1175	0.33199565	0.395841327	0.268149973
1176	0.33206355	0.395932523	0.268194577
1177	0.33212715	0.396020626	0.268233674
1178	0.3321783	0.396089383	0.268267217
1179	0.3322269	0.396154839	0.268298961
1180	0.3322338	0.396142941	0.268324659
1181	0.33222415	0.396101024	0.268347276
1182	0.3322735	0.396139183	0.268407817
1183	0.33236015	0.396227938	0.268492362
1184	0.3324415	0.396312515	0.268570485
1185	0.33251645	0.396391809	0.268641091
1186	0.3326062	0.396487311	0.268725089
1187	0.3327219	0.396611055	0.268832745
1188	0.332811	0.396705227	0.268916773
1189	0.3328395	0.396730156	0.268948844
1190	0.33289545	0.396786743	0.269004157
1191	0.3330685	0.396979282	0.269157718
1192	0.3332386	0.397170151	0.269307049
1193	0.33335405	0.39731322	0.26939488
1194	0.3334685	0.397455228	0.269481772
1195	0.33362715	0.397632709	0.269621591
1196	0.33379185	0.397816491	0.269767209
1197	0.33391785	0.397942751	0.269892949
1198	0.33403755	0.39805971	0.27001539
1199	0.3342462	0.398283006	0.270209394
1200	0.3344822	0.398540207	0.270424193
1201	0.33470945	0.398796493	0.270622407
1202	0.3349243	0.39904202	0.27080658
1203	0.3352077	0.399354061	0.271061339
1204	0.33555115	0.399727132	0.271375168
1205	0.3359005	0.400114585	0.271686415
1206	0.3362543	0.400518012	0.271990588
1207	0.3365949	0.400898832	0.272290968
1208	0.3369152	0.401235528	0.272594872
1209	0.3372448	0.401588967	0.272900633
1210	0.3376237	0.4020283	0.2732191
1211	0.33801665	0.40247689	0.27355641
1212	0.33847865	0.402958069	0.273999231
1213	0.33894055	0.403441996	0.274439104
1214	0.3394667	0.404022196	0.274911204
1215	0.33998695	0.404596303	0.275377597
1216	0.3405066	0.405176324	0.275836876
1217	0.3410271	0.405758239	0.276295961
1218	0.34158665	0.40639359	0.27677971
1219	0.34215075	0.40703484	0.27726666
1220	0.3427748	0.407737454	0.277812146
1221	0.34341465	0.40845752	0.27837178
1222	0.34401075	0.409101302	0.278920198
1223	0.3445677	0.409687406	0.279447994
1224	0.34521115	0.41039537	0.28002693
1225	0.3459302	0.411207411	0.280652989
1226	0.34659795	0.411950071	0.281245829
1227	0.34721655	0.412625529	0.281807571
1228	0.34783715	0.413308503	0.282365797
1229	0.34844975	0.413985375	0.282914125
1230	0.34904875	0.414650887	0.283446613
1231	0.3496339	0.415316924	0.283950876
1232	0.3502199	0.415980894	0.284458906
1233	0.35080385	0.416624447	0.284983253
1234	0.3513787	0.417260563	0.285496837
1235	0.3518998	0.417857903	0.285941697
1236	0.35241815	0.418450547	0.286385753
1237	0.35298365	0.419076695	0.286890605
1238	0.3535559	0.419712348	0.287399452
1239	0.35405765	0.420289261	0.287826039
1240	0.35454005	0.420842193	0.288237907
1241	0.355031	0.421401308	0.288660692
1242	0.35552845	0.421969407	0.289087493
1243	0.3560516	0.422551975	0.289551225
1244	0.3565767	0.423127812	0.290025588
1245	0.3570676	0.42367709	0.29045811
1246	0.357549	0.424226541	0.290871459
1247	0.35801825	0.424763574	0.291272926
1248	0.3584576	0.42526712	0.29164808
1249	0.35887925	0.425747225	0.292011275
1250	0.3592854	0.426203047	0.292367753
1251	0.3596995	0.426667204	0.292731796
1252	0.3601238	0.42714755	0.29310005
1253	0.3605173	0.427590831	0.293443769
1254	0.3608402	0.427950253	0.293730147
1255	0.3611715	0.428323435	0.294019565
1256	0.36150565	0.428708525	0.294302775
1257	0.3618468	0.429099722	0.294593878
1258	0.36212425	0.42941398	0.29483452
1259	0.36239205	0.429718175	0.295065925
1260	0.36262775	0.429981773	0.295273727
1261	0.3628726	0.430254375	0.295490825
1262	0.3632059	0.430628902	0.295782898
1263	0.3635573	0.431026449	0.296088151
1264	0.3638418	0.431329298	0.296354302
1265	0.36410295	0.431596635	0.296609265
1266	0.36440505	0.431905513	0.296904587
1267	0.36473015	0.432239967	0.297220333
1268	0.36514755	0.432687657	0.297607443
1269	0.3656394	0.433221353	0.298057447
1270	0.3661149	0.433745433	0.298484367
1271	0.3665627	0.434253415	0.298871985
1272	0.36698155	0.434722374	0.299240726
1273	0.3673734	0.435151256	0.299595544
1274	0.3677907	0.435609814	0.299971586
1275	0.36826195	0.43613752	0.30038638
1276	0.3687349	0.436671997	0.300797803
1277	0.3692536	0.437262391	0.301244809
1278	0.3697871	0.437871668	0.301702532
1279	0.37026455	0.438421391	0.302107709
1280	0.370731	0.438958667	0.302503333
1281	0.3712165	0.439519224	0.302913776
1282	0.3717029	0.440080413	0.303325387
1283	0.3721228	0.440558201	0.303687399
1284	0.3725293	0.441020774	0.304037826
1285	0.37284235	0.441403647	0.304281053
1286	0.37314325	0.44177847	0.30450803
1287	0.3734585	0.442146618	0.304770382
1288	0.37377865	0.442512627	0.305044673
1289	0.37413685	0.442934592	0.305339108
1290	0.37450965	0.443377423	0.305641877
1291	0.3748185	0.443747293	0.305889707
1292	0.3751137	0.444103332	0.306124068
1293	0.37539185	0.444436795	0.306346905
1294	0.3756281	0.444720078	0.306536122
1295	0.3759074	0.445044984	0.306769816
1296	0.3762276	0.445411646	0.307043554
1297	0.3765038	0.445734763	0.307272837
1298	0.3767178	0.445987647	0.307447953
1299	0.3769001	0.446198149	0.307602051
1300	0.37705155	0.446367928	0.307735172
1301	0.377213	0.44654652	0.30787948
1302	0.3773507	0.446693153	0.308008247
1303	0.3774753	0.446822073	0.308128527
1304	0.3775654	0.446904395	0.308226405
1305	0.3776702	0.447004752	0.308335648
1306	0.3777525	0.44707103	0.30843397
1307	0.37781555	0.447110992	0.308520108
1308	0.3778154	0.447079019	0.308551781
1309	0.37782065	0.447054344	0.308586956
1310	0.37783165	0.447021565	0.308641735
1311	0.37783005	0.446968595	0.308691505
1312	0.37778495	0.44683968	0.30873022
1313	0.37775615	0.446723108	0.308789192
1314	0.37784205	0.446750414	0.308933686
1315	0.37792665	0.446778191	0.309075109
1316	0.37789275	0.446679054	0.309106446
1317	0.37784725	0.446570287	0.309124213
1318	0.3778045	0.446464183	0.309144817
1319	0.37773525	0.44632266	0.30914784
1320	0.37763155	0.446118151	0.309144949
1321	0.37748115	0.445846691	0.309115609
1322	0.37724235	0.445490525	0.308994175
1323	0.3769507	0.445085849	0.308815551
1324	0.37663165	0.444639095	0.308624205
1325	0.3762431	0.444106435	0.308379765
1326	0.37586455	0.443593833	0.308135267
1327	0.375529	0.443127093	0.307930907
1328	0.3751286	0.442571057	0.307686143
1329	0.3744662	0.441720003	0.307212397
1330	0.3737909	0.440858486	0.306723314
1331	0.37344615	0.440369028	0.306523272
1332	0.37309165	0.439850905	0.306332395
1333	0.372616	0.439174624	0.306057376
1334	0.3721278	0.438502664	0.305752936
1335	0.37180045	0.438106628	0.305494272
1336	0.3714999	0.437736919	0.305262881
1337	0.3712281	0.437356751	0.305099449
1338	0.3709173	0.436932878	0.304901722
1339	0.37032045	0.436200996	0.304439904
1340	0.36967595	0.4354108	0.3039411
1341	0.3690563	0.434688877	0.303423723
1342	0.3683315	0.433846687	0.302816313
1343	0.36725345	0.432588663	0.301918237
1344	0.36597035	0.431099198	0.300841502
1345	0.36466085	0.429544816	0.299776884
1346	0.36303815	0.427596559	0.298479741
1347	0.3616084	0.425862797	0.297354003
1348	0.36022215	0.424167427	0.296276873
1349	0.3583945	0.421960482	0.294828518
1350	0.35602605	0.419139904	0.292912196
1351	0.35357995	0.416207267	0.290952633
1352	0.3509386	0.412961015	0.288916185
1353	0.3478484	0.409058521	0.286638279
1354	0.34514285	0.405635462	0.284650238
1355	0.34134715	0.400873284	0.281821016
1356	0.3367002	0.394962498	0.278437902
1357	0.33036265	0.387262868	0.273462432
1358	0.3285707	0.385990477	0.271150923
1359	0.3273778	0.385714348	0.269041252
1360	0.32355625	0.379826038	0.267286462
1361	0.3172832	0.371383454	0.263182946
1362	0.32443245	0.382165261	0.266699639
1363	0.3330606	0.400287709	0.265833491
1364	0.31546215	0.374978477	0.255945823
1365	0.2923146	0.347118943	0.237510257
1366	0.27768485	0.32761305	0.22775665
1367	0.2691085	0.314963509	0.223253491
1368	0.28529265	0.32799144	0.24259386
1369	0.299328	0.345250444	0.253405556
1370	0.29587285	0.341035845	0.250709855
1371	0.2928088	0.338367853	0.247249747
1372	0.30244555	0.349158521	0.255732579
1373	0.3124219	0.362360396	0.262483404
1374	0.30301445	0.350518193	0.255510707
1375	0.29356245	0.339799087	0.247325813
1376	0.29042335	0.3353002	0.2455465
1377	0.2863201	0.331209835	0.241430365
1378	0.2874851	0.332006625	0.242963575
1379	0.29074105	0.335507014	0.245975086
1380	0.2898911	0.334570059	0.245212141
1381	0.28830295	0.332771851	0.243834049
1382	0.28481315	0.330145736	0.239480564
1383	0.2791531	0.326141185	0.232165015
1384	0.27707555	0.32492173	0.22922937
1385	0.27868435	0.326363688	0.231005012
1386	0.2799114	0.326761805	0.233060995
1387	0.2822299	0.328249396	0.236210404
1388	0.2848502	0.330921925	0.238778475
1389	0.28600125	0.332720016	0.239282484
1390	0.2867969	0.334098144	0.239495656
1391	0.28830445	0.335772937	0.240835963
1392	0.2905485	0.338295073	0.242801927
1393	0.2933111	0.340835227	0.245786973
1394	0.2943399	0.341499135	0.247180665
1395	0.29268135	0.339495892	0.245866808
1396	0.29198215	0.338743135	0.245221165
1397	0.2936291	0.341202445	0.246055755
1398	0.29511765	0.343495081	0.246740219
1399	0.29501775	0.343403192	0.246632308
1400	0.29470335	0.343159148	0.246247552
1401	0.2942459	0.343404211	0.245087589
1402	0.29378225	0.343494762	0.244069738
1403	0.2930525	0.342002406	0.244102594
1404	0.29259165	0.341002263	0.244181037
1405	0.2927324	0.341481964	0.243982836
1406	0.29261465	0.341649523	0.243579777
1407	0.29202495	0.341310246	0.242739654
1408	0.29173645	0.341337186	0.242135714
1409	0.2926653	0.342671268	0.242659332
1410	0.29351865	0.343898915	0.243138385
1411	0.2931236	0.343602541	0.242644659
1412	0.29290205	0.343468602	0.242335498
1413	0.2924929	0.343132674	0.241853126
1414	0.2918805	0.342615017	0.241145983
1415	0.29144325	0.342282083	0.240604417
1416	0.2909472	0.341808545	0.240085855
1417	0.2904527	0.341398687	0.239506713
1418	0.29011635	0.341224319	0.239008381
1419	0.28978505	0.340941932	0.238628168
1420	0.2895537	0.340693446	0.238413954
1421	0.2889136	0.340048621	0.237778579
1422	0.287914	0.339031148	0.236796852
1423	0.28728955	0.338426113	0.236152987
1424	0.28698825	0.338149683	0.235826817
1425	0.2865707	0.337736258	0.235405142
1426	0.28604335	0.337248678	0.234838022
1427	0.28559135	0.336853294	0.234329406
1428	0.2852033	0.336487084	0.233919516
1429	0.2848218	0.336116481	0.233527119
1430	0.284486	0.335819191	0.233152809
1431	0.28402085	0.335339609	0.232702091
1432	0.28319335	0.334380826	0.232005874
1433	0.2825056	0.333604553	0.231406647
1434	0.28208855	0.333162441	0.231014659
1435	0.28160175	0.332618797	0.230584703
1436	0.28101745	0.331905706	0.230129194
1437	0.28053315	0.331334957	0.229731343
1438	0.2804344	0.331320752	0.229548048
1439	0.28034075	0.331302378	0.229379122
1440	0.28039085	0.33138446	0.22939724
1441	0.2805249	0.331562979	0.229486821
1442	0.28070745	0.331818841	0.229596059
1443	0.2808725	0.332061255	0.229683745
1444	0.2813024	0.332634293	0.229970507
1445	0.2817582	0.333222621	0.230293779
1446	0.28238135	0.333982393	0.230780307
1447	0.28298175	0.334724387	0.231239113
1448	0.2837674	0.335742844	0.231791956
1449	0.28451355	0.336710135	0.232316965
1450	0.2853661	0.337744093	0.232988107
1451	0.28618135	0.338725293	0.233637407
1452	0.2869711	0.33969371	0.23424849
1453	0.2876845	0.340564871	0.234804129
1454	0.2884675	0.3415327	0.2354023
1455	0.28917735	0.342421941	0.235932759
1456	0.2897362	0.343115125	0.236357275
1457	0.29027295	0.343762569	0.236783331
1458	0.2905145	0.344084386	0.236944614
1459	0.2906639	0.344316886	0.237010914
1460	0.29086705	0.344559893	0.237174207
1461	0.291094	0.344800811	0.237387189
1462	0.2912047	0.344897041	0.237512359
1463	0.2912752	0.344950495	0.237599905
1464	0.29123085	0.344863813	0.237597887
1465	0.2911244	0.344698342	0.237550458
1466	0.29118695	0.344709448	0.237664452
1467	0.2913215	0.344806772	0.237836228
1468	0.2914069	0.344869461	0.237944339
1469	0.29145945	0.344888544	0.238030356
1470	0.29177705	0.345227899	0.238326201
1471	0.2923384	0.345872763	0.238804037
1472	0.29292265	0.346544908	0.239300392
1473	0.29349495	0.347198797	0.239791103
1474	0.29421975	0.348042972	0.240396528
1475	0.29504875	0.349017033	0.241080467
1476	0.2957446	0.349834132	0.241655068
1477	0.29638285	0.350587262	0.242178438
1478	0.29710005	0.351437274	0.242762826
1479	0.2978216	0.352297722	0.243345478
1480	0.2985293	0.353141415	0.243917185
1481	0.2993182	0.354073259	0.244563141
1482	0.30015835	0.35506487	0.24525183
1483	0.3010269	0.356101855	0.245951945
1484	0.30186625	0.357092202	0.246640298
1485	0.3027433	0.35808812	0.24739848
1486	0.3036494	0.359148008	0.248150792
1487	0.30466635	0.360405609	0.248927091
1488	0.30568665	0.361651791	0.249721509
1489	0.3067771	0.362953194	0.250601006
1490	0.3077768	0.3641397	0.2514139
1491	0.30873585	0.365261737	0.252209963
1492	0.3096657	0.366352821	0.252978579
1493	0.3106398	0.367497353	0.253782247
1494	0.3115284	0.368544962	0.254511838
1495	0.31232465	0.369478456	0.255170844
1496	0.31311085	0.370402013	0.255819687
1497	0.31389485	0.371356094	0.256433606
1498	0.3146455	0.372265047	0.257025953
1499	0.31538685	0.373124881	0.257648819
1500	0.31610305	0.373955474	0.258250626
1501	0.3167937	0.374761846	0.258825554
1502	0.31749215	0.375575795	0.259408505
1503	0.31823775	0.376443121	0.260032379
1504	0.31896365	0.377288101	0.260639199
1505	0.31966225	0.378101682	0.261222818
1506	0.32035345	0.378908821	0.261798079
1507	0.32103155	0.379691216	0.262371884
1508	0.3216785	0.380433039	0.262923961
1509	0.322276	0.381096509	0.263455491
1510	0.32286945	0.381758102	0.263980798
1511	0.32344915	0.382437724	0.264460576
1512	0.3240104	0.383097246	0.264923554
1513	0.32452355	0.383691118	0.265355982
1514	0.3250255	0.384273213	0.265777787
1515	0.32557495	0.384899159	0.266250741
1516	0.32613145	0.385529443	0.266733457
1517	0.32678435	0.386285263	0.267283437
1518	0.32743395	0.387041146	0.267826754
1519	0.32796835	0.387659323	0.268277377
1520	0.3284839	0.388255035	0.268712765
1521	0.3290451	0.388889839	0.269200361
1522	0.3296101	0.389528791	0.269691409
1523	0.33012765	0.390128606	0.270126694
1524	0.3306413	0.390725443	0.270557157
1525	0.3311044	0.391255857	0.270952943
1526	0.331543	0.391755679	0.271330321
1527	0.33195405	0.392224962	0.271683138
1528	0.33236615	0.39269704	0.27203526
1529	0.33270005	0.393075426	0.272324674
1530	0.333015	0.393432565	0.272597435
1531	0.33336765	0.393831738	0.272903562
1532	0.33373255	0.394246198	0.273218902
1533	0.33409485	0.394650182	0.273539518
1534	0.3344596	0.395051383	0.273867817
1535	0.3347932	0.39542845	0.27415795
1536	0.3351098	0.395792416	0.274427184
1537	0.33535065	0.396061089	0.274640211
1538	0.33557035	0.396297009	0.274843691
1539	0.33583145	0.396589878	0.275073022
1540	0.33611585	0.396916161	0.275315539
1541	0.33643635	0.397274534	0.275598166
1542	0.33676305	0.397637599	0.275888501
1543	0.33704415	0.397958411	0.276129889
1544	0.33730275	0.39825865	0.27634685
1545	0.33754875	0.398541763	0.276555737
1546	0.3378	0.398826948	0.276773052
1547	0.3380995	0.399161807	0.277037193
1548	0.33840925	0.399508681	0.277309819
1549	0.3386743	0.399792815	0.277555785
1550	0.33893585	0.400068017	0.277803683
1551	0.339223	0.400402479	0.278043521
1552	0.33951235	0.400753639	0.278271061
1553	0.3398033	0.401073678	0.278532922
1554	0.34009195	0.401374245	0.278809655
1555	0.34034295	0.401644437	0.279041463
1556	0.3405825	0.401906273	0.279258727
1557	0.34084975	0.402216936	0.279482564
1558	0.34113365	0.402556156	0.279711144
1559	0.34142735	0.40289623	0.27995847
1560	0.3417159	0.403226802	0.280204998
1561	0.3420017	0.403553646	0.280449754
1562	0.34229605	0.403887217	0.280704883
1563	0.3425714	0.404205489	0.280937311
1564	0.3428331	0.404512981	0.281153219
1565	0.34306675	0.404790651	0.281342849
1566	0.34329965	0.405070007	0.281529293
1567	0.3435816	0.405394905	0.281768295
1568	0.3438759	0.405725636	0.282026164
1569	0.3441311	0.406015717	0.282246483
1570	0.344373	0.40629407	0.28245193
1571	0.34462485	0.406585053	0.282664647
1572	0.34489275	0.406896834	0.282888666
1573	0.345163	0.407210028	0.283115972
1574	0.34541795	0.407502264	0.283333636
1575	0.34568745	0.407800077	0.283574823
1576	0.3459795	0.4081175	0.2838415
1577	0.3462844	0.408443571	0.284125229
1578	0.3465941	0.40877039	0.28441781
1579	0.3469383	0.409153964	0.284722636
1580	0.3473022	0.409571734	0.285032666
1581	0.34762705	0.409934573	0.285319527
1582	0.3479314	0.410268222	0.285594578
1583	0.34827915	0.410655018	0.285903282
1584	0.3486536	0.411071977	0.286235223
1585	0.3489842	0.411444998	0.286523402
1586	0.34928005	0.411784342	0.286775758
1587	0.34962865	0.41217754	0.28707976
1588	0.3500255	0.412622295	0.287428705
1589	0.35048585	0.413144811	0.287826889
1590	0.35098295	0.41371154	0.28825436
1591	0.3514398	0.414228486	0.288651114
1592	0.3518719	0.414714091	0.289029709
1593	0.35230835	0.415217573	0.289399127
1594	0.35274795	0.415733508	0.289762392
1595	0.35322635	0.416284909	0.290167791
1596	0.3537317	0.416861526	0.290601874
1597	0.3542627	0.417468494	0.291056906
1598	0.35481225	0.418097309	0.291527191
1599	0.3552894	0.418644562	0.291934238
1600	0.35572315	0.419143427	0.292302873
1601	0.3561562	0.419648771	0.292663629
1602	0.3565905	0.420159381	0.293021619
1603	0.3570875	0.420733491	0.293441509
1604	0.3576254	0.421349435	0.293901365
1605	0.35811315	0.421899316	0.294326984
1606	0.3585704	0.422408776	0.294732024
1607	0.3590566	0.422960384	0.295152816
1608	0.35955935	0.423536577	0.295582123
1609	0.36005655	0.424109229	0.296003871
1610	0.360551	0.424680679	0.296421321
1611	0.36102575	0.425227626	0.296823874
1612	0.36149035	0.425762227	0.297218473
1613	0.36194035	0.426267634	0.297613066
1614	0.36238215	0.426755689	0.298008611
1615	0.36280635	0.427234159	0.298378541
1616	0.36322125	0.427708195	0.298734305
1617	0.36362555	0.428167085	0.299084015
1618	0.36402425	0.428617975	0.299430525
1619	0.3644418	0.42910705	0.29977655
1620	0.3648672	0.429612502	0.300121898
1621	0.3651934	0.429974291	0.300412509
1622	0.3654752	0.430272569	0.300677831
1623	0.365767	0.430619174	0.300914826
1624	0.3660629	0.430986091	0.301139709
1625	0.36632705	0.431295412	0.301358688
1626	0.36657905	0.431582818	0.301575282
1627	0.36680005	0.431842178	0.301757922
1628	0.36700975	0.432091798	0.301927702
1629	0.3671833	0.432278268	0.302088332
1630	0.367345	0.432443973	0.302246027
1631	0.36750815	0.432640483	0.302375817
1632	0.3676728	0.432848481	0.302497119
1633	0.36782305	0.43300895	0.30263715
1634	0.36797095	0.433157586	0.302784314
1635	0.3681583	0.433380683	0.302935917
1636	0.3683576	0.43362593	0.30308927
1637	0.36856985	0.433874652	0.303265048
1638	0.3687886	0.434128415	0.303448785
1639	0.3689752	0.434312927	0.303637473
1640	0.36915345	0.434480512	0.303826388
1641	0.36923935	0.434557797	0.303920903
1642	0.36931025	0.434621137	0.303999363
1643	0.36928625	0.434604712	0.303967788
1644	0.3692458	0.434574433	0.303917167
1645	0.36923635	0.434556973	0.303915727
1646	0.3692293	0.434539011	0.303919589
1647	0.36908395	0.434372258	0.303795642
1648	0.3689241	0.43418979	0.30365841
1649	0.3686612	0.433858831	0.303463569
1650	0.3683905	0.433515795	0.303265205
1651	0.36814015	0.433239189	0.303041111
1652	0.36788625	0.43296132	0.30281118
1653	0.36747565	0.43248853	0.30246277
1654	0.36706	0.432009539	0.302110461
1655	0.3666413	0.431512109	0.301770491
1656	0.36622185	0.431015253	0.301428447
1657	0.36573955	0.430463876	0.301015224
1658	0.36525085	0.429904998	0.300596702
1659	0.36476715	0.429366848	0.300167452
1660	0.36428495	0.428830472	0.299739428
1661	0.36381605	0.428292892	0.299339208
1662	0.363342	0.427750744	0.298933256
1663	0.36284895	0.427201927	0.298495973
1664	0.36233915	0.426634909	0.298043391
1665	0.36173155	0.425953831	0.297509269
1666	0.3611529	0.425306335	0.296999465
1667	0.3608043	0.424930541	0.296678059
1668	0.36045185	0.424552816	0.296350884
1669	0.36008005	0.424159421	0.296000679
1670	0.3596901	0.423744489	0.295635711
1671	0.359237	0.423248767	0.295225233
1672	0.3588433	0.422816255	0.294870345
1673	0.35867385	0.422626795	0.294720905
1674	0.3584721	0.422414191	0.294530009
1675	0.358181	0.422136148	0.294225852
1676	0.3579007	0.421862102	0.293939298
1677	0.35764075	0.421588241	0.293693259
1678	0.35741935	0.421356933	0.293481767
1679	0.35730375	0.421244761	0.293362739
1680	0.35718285	0.421143571	0.293222129
1681	0.35704095	0.421053357	0.293028543
1682	0.3568507	0.420904263	0.292797137
1683	0.35659145	0.420663353	0.292519547
1684	0.35632505	0.420408705	0.292241395
1685	0.3560411	0.420125487	0.291956713
1686	0.355767	0.419870999	0.291663001
1687	0.35550585	0.419658251	0.291353449
1688	0.35514525	0.419328883	0.290961617
1689	0.35467265	0.418867587	0.290477713
1690	0.35423375	0.418429183	0.290038317
1691	0.35381755	0.417997721	0.289637379
1692	0.3533236	0.417478258	0.289168942
1693	0.35276575	0.416889206	0.288642294
1694	0.35222205	0.416325666	0.288118434
1695	0.35166335	0.415749531	0.287577169
1696	0.35109655	0.415160808	0.287032292
1697	0.3505382	0.414576838	0.286499562
1698	0.349973	0.413987944	0.285958056
1699	0.3494095	0.413410046	0.285408954
1700	0.34882035	0.412793773	0.284846927
1701	0.3482011	0.412131222	0.284270978
1702	0.34753525	0.411405995	0.283664505
1703	0.3468587	0.41066867	0.28304873
1704	0.3462969	0.410118904	0.282474896
1705	0.34576075	0.409622277	0.281899223
1706	0.3451442	0.408975796	0.281312604
1707	0.34449555	0.408272886	0.280718214
1708	0.3438635	0.407609549	0.280117451
1709	0.34324665	0.406970644	0.279522656
1710	0.34273465	0.406454892	0.279014408
1711	0.3422224	0.405937166	0.278507634
1712	0.3417177	0.405393263	0.278042137
1713	0.34121085	0.404847019	0.277574681
1714	0.34076705	0.404377467	0.277156633
1715	0.34032795	0.403910177	0.276745723
1716	0.3398135	0.403396741	0.276230259
1717	0.3392877	0.402873912	0.275701488
1718	0.33879665	0.40233136	0.27526194
1719	0.33830535	0.40178624	0.27482446
1720	0.3378522	0.401315553	0.274388847
1721	0.3374143	0.400865287	0.273963313
1722	0.33710755	0.400550782	0.273664318
1723	0.33679795	0.400227862	0.273368038
1724	0.3365185	0.399926281	0.273110719
1725	0.33626205	0.399652524	0.272871576
1726	0.33610855	0.399483379	0.272733721
1727	0.3360237	0.399387498	0.272659902
1728	0.3362224	0.399609577	0.272835223
1729	0.3364479	0.399868116	0.273027684
1730	0.3367013	0.400169923	0.273232677
1731	0.33701605	0.400515583	0.273516517
1732	0.3374878	0.400991263	0.273984337
1733	0.3379665	0.401474967	0.274458033
1734	0.3384395	0.401938426	0.274940574
1735	0.33893365	0.402430017	0.275437283
1736	0.339447	0.402957018	0.275936982
1737	0.33985175	0.40333587	0.27636763
1738	0.3401567	0.403578981	0.276734419
1739	0.34056015	0.403965268	0.277155032
1740	0.34102935	0.404444016	0.277614684
1741	0.34133375	0.404745808	0.277921692
1742	0.34150535	0.404906527	0.278104173
1743	0.34164895	0.405024065	0.278273835
1744	0.34179	0.405131842	0.278448158
1745	0.34188015	0.405219343	0.278540957
1746	0.3419284	0.405276839	0.278579961
1747	0.3420203	0.405361368	0.278679232
1748	0.3421379	0.405474524	0.278801276
1749	0.34211855	0.405451386	0.278785714
1750	0.3420753	0.405399812	0.278750788
1751	0.34203205	0.405343294	0.278720806
1752	0.34197575	0.405273318	0.278678182
1753	0.3420354	0.405343279	0.278727521
1754	0.3421043	0.405427305	0.278781295
1755	0.3420554	0.405394092	0.278716708
1756	0.34199385	0.405337784	0.278649916
1757	0.34194885	0.405233268	0.278664432
1758	0.34194025	0.405177653	0.278702847
1759	0.3420713	0.40530249	0.27884011
1760	0.34221095	0.405432668	0.278989232
1761	0.34222445	0.405410921	0.279037979
1762	0.3422076	0.405357019	0.279058181
1763	0.34230705	0.405452434	0.279161666
1764	0.34247985	0.405617658	0.279342042
1765	0.3426721	0.405758575	0.279585625
1766	0.34283145	0.405866254	0.279796646
1767	0.34304325	0.406055645	0.280030855
1768	0.34325625	0.406226664	0.280285836
1769	0.34342425	0.406307294	0.280541206
1770	0.34363205	0.40645291	0.28081119
1771	0.3439062	0.406696067	0.281116333
1772	0.3440781	0.406816182	0.281340018
1773	0.3441115	0.406759569	0.281463431
1774	0.3441651	0.406724163	0.281606037
1775	0.3442513	0.40674255	0.28176005
1776	0.3443368	0.406782339	0.281891261
1777	0.34444195	0.406854021	0.282029879
1778	0.3446675	0.407067655	0.282267345
1779	0.3449702	0.407376312	0.282564088
1780	0.34488275	0.407221805	0.282543695
1781	0.34464305	0.406882816	0.282403284
1782	0.3445399	0.406682551	0.282397249
1783	0.34442245	0.406459191	0.282385709
1784	0.34438485	0.406422591	0.282347109
1785	0.3443725	0.406426363	0.282318637
1786	0.34432455	0.406349135	0.282299965
1787	0.3442536	0.406234194	0.282273006
1788	0.34397055	0.405840751	0.282100349
1789	0.3436734	0.40543531	0.28191149
1790	0.3435207	0.405272741	0.281768659
1791	0.3433007	0.405020699	0.281580701
1792	0.3427268	0.404246869	0.281206731
1793	0.34214015	0.403481232	0.280799068
1794	0.3414597	0.402724244	0.280195156
1795	0.3406962	0.401828696	0.279563704
1796	0.34015705	0.401027485	0.279286615
1797	0.3395737	0.400177848	0.278969552
1798	0.3387888	0.399185392	0.278392208
1799	0.33794255	0.398137073	0.277748027
1800	0.33723895	0.397295534	0.277182366
1801	0.32048675	0.385625377	0.255348123
1802	0.32047365	0.385209226	0.255738074
1803	0.32510285	0.389791533	0.260414167
1804	0.32683875	0.391903543	0.261773957
1805	0.3235667	0.38883095	0.25830245
1806	0.32160495	0.38704182	0.25616808
1807	0.31693885	0.381852875	0.252024825
1808	0.3045542	0.369472099	0.239636301
1809	0.29906565	0.364213249	0.233918051
1810	0.3004909	0.365112692	0.235869108
1811	0.3016997	0.366198809	0.237200591
1812	0.3048279	0.368599263	0.241056537
1813	0.3075072	0.369866036	0.245148364
1814	0.3061134	0.366264094	0.245962706
1815	0.3022919	0.361603711	0.242980089
1816	0.28395475	0.342512683	0.225396817
1817	0.2648941	0.324881303	0.204906897
1818	0.26583715	0.330245198	0.201429102
1819	0.2628957	0.327457038	0.198334362
1820	0.2609098	0.32572193	0.19609767
1821	0.26442845	0.333793994	0.195062906
1822	0.2673855	0.345529305	0.189241695
1823	0.26114185	0.343530608	0.178753092
1824	0.2493654	0.32810085	0.17062995
1825	0.21612255	0.282248892	0.149996208
1826	0.17992275	0.239202126	0.120643374
1827	0.15212495	0.204829665	0.099420235
1828	0.1372599	0.193086918	0.081432882
1829	0.1344798	0.191881976	0.077077624
1830	0.13599995	0.20393251	0.06806739
1831	0.12707085	0.210752181	0.043389519
1832	0.102077	0.183314374	0.020839626
1833	0.08468175	0.199680851	-0.030317351
1834	0.11991105	0.237235699	0.002586401
1835	0.16986565	0.339550819	0.000180481
1836	0.22305805	0.475061282	-0.028945182
1837	0.2274633	0.557065817	-0.102139217
1838	0.26367105	0.640028312	-0.112686212
1839	0.51163415	1.155857726	-0.132589426
1840	1.97315465	4.60332337	-0.65701407
1841	1.17896965	2.827185272	-0.469245972
1842	0.7066517	1.645607794	-0.232304394
1843	1.02859575	2.433371669	-0.376180169
1844	7.55150395	21.56500943	-6.462001526
1845	0	0	0
1846	0	0	0
1847	0	0	0
1848	0	0	0
1849	0	0	0
1850	0	0	0
1851	0	0	0
1852	0	0	0
1853	0	0	0
1854	0	0	0
1855	0.9145998	2.834582879	-1.005383279
1856	0.083457	0.219985933	-0.053071933
1857	0.04776785	0.122001742	-0.026466042
1858	0.0545211	0.132845507	-0.023803307
1859	0.0987094	0.229415277	-0.031996477
1860	0.18586365	0.404141802	-0.032414502
1861	0.23877135	0.516281615	-0.038738915
1862	0.3307629	0.861051549	-0.199525749
1863	0.29612005	0.715070604	-0.122830504
1864	0.2449363	0.556871248	-0.066998648
1865	0.2825692	0.623784483	-0.058646083
1866	0.34707375	0.910891238	-0.216743738
1867	0.13334755	0.335016148	-0.068321048
1868	0.07566795	0.180598454	-0.029262554
1869	0.0454662	0.118380548	-0.027448148
1870	0.0317171	0.079658669	-0.016224469
1871	0.0260572	0.08035241	-0.02823801
1872	0.0137298	0.039491572	-0.012031972
1873	0.00524275	0.013831247	-0.003345747
1874	0.01396045	0.038043057	-0.010122157
1875	0.02711345	0.075774029	-0.021547129
1876	0.03748045	0.091383472	-0.016422572
1877	0.0455625	0.120013626	-0.028888626
1878	0.06380525	0.168915508	-0.041305008
1879	0.07884755	0.204113228	-0.046418128
1880	0.0867989	0.21603687	-0.04243907
1881	0.10023485	0.219694679	-0.019224979
1882	0.1149073	0.242661926	-0.012847326
1883	0.09895975	0.208625115	-0.010705615
1884	0.08460195	0.181158752	-0.011954852
1885	0.08201235	0.162555838	0.001468862
1886	0.08598735	0.166362051	0.005612649
1887	0.0960129	0.181069729	0.010956071
1888	0.10855875	0.200093521	0.017023979
1889	0.1251169	0.220998163	0.029235637
1890	0.14077215	0.234701064	0.046843236
1891	0.1534983	0.256980045	0.050016555
1892	0.1563146	0.26449889	0.04813031
1893	0.1595348	0.279444723	0.039624877
1894	0.1404033	0.244168756	0.036637844
1895	0.11352525	0.211989485	0.015061015
1896	0.1022129	0.196086898	0.008338902
1897	0.09412555	0.176652375	0.011598725
1898	0.0711392	0.146170875	-0.003892475
1899	0.054552	0.113403652	-0.004299652
1900	0.04459785	0.101360501	-0.012164801
1901	0.04339505	0.101172737	-0.014382637
1902	0.0440079	0.123373567	-0.035357767
1903	0.0490363	0.136565594	-0.038492994
1904	0.0566005	0.164102534	-0.050901534
1905	0.0443127	0.124255237	-0.035629837
1906	0.03800905	0.102252014	-0.026233914
1907	0.02917425	0.074295171	-0.015946671
1908	0.0188341	0.044720849	-0.007052649
1909	0.01725445	0.042409189	-0.007900289
1910	0.0249707	0.061742345	-0.011800945
1911	0.03302145	0.080346208	-0.014303308
1912	0.06225665	0.128452535	-0.003939235
1913	0.09711555	0.196834466	-0.002603366
1914	0.1153783	0.195215193	0.035541407
1915	0.1243387	0.193796179	0.054881221
1916	0.13546915	0.20932134	0.06161696
1917	0.1453452	0.23139244	0.05929796
1918	0.15608585	0.242931067	0.069240633
1919	0.16655545	0.242376139	0.090734761
1920	0.17276525	0.239784608	0.105745892
1921	0.17103045	0.223339034	0.118721866
1922	0.17049355	0.215100396	0.125886704
1923	0.17976485	0.225148474	0.134381226
1924	0.18885045	0.236753401	0.140947499
1925	0.1938449	0.242265429	0.145424371
1926	0.19966595	0.249608571	0.149723329
1927	0.20765705	0.258327643	0.156986457
1928	0.2151404	0.266817927	0.163462873
1929	0.2227945	0.276695956	0.168893044
1930	0.2308	0.287441298	0.174158702
1931	0.2363916	0.295840182	0.176943018
1932	0.233308	0.289656614	0.176959386
1933	0.230896	0.285705838	0.176086162
1934	0.2329519	0.288573416	0.177330384
1935	0.2347744	0.291641706	0.177907094
1936	0.2399445	0.297330307	0.182558693
1937	0.24621875	0.30427638	0.18816112
1938	0.25322315	0.311472615	0.194973685
1939	0.26138545	0.319528676	0.203242224
1940	0.267324	0.326305625	0.208342375
1941	0.26794135	0.329299694	0.206583006
1942	0.2683262	0.331840251	0.204812149
1943	0.27105755	0.335727466	0.206387634
1944	0.27355935	0.339450916	0.207667784
1945	0.27393525	0.338975495	0.208895005
1946	0.2735912	0.337438479	0.209743921
1947	0.27302505	0.335572245	0.210477855
1948	0.27249995	0.333851303	0.211148597
1949	0.27333175	0.334010837	0.212652663
1950	0.27619535	0.336862847	0.215527853
1951	0.27862995	0.339432511	0.217827389
1952	0.27951245	0.340702454	0.218322446
1953	0.28035255	0.341993519	0.218711581
1954	0.2816177	0.34394063	0.21929477
1955	0.28279535	0.34580321	0.21978749
1956	0.28527095	0.349385746	0.221156154
1957	0.2878487	0.35311302	0.22258438
1958	0.29025055	0.355867656	0.224633444
1959	0.29241065	0.357844836	0.226976464
1960	0.29450135	0.359930266	0.229072434
1961	0.29663765	0.362310762	0.230964538
1962	0.29836945	0.364243368	0.232495532
1963	0.29941625	0.365257075	0.233575425
1964	0.3003165	0.366145307	0.234487693
1965	0.3022788	0.36822811	0.23632949
1966	0.3040678	0.370142473	0.237993127
1967	0.3053043	0.371611315	0.238997285
1968	0.3062588	0.372811126	0.239706474
1969	0.30686335	0.373573441	0.240153259
1970	0.3071659	0.373966523	0.240365277
1971	0.3079926	0.37491574	0.24106946
1972	0.3099388	0.377045096	0.242832504
1973	0.3116204	0.378890143	0.244350657
1974	0.3125034	0.379831887	0.245174913
1975	0.31332775	0.380715648	0.245939852
1976	0.31404595	0.381297593	0.246794307
1977	0.31463695	0.381743553	0.247530347
1978	0.31482945	0.381733345	0.247925555
1979	0.31491285	0.381598729	0.248226971
1980	0.3153549	0.382124603	0.248585197
1981	0.31613	0.383258599	0.249001401
1982	0.31678325	0.384143714	0.249422786
1983	0.3173245	0.384690905	0.249958095
1984	0.31790345	0.385299732	0.250507168
1985	0.3187036	0.386224196	0.251183004
1986	0.31949775	0.387144147	0.251851353
1987	0.31894335	0.386403032	0.251483668
1988	0.31824435	0.385483371	0.251005329
1989	0.31841355	0.385535204	0.251291896
1990	0.3189839	0.386057899	0.251909901
1991	0.31919985	0.386245817	0.252153883
1992	0.319106	0.386112776	0.252099224
1993	0.3187108	0.385618586	0.251803014
1994	0.31770365	0.384388301	0.251018999
1995	0.31697395	0.383495696	0.250452204
1996	0.31736655	0.383995865	0.250737235
1997	0.317773	0.384517501	0.251028499
1998	0.3174726	0.384275921	0.250669279
1999	0.31712295	0.38402467	0.25022123
2000	0.3154911	0.382385583	0.248596617
2001	0.31332285	0.380220086	0.246425614
2002	0.3118034	0.378803403	0.244803397
2003	0.3110176	0.378144368	0.243890832
2004	0.31030515	0.377462996	0.243147304
2005	0.30968225	0.37668674	0.24267776
2006	0.3094714	0.376363223	0.242579577
2007	0.30990885	0.376642731	0.243174969
2008	0.3102228	0.376802525	0.243643075
2009	0.30995945	0.37623624	0.24368266
2010	0.3097337	0.375718611	0.243748789
2011	0.30867115	0.374692416	0.242649884
2012	0.30758365	0.373733454	0.241433846
2013	0.30715705	0.373359003	0.240955097
2014	0.30702045	0.373200076	0.240840824
2015	0.3067771	0.372709319	0.240844881
2016	0.3065085	0.372195465	0.240821535
2017	0.3062338	0.371754274	0.240713326
2018	0.30559515	0.370736227	0.240454073
2019	0.3050842	0.36991784	0.24025056
2020	0.30518515	0.369791379	0.240578921
2021	0.3052783	0.369671961	0.240884639
2022	0.30440045	0.368514649	0.240286251
2023	0.30345785	0.367372277	0.239543423
2024	0.30260035	0.366265084	0.238935616
2025	0.301641	0.364996839	0.238285161
2026	0.3003162	0.363421982	0.237210418
2027	0.29899975	0.361845692	0.236153808
2028	0.29775595	0.360378919	0.235132981
2029	0.2963932	0.358956213	0.233830187
2030	0.2951568	0.357626514	0.232687086
2031	0.29476755	0.357077592	0.232457508
2032	0.294434	0.356596353	0.232271647
2033	0.29406455	0.356073319	0.232055781
2034	0.29365	0.355503278	0.231796722
2035	0.29304695	0.354856263	0.231237637
2036	0.2923541	0.354104997	0.230603203
2037	0.29142615	0.353032683	0.229819617
2038	0.29050955	0.351947362	0.229071738
2039	0.2893369	0.350499717	0.228174083
2040	0.28790235	0.348741032	0.227063668
2041	0.28654975	0.347104753	0.225994747
2042	0.2852844	0.345619011	0.224949789
2043	0.28405255	0.344175606	0.223929494
2044	0.2831318	0.343009012	0.223254588
2045	0.2821693	0.341802951	0.222535649
2046	0.28079825	0.340276255	0.221320245
2047	0.27931305	0.338631961	0.219994139
2048	0.2785139	0.337810923	0.219216877
2049	0.27787145	0.337202751	0.218540149
2050	0.27701795	0.336218778	0.217817122
2051	0.2759021	0.334916513	0.216887687
2052	0.2746955	0.333539825	0.215851175
2053	0.27369545	0.332260577	0.215130323
2054	0.27269925	0.330993293	0.214405207
2055	0.2717819	0.330045604	0.213518196
2056	0.27089975	0.329141577	0.212657923
2057	0.2699352	0.328142345	0.211728055
2058	0.26898865	0.327147483	0.210829817
2059	0.26879255	0.326890604	0.210694496
2060	0.26880615	0.326878191	0.210734109
2061	0.26880365	0.326647143	0.210960157
2062	0.26864995	0.326177596	0.211122304
2063	0.2682703	0.325695756	0.210844844
2064	0.26785835	0.325300986	0.210415714
2065	0.26744275	0.324972995	0.209912505
2066	0.2668409	0.324410275	0.209271525
2067	0.2661915	0.323666438	0.208716562
2068	0.26575705	0.323132465	0.208381635
2069	0.26528215	0.322564084	0.208000216
2070	0.2645695	0.321692654	0.207446346
2071	0.2638892	0.320856115	0.206922285
2072	0.26360835	0.320414872	0.206801828
2073	0.2634315	0.320069433	0.206793567
2074	0.26338515	0.3199997	0.2067706
2075	0.2632713	0.319868138	0.206674462
2076	0.2628344	0.319411873	0.206256927
2077	0.26226255	0.318865842	0.205659258
2078	0.26190635	0.31850415	0.20530855
2079	0.2615369	0.318026013	0.205047787
2080	0.26116705	0.31751293	0.20482117
2081	0.2609617	0.317288338	0.204635062
2082	0.26060455	0.316880698	0.204328402
2083	0.2599087	0.316001886	0.203815514
2084	0.2593106	0.315246	0.2033752
2085	0.25940745	0.315272277	0.203542623
2086	0.2596367	0.31542025	0.20385315
2087	0.25977395	0.315514052	0.204033848
2088	0.2598351	0.315533281	0.204136919
2089	0.2595375	0.315173488	0.203901512
2090	0.25899955	0.314563405	0.203435695
2091	0.2588161	0.314335353	0.203296847
2092	0.258999	0.31456113	0.20343687
2093	0.25914085	0.31467701	0.20360469
2094	0.2592939	0.314789776	0.203798024
2095	0.2593445	0.314879051	0.203809949
2096	0.25933545	0.314849797	0.203821103
2097	0.25932015	0.314780214	0.203860086
2098	0.2591228	0.31462781	0.20361779
2099	0.25889775	0.31450227	0.20329323
2100	0.2588996	0.314642021	0.203157179
2101	0.2589734	0.31485544	0.20309136
2102	0.2590518	0.314944147	0.203159453
2103	0.2591946	0.31509789	0.20329131
2104	0.25903885	0.314989441	0.203088259
2105	0.25843335	0.314309158	0.202557542
2106	0.2581796	0.314080152	0.202279048
2107	0.25849	0.314598149	0.202381851
2108	0.2587325	0.314969677	0.202495323
2109	0.2588408	0.315131797	0.202549803
2110	0.2589463	0.315248888	0.202643712
2111	0.25899725	0.315107036	0.202887464
2112	0.2590781	0.315013665	0.203142535
2113	0.2592994	0.315223275	0.203375525
2114	0.25954715	0.315484503	0.203609797
2115	0.25984775	0.315848357	0.203847143
2116	0.26010795	0.316187171	0.204028729
2117	0.26020075	0.316277998	0.204123502
2118	0.2604274	0.316527382	0.204327418
2119	0.2605517	0.316654092	0.204449308
2120	0.26071245	0.316820515	0.204604385
2121	0.2612697	0.317543525	0.204995875
2122	0.2617374	0.318280515	0.205194285
2123	0.26190745	0.318645237	0.205169663
2124	0.2618457	0.318623919	0.205067481
2125	0.2618258	0.318653964	0.204997636
2126	0.26206145	0.318988711	0.205134189
2127	0.26230995	0.31929551	0.20532439
2128	0.2622344	0.319088314	0.205380486
2129	0.26204665	0.318743157	0.205350143
2130	0.2620349	0.318560311	0.205509489
2131	0.26216355	0.318539962	0.205787138
2132	0.2624234	0.319019016	0.205827784
2133	0.2626978	0.319529826	0.205865774
2134	0.2629046	0.319836056	0.205973144
2135	0.26305205	0.31995242	0.20615168
2136	0.2631725	0.320034501	0.206310499
2137	0.2633641	0.320395109	0.206333091
2138	0.263701	0.320797873	0.206604127
2139	0.2638419	0.320812249	0.206871551
2140	0.26388535	0.32079584	0.20697486
2141	0.26389515	0.320719566	0.207070734
2142	0.2639793	0.320702957	0.207255643
2143	0.264341	0.321109627	0.207572373
2144	0.2647583	0.321639054	0.207877546
2145	0.2652386	0.322282324	0.208194876
2146	0.26576575	0.322967206	0.208564294
2147	0.26581775	0.323101689	0.208533811
2148	0.26577435	0.323172047	0.208376653
2149	0.2660455	0.32355685	0.20853415
2150	0.2663842	0.323984417	0.208783983
2151	0.26686585	0.324518132	0.209213568
2152	0.26748065	0.325081665	0.209879635
2153	0.26798605	0.325575381	0.210396719
2154	0.26796055	0.325576694	0.210344406
2155	0.26800615	0.325615178	0.210397122
2156	0.2685571	0.32621925	0.21089495
2157	0.26909935	0.326838894	0.211359806
2158	0.26940995	0.327207528	0.211612372
2159	0.26962385	0.327501544	0.211746156
2160	0.26978105	0.327899645	0.211662455
2161	0.27007535	0.328460561	0.211690139
2162	0.2707973	0.329294551	0.212300049
2163	0.27142815	0.329961515	0.212894785
2164	0.2718936	0.33048845	0.21329875
2165	0.27228605	0.330939755	0.213632345
2166	0.27258	0.331182142	0.213977858
2167	0.27292695	0.33151519	0.21433871
2168	0.2730913	0.331675612	0.214506988
2169	0.27331945	0.331877922	0.214760978
2170	0.27349365	0.332010802	0.214976498
2171	0.27347305	0.331985858	0.214960242
2172	0.27362465	0.332156906	0.215092394
2173	0.27380295	0.332283961	0.215321939
2174	0.27393015	0.332361004	0.215499296
2175	0.2741706	0.332633189	0.215708011
2176	0.27440505	0.332885433	0.215924667
2177	0.27453985	0.332933441	0.216146259
2178	0.2747414	0.333069375	0.216413425
2179	0.2751501	0.333546933	0.216753267
2180	0.27559755	0.334065365	0.217129735
2181	0.2762411	0.334855019	0.217627181
2182	0.27671305	0.335426295	0.217999805
2183	0.27682185	0.335610208	0.218033492
2184	0.2767861	0.335639351	0.217932849
2185	0.27689095	0.335789098	0.217992802
2186	0.27724315	0.336259377	0.218226923
2187	0.27742115	0.336469399	0.218372901
2188	0.27738905	0.336490706	0.218287394
2189	0.2774796	0.336654871	0.218304329
2190	0.27783165	0.337010127	0.218653173
2191	0.27810775	0.337309666	0.218905834
2192	0.2782595	0.337454723	0.219064277
2193	0.27847435	0.337624559	0.219324141
2194	0.2787156	0.337762583	0.219668617
2195	0.2788959	0.337864314	0.219927486
2196	0.2791442	0.338201909	0.220086491
2197	0.2794854	0.338661362	0.220309438
2198	0.2797473	0.338865819	0.220628781
2199	0.2797864	0.338855918	0.220716882
2200	0.2797404	0.338810757	0.220670043
2201	0.27997055	0.339071539	0.220869561
2202	0.28037485	0.339548059	0.221201641
2203	0.2806172	0.33970891	0.22152549
2204	0.28093535	0.339951908	0.221918792
2205	0.2814419	0.340518451	0.222365349
2206	0.2816602	0.340752418	0.222567982
2207	0.2816917	0.340869209	0.222514191
2208	0.2817955	0.341127117	0.222463883
2209	0.28169525	0.341088435	0.222302065
2210	0.28153875	0.340931956	0.222145544
2211	0.281395	0.340768619	0.222021381
2212	0.2812435	0.340580384	0.221906616
2213	0.2809867	0.340201131	0.221772269
2214	0.28080665	0.339939731	0.221673569
2215	0.28122055	0.340488923	0.221952177
2216	0.28170325	0.341128909	0.222277591
2217	0.28154835	0.341000014	0.222096686
2218	0.28106475	0.340439849	0.221689651
2219	0.2806486	0.339849986	0.221447214
2220	0.28072795	0.339848767	0.221607133
2221	0.28058865	0.339679163	0.221498137
2222	0.28010225	0.339185359	0.221019141
2223	0.2796498	0.338735692	0.220563908
2224	0.27911685	0.338061504	0.220172196
2225	0.2787821	0.337612389	0.219951811
2226	0.27866115	0.337480364	0.219841936
2227	0.27815445	0.336863123	0.219445777
2228	0.27713645	0.335660582	0.218612318
2229	0.2761482	0.334503626	0.217792774
2230	0.2751817	0.333349654	0.217013746
2231	0.27438075	0.332408084	0.216353416
2232	0.27422015	0.33230801	0.21613229
2233	0.27405305	0.332211468	0.215894632
2234	0.27304405	0.331043537	0.215044563
2235	0.2717421	0.329483712	0.214000488
2236	0.2701533	0.327537127	0.212769473
2237	0.26845675	0.325490047	0.211423453
2238	0.26705495	0.323870281	0.210239619
2239	0.26589115	0.322578363	0.209203937
2240	0.26496515	0.321608415	0.208321885
2241	0.26431055	0.320879254	0.207741846
2242	0.26353225	0.319912825	0.207151675
2243	0.26240465	0.318503067	0.206306233
2244	0.26135265	0.317216532	0.205488768
2245	0.2601188	0.315838289	0.204399311
2246	0.25871845	0.314281819	0.203155081
2247	0.2576121	0.312986541	0.202237659
2248	0.2562831	0.311414557	0.201151643
2249	0.25468895	0.309602808	0.199775092
2250	0.25342135	0.308189406	0.198653294
2251	0.25249955	0.307146536	0.197852564
2252	0.2514591	0.305958357	0.196959843
2253	0.25016485	0.304481629	0.195848071
2254	0.2488709	0.303019997	0.194721803
2255	0.24788725	0.301944308	0.193830192
2256	0.247003	0.300962192	0.193043808
2257	0.24584295	0.29954549	0.19214041
2258	0.2445121	0.29794287	0.19108133
2259	0.2430568	0.296352793	0.189760807
2260	0.24175145	0.294982161	0.188520739
2261	0.2404237	0.29331744	0.18752996
2262	0.23889465	0.291280766	0.186508534
2263	0.23771435	0.289750856	0.185677844
2264	0.23676705	0.288573906	0.184960194
2265	0.2359192	0.287807565	0.184030835
2266	0.2353507	0.287491075	0.183210325
2267	0.23472965	0.286832925	0.182626375
2268	0.2337388	0.285604829	0.181872771
2269	0.2328194	0.284429307	0.181209493
2270	0.2320896	0.283365548	0.180813652
2271	0.2313987	0.282455803	0.180341597
2272	0.2309308	0.282094973	0.179766627
2273	0.2304829	0.281750382	0.179215418
2274	0.230127	0.281320581	0.178933419
2275	0.22975045	0.280797924	0.178702976
2276	0.2289619	0.279772201	0.178151599
2277	0.22812215	0.278712471	0.177531829
2278	0.2278895	0.278334658	0.177444342
2279	0.2278466	0.278217929	0.177475271
2280	0.22751775	0.278080399	0.176955101
2281	0.22706355	0.277821605	0.176305495
2282	0.22685005	0.277723139	0.175976961
2283	0.22680875	0.277830121	0.175787379
2284	0.2266966	0.277731017	0.175662183
2285	0.22647835	0.277535782	0.175420918
2286	0.22603685	0.27699972	0.17507398
2287	0.22546475	0.276229047	0.174700453
2288	0.2250552	0.275719745	0.174390655
2289	0.22456545	0.275128325	0.174002575
2290	0.2240417	0.274510202	0.173573198
2291	0.2235941	0.274079886	0.173108314
2292	0.22320645	0.273747697	0.172665203
2293	0.2228644	0.273480666	0.172248134
2294	0.22236115	0.273070588	0.171651712
2295	0.221613	0.27225127	0.17097473
2296	0.2208512	0.27141254	0.17028986
2297	0.2199709	0.270597821	0.169343979
2298	0.21924095	0.269908715	0.168573185
2299	0.21924725	0.269955229	0.168539271
2300	0.2192575	0.270064229	0.168450771
2301	0.2188498	0.269643512	0.168056088
2302	0.21834815	0.269005073	0.167691227
2303	0.21802145	0.268450983	0.167591917
2304	0.21777205	0.26803062	0.16751348
2305	0.21734425	0.267424215	0.167264285
2306	0.2168827	0.266761935	0.167003465
2307	0.216785	0.266464787	0.167105213
2308	0.21674325	0.266226803	0.167259697
2309	0.2166161	0.266023739	0.167208461
2310	0.21649005	0.265826083	0.167154017
2311	0.21628745	0.265520882	0.167054018
2312	0.216143	0.265367908	0.166918092
2313	0.21634015	0.265617873	0.167062427
2314	0.2165614	0.265874915	0.167247885
2315	0.2168936	0.26614859	0.16763861
2316	0.2174031	0.266481965	0.168324235
2317	0.2178813	0.266826969	0.168935631
2318	0.21815305	0.267017129	0.169288971
2319	0.2184704	0.267392552	0.169548248
2320	0.2186525	0.267736094	0.169568906
2321	0.2187705	0.267890416	0.169650584
2322	0.21928355	0.268284162	0.170282938
2323	0.2196076	0.268430406	0.170784794
2324	0.2198394	0.268515934	0.171162866
2325	0.2203667	0.268979586	0.171753814
2326	0.2210487	0.269800658	0.172296742
2327	0.221483	0.270378544	0.172587456
2328	0.2209618	0.269720308	0.172203292
2329	0.22020515	0.268754295	0.171656005
2330	0.21930215	0.26780718	0.17079712
2331	0.2185735	0.267156274	0.169990726
2332	0.2183641	0.267147769	0.169580431
2333	0.21815165	0.267080078	0.169223222
2334	0.21763765	0.266430102	0.168845198
2335	0.21704155	0.265645345	0.168437755
2336	0.2164464	0.264918729	0.167974071
2337	0.2159093	0.264331165	0.167487435
2338	0.21551035	0.263869048	0.167151652
2339	0.2151009	0.263311095	0.166890705
2340	0.2150522	0.263386933	0.166717467
2341	0.2151796	0.263702591	0.166656609
2342	0.2147531	0.263096454	0.166409746
2343	0.2138949	0.26193707	0.16585273
2344	0.21321795	0.26088078	0.16555512
2345	0.21292105	0.260332537	0.165509563
2346	0.2125818	0.259977289	0.165186311
2347	0.21224725	0.259638693	0.164855807
2348	0.212651	0.260077028	0.165224972
2349	0.21332255	0.261001361	0.165643739
2350	0.21367445	0.261594986	0.165753914
2351	0.21369465	0.261813167	0.165576133
2352	0.2137459	0.262210683	0.165281117
2353	0.21434875	0.263141533	0.165555967
2354	0.21519895	0.264187284	0.166210616
2355	0.216234	0.265209708	0.167258292
2356	0.21704035	0.265981259	0.168099441
2357	0.21772725	0.266672162	0.168782338
2358	0.2183692	0.267281954	0.169456446
2359	0.21818055	0.266920337	0.169440763
2360	0.21809405	0.266728969	0.169459131
2361	0.2181447	0.266703583	0.169585817
2362	0.2180693	0.266507396	0.169631204
2363	0.21815525	0.266627762	0.169682738
2364	0.21820415	0.266826991	0.169581309
2365	0.21755935	0.26618208	0.16893662
2366	0.21695465	0.265473968	0.168435332
2367	0.2171973	0.26564053	0.16875407
2368	0.21758225	0.265968298	0.169196202
2369	0.2181262	0.266356096	0.169896304
2370	0.2187403	0.266868028	0.170612572
2371	0.219226	0.26754289	0.17090911
2372	0.2195485	0.268073704	0.171023296
2373	0.2193341	0.267911442	0.170756758
2374	0.21937725	0.268012399	0.170742101
2375	0.21921405	0.26786964	0.17055846
2376	0.21854215	0.267289387	0.169794913
2377	0.2181501	0.266865617	0.169434583
2378	0.2178703	0.266535602	0.169204998
2379	0.21745975	0.266035231	0.168884269
2380	0.21726355	0.265665986	0.168861114
2381	0.2171037	0.265287031	0.168920369
2382	0.21712895	0.265029301	0.169228599
2383	0.2172913	0.265166397	0.169416203
2384	0.21673775	0.264684551	0.168790949
2385	0.2169053	0.264843893	0.168966707
2386	0.21756325	0.265442283	0.169684217
2387	0.21789625	0.266083555	0.169708945
2388	0.21839295	0.267319981	0.169465919
2389	0.2186733	0.26782262	0.16952398
2390	0.2192688	0.26828482	0.17025278
2391	0.219016	0.267692693	0.170339307
2392	0.217241	0.264998741	0.169483259
2393	0.2163652	0.263669319	0.169061081
2394	0.21661705	0.264132366	0.169101734
2395	0.2174377	0.265448192	0.169427208
2396	0.2187652	0.267679792	0.169850608
2397	0.21943775	0.268787374	0.170088126
2398	0.219495	0.268384388	0.170605612
2399	0.219029	0.267531276	0.170526724
2400	0.21799405	0.266758739	0.169229361
2401	0.2174562	0.266545525	0.168366875
2402	0.2173701	0.266453026	0.168287174
2403	0.2171012	0.266220012	0.167982388
2404	0.21727355	0.266185504	0.168361596
2405	0.2178944	0.266584764	0.169204036
2406	0.2182837	0.266916703	0.169650697
2407	0.2180521	0.266596505	0.169507695
2408	0.216514	0.265225779	0.167802221
2409	0.21517025	0.264250418	0.166090082
2410	0.2149407	0.264229368	0.165652032
2411	0.214525	0.26387858	0.16517142
2412	0.213091	0.261907462	0.164274538
2413	0.21176475	0.259897207	0.163632293
2414	0.2116977	0.259263705	0.164131695
2415	0.21161385	0.258832086	0.164395614
2416	0.21027385	0.257929623	0.162618077
2417	0.2088692	0.257084002	0.160654398
2418	0.2091607	0.257655398	0.160666002
2419	0.209971	0.258679953	0.161262047
2420	0.2101445	0.258960375	0.161328625
2421	0.2098821	0.258954369	0.160809831
2422	0.2093524	0.257808171	0.160896629
2423	0.2087293	0.256213269	0.161245331
2424	0.2082329	0.25556261	0.16090319
2425	0.2080327	0.255518086	0.160547314
2426	0.20705385	0.254810808	0.159296892
2427	0.20565765	0.253626396	0.157688904
2428	0.20613135	0.254325813	0.157936887
2429	0.2071723	0.255859874	0.158484726
2430	0.20679	0.255518459	0.158061541
2431	0.20625905	0.254946907	0.157571193
2432	0.2049777	0.253560403	0.156394997
2433	0.20271915	0.250818335	0.154619965
2434	0.20155885	0.248898923	0.154218777
2435	0.2012973	0.247714135	0.154880465
2436	0.20008595	0.245676005	0.154495895
2437	0.19885345	0.2440533	0.1536536
2438	0.19888315	0.243958679	0.153807621
2439	0.1989727	0.243803088	0.154142312
2440	0.1975329	0.242078311	0.152987489
2441	0.19543595	0.239959105	0.150912795
2442	0.1943955	0.238671542	0.150119458
2443	0.1934918	0.237395706	0.149587894
2444	0.1929903	0.237910944	0.148069656
2445	0.19275645	0.239385403	0.146127497
2446	0.1913032	0.238085779	0.144520621
2447	0.18953945	0.234952325	0.144126575
2448	0.18787465	0.233033073	0.142716227
2449	0.18579785	0.231666502	0.139929198
2450	0.1823516	0.227890726	0.136812474
2451	0.18002885	0.224957376	0.135100324
2452	0.1802424	0.224527705	0.135957095
2453	0.1803427	0.223432903	0.137252497
2454	0.17970595	0.222923885	0.136488015
2455	0.1793818	0.222722382	0.136041218
2456	0.18029335	0.223469355	0.137117345
2457	0.18331615	0.227207419	0.139424881
2458	0.18517275	0.229316707	0.141028793
2459	0.1835486	0.227221355	0.139875845
2460	0.1816736	0.224726724	0.138620476
2461	0.179874	0.221940188	0.137807812
2462	0.1786658	0.220698492	0.136633108
2463	0.17890845	0.221735694	0.136081206
2464	0.17791115	0.220855485	0.134966815
2465	0.174635	0.216588454	0.132681546
2466	0.17187765	0.213489966	0.130265334
2467	0.17147095	0.214561298	0.128380602
2468	0.17233385	0.217732102	0.126935598
2469	0.1725537	0.218333822	0.126773578
2470	0.17155355	0.216290217	0.126816883
2471	0.1696898	0.212784461	0.126595139
2472	0.16664325	0.208939887	0.124346613
2473	0.1624785	0.204236653	0.120720347
2474	0.1596916	0.201002408	0.118380792
2475	0.1587463	0.198614885	0.118877715
2476	0.1564438	0.195377385	0.117510215
2477	0.1516118	0.190530108	0.112693492
2478	0.1464545	0.186709839	0.106199161
2479	0.14313405	0.186008835	0.100259265
2480	0.13859965	0.184547207	0.092652093
2481	0.12865985	0.175517189	0.081802511
2482	0.1191634	0.166618728	0.071708072
2483	0.11608365	0.163797073	0.068370227
2484	0.1120878	0.161025993	0.063149607
2485	0.10875495	0.157340664	0.060169236
2486	0.10587245	0.154033462	0.057711438
2487	0.1026159	0.149249321	0.055982479
2488	0.09895705	0.148531134	0.049382966
2489	0.09615705	0.148749726	0.043564374
2490	0.09576115	0.153641184	0.037881116
2491	0.0949669	0.14971003	0.04022377
2492	0.09268415	0.146791588	0.038576712
2493	0.0953068	0.146170665	0.044442935
2494	0.09738575	0.146124879	0.048646621
2495	0.0922284	0.132280239	0.052176561
2496	0.0890374	0.128282313	0.049792487
2497	0.0989569	0.149329822	0.048583978
2498	0.11240585	0.17579809	0.04901361
2499	0.116304	0.175734809	0.056873191
2500	0.11465215	0.171576048	0.057728252
