Wavelength	Mean	Std+	Std-
350	0.061202467	0.075908674	0.04649626
351	0.061745	0.076440533	0.047049467
352	0.062271867	0.077057826	0.047485907
353	0.061905067	0.076632322	0.047177811
354	0.061712067	0.07641823	0.047005904
355	0.061783667	0.076519497	0.047047837
356	0.0621394	0.076932846	0.047345954
357	0.062387133	0.077150291	0.047623976
358	0.0626278	0.077331606	0.047923994
359	0.063087	0.077813067	0.048360933
360	0.063012333	0.077787973	0.048236694
361	0.0629166	0.077710206	0.048122994
362	0.0630874	0.07782202	0.04835278
363	0.063844133	0.078587086	0.04910118
364	0.064214933	0.078978438	0.049451429
365	0.0641212	0.078909493	0.049332907
366	0.064581133	0.079371154	0.049791112
367	0.06473	0.079509606	0.049950394
368	0.0647894	0.079554892	0.050023908
369	0.065312533	0.080077773	0.050547294
370	0.065319	0.080110596	0.050527404
371	0.065343933	0.080170198	0.050517669
372	0.065779533	0.080637406	0.050921661
373	0.065945333	0.080796088	0.051094579
374	0.066228333	0.081089432	0.051367235
375	0.066689867	0.081587234	0.051792499
376	0.066903467	0.081815829	0.051991105
377	0.0672622	0.082182465	0.052341935
378	0.0676784	0.082610525	0.052746275
379	0.067829933	0.082819444	0.052840423
380	0.068086667	0.083087105	0.053086229
381	0.068406067	0.083414066	0.053398067
382	0.068776933	0.08382352	0.053730346
383	0.068672267	0.083728315	0.053616218
384	0.068893733	0.08395632	0.053831146
385	0.069610333	0.084682155	0.054538511
386	0.069994333	0.085116985	0.054871682
387	0.070497	0.085662911	0.055331089
388	0.070988333	0.086191768	0.055784898
389	0.070938667	0.086184672	0.055692661
390	0.071112733	0.086366307	0.055859159
391	0.071359067	0.086601508	0.056116625
392	0.071573133	0.086791258	0.056355009
393	0.072197	0.087443214	0.056950786
394	0.072625667	0.087906118	0.057345215
395	0.072717	0.088027015	0.057406985
396	0.073180667	0.088495477	0.057865856
397	0.073515867	0.088859297	0.058172436
398	0.073752733	0.089138185	0.058367281
399	0.0739434	0.089356464	0.058530336
400	0.074236067	0.089680838	0.058791295
401	0.0745606	0.090034534	0.059086666
402	0.0748936	0.090389732	0.059397468
403	0.075213267	0.090676439	0.059750095
404	0.0754454	0.090902306	0.059988494
405	0.075570867	0.091070952	0.060070781
406	0.076034467	0.091523326	0.060545607
407	0.0764116	0.091912998	0.060910202
408	0.076709	0.092240972	0.061177028
409	0.076985667	0.092528044	0.061443289
410	0.077269733	0.092821927	0.06171754
411	0.077577333	0.093145896	0.062008771
412	0.077951533	0.093554838	0.062348229
413	0.078359867	0.093968641	0.062751093
414	0.078693067	0.094316521	0.063069612
415	0.078906733	0.094569171	0.063244296
416	0.079301533	0.094977171	0.063625896
417	0.079674867	0.095365514	0.063984219
418	0.080019267	0.09572717	0.064311364
419	0.080340533	0.09606283	0.064618236
420	0.080683	0.096424204	0.064941796
421	0.081024067	0.096784342	0.065263791
422	0.0813294	0.097100767	0.065558033
423	0.081707267	0.097508028	0.065906505
424	0.082086133	0.097907689	0.066264578
425	0.082441467	0.098262323	0.066620611
426	0.082737667	0.098584148	0.066891186
427	0.083123133	0.09898782	0.067258447
428	0.0835948	0.099470174	0.067719426
429	0.08394	0.099848401	0.068031599
430	0.084295867	0.100225182	0.068366551
431	0.084680267	0.100624828	0.068735705
432	0.085157533	0.101120012	0.069195054
433	0.085663667	0.101649551	0.069677782
434	0.086095067	0.102106177	0.070083956
435	0.0863858	0.102423551	0.070348049
436	0.0867726	0.102837804	0.070707396
437	0.087124067	0.103208239	0.071039894
438	0.087440333	0.103536233	0.071344433
439	0.087848667	0.103972257	0.071725076
440	0.088254667	0.104390971	0.072118362
441	0.088648667	0.104793376	0.072503957
442	0.089005867	0.105178245	0.072833488
443	0.0893946	0.105582185	0.073207015
444	0.089800867	0.106000202	0.073601531
445	0.090223133	0.106434579	0.074011688
446	0.090584667	0.106810088	0.074359246
447	0.090968133	0.107215831	0.074720436
448	0.091382333	0.107660204	0.075104463
449	0.091727	0.108003126	0.075450874
450	0.092052267	0.108345117	0.075759417
451	0.092396067	0.108713868	0.076078266
452	0.0928774	0.109202982	0.076551818
453	0.093196533	0.10953066	0.076862407
454	0.093501733	0.109843532	0.077159934
455	0.093903733	0.110250404	0.077557063
456	0.094249067	0.11060113	0.077897003
457	0.0945938	0.11095347	0.07823413
458	0.094945333	0.111315479	0.078575188
459	0.0953502	0.111731584	0.078968816
460	0.095752267	0.112142622	0.079361911
461	0.096145	0.112544428	0.079745572
462	0.096490333	0.112909351	0.080071315
463	0.0968222	0.11323848	0.08040592
464	0.097151867	0.113561828	0.080741905
465	0.097485133	0.113898302	0.081071964
466	0.097882333	0.114304745	0.081459922
467	0.0982416	0.114670269	0.081812931
468	0.098535867	0.114965686	0.082106047
469	0.098920667	0.115358002	0.082483331
470	0.099270867	0.115707125	0.082834609
471	0.099603133	0.116034359	0.083171908
472	0.0999908	0.116430225	0.083551375
473	0.1003238	0.116768968	0.083878632
474	0.100650867	0.117100287	0.084201447
475	0.10102	0.117472228	0.084567772
476	0.1013984	0.117854413	0.084942387
477	0.101757667	0.118214918	0.085300415
478	0.102090733	0.118544949	0.085636517
479	0.102487333	0.11895767	0.086016996
480	0.102902933	0.119378241	0.086427626
481	0.1033212	0.119795378	0.086847022
482	0.1036526	0.120147329	0.087157871
483	0.104088333	0.120595796	0.087580871
484	0.104530933	0.121047434	0.088014432
485	0.104845533	0.12136824	0.088322827
486	0.105248267	0.121775893	0.088720641
487	0.105690867	0.122222146	0.089159588
488	0.106163533	0.122697282	0.089629785
489	0.106523733	0.123066001	0.089981466
490	0.106915667	0.123464949	0.090366385
491	0.1073308	0.12388737	0.09077423
492	0.107739067	0.124315674	0.091162459
493	0.108138133	0.124724584	0.091551682
494	0.1085428	0.125138023	0.091947577
495	0.1089788	0.125595687	0.092361913
496	0.109421133	0.126048179	0.092794088
497	0.109843667	0.126481762	0.093205571
498	0.110235533	0.126890247	0.09358082
499	0.110660267	0.1273306	0.093989933
500	0.111127133	0.127810369	0.094443898
501	0.111630667	0.128324049	0.094937284
502	0.1121338	0.128835646	0.095431954
503	0.112552667	0.129271158	0.095834176
504	0.112957933	0.129693847	0.09622202
505	0.113470933	0.130213246	0.096728621
506	0.1138802	0.130639599	0.097120801
507	0.114281067	0.131056893	0.09750524
508	0.114718067	0.131505117	0.097931016
509	0.115209333	0.132010378	0.098408289
510	0.1157074	0.132529609	0.098885191
511	0.116206267	0.13305565	0.099356884
512	0.116670933	0.133530554	0.099811312
513	0.1171386	0.134017542	0.100259658
514	0.117615867	0.134518607	0.100713127
515	0.1181134	0.135037553	0.101189247
516	0.1186204	0.135553819	0.101686981
517	0.119118133	0.136061537	0.10217473
518	0.119586533	0.136548087	0.10262498
519	0.120185	0.137158749	0.103211251
520	0.120728067	0.13771864	0.103737494
521	0.1211958	0.138208866	0.104182734
522	0.121661533	0.13870604	0.104617027
523	0.122127867	0.139196348	0.105059385
524	0.122612933	0.139701778	0.105524088
525	0.1231688	0.140279569	0.106058031
526	0.123638933	0.140778467	0.106499399
527	0.124124467	0.141288914	0.106960019
528	0.124697667	0.14187452	0.107520813
529	0.1252054	0.142404874	0.108005926
530	0.125703667	0.142928943	0.10847839
531	0.126201	0.143454907	0.108947093
532	0.1267796	0.144067208	0.109491992
533	0.127334933	0.14464688	0.110022987
534	0.127873133	0.145204607	0.11054166
535	0.1283938	0.145750146	0.111037454
536	0.128939067	0.146323385	0.111554749
537	0.129487133	0.146901611	0.112072656
538	0.130027467	0.147475264	0.112579669
539	0.130541133	0.148013981	0.113068286
540	0.131086733	0.148587196	0.113586271
541	0.131672067	0.149204886	0.114139247
542	0.132244733	0.149799833	0.114689633
543	0.132762933	0.15034491	0.115180957
544	0.133256267	0.150868885	0.115643649
545	0.133839733	0.151484997	0.116194469
546	0.134414533	0.152095904	0.116733163
547	0.1349828	0.152700353	0.117265247
548	0.135543333	0.153293519	0.117793148
549	0.136126333	0.153902117	0.118350549
550	0.136694667	0.154498649	0.118890684
551	0.137237533	0.155075038	0.119400029
552	0.137811667	0.155681736	0.119941597
553	0.138379067	0.15628601	0.120472123
554	0.138942467	0.156890407	0.120994527
555	0.139505333	0.157497937	0.12151273
556	0.140060733	0.158089885	0.122031581
557	0.140632867	0.158695318	0.122570415
558	0.141254667	0.159349139	0.123160194
559	0.141882067	0.160008784	0.123755349
560	0.142475867	0.160637628	0.124314105
561	0.143016533	0.161217009	0.124816058
562	0.143592667	0.161840001	0.125345333
563	0.1442128	0.162501954	0.125923646
564	0.144853133	0.163180138	0.126526129
565	0.145365533	0.163733637	0.12699743
566	0.145949667	0.164355988	0.127543346
567	0.1465518	0.164997615	0.128105985
568	0.1471066	0.165599546	0.128613654
569	0.147722667	0.166256037	0.129189297
570	0.1483368	0.166906341	0.129767259
571	0.148926933	0.167528283	0.130325584
572	0.149509467	0.16815128	0.130867653
573	0.150118267	0.168804214	0.131432319
574	0.150744067	0.16947695	0.132011184
575	0.151302933	0.170078714	0.132527152
576	0.151911467	0.170731079	0.133091854
577	0.1525506	0.171414298	0.133686902
578	0.1531974	0.172102964	0.134291836
579	0.153791933	0.172744726	0.13483914
580	0.154378667	0.173379365	0.135377969
581	0.154969733	0.174017377	0.13592209
582	0.1555934	0.174688859	0.136497941
583	0.1562128	0.175354207	0.137071393
584	0.156829533	0.176015141	0.137643925
585	0.157442867	0.176675517	0.138210217
586	0.1580022	0.177275296	0.138729104
587	0.1585448	0.177856958	0.139232642
588	0.1591182	0.17847787	0.13975853
589	0.1597046	0.17909506	0.14031414
590	0.160290333	0.17971434	0.140866327
591	0.160860467	0.180330567	0.141390366
592	0.161472733	0.180994873	0.141950594
593	0.162093867	0.181664398	0.142523335
594	0.162727067	0.182342832	0.143111302
595	0.163381133	0.183047712	0.143714555
596	0.1640392	0.183752079	0.144326321
597	0.164682267	0.184438538	0.144925996
598	0.165246333	0.185045061	0.145447606
599	0.1658642	0.185701666	0.146026734
600	0.1665126	0.186391924	0.146633276
601	0.1671824	0.187112099	0.147252701
602	0.1677752	0.187750996	0.147799404
603	0.1684086	0.18843208	0.14838512
604	0.169086667	0.189159757	0.149013577
605	0.1695888	0.189703493	0.149474107
606	0.170132733	0.190296778	0.149968689
607	0.170724667	0.1909417	0.150507634
608	0.171392067	0.191654927	0.151129206
609	0.172013267	0.192318137	0.151708397
610	0.1726048	0.192954976	0.152254624
611	0.173154067	0.193559731	0.152748402
612	0.173730467	0.194176285	0.153284648
613	0.174273267	0.194764233	0.1537823
614	0.1747736	0.19531766	0.15422954
615	0.17537	0.195947305	0.154792695
616	0.175982667	0.196598937	0.155366396
617	0.176598267	0.197259361	0.155937172
618	0.1771744	0.197888911	0.156459889
619	0.177720667	0.198477372	0.156963961
620	0.178265067	0.199056076	0.157474057
621	0.178828067	0.199644023	0.15801211
622	0.179372867	0.200233553	0.15851218
623	0.179937667	0.200844528	0.159030805
624	0.180528067	0.201479342	0.159576791
625	0.181077933	0.202046684	0.160109183
626	0.181610533	0.20262147	0.160599597
627	0.1821554	0.203221625	0.161089175
628	0.182856933	0.203951548	0.161762318
629	0.183477733	0.204621238	0.162334229
630	0.1840502	0.205246007	0.162854393
631	0.184583067	0.20582152	0.163344613
632	0.185189	0.206474665	0.163903335
633	0.1857634	0.207100229	0.164426571
634	0.186282933	0.207674372	0.164891494
635	0.186938867	0.208363652	0.165514081
636	0.187553133	0.20902453	0.166081737
637	0.188139333	0.20966593	0.166612737
638	0.188755733	0.210326734	0.167184733
639	0.189312	0.210936683	0.167687317
640	0.189861933	0.211539888	0.168183978
641	0.190464333	0.212185312	0.168743355
642	0.191032533	0.212799328	0.169265739
643	0.191595333	0.213405656	0.169785011
644	0.192164133	0.214013869	0.170314398
645	0.192677733	0.214577885	0.170777581
646	0.1932208	0.215164799	0.171276801
647	0.1937872	0.215770671	0.171803729
648	0.194343467	0.216373997	0.172312936
649	0.194937667	0.217016457	0.172858876
650	0.195539867	0.217666153	0.17341358
651	0.196119867	0.218290599	0.173949135
652	0.196750667	0.218965255	0.174536079
653	0.197340467	0.219600583	0.17508035
654	0.1978586	0.220167779	0.175549421
655	0.198476067	0.220823058	0.176129075
656	0.199132067	0.221533937	0.176730197
657	0.199788867	0.222257785	0.177319948
658	0.200382067	0.222906274	0.177857859
659	0.2009766	0.223558955	0.178394245
660	0.201571267	0.224208819	0.178933714
661	0.202165267	0.224843854	0.179486679
662	0.202722533	0.225447757	0.179997309
663	0.203274267	0.226046529	0.180502004
664	0.203830667	0.226648398	0.181012935
665	0.204471	0.227332898	0.181609102
666	0.205085867	0.22798863	0.182183103
667	0.205672533	0.228614537	0.182730529
668	0.206259867	0.229252723	0.18326701
669	0.206792533	0.229827692	0.183757374
670	0.207312867	0.230388744	0.184236989
671	0.207891933	0.231018371	0.184765496
672	0.208446067	0.231616227	0.185275906
673	0.208996267	0.232209126	0.185783407
674	0.209553267	0.232810309	0.186296224
675	0.210113533	0.233409103	0.186817963
676	0.210671133	0.234009457	0.187332809
677	0.2112262	0.234612331	0.187840069
678	0.211786067	0.235216077	0.188356057
679	0.2123462	0.235813943	0.188878457
680	0.212907267	0.236413139	0.189401395
681	0.213470667	0.237031374	0.189909959
682	0.2139746	0.237568514	0.190380686
683	0.214466467	0.2380896	0.190843334
684	0.214975333	0.23863273	0.191317937
685	0.2153748	0.239057955	0.191691645
686	0.215846867	0.239563275	0.192130458
687	0.216409	0.240169387	0.192648613
688	0.216952733	0.240768909	0.193136557
689	0.217502933	0.241367928	0.193637939
690	0.218043133	0.24195266	0.194133607
691	0.218554467	0.242509545	0.194599389
692	0.219018333	0.2430239	0.195012767
693	0.219494667	0.243549049	0.195440284
694	0.220030867	0.244128	0.195933734
695	0.220686867	0.244813981	0.196559752
696	0.221275067	0.245434643	0.197115491
697	0.221773533	0.245970199	0.197576868
698	0.2223266	0.246560253	0.198092947
699	0.222821067	0.247098851	0.198543282
700	0.223296933	0.247619923	0.198973944
701	0.2238774	0.248224097	0.199530703
702	0.2244688	0.248852448	0.200085152
703	0.2250482	0.249474876	0.200621524
704	0.2255984	0.250070136	0.201126664
705	0.226115933	0.250606089	0.201625777
706	0.2266448	0.251160201	0.202129399
707	0.227194867	0.251749416	0.202640317
708	0.2277572	0.252355765	0.203158635
709	0.228283267	0.252919158	0.203647375
710	0.228789667	0.253457851	0.204121482
711	0.229335933	0.254035645	0.204636222
712	0.2298348	0.254568408	0.205101192
713	0.230282267	0.255050563	0.205513971
714	0.230646867	0.25544912	0.205844613
715	0.2308002	0.25566606	0.20593434
716	0.230943467	0.255875084	0.206011849
717	0.2311276	0.256119332	0.206135868
718	0.231638267	0.256674709	0.206601824
719	0.232341333	0.257414123	0.207268544
720	0.2331298	0.258228062	0.208031538
721	0.2337196	0.258820138	0.208619062
722	0.234095267	0.259235792	0.208954741
723	0.234435267	0.259631165	0.209239369
724	0.234899467	0.260144978	0.209653955
725	0.235374133	0.260649558	0.210098709
726	0.235918	0.261220514	0.210615486
727	0.236568867	0.261900401	0.211237333
728	0.2370652	0.262430853	0.211699547
729	0.237598933	0.262998996	0.21219887
730	0.238174933	0.263608164	0.212741703
731	0.238857667	0.264314155	0.213401179
732	0.239555333	0.265023598	0.214087069
733	0.240198133	0.265679996	0.214716271
734	0.240669867	0.266186463	0.215153271
735	0.241189667	0.266745399	0.215633935
736	0.241715867	0.267306531	0.216125202
737	0.242235533	0.267853351	0.216617716
738	0.242822867	0.268476167	0.217169567
739	0.243383133	0.269070245	0.217696022
740	0.243906067	0.269625627	0.218186506
741	0.244352333	0.270109814	0.218594852
742	0.244857533	0.2706474	0.219067666
743	0.2453824	0.271201717	0.219563083
744	0.245877533	0.271728141	0.220026926
745	0.2463658	0.272255314	0.220476286
746	0.2468324	0.272754183	0.220910617
747	0.247267867	0.27320826	0.221327474
748	0.2477442	0.273726813	0.221761587
749	0.248222733	0.274239106	0.222206361
750	0.248695467	0.27473639	0.222654544
751	0.249130667	0.27521039	0.223050943
752	0.2496056	0.275730778	0.223480422
753	0.250088533	0.276258124	0.223918943
754	0.250520733	0.276715982	0.224325484
755	0.250928133	0.277167357	0.22468891
756	0.251336	0.277603298	0.225068702
757	0.2517838	0.278037763	0.225529837
758	0.251715267	0.277873558	0.225556976
759	0.2517676	0.277885349	0.225649851
760	0.252144467	0.278358373	0.225930561
761	0.252668533	0.278945266	0.226391801
762	0.2532096	0.279554248	0.226864952
763	0.2538092	0.280229847	0.227388553
764	0.254487	0.280990614	0.227983386
765	0.255127	0.281689516	0.228564484
766	0.2557144	0.28232878	0.22910002
767	0.256291467	0.282961409	0.229621525
768	0.256755933	0.283460706	0.23005116
769	0.257213533	0.283950767	0.2304763
770	0.257681	0.284451528	0.230910472
771	0.258132733	0.284957198	0.231308268
772	0.258623933	0.285483046	0.231764821
773	0.2591234	0.286009292	0.232237508
774	0.259536667	0.286471384	0.232601949
775	0.2599986	0.286968586	0.233028614
776	0.260444867	0.287449276	0.233440457
777	0.260825333	0.287871681	0.233778985
778	0.261250267	0.288331191	0.234169343
779	0.261709133	0.288829723	0.234588543
780	0.262199867	0.289367293	0.235032441
781	0.262593133	0.289792327	0.23539394
782	0.263027933	0.290266408	0.235789459
783	0.263483333	0.290766868	0.236199799
784	0.263882067	0.291210835	0.236553298
785	0.264308467	0.291669672	0.236947262
786	0.264721067	0.292118579	0.237323554
787	0.2650716	0.292524681	0.237618519
788	0.265470333	0.292970388	0.237970278
789	0.2658956	0.293440677	0.238350523
790	0.266346533	0.293934946	0.238758121
791	0.266829333	0.294451129	0.239207537
792	0.267346467	0.294999968	0.239692966
793	0.267851	0.29553782	0.24016418
794	0.268112933	0.29584944	0.240376427
795	0.2685144	0.296301172	0.240727628
796	0.268999267	0.2968317	0.241166833
797	0.269553667	0.29741933	0.241688003
798	0.269986333	0.297896093	0.242076573
799	0.2703572	0.298317725	0.242396675
800	0.270665467	0.298682574	0.242648359
801	0.271183	0.299226095	0.243139905
802	0.2716458	0.29973097	0.24356063
803	0.2720806	0.300219223	0.243941977
804	0.272627533	0.300801509	0.244453558
805	0.2730524	0.301273269	0.244831531
806	0.273437067	0.301705862	0.245168272
807	0.2738688	0.302174299	0.245563301
808	0.274308333	0.302661114	0.245955553
809	0.274698733	0.303104963	0.246292503
810	0.275007	0.303471361	0.246542639
811	0.275184	0.303725688	0.246642312
812	0.275275	0.303880549	0.246669451
813	0.275307933	0.3039691	0.246646766
814	0.275473667	0.304220062	0.246727271
815	0.2757908	0.304596021	0.246985579
816	0.276238067	0.305084876	0.247391258
817	0.276854267	0.305729296	0.247979237
818	0.2775404	0.306444741	0.248636059
819	0.2781916	0.307129459	0.249253741
820	0.278767667	0.307744097	0.249791236
821	0.2787998	0.307842885	0.249756715
822	0.279138467	0.308239045	0.250037889
823	0.279788267	0.308927175	0.250649359
824	0.2805208	0.30965851	0.25138309
825	0.2810334	0.310224966	0.251841834
826	0.281432333	0.310699906	0.25216476
827	0.2817782	0.311100757	0.252455643
828	0.282102867	0.311469975	0.252735759
829	0.282533133	0.311943205	0.253123062
830	0.2831622	0.312617119	0.253707281
831	0.283664533	0.313146586	0.25418248
832	0.284181267	0.313703246	0.254659287
833	0.284720267	0.314294843	0.25514569
834	0.285288867	0.314902888	0.255674845
835	0.285810933	0.31547475	0.256147116
836	0.286313867	0.316029503	0.25659823
837	0.286838467	0.31659139	0.257085543
838	0.287303267	0.317109494	0.257497039
839	0.2877804	0.317638207	0.257922593
840	0.2883114	0.318208801	0.258413999
841	0.288823667	0.318766274	0.25888106
842	0.2892746	0.319255796	0.259293404
843	0.2896666	0.319680351	0.259652849
844	0.2901514	0.320221304	0.260081496
845	0.290606533	0.320732798	0.260480269
846	0.291033067	0.321215197	0.260850936
847	0.291411467	0.321646858	0.261176076
848	0.291851	0.322128833	0.261573167
849	0.2923074	0.322637126	0.261977674
850	0.292736867	0.323143322	0.262330411
851	0.293092933	0.323551571	0.262634296
852	0.293458067	0.323948117	0.262968016
853	0.293855467	0.324358377	0.263352557
854	0.2942626	0.324830884	0.263694316
855	0.294740333	0.325367327	0.26411334
856	0.295217867	0.325896028	0.264539705
857	0.295580933	0.326305778	0.264856089
858	0.296030533	0.326822567	0.2652385
859	0.296488667	0.327341045	0.265636289
860	0.296887867	0.327767231	0.266008502
861	0.297313733	0.328252646	0.266374821
862	0.297785667	0.328772576	0.266798758
863	0.2983096	0.32932582	0.26729338
864	0.2985542	0.329627615	0.267480785
865	0.298900533	0.330016227	0.26778484
866	0.2993252	0.330473229	0.268177171
867	0.299751333	0.330940887	0.268561779
868	0.300124267	0.331373145	0.268875388
869	0.300510467	0.331822557	0.269198377
870	0.300990867	0.332361141	0.269620592
871	0.301434	0.332849048	0.270018952
872	0.301790133	0.333251085	0.270329182
873	0.302035667	0.333547221	0.270524112
874	0.3025802	0.334133769	0.271026631
875	0.302991333	0.334593985	0.271388682
876	0.303311	0.334963715	0.271658285
877	0.303705667	0.335383561	0.272027773
878	0.304081267	0.335806792	0.272355741
879	0.304498467	0.336276935	0.272719998
880	0.3050384	0.336858365	0.273218435
881	0.305415533	0.337304797	0.27352627
882	0.305788067	0.337735345	0.273840788
883	0.306194533	0.338175713	0.274213353
884	0.306561933	0.338586451	0.274537415
885	0.3069678	0.339038464	0.274897136
886	0.307387333	0.339504316	0.275270351
887	0.3076538	0.339800577	0.275507023
888	0.3080096	0.340217832	0.275801368
889	0.308379933	0.340660968	0.276098899
890	0.3086738	0.341018351	0.276329249
891	0.309013667	0.341386167	0.276641167
892	0.309174	0.341583131	0.276764869
893	0.309035733	0.341506453	0.276565014
894	0.309251	0.341757308	0.276744692
895	0.3093452	0.341914384	0.276776016
896	0.309320133	0.341975024	0.276665243
897	0.3093684	0.342066839	0.276669961
898	0.309575733	0.342321441	0.276830026
899	0.309865533	0.342656277	0.27707479
900	0.310139333	0.342961571	0.277317096
901	0.310716067	0.343514345	0.277917788
902	0.311394733	0.344193255	0.278596212
903	0.312122133	0.344981086	0.27926318
904	0.312373267	0.345281589	0.279464945
905	0.312613267	0.345567642	0.279658891
906	0.312862467	0.345859151	0.279865783
907	0.313028867	0.346047728	0.280010005
908	0.313044467	0.346087822	0.280001112
909	0.3130472	0.346121984	0.279972416
910	0.313318867	0.346443453	0.28019428
911	0.3136152	0.34679101	0.28043939
912	0.313956267	0.347178194	0.280734339
913	0.3143654	0.347623702	0.281107098
914	0.314677733	0.347962173	0.281393294
915	0.315073133	0.348379396	0.281766871
916	0.315557733	0.348884075	0.282231392
917	0.316002667	0.34937985	0.282625483
918	0.316506133	0.349934608	0.283077659
919	0.317042933	0.350509563	0.283576304
920	0.3175792	0.351033102	0.284125298
921	0.318087	0.351579973	0.284594027
922	0.3186068	0.35215711	0.28505649
923	0.319165933	0.35277869	0.285553176
924	0.319496133	0.353152688	0.285839579
925	0.319797267	0.353511945	0.286082588
926	0.320065933	0.353861619	0.286270248
927	0.319805733	0.353760797	0.28585067
928	0.319526733	0.353595284	0.285458182
929	0.319212667	0.353372905	0.285052428
930	0.3188272	0.353108719	0.284545681
931	0.3180992	0.352528405	0.283669995
932	0.3174144	0.352001084	0.282827716
933	0.317205733	0.351931076	0.282480391
934	0.3173286	0.352081954	0.282575246
935	0.3174098	0.352155607	0.282663993
936	0.317390667	0.352104927	0.282676406
937	0.3179578	0.352759207	0.283156393
938	0.318748333	0.353606235	0.283890432
939	0.319669533	0.35455382	0.284785246
940	0.3205936	0.355460533	0.285726667
941	0.3211716	0.356075293	0.286267907
942	0.321597133	0.356575319	0.286618947
943	0.3219482	0.357044381	0.286852019
944	0.3220164	0.357107787	0.286925013
945	0.322082733	0.357158748	0.287006719
946	0.322204267	0.357273883	0.28713465
947	0.322988733	0.358207904	0.287769563
948	0.323463467	0.358694427	0.288232506
949	0.323766067	0.358923908	0.288608225
950	0.324413133	0.35959305	0.289233217
951	0.324637267	0.359819477	0.289455056
952	0.324859467	0.360068907	0.289650026
953	0.3254856	0.360800836	0.290170364
954	0.3261128	0.361421287	0.290804313
955	0.326634933	0.361912841	0.291357026
956	0.3270124	0.362252681	0.291772119
957	0.326796733	0.362085297	0.291508169
958	0.327185067	0.362511695	0.291858438
959	0.3279454	0.36328812	0.29260268
960	0.328127533	0.363388182	0.292866885
961	0.328556467	0.363838393	0.29327454
962	0.3291128	0.36440868	0.29381692
963	0.329726667	0.364896041	0.294557293
964	0.329949067	0.364968016	0.294930117
965	0.3300252	0.364972524	0.295077876
966	0.3299988	0.364993012	0.295004588
967	0.330904533	0.36581267	0.295996397
968	0.3316066	0.366455908	0.296757292
969	0.332059067	0.366862742	0.297255392
970	0.331988133	0.366662594	0.297313673
971	0.3318506	0.366476764	0.297224436
972	0.331852933	0.36644147	0.297264397
973	0.332373733	0.366847867	0.297899599
974	0.332186867	0.366630176	0.297743557
975	0.332131533	0.366598419	0.297664647
976	0.332548867	0.367097716	0.298000017
977	0.332886933	0.367336536	0.298437331
978	0.3331924	0.3675399	0.2988449
979	0.333417067	0.367682695	0.299151439
980	0.3331606	0.367482025	0.298839175
981	0.333142667	0.367419224	0.29886611
982	0.3332964	0.3675206	0.2990722
983	0.333614	0.367926724	0.299301276
984	0.334283467	0.368578974	0.299987959
985	0.3349948	0.369218172	0.300771428
986	0.335635	0.369735482	0.301534518
987	0.335545467	0.369714629	0.301376305
988	0.335635133	0.369856579	0.301413688
989	0.335944267	0.370182197	0.301706336
990	0.336184133	0.370354958	0.302013309
991	0.336569267	0.370807708	0.302330825
992	0.337081467	0.371434445	0.302728488
993	0.3377456	0.372105782	0.303385418
994	0.3381954	0.372468464	0.303922336
995	0.338452067	0.372694597	0.304209537
996	0.338454333	0.37281918	0.304089486
997	0.338515	0.372898085	0.304131915
998	0.3387494	0.37318531	0.30431349
999	0.339237067	0.373767268	0.304706866
1000	0.340907467	0.375477874	0.306337059
1001	0.3434704	0.379144518	0.307796282
1002	0.343926733	0.379627829	0.308225638
1003	0.344313533	0.380062214	0.308564853
1004	0.344604667	0.380386308	0.308823026
1005	0.3448074	0.380567456	0.309047344
1006	0.3451158	0.380865195	0.309366405
1007	0.345629267	0.381429501	0.309829033
1008	0.3461894	0.382071669	0.310307131
1009	0.346634533	0.382583366	0.310685701
1010	0.346972867	0.382966536	0.310979197
1011	0.347286067	0.383334581	0.311237552
1012	0.347641333	0.383757479	0.311525187
1013	0.3480872	0.384251303	0.311923097
1014	0.3485486	0.384750972	0.312346228
1015	0.348872533	0.385113169	0.312631898
1016	0.349081733	0.385341365	0.312822102
1017	0.349418067	0.385688846	0.313147288
1018	0.3499716	0.386306421	0.313636779
1019	0.350482667	0.386914327	0.314051006
1020	0.3508812	0.38735459	0.31440781
1021	0.3512278	0.387700924	0.314754676
1022	0.351620533	0.38814483	0.315096236
1023	0.352048733	0.388663392	0.315434074
1024	0.352467933	0.389139025	0.315796842
1025	0.3529286	0.38962257	0.31623463
1026	0.353435667	0.390169763	0.31670157
1027	0.353847133	0.390637566	0.317056701
1028	0.354148333	0.390986447	0.31731022
1029	0.354536333	0.391425627	0.31764704
1030	0.3550728	0.392024649	0.318120951
1031	0.355576533	0.392586108	0.318566959
1032	0.3558744	0.392932317	0.318816483
1033	0.356126133	0.393229265	0.319023002
1034	0.356522067	0.393637526	0.319406608
1035	0.356996533	0.394117482	0.319875584
1036	0.3574692	0.394638889	0.320299511
1037	0.357902867	0.39513409	0.320671644
1038	0.358304067	0.395587226	0.321020907
1039	0.3586828	0.396027087	0.321338513
1040	0.359015467	0.396423027	0.321607906
1041	0.3593474	0.396780675	0.321914125
1042	0.3597716	0.397186582	0.322356618
1043	0.360233867	0.397661546	0.322806187
1044	0.3605898	0.398078911	0.323100689
1045	0.360907	0.398438957	0.323375043
1046	0.3613478	0.398932461	0.323763139
1047	0.361858267	0.399519555	0.324196978
1048	0.362291267	0.399967739	0.324614795
1049	0.3625648	0.400212522	0.324917078
1050	0.362909267	0.400592335	0.325226198
1051	0.3633554	0.401131541	0.325579259
1052	0.3637188	0.401557745	0.325879855
1053	0.363932133	0.401800789	0.326063478
1054	0.3641466	0.402050422	0.326242778
1055	0.3644416	0.402350547	0.326532653
1056	0.364773733	0.402665332	0.326882135
1057	0.3651918	0.403106513	0.327277087
1058	0.3656482	0.403619381	0.327677019
1059	0.366034733	0.40405781	0.328011657
1060	0.366384667	0.404451221	0.328318113
1061	0.3666734	0.404752683	0.328594117
1062	0.3669154	0.404997626	0.328833174
1063	0.367253133	0.40536615	0.329140117
1064	0.3676558	0.405821156	0.329490444
1065	0.3680516	0.406268231	0.329834969
1066	0.368464533	0.406715396	0.330213671
1067	0.368898267	0.407185237	0.330611296
1068	0.3693086	0.407659505	0.330957695
1069	0.369644867	0.408051449	0.331238284
1070	0.369912467	0.408335846	0.331489087
1071	0.370227333	0.4086682	0.331786466
1072	0.3706516	0.409133893	0.332169307
1073	0.371073667	0.409596314	0.332551019
1074	0.371456067	0.410026233	0.3328859
1075	0.371837533	0.410468547	0.33320652
1076	0.372196267	0.41085969	0.333532843
1077	0.372495	0.411171902	0.333818098
1078	0.3728614	0.411579637	0.334143163
1079	0.373301	0.412082687	0.334519313
1080	0.373677133	0.412499003	0.334855263
1081	0.374050467	0.412887555	0.335213378
1082	0.3744112	0.413264556	0.335557844
1083	0.374694667	0.413568771	0.335820562
1084	0.375009067	0.413914427	0.336103707
1085	0.3754178	0.414374172	0.336461428
1086	0.3758248	0.414834639	0.336814961
1087	0.376176933	0.415223019	0.337130848
1088	0.376521333	0.415590682	0.337451985
1089	0.3768356	0.415910208	0.337760992
1090	0.377114333	0.416206917	0.33802175
1091	0.3773154	0.416461033	0.338169767
1092	0.377533067	0.41673427	0.338331863
1093	0.377778133	0.417022503	0.338533764
1094	0.378030933	0.417310121	0.338751746
1095	0.378319933	0.417649078	0.338990789
1096	0.378651067	0.418044489	0.339257645
1097	0.3789262	0.418366752	0.339485648
1098	0.3790742	0.41852801	0.33962039
1099	0.379223333	0.418691515	0.339755152
1100	0.379491	0.418996397	0.339985603
1101	0.379754067	0.419295488	0.340212645
1102	0.3799148	0.41948721	0.34034239
1103	0.380057133	0.41966107	0.340453197
1104	0.380105533	0.419728311	0.340482755
1105	0.380130733	0.419768315	0.340493151
1106	0.3800238	0.419715392	0.340332208
1107	0.379928	0.41968407	0.34017193
1108	0.379842933	0.41965697	0.340028896
1109	0.379711333	0.419591692	0.339830974
1110	0.379476533	0.419396804	0.339556262
1111	0.379189533	0.419128864	0.339250203
1112	0.3788468	0.418831234	0.338862366
1113	0.378415933	0.418470294	0.338361573
1114	0.3779762	0.41809466	0.33785774
1115	0.377542467	0.417714744	0.337370189
1116	0.377131133	0.417360106	0.336902161
1117	0.376761733	0.417047445	0.336476021
1118	0.376320667	0.416660559	0.335980774
1119	0.3757022	0.416010999	0.335393401
1120	0.375063	0.415334489	0.334791511
1121	0.374643533	0.414834873	0.334452193
1122	0.3742502	0.414358228	0.334142172
1123	0.373942933	0.41399339	0.333892477
1124	0.373624067	0.413625009	0.333623125
1125	0.3734946	0.413369647	0.333619553
1126	0.3734388	0.413154862	0.333722738
1127	0.373465933	0.413023809	0.333908058
1128	0.373550733	0.412959011	0.334142456
1129	0.373615733	0.412860912	0.334370555
1130	0.373676	0.412741892	0.334610108
1131	0.373749933	0.412659174	0.334840693
1132	0.373850933	0.412635145	0.335066722
1133	0.373933067	0.412588893	0.33527724
1134	0.373940333	0.412455418	0.335425249
1135	0.373963267	0.412352219	0.335574315
1136	0.374107267	0.412355447	0.335859086
1137	0.374241533	0.41235693	0.336126137
1138	0.3742886	0.412330821	0.336246379
1139	0.374328267	0.412307228	0.336349306
1140	0.3742266	0.412168253	0.336284947
1141	0.3741192	0.412026065	0.336212335
1142	0.373909533	0.411737347	0.33608172
1143	0.3736652	0.411404205	0.335926195
1144	0.373463	0.41112579	0.33580021
1145	0.373270133	0.410863519	0.335676747
1146	0.373200933	0.410723319	0.335678547
1147	0.373253	0.410705779	0.335800221
1148	0.373292067	0.410631917	0.335952217
1149	0.3733122	0.410478338	0.336146062
1150	0.373347467	0.41035257	0.336342363
1151	0.373428133	0.410283757	0.33657251
1152	0.373507133	0.410204366	0.3368099
1153	0.373608	0.410107199	0.337108801
1154	0.3737166	0.410035544	0.337397656
1155	0.373937667	0.410118028	0.337757305
1156	0.374146267	0.41019779	0.338094744
1157	0.374258133	0.41016016	0.338356107
1158	0.374358267	0.410120583	0.33859595
1159	0.374445	0.41008154	0.33880846
1160	0.3745256	0.410043048	0.339008152
1161	0.374478533	0.409863799	0.339093267
1162	0.374388867	0.409641121	0.339136612
1163	0.3743718	0.409494745	0.339248855
1164	0.3743994	0.409397115	0.339401685
1165	0.374345133	0.409236159	0.339454108
1166	0.374212133	0.409015194	0.339409072
1167	0.374090133	0.408802176	0.33937809
1168	0.373987333	0.4086025	0.339372166
1169	0.373865467	0.408397559	0.339333374
1170	0.373684933	0.408163797	0.33920607
1171	0.3734966	0.407915059	0.339078141
1172	0.373259	0.407573883	0.338944117
1173	0.3730198	0.407234986	0.338804614
1174	0.372718067	0.406887094	0.338549039
1175	0.372417533	0.406541261	0.338293806
1176	0.372194133	0.406241442	0.338146824
1177	0.371975733	0.405945306	0.33800616
1178	0.371652133	0.40553014	0.337774127
1179	0.3713078	0.405091729	0.337523871
1180	0.3709826	0.404677053	0.337288147
1181	0.370665067	0.404272145	0.337057989
1182	0.370300533	0.403824328	0.336776738
1183	0.369905667	0.403348608	0.336462726
1184	0.369551533	0.402907684	0.336195382
1185	0.369239333	0.402503125	0.335975542
1186	0.3689454	0.402125469	0.335765331
1187	0.368679	0.401787083	0.335570917
1188	0.368408533	0.401442732	0.335374335
1189	0.3681236	0.401078442	0.335168758
1190	0.367853467	0.400729693	0.33497724
1191	0.367638933	0.400437937	0.33483993
1192	0.367427533	0.400152275	0.334702792
1193	0.367268333	0.399943497	0.334593169
1194	0.3671108	0.39973662	0.33448498
1195	0.3670534	0.399618444	0.334488356
1196	0.3669962	0.399499629	0.334492771
1197	0.366885933	0.399340835	0.334431031
1198	0.3667666	0.399175411	0.334357789
1199	0.366696933	0.399075289	0.334318577
1200	0.3666512	0.399004333	0.334298067
1201	0.366596667	0.398913924	0.334279409
1202	0.366530667	0.398806045	0.334255288
1203	0.366528267	0.398750992	0.334305542
1204	0.366576867	0.398736735	0.334416998
1205	0.3666542	0.398769311	0.334539089
1206	0.3667772	0.398876996	0.334677404
1207	0.366912933	0.398995025	0.334830842
1208	0.367059467	0.399112569	0.335006364
1209	0.3672008	0.399219527	0.335182073
1210	0.367331	0.399298065	0.335363935
1211	0.367471	0.399394905	0.335547095
1212	0.367684933	0.399611123	0.335758744
1213	0.367895333	0.399822342	0.335968325
1214	0.368078067	0.399982055	0.336174078
1215	0.368259867	0.400140992	0.336378741
1216	0.368541133	0.400424278	0.336657988
1217	0.3688254	0.400712185	0.336938615
1218	0.3691598	0.401047453	0.337272147
1219	0.3695036	0.401391774	0.337615426
1220	0.369827933	0.401722817	0.33793305
1221	0.370149933	0.402055594	0.338244272
1222	0.370568133	0.402488721	0.338647546
1223	0.3710322	0.402968392	0.339096008
1224	0.3714968	0.403458292	0.339535308
1225	0.3719566	0.403952625	0.339960575
1226	0.372387067	0.404415172	0.340358962
1227	0.3727978	0.404855971	0.340739629
1228	0.373261467	0.405350789	0.341172144
1229	0.3738384	0.405962126	0.341714674
1230	0.374410667	0.406568579	0.342252754
1231	0.374909267	0.407091552	0.342726981
1232	0.375407867	0.407616772	0.343198961
1233	0.375962333	0.408218658	0.343706008
1234	0.376519067	0.408823412	0.344214722
1235	0.377148133	0.409492683	0.344803584
1236	0.377778467	0.4101622	0.345394733
1237	0.378359333	0.410793709	0.345924957
1238	0.378932867	0.411420676	0.346445057
1239	0.379487067	0.41200173	0.346972403
1240	0.380037133	0.41257406	0.347500206
1241	0.380643133	0.413229318	0.348056949
1242	0.381271467	0.413914426	0.348628507
1243	0.381816333	0.414522452	0.349110214
1244	0.3823244	0.415098671	0.349550129
1245	0.3828238	0.415639463	0.350008137
1246	0.383302467	0.416138584	0.35046635
1247	0.383797867	0.416662562	0.350933172
1248	0.384312067	0.417210591	0.351413542
1249	0.384813867	0.417744902	0.351882831
1250	0.385306933	0.418275444	0.352338423
1251	0.3857714	0.418775171	0.352767629
1252	0.3861726	0.419206081	0.353139119
1253	0.386588	0.419656291	0.353519709
1254	0.387042933	0.420139922	0.353945945
1255	0.3874852	0.420607831	0.354362569
1256	0.3878632	0.421011871	0.354714529
1257	0.388254533	0.421430095	0.355078972
1258	0.388668133	0.421861574	0.355474692
1259	0.389079667	0.422288759	0.355870574
1260	0.389457933	0.422695019	0.356220848
1261	0.3898474	0.423118423	0.356576377
1262	0.390173667	0.423444915	0.356902418
1263	0.390480467	0.423739774	0.357221159
1264	0.390890933	0.424165273	0.357616594
1265	0.3913356	0.42464235	0.35802885
1266	0.3918062	0.425147904	0.358464496
1267	0.392297333	0.425665062	0.358929605
1268	0.392715	0.426099737	0.359330263
1269	0.393084133	0.426482781	0.359685486
1270	0.393500733	0.426923523	0.360077944
1271	0.393968133	0.427431337	0.36050493
1272	0.3944146	0.427915027	0.360914173
1273	0.3948348	0.428371537	0.361298063
1274	0.395269867	0.428846466	0.361693267
1275	0.395739533	0.429351661	0.362127406
1276	0.396231467	0.42988181	0.362581123
1277	0.396764	0.430461619	0.363066381
1278	0.3972718	0.431016355	0.363527245
1279	0.397780533	0.431580082	0.363980984
1280	0.3983076	0.43215968	0.36445552
1281	0.398894933	0.432789867	0.365
1282	0.399477733	0.43341673	0.365538737
1283	0.400001	0.433994397	0.366007603
1284	0.400513133	0.434560046	0.366466221
1285	0.4010732	0.43518117	0.36696523
1286	0.401652467	0.435824031	0.367480902
1287	0.4021752	0.43641073	0.36793967
1288	0.402683067	0.436979665	0.368386468
1289	0.4031486	0.437485329	0.368811871
1290	0.403582133	0.4379555	0.369208766
1291	0.4040436	0.43845747	0.36962973
1292	0.4045244	0.438978981	0.370069819
1293	0.4050174	0.439518359	0.370516441
1294	0.405534533	0.440086872	0.370982194
1295	0.406003667	0.440611543	0.371395791
1296	0.406452533	0.441117057	0.37178801
1297	0.406877133	0.441587679	0.372166588
1298	0.4072028	0.441943431	0.372462169
1299	0.407521933	0.44228512	0.372758747
1300	0.4078316	0.442609569	0.373053631
1301	0.408103533	0.442897416	0.373309651
1302	0.408314467	0.443131121	0.373497812
1303	0.408566933	0.443413656	0.373720211
1304	0.408826067	0.443703006	0.373949128
1305	0.409059533	0.443958846	0.374160221
1306	0.4092294	0.444110413	0.374348387
1307	0.409407733	0.444267659	0.374547808
1308	0.4095454	0.44439329	0.37469751
1309	0.409667133	0.444507526	0.37482674
1310	0.409721467	0.444554426	0.374888507
1311	0.409779267	0.444600454	0.37495808
1312	0.409843933	0.444647772	0.375040094
1313	0.409896533	0.444681897	0.375111169
1314	0.4099414	0.444702277	0.375180523
1315	0.409993267	0.444728518	0.375258016
1316	0.4099618	0.444671379	0.375252221
1317	0.409896	0.44458476	0.37520724
1318	0.409805	0.444462133	0.375147867
1319	0.409687733	0.444296232	0.375079234
1320	0.4094888	0.444039619	0.374937981
1321	0.409223	0.443718623	0.374727377
1322	0.408993733	0.443440595	0.374546871
1323	0.408790467	0.443188514	0.374392419
1324	0.4084622	0.44280905	0.37411535
1325	0.407961667	0.442258669	0.373664665
1326	0.407394133	0.441640975	0.373147291
1327	0.406759333	0.440934281	0.372584386
1328	0.406130267	0.440227232	0.372033301
1329	0.405457133	0.439480744	0.371433523
1330	0.404747867	0.438685979	0.370809754
1331	0.404005533	0.437834548	0.370176519
1332	0.4032474	0.436967244	0.369527556
1333	0.402526533	0.436131403	0.368921664
1334	0.4018132	0.43530657	0.36831983
1335	0.4011282	0.434545312	0.367711088
1336	0.400403667	0.433743023	0.367064311
1337	0.399480333	0.432709666	0.366251001
1338	0.398534067	0.431655834	0.365412299
1339	0.397592933	0.430691132	0.364494734
1340	0.3965954	0.429682396	0.363508404
1341	0.395432333	0.428496149	0.362368518
1342	0.394188733	0.427225439	0.361152028
1343	0.392903267	0.425988458	0.359818076
1344	0.391499	0.424672091	0.358325909
1345	0.3900606	0.423331134	0.356790066
1346	0.388449067	0.421855949	0.355042184
1347	0.386710667	0.42031149	0.353109844
1348	0.3847242	0.418554988	0.350893412
1349	0.3827152	0.416871575	0.348558825
1350	0.3805428	0.415170331	0.345915269
1351	0.378268467	0.413408819	0.343128114
1352	0.3758544	0.411499587	0.340209213
1353	0.3730142	0.409224089	0.336804311
1354	0.370027467	0.406886013	0.33316892
1355	0.366365933	0.404097451	0.328634415
1356	0.362814733	0.40133526	0.324294207
1357	0.358338267	0.39794213	0.318734403
1358	0.354286267	0.394919697	0.313652836
1359	0.348970067	0.391135043	0.30680509
1360	0.3448004	0.388908044	0.300692756
1361	0.338744067	0.385572311	0.291915822
1362	0.335231267	0.38425579	0.286206743
1363	0.330957267	0.382884707	0.279029827
1364	0.327004733	0.379140625	0.274868842
1365	0.322816867	0.374708023	0.270925711
1366	0.319459733	0.369412176	0.269507291
1367	0.3169068	0.365228851	0.268584749
1368	0.320451	0.368879236	0.272022764
1369	0.323544733	0.372086295	0.275003171
1370	0.322626133	0.369556785	0.275695481
1371	0.322130867	0.367829404	0.276432329
1372	0.323849733	0.368834763	0.278864704
1373	0.324977267	0.369341516	0.280613018
1374	0.324305	0.368395831	0.280214169
1375	0.3234572	0.367353823	0.279560577
1376	0.3239502	0.367733403	0.280166997
1377	0.325197467	0.369050915	0.281344018
1378	0.3258432	0.36975976	0.28192664
1379	0.325930933	0.369871762	0.281990105
1380	0.326044067	0.370269122	0.281819012
1381	0.3258368	0.370417552	0.281256048
1382	0.325331667	0.369810183	0.280853151
1383	0.325018933	0.369246155	0.280791711
1384	0.324189933	0.368275919	0.280103948
1385	0.323029	0.366833255	0.279224745
1386	0.3231258	0.366420784	0.279830816
1387	0.324278067	0.366821745	0.281734389
1388	0.325330533	0.367173136	0.283487931
1389	0.326293733	0.367744212	0.284843254
1390	0.3264316	0.367664135	0.285199065
1391	0.3257444	0.366677167	0.284811633
1392	0.325587667	0.366151278	0.285024055
1393	0.325903933	0.366106862	0.285701005
1394	0.3260354	0.365873335	0.286197465
1395	0.325675467	0.364864584	0.28648635
1396	0.325275667	0.363834745	0.286716588
1397	0.3248922	0.362739183	0.287045217
1398	0.324397933	0.361611947	0.28718392
1399	0.322954133	0.359730116	0.286178151
1400	0.321533667	0.357913367	0.285153966
1401	0.319950933	0.35603595	0.283865916
1402	0.3183706	0.354156109	0.282585091
1403	0.316456267	0.351596569	0.281315964
1404	0.314680133	0.349207285	0.280152982
1405	0.313087733	0.347110237	0.279065229
1406	0.311611533	0.345155001	0.278068065
1407	0.3096656	0.342465466	0.276865734
1408	0.307833867	0.33993431	0.275733423
1409	0.305917667	0.337392802	0.274442531
1410	0.304235467	0.335180155	0.273290779
1411	0.302449533	0.33289632	0.272002747
1412	0.300751533	0.330725753	0.270777314
1413	0.2990444	0.328477984	0.269610816
1414	0.297432133	0.326348795	0.268515472
1415	0.295763467	0.324072958	0.267453975
1416	0.2941928	0.321935585	0.266450015
1417	0.292487933	0.31975519	0.265220676
1418	0.290772867	0.317609519	0.263936214
1419	0.289047933	0.315505185	0.262590681
1420	0.287443533	0.313568911	0.261318155
1421	0.2859098	0.311668274	0.260151326
1422	0.284332533	0.309705685	0.258959382
1423	0.282812533	0.307855454	0.257769612
1424	0.281469733	0.306235597	0.25670387
1425	0.280219933	0.304718708	0.255721158
1426	0.2789764	0.303224352	0.254728448
1427	0.277750867	0.301750363	0.253751371
1428	0.276613667	0.300340911	0.252886423
1429	0.2755894	0.299074985	0.252103815
1430	0.274675	0.297981758	0.251368242
1431	0.273751333	0.296906116	0.250596551
1432	0.272826933	0.295863059	0.249790808
1433	0.271987533	0.294912979	0.249062088
1434	0.271221533	0.294039447	0.24840362
1435	0.270469867	0.293179154	0.24776058
1436	0.26976	0.292413098	0.247106902
1437	0.269072667	0.291684377	0.246460957
1438	0.268561133	0.291102736	0.24601953
1439	0.268128267	0.29058982	0.245666713
1440	0.267999867	0.290335722	0.245664011
1441	0.267870933	0.290091606	0.245650261
1442	0.2675516	0.289694251	0.245408949
1443	0.2672684	0.289337259	0.245199541
1444	0.267282467	0.289271885	0.245293049
1445	0.267319867	0.289229813	0.24540992
1446	0.267426667	0.289222153	0.24563118
1447	0.2675478	0.289234015	0.245861585
1448	0.267764267	0.289330659	0.246197874
1449	0.267979	0.28942445	0.24653355
1450	0.268225	0.28953426	0.24691574
1451	0.2684626	0.289649325	0.247275875
1452	0.2687266	0.289805296	0.247647904
1453	0.268985667	0.289965119	0.248006215
1454	0.2691836	0.290099083	0.248268117
1455	0.269339267	0.290199871	0.248478662
1456	0.269479267	0.290258605	0.248699928
1457	0.269632333	0.290333014	0.248931653
1458	0.2697246	0.290407427	0.249041773
1459	0.2697846	0.290464868	0.249104332
1460	0.269664867	0.290365343	0.24896439
1461	0.269489933	0.290215251	0.248764616
1462	0.2693374	0.290081582	0.248593218
1463	0.2691832	0.289946882	0.248419518
1464	0.2689754	0.289784916	0.248165884
1465	0.268754867	0.289626693	0.24788304
1466	0.268542067	0.289495076	0.247589058
1467	0.268328867	0.289365817	0.247291917
1468	0.2681682	0.28927465	0.24706175
1469	0.268026333	0.289204877	0.24684779
1470	0.267960667	0.289172353	0.246748981
1471	0.2679502	0.289167426	0.246732974
1472	0.268000333	0.289222802	0.246777865
1473	0.268124	0.289334919	0.246913081
1474	0.2683262	0.289513464	0.247138936
1475	0.268597467	0.289754771	0.247440162
1476	0.268882867	0.290010008	0.247755725
1477	0.2691904	0.29028847	0.24809233
1478	0.2695162	0.290583239	0.248449161
1479	0.269856533	0.290881967	0.248831099
1480	0.2702248	0.291213822	0.249235778
1481	0.270632067	0.29158903	0.249675104
1482	0.271029	0.291939912	0.250118088
1483	0.271439267	0.292288388	0.250590145
1484	0.271862267	0.292650034	0.251074499
1485	0.2723152	0.293049676	0.251580724
1486	0.272804	0.293489293	0.252118707
1487	0.273356333	0.293984996	0.25272767
1488	0.273901533	0.294468654	0.253334412
1489	0.274482533	0.294983876	0.253981191
1490	0.2750448	0.295488377	0.254601223
1491	0.275624933	0.296022891	0.255226976
1492	0.2762126	0.296568485	0.255856715
1493	0.276839933	0.297147103	0.256532764
1494	0.2774242	0.297687773	0.257160627
1495	0.277958667	0.298184857	0.257732477
1496	0.278491333	0.298681092	0.258301574
1497	0.279053933	0.299222811	0.258885056
1498	0.2795878	0.299739458	0.259436142
1499	0.280031333	0.30018464	0.259878027
1500	0.280478267	0.300634098	0.260322435
1501	0.2810442	0.301206688	0.260881712
1502	0.2816174	0.301788555	0.261446245
1503	0.282182267	0.302366087	0.261998446
1504	0.282742067	0.302934055	0.262550078
1505	0.283286667	0.30345625	0.263117084
1506	0.283819067	0.303969946	0.263668187
1507	0.2843448	0.304490674	0.264198926
1508	0.2848684	0.305008043	0.264728757
1509	0.285427067	0.305577547	0.265276586
1510	0.285983133	0.306146637	0.26581963
1511	0.286571333	0.306740295	0.266402371
1512	0.287153733	0.307328462	0.266979004
1513	0.287695067	0.307875623	0.267514511
1514	0.288222	0.30840642	0.26803758
1515	0.288695	0.308879708	0.268510292
1516	0.289162467	0.309349502	0.268975431
1517	0.289638067	0.309851661	0.269424472
1518	0.290115867	0.310355897	0.269875837
1519	0.290579533	0.310820701	0.270338365
1520	0.291031267	0.311273249	0.270789285
1521	0.291387067	0.311610974	0.27116316
1522	0.291741667	0.311945696	0.271537638
1523	0.292164	0.31238822	0.27193978
1524	0.292585733	0.312833913	0.272337553
1525	0.2929136	0.313157887	0.272669313
1526	0.293227	0.313465729	0.272988271
1527	0.293531667	0.313787144	0.273276189
1528	0.293835267	0.314105897	0.273564636
1529	0.294118133	0.314385529	0.273850738
1530	0.2944088	0.314673845	0.274143755
1531	0.294647267	0.31491067	0.274383864
1532	0.2948642	0.315127437	0.274600963
1533	0.295095467	0.315364585	0.274826348
1534	0.2953276	0.315602542	0.275052658
1535	0.295592267	0.315856393	0.27532814
1536	0.295870667	0.316120131	0.275621202
1537	0.296119933	0.316373006	0.275866861
1538	0.296349	0.316610321	0.276087679
1539	0.296534867	0.316792358	0.276277375
1540	0.2967168	0.316966731	0.276466869
1541	0.2969508	0.317212011	0.276689589
1542	0.297207333	0.31748696	0.276927707
1543	0.297440133	0.317717311	0.277162955
1544	0.297663	0.317929953	0.277396047
1545	0.297839133	0.318101272	0.277576994
1546	0.298000133	0.318260783	0.277739483
1547	0.2982168	0.318488888	0.277944712
1548	0.298444333	0.318732031	0.278156635
1549	0.298614733	0.318908158	0.278321308
1550	0.298769	0.319065529	0.278472471
1551	0.299013333	0.319317645	0.278709022
1552	0.299301267	0.319616264	0.278986269
1553	0.2995782	0.319897548	0.279258852
1554	0.299847733	0.320167926	0.279527541
1555	0.300065933	0.32038171	0.279750156
1556	0.3002498	0.32055735	0.27994225
1557	0.3004606	0.320778168	0.280143032
1558	0.3006942	0.321036309	0.280352091
1559	0.3009316	0.321282946	0.280580254
1560	0.301177467	0.321524141	0.280830792
1561	0.301426267	0.32178381	0.281068723
1562	0.3016796	0.322060138	0.281299062
1563	0.301928933	0.322322435	0.281535431
1564	0.3021736	0.322572487	0.281774713
1565	0.302392867	0.322789042	0.281996692
1566	0.302594667	0.322984491	0.282204842
1567	0.3028154	0.323216071	0.282414729
1568	0.303056133	0.323480536	0.282631731
1569	0.3033084	0.32375696	0.28285984
1570	0.3035666	0.324036133	0.283097067
1571	0.303769667	0.324234089	0.283305244
1572	0.303935867	0.324380466	0.283491267
1573	0.3041654	0.324628458	0.283702342
1574	0.304436533	0.32494491	0.283928157
1575	0.304683533	0.325211704	0.284155363
1576	0.304913	0.325445556	0.284380444
1577	0.305157533	0.325696418	0.284618649
1578	0.305410533	0.325952229	0.284868837
1579	0.305657933	0.326213219	0.285102648
1580	0.305908467	0.32648412	0.285332813
1581	0.306192867	0.326791662	0.285594071
1582	0.306496933	0.327121535	0.285872332
1583	0.30678	0.327405386	0.286154614
1584	0.3070546	0.327667071	0.286442129
1585	0.307389	0.328015061	0.286762939
1586	0.307754267	0.328409633	0.2870989
1587	0.308150733	0.328830622	0.287470845
1588	0.308571	0.329272511	0.287869489
1589	0.3090304	0.329754784	0.288306016
1590	0.3095274	0.330273964	0.288780836
1591	0.3100836	0.330856117	0.289311083
1592	0.3106804	0.331482694	0.289878106
1593	0.3112552	0.332074776	0.290435624
1594	0.311809467	0.332635968	0.290982965
1595	0.312416667	0.333264089	0.291569244
1596	0.313062267	0.333942425	0.292182108
1597	0.3137754	0.33469319	0.29285761
1598	0.3145404	0.335500387	0.293580413
1599	0.3152568	0.336255604	0.294257996
1600	0.315943867	0.336976507	0.294911226
1601	0.316693533	0.337755428	0.295631639
1602	0.317482533	0.338573005	0.296392061
1603	0.3182724	0.339383534	0.297161266
1604	0.3190682	0.34019614	0.29794026
1605	0.3198606	0.341036378	0.298684822
1606	0.320651333	0.341893266	0.299409401
1607	0.321468867	0.342752956	0.300184777
1608	0.322303867	0.343616927	0.300990807
1609	0.323123267	0.344475918	0.301770616
1610	0.323930867	0.345329429	0.302532304
1611	0.3247156	0.346159615	0.303271585
1612	0.325488333	0.346978042	0.303998625
1613	0.326275	0.34781471	0.30473529
1614	0.327069333	0.348661805	0.305476861
1615	0.327799933	0.349409938	0.306189929
1616	0.3284978	0.350107538	0.306888062
1617	0.329193667	0.35083951	0.307547823
1618	0.329887133	0.351585987	0.30818828
1619	0.330574267	0.352316554	0.308831979
1620	0.3312588	0.353041037	0.309476563
1621	0.331833533	0.353643357	0.31002371
1622	0.332359	0.354191602	0.310526398
1623	0.332933867	0.35480257	0.311065163
1624	0.333529333	0.355439777	0.31161889
1625	0.3340576	0.356000253	0.312114947
1626	0.334559067	0.356531474	0.312586659
1627	0.335012467	0.357035782	0.312989152
1628	0.335449133	0.357532109	0.313366157
1629	0.335916133	0.358027445	0.313804822
1630	0.336395667	0.358525396	0.314265937
1631	0.3368718	0.359038644	0.314704956
1632	0.3373496	0.359560273	0.315138927
1633	0.337755667	0.359978134	0.3155332
1634	0.3381438	0.360368493	0.315919107
1635	0.338474467	0.360733917	0.316215017
1636	0.338792067	0.361095625	0.316488508
1637	0.3391696	0.361492798	0.316846402
1638	0.3395656	0.361902676	0.317228524
1639	0.339946867	0.362299706	0.317594027
1640	0.3403268	0.362696164	0.317957436
1641	0.3405756	0.36292747	0.31822373
1642	0.340801	0.363129026	0.318472974
1643	0.340934267	0.363267962	0.318600572
1644	0.3410498	0.363393619	0.318705981
1645	0.3412578	0.363613501	0.318902099
1646	0.341482667	0.363850623	0.31911471
1647	0.341476133	0.363822325	0.319129942
1648	0.341442	0.363764327	0.319119673
1649	0.3413612	0.363671087	0.319051313
1650	0.3412744	0.363571548	0.318977252
1651	0.3411068	0.363380406	0.318833194
1652	0.340934	0.363183917	0.318684083
1653	0.3408258	0.363050958	0.318600642
1654	0.340721133	0.362921669	0.318520598
1655	0.3405256	0.362709524	0.318341676
1656	0.340321467	0.362489844	0.318153089
1657	0.3400326	0.362189987	0.317875213
1658	0.339745	0.361889115	0.317600885
1659	0.339435667	0.361508436	0.317362898
1660	0.339124067	0.361128265	0.317119868
1661	0.338809467	0.360801512	0.316817421
1662	0.3385006	0.36047953	0.31652167
1663	0.3382736	0.360235679	0.316311521
1664	0.3380358	0.359984015	0.316087585
1665	0.337746933	0.359697342	0.315796525
1666	0.337460133	0.359410914	0.315509353
1667	0.337177067	0.359104053	0.315250081
1668	0.336887133	0.35879111	0.314983157
1669	0.3365752	0.358462402	0.314687998
1670	0.336298067	0.358180139	0.314415994
1671	0.336191267	0.35811962	0.314262914
1672	0.336071867	0.358032335	0.314111398
1673	0.335911	0.357843918	0.313978082
1674	0.3357378	0.357653253	0.313822347
1675	0.335516067	0.357444108	0.313588025
1676	0.3353322	0.35727684	0.31338756
1677	0.335269067	0.357240228	0.313297905
1678	0.335192733	0.357198067	0.3131874
1679	0.3350794	0.357142498	0.313016302
1680	0.334984333	0.357102599	0.312866068
1681	0.334919	0.357078183	0.312759817
1682	0.334792	0.356982789	0.312601211
1683	0.334558067	0.356763145	0.312352989
1684	0.334341267	0.356566924	0.31211561
1685	0.334157133	0.356408104	0.311906163
1686	0.333945067	0.356204943	0.311685191
1687	0.333691133	0.355940647	0.31144162
1688	0.333377733	0.355637292	0.311118174
1689	0.332998533	0.355296499	0.310700567
1690	0.332644533	0.354961359	0.310327707
1691	0.332314867	0.35462446	0.310005273
1692	0.331930667	0.354226668	0.309634665
1693	0.331489933	0.353770012	0.309209855
1694	0.331092667	0.353345049	0.308840284
1695	0.330726933	0.352937381	0.308516486
1696	0.330306667	0.352496336	0.308116997
1697	0.329840933	0.35203046	0.307651407
1698	0.329400933	0.351576786	0.30722508
1699	0.3289892	0.3511365	0.3068419
1700	0.328634467	0.350755698	0.306513236
1701	0.328302467	0.350406072	0.306198861
1702	0.327985	0.350047549	0.305922451
1703	0.327664133	0.34966948	0.305658786
1704	0.327298133	0.349278519	0.305317748
1705	0.3269228	0.348892298	0.304953302
1706	0.326680333	0.348629051	0.304731616
1707	0.326474267	0.348401229	0.304547304
1708	0.3261678	0.34806359	0.30427201
1709	0.3258342	0.347693071	0.303975329
1710	0.325595267	0.347458921	0.303731613
1711	0.3253804	0.34726044	0.30350036
1712	0.325186533	0.347015344	0.303357723
1713	0.324981467	0.34674787	0.303215063
1714	0.324721933	0.346479891	0.302963975
1715	0.324458533	0.346210445	0.302706622
1716	0.324176733	0.345879989	0.302473477
1717	0.323896133	0.345549523	0.302242743
1718	0.3237016	0.345353987	0.302049213
1719	0.323500867	0.345150939	0.301850794
1720	0.3232412	0.344837293	0.301645107
1721	0.322994867	0.344541214	0.30144852
1722	0.3228252	0.344348525	0.301301875
1723	0.322671	0.344172889	0.301169111
1724	0.322664133	0.344154349	0.301173917
1725	0.322661	0.344142939	0.301179061
1726	0.322649667	0.344166966	0.301132368
1727	0.322653333	0.344189385	0.301117282
1728	0.3227254	0.344210962	0.301239838
1729	0.322781667	0.344245956	0.301317377
1730	0.322805867	0.344326039	0.301285694
1731	0.322840333	0.344400151	0.301280515
1732	0.322858067	0.344401774	0.30131436
1733	0.3228704	0.34438725	0.30135355
1734	0.322904667	0.344394189	0.301415144
1735	0.322946667	0.344436112	0.301457221
1736	0.322988867	0.344509972	0.301467762
1737	0.322981533	0.344531371	0.301431696
1738	0.322929333	0.344504222	0.301354445
1739	0.322844333	0.344402872	0.301285795
1740	0.322743467	0.344262185	0.301224748
1741	0.322738067	0.344263249	0.301212885
1742	0.322777733	0.344326597	0.30122887
1743	0.3227704	0.344301719	0.301239081
1744	0.322741933	0.344245458	0.301238408
1745	0.322734733	0.344241342	0.301228125
1746	0.322735467	0.344253652	0.301217281
1747	0.322660933	0.344174679	0.301147188
1748	0.322556933	0.344062132	0.301051735
1749	0.322622533	0.344146591	0.301098476
1750	0.322746933	0.344297319	0.301196548
1751	0.322636333	0.344142471	0.301130196
1752	0.322473333	0.343921697	0.30102497
1753	0.322520467	0.343973516	0.301067417
1754	0.322604333	0.344068121	0.301140545
1755	0.322651133	0.344073172	0.301229095
1756	0.3226664	0.344037619	0.301295181
1757	0.322611	0.343953881	0.301268119
1758	0.322561667	0.343889767	0.301233566
1759	0.322477467	0.343812787	0.301142146
1760	0.322352267	0.343695791	0.301008743
1761	0.322166467	0.343501342	0.300831592
1762	0.3220374	0.3433533	0.3007215
1763	0.3220738	0.34336721	0.30078039
1764	0.322050533	0.343330684	0.300770383
1765	0.321912867	0.343200037	0.300625696
1766	0.3218182	0.343113291	0.300523109
1767	0.3217738	0.343054117	0.300493483
1768	0.321698333	0.342960274	0.300436393
1769	0.321584733	0.342811914	0.300357552
1770	0.321406267	0.342588307	0.300224227
1771	0.321140067	0.34230391	0.299976223
1772	0.3210434	0.342231364	0.299855436
1773	0.321120933	0.342350861	0.299891005
1774	0.321051067	0.342279785	0.299822348
1775	0.320845133	0.342029024	0.299661243
1776	0.3207478	0.341941106	0.299554494
1777	0.3207098	0.341962644	0.299456956
1778	0.3205796	0.341860113	0.299299087
1779	0.3204334	0.341747898	0.299118902
1780	0.3202594	0.341568122	0.298950678
1781	0.320077933	0.341328964	0.298826903
1782	0.319909667	0.341189932	0.298629402
1783	0.319730933	0.341082513	0.298379354
1784	0.3196454	0.341044232	0.298246568
1785	0.319552067	0.340994352	0.298109781
1786	0.319496	0.34098398	0.29800802
1787	0.319471067	0.341007847	0.297934286
1788	0.319471267	0.341037654	0.29790488
1789	0.3194776	0.341082976	0.297872224
1790	0.319350933	0.341028231	0.297673636
1791	0.319161333	0.340920154	0.297402512
1792	0.318782133	0.340612821	0.296951445
1793	0.318430133	0.340330623	0.296529643
1794	0.318346733	0.34033844	0.296355027
1795	0.318212467	0.340338114	0.29608682
1796	0.317957267	0.340282021	0.295632513
1797	0.317659	0.34014063	0.29517737
1798	0.317205667	0.339753641	0.294657692
1799	0.316607867	0.339286646	0.293929088
1800	0.315855333	0.338734809	0.292975858
1801	0.308207267	0.332173854	0.284240679
1802	0.306070867	0.329872322	0.282269411
1803	0.3061548	0.330180159	0.282129441
1804	0.307238333	0.331326344	0.283150323
1805	0.30825	0.332434416	0.284065584
1806	0.30758	0.332623478	0.282536522
1807	0.303256867	0.329525756	0.276987977
1808	0.301698733	0.328357903	0.275039564
1809	0.302611733	0.329615108	0.275608359
1810	0.302293267	0.329008329	0.275578204
1811	0.303400933	0.330200743	0.276601124
1812	0.3025384	0.329732208	0.275344592
1813	0.299977533	0.326781296	0.273173771
1814	0.298602733	0.323291051	0.273914415
1815	0.2996936	0.322202769	0.277184431
1816	0.2993412	0.321993149	0.276689251
1817	0.2983056	0.322110111	0.274501089
1818	0.2985216	0.324053965	0.272989235
1819	0.297257333	0.325027802	0.269486865
1820	0.295658333	0.324422786	0.26689388
1821	0.2956014	0.32452728	0.26667552
1822	0.29575	0.325062921	0.266437079
1823	0.292980733	0.321786768	0.264174699
1824	0.287592333	0.315806652	0.259378015
1825	0.280170267	0.308455937	0.251884596
1826	0.273583933	0.301317603	0.245850263
1827	0.271935867	0.299774605	0.244097128
1828	0.2728418	0.306943478	0.238740122
1829	0.267338267	0.309770891	0.224905642
1830	0.259845533	0.307114811	0.212576256
1831	0.261840533	0.312432193	0.211248873
1832	0.272541	0.327976869	0.217105131
1833	0.266541533	0.324899871	0.208183196
1834	0.2462126	0.312384343	0.180040857
1835	0.214300667	0.279883628	0.148717705
1836	0.189000133	0.25570647	0.122293796
1837	0.1712546	0.239102878	0.103406322
1838	0.1631702	0.222278109	0.104062291
1839	0.165960333	0.220921385	0.110999282
1840	0.182545333	0.245403623	0.119687044
1841	0.2063124	0.287719778	0.124905022
1842	0.218699133	0.313213163	0.124185104
1843	0.211250133	0.284493703	0.138006563
1844	0.200660467	0.255751787	0.145569146
1845	0.198163933	0.244670644	0.151657223
1846	0.207983467	0.251524796	0.164442137
1847	0.219765533	0.262402121	0.177128946
1848	0.220243267	0.261884743	0.17860179
1849	0.205989333	0.244285039	0.167693628
1850	0.198239867	0.239082294	0.157397439
1851	0.20115	0.249297391	0.153002609
1852	0.192836333	0.249854765	0.135817902
1853	0.1890136	0.244360013	0.133667187
1854	0.201396267	0.244368637	0.158423897
1855	0.207522667	0.246732397	0.168312937
1856	0.206365	0.245442271	0.167287729
1857	0.208931867	0.251743089	0.166120644
1858	0.226649533	0.272793738	0.180505329
1859	0.250061133	0.304189255	0.195933011
1860	0.256515533	0.316697451	0.196333615
1861	0.235792	0.291653375	0.179930625
1862	0.213377	0.267640051	0.159113949
1863	0.2043844	0.256160766	0.152608034
1864	0.194055867	0.247261207	0.140850526
1865	0.187018533	0.240106151	0.133930916
1866	0.188146733	0.244062286	0.132231181
1867	0.2180106	0.276746733	0.159274467
1868	0.267261267	0.344380021	0.190142513
1869	0.2528224	0.334338079	0.171306721
1870	0.214146667	0.27282905	0.155464283
1871	0.1842612	0.235718737	0.132803663
1872	0.180311467	0.223989052	0.136633882
1873	0.1902514	0.227923548	0.152579252
1874	0.224379867	0.259829487	0.188930246
1875	0.260703867	0.302884819	0.218522915
1876	0.274043133	0.314666239	0.233420028
1877	0.27252	0.312695269	0.232344731
1878	0.269779267	0.309456796	0.230101738
1879	0.270120067	0.306023666	0.234216468
1880	0.2677232	0.302466686	0.232979714
1881	0.2662258	0.30154251	0.23090909
1882	0.264395933	0.29979865	0.228993217
1883	0.2673488	0.301824041	0.232873559
1884	0.270928	0.305816164	0.236039836
1885	0.271467933	0.305637638	0.237298228
1886	0.270282667	0.304251295	0.236314039
1887	0.271615933	0.306559683	0.236672183
1888	0.271917	0.306761714	0.237072286
1889	0.270194067	0.304992795	0.235395338
1890	0.267149867	0.301762116	0.232537618
1891	0.262988733	0.296477141	0.229500325
1892	0.2583292	0.289187106	0.227471294
1893	0.253332667	0.282590117	0.224075216
1894	0.249393133	0.278015923	0.220770344
1895	0.245866533	0.276023775	0.215709292
1896	0.236292333	0.265866355	0.206718312
1897	0.221446867	0.249081608	0.193812125
1898	0.214192	0.241377308	0.187006692
1899	0.2121014	0.244464461	0.179738339
1900	0.204456533	0.24169325	0.167219816
1901	0.195613333	0.227430267	0.163796399
1902	0.187471667	0.221064682	0.153878651
1903	0.189273667	0.225664292	0.152883041
1904	0.1924112	0.237454557	0.147367843
1905	0.190286667	0.232552092	0.148021241
1906	0.183463867	0.224047055	0.142880679
1907	0.180007133	0.219752376	0.14026189
1908	0.179734867	0.220695436	0.138774298
1909	0.180794067	0.221978881	0.139609253
1910	0.190599933	0.231873703	0.149326164
1911	0.199362333	0.241835264	0.156889403
1912	0.199785467	0.238076045	0.161494889
1913	0.200071133	0.23588587	0.164256397
1914	0.204229933	0.237985598	0.170474269
1915	0.207626533	0.240315127	0.17493794
1916	0.211324	0.241827476	0.180820524
1917	0.215574333	0.245142623	0.186006044
1918	0.2181516	0.246807172	0.189496028
1919	0.2188856	0.245795291	0.191975909
1920	0.2199894	0.245819628	0.194159172
1921	0.221650733	0.247012309	0.196289158
1922	0.223102533	0.248394049	0.197811018
1923	0.224572533	0.250049783	0.199095283
1924	0.2259782	0.251972248	0.199984152
1925	0.2277676	0.253875723	0.201659477
1926	0.230357333	0.256538169	0.204176498
1927	0.234171933	0.260049975	0.208293892
1928	0.237547867	0.262881204	0.212214529
1929	0.238383533	0.262879572	0.213887495
1930	0.235572933	0.259026029	0.212119838
1931	0.233417867	0.256454528	0.210381205
1932	0.2336166	0.257169693	0.210063507
1933	0.2337952	0.258016119	0.209574281
1934	0.236126133	0.260581652	0.211670614
1935	0.238498133	0.263232241	0.213764025
1936	0.2404854	0.265031471	0.215939329
1937	0.242044533	0.266425626	0.21766344
1938	0.243836867	0.268016884	0.21965685
1939	0.245919067	0.269770234	0.222067899
1940	0.247199067	0.270753558	0.223644575
1941	0.247090533	0.270346492	0.223834575
1942	0.247068733	0.270195637	0.22394183
1943	0.248358133	0.271746871	0.224969396
1944	0.2495688	0.273271642	0.225865958
1945	0.2518936	0.275117548	0.228669652
1946	0.254371533	0.277066171	0.231676896
1947	0.255991333	0.278216359	0.233766308
1948	0.257038133	0.278883665	0.235192602
1949	0.257976067	0.279738881	0.236213252
1950	0.258846667	0.280844892	0.236848441
1951	0.259634533	0.281662817	0.237606249
1952	0.2600652	0.281187596	0.238942804
1953	0.260485133	0.280844215	0.240126051
1954	0.261752867	0.282115102	0.241390631
1955	0.262996133	0.283409635	0.242582632
1956	0.264752933	0.285242269	0.244263597
1957	0.266581067	0.287212904	0.245949229
1958	0.268148	0.288589687	0.247706313
1959	0.269464333	0.289492993	0.249435674
1960	0.270598533	0.290355302	0.250841765
1961	0.271508133	0.291162091	0.251854175
1962	0.272439133	0.292025732	0.252852535
1963	0.2739014	0.293328107	0.254474693
1964	0.275222133	0.294537858	0.255906409
1965	0.277138	0.296264892	0.258011108
1966	0.278926333	0.297936737	0.259915929
1967	0.280507333	0.299356994	0.261657673
1968	0.281943	0.30062518	0.26326082
1969	0.282542067	0.301143389	0.263940744
1970	0.282443733	0.301069178	0.263818288
1971	0.282719467	0.301431088	0.264007845
1972	0.283781867	0.302613686	0.264950047
1973	0.2848258	0.303724489	0.265927111
1974	0.285882333	0.304520062	0.267244605
1975	0.286879133	0.305292445	0.268465822
1976	0.286853533	0.305289549	0.268417518
1977	0.286784133	0.305267906	0.268300361
1978	0.287250333	0.305742528	0.268758139
1979	0.287921933	0.306430655	0.269413212
1980	0.288612267	0.307084615	0.270139919
1981	0.289231067	0.307579576	0.270882557
1982	0.2895216	0.307835869	0.271207331
1983	0.289185267	0.307641346	0.270729187
1984	0.288975733	0.307572771	0.270378695
1985	0.2893404	0.308135554	0.270545246
1986	0.289700933	0.308705439	0.270696428
1987	0.290101467	0.308900985	0.271301949
1988	0.290571667	0.309159235	0.271984099
1989	0.2907672	0.309103121	0.272431279
1990	0.290874867	0.308957965	0.272791768
1991	0.2912484	0.309228778	0.273268022
1992	0.291785933	0.309783835	0.273788031
1993	0.2921386	0.310229326	0.274047874
1994	0.291911267	0.310141365	0.273681168
1995	0.291581667	0.309933074	0.273230259
1996	0.291336	0.309758756	0.272913244
1997	0.291052533	0.309573269	0.272531797
1998	0.290302533	0.308871984	0.271733083
1999	0.289376267	0.307980227	0.270772306
2000	0.288451133	0.306740817	0.27016145
2001	0.2874726	0.305394621	0.269550579
2002	0.286435267	0.304268435	0.268602099
2003	0.285630133	0.303474092	0.267786175
2004	0.285104133	0.302982588	0.267225678
2005	0.2842824	0.302526728	0.266038072
2006	0.2833686	0.30194316	0.26479404
2007	0.283493067	0.301911077	0.265075057
2008	0.283629133	0.301948067	0.2653102
2009	0.283224	0.301398838	0.265049162
2010	0.282742067	0.300801038	0.264683095
2011	0.281278533	0.299249925	0.263307141
2012	0.279643267	0.29752274	0.261763794
2013	0.277469667	0.295178097	0.259761236
2014	0.2751602	0.292717244	0.257603156
2015	0.273910133	0.291400235	0.256420032
2016	0.2737872	0.291371768	0.256202632
2017	0.2735188	0.291260879	0.255776721
2018	0.272769067	0.29054047	0.254997663
2019	0.271948	0.289719937	0.254176063
2020	0.270512533	0.288131667	0.252893399
2021	0.2691922	0.286689836	0.251694564
2022	0.267807667	0.285326776	0.250288557
2023	0.266556733	0.284133613	0.248979853
2024	0.265876733	0.283479282	0.248274184
2025	0.265338733	0.282969217	0.247708249
2026	0.264600467	0.282315825	0.246885108
2027	0.2635048	0.281248195	0.245761405
2028	0.262126733	0.279808955	0.244444512
2029	0.2606766	0.278232313	0.243120887
2030	0.259304867	0.276764157	0.241845576
2031	0.257908867	0.275407915	0.240409818
2032	0.2565418	0.274079112	0.239004488
2033	0.2551364	0.272602998	0.237669802
2034	0.2537608	0.27114626	0.23637534
2035	0.2519834	0.269235957	0.234730843
2036	0.250107	0.267227501	0.232986499
2037	0.2486074	0.265706784	0.231508016
2038	0.247259867	0.2643807	0.230139034
2039	0.245898867	0.263006518	0.228791215
2040	0.244686333	0.261746519	0.227626148
2041	0.243540067	0.260552483	0.226527651
2042	0.24246	0.259559575	0.225360425
2043	0.2413736	0.258594828	0.224152372
2044	0.2401378	0.257378427	0.222897173
2045	0.238854333	0.256109386	0.22159928
2046	0.2377576	0.255032773	0.220482427
2047	0.236677467	0.253981694	0.21937324
2048	0.235336867	0.252481418	0.218192316
2049	0.2336768	0.250674588	0.216679012
2050	0.232138467	0.24917435	0.215102583
2051	0.230894867	0.247964711	0.213825022
2052	0.229541933	0.246494454	0.212589413
2053	0.2283298	0.245103111	0.211556489
2054	0.227074667	0.243683727	0.210465607
2055	0.225761933	0.242169375	0.209354491
2056	0.224574	0.240863793	0.208284207
2057	0.223489467	0.239953525	0.207025409
2058	0.222377067	0.239019827	0.205734306
2059	0.2212048	0.237861173	0.204548427
2060	0.220003533	0.23666243	0.203344637
2061	0.218815533	0.235359221	0.202271845
2062	0.217837067	0.234301736	0.201372397
2063	0.216951867	0.233473544	0.20043019
2064	0.2160854	0.232730527	0.199440273
2065	0.215250933	0.232031919	0.198469948
2066	0.214390933	0.231280067	0.197501799
2067	0.213587267	0.230573292	0.196601242
2068	0.212947533	0.229980337	0.195914729
2069	0.212275	0.229380359	0.195169641
2070	0.211231533	0.228322882	0.194140185
2071	0.210208667	0.227213568	0.193203765
2072	0.209632533	0.226332831	0.192932236
2073	0.2091698	0.225616008	0.192723592
2074	0.208877467	0.225270992	0.192483941
2075	0.208751067	0.225053535	0.192448598
2076	0.208305533	0.224622484	0.191988582
2077	0.207676867	0.224036686	0.191317048
2078	0.207052267	0.223440414	0.19066412
2079	0.206302867	0.222796654	0.189809079
2080	0.2057172	0.222243632	0.189190768
2081	0.205250667	0.221631561	0.188869773
2082	0.2047618	0.221050077	0.188473523
2083	0.2045032	0.220825986	0.188180414
2084	0.204299067	0.220655855	0.187942279
2085	0.203959067	0.220266562	0.187651572
2086	0.2035468	0.219813288	0.187280312
2087	0.203189533	0.219617685	0.186761381
2088	0.2029284	0.219562785	0.186294015
2089	0.2027172	0.219367676	0.186066724
2090	0.2025252	0.219173088	0.185877312
2091	0.202373133	0.219018777	0.18572749
2092	0.202298133	0.21883636	0.185759907
2093	0.2022282	0.218678117	0.185778283
2094	0.2019006	0.218199098	0.185602102
2095	0.201601667	0.217751756	0.185451578
2096	0.201446267	0.217691437	0.185201097
2097	0.2013146	0.217670447	0.184958753
2098	0.201310267	0.217757089	0.184863444
2099	0.201355467	0.217904458	0.184806475
2100	0.201600667	0.218181734	0.1850196
2101	0.2018986	0.218450947	0.185346253
2102	0.201748067	0.218193385	0.185302749
2103	0.201489	0.217858917	0.185119083
2104	0.201368667	0.217751423	0.18498591
2105	0.2012518	0.217602967	0.184900633
2106	0.2012504	0.217589115	0.184911685
2107	0.201417	0.217837642	0.184996358
2108	0.201521933	0.217994276	0.18504959
2109	0.2016388	0.218129402	0.185148198
2110	0.201859933	0.218415767	0.1853041
2111	0.202340267	0.21903386	0.185646673
2112	0.202763333	0.21961184	0.185914826
2113	0.202887333	0.219799927	0.18597474
2114	0.203003933	0.219911299	0.186096568
2115	0.203307933	0.220075233	0.186540634
2116	0.203594933	0.220268716	0.18692115
2117	0.2039274	0.220520573	0.187334227
2118	0.204352533	0.220886166	0.187818901
2119	0.204741533	0.221254367	0.1882287
2120	0.204971133	0.221390614	0.188551652
2121	0.205097533	0.221461987	0.18873308
2122	0.205236267	0.221707134	0.1887654
2123	0.205433067	0.22198149	0.188884644
2124	0.2058214	0.222441094	0.189201706
2125	0.2063146	0.223036833	0.189592367
2126	0.206889467	0.22366425	0.190114684
2127	0.207400467	0.224181809	0.190619124
2128	0.207941	0.224633908	0.191248092
2129	0.208535867	0.2251393	0.191932434
2130	0.208924133	0.22537113	0.192477137
2131	0.2092644	0.225522968	0.193005832
2132	0.209530733	0.225698768	0.193362698
2133	0.209631133	0.225725514	0.193536753
2134	0.210176267	0.226367205	0.193985328
2135	0.2109418	0.227400693	0.194482907
2136	0.211473	0.22799484	0.19495116
2137	0.2116856	0.227986478	0.195384722
2138	0.211749467	0.227919014	0.19557992
2139	0.211908467	0.2280836	0.195733333
2140	0.212110133	0.228275646	0.19594462
2141	0.212606533	0.228711221	0.196501845
2142	0.213181667	0.229241344	0.197121989
2143	0.213704333	0.229838626	0.19757004
2144	0.214195733	0.230454023	0.197937443
2145	0.214809133	0.231196791	0.198421475
2146	0.215430733	0.231926143	0.198935323
2147	0.215849467	0.232379513	0.199319421
2148	0.216184933	0.23271126	0.199658606
2149	0.216430733	0.232881536	0.199979931
2150	0.216589933	0.233020154	0.200159713
2151	0.2166576	0.233037398	0.200277802
2152	0.216660933	0.233030516	0.200291351
2153	0.216804867	0.233268528	0.200341205
2154	0.217236267	0.233679783	0.200792751
2155	0.217794467	0.234205451	0.201383482
2156	0.218471333	0.234873012	0.202069655
2157	0.219049933	0.235431251	0.202668616
2158	0.219551267	0.235933654	0.20316888
2159	0.220086467	0.236493677	0.203679256
2160	0.220449333	0.236904787	0.20399388
2161	0.220716467	0.237229164	0.204203769
2162	0.2211456	0.237641243	0.204649957
2163	0.221689267	0.238120455	0.205258078
2164	0.221836933	0.238242743	0.205431124
2165	0.222073	0.238473743	0.205672257
2166	0.2224264	0.238783274	0.206069526
2167	0.2224988	0.238794065	0.206203535
2168	0.222754333	0.239007008	0.206501659
2169	0.223167467	0.239532029	0.206802904
2170	0.223488333	0.239981705	0.206994962
2171	0.2238944	0.240474539	0.207314261
2172	0.224241933	0.240910708	0.207573158
2173	0.224611533	0.24125694	0.207966127
2174	0.225061533	0.241684176	0.208438891
2175	0.22551	0.242150339	0.208869661
2176	0.2259198	0.242549685	0.209289915
2177	0.2264136	0.242899982	0.209927218
2178	0.2269606	0.243303662	0.210617538
2179	0.227446733	0.243725534	0.211167932
2180	0.227876533	0.244120333	0.211632733
2181	0.228113733	0.244477711	0.211749756
2182	0.228318	0.244836952	0.211799048
2183	0.228381467	0.245025631	0.211737302
2184	0.228343267	0.245094502	0.211592031
2185	0.228519733	0.245320492	0.211718975
2186	0.228810467	0.245616691	0.212004242
2187	0.2290534	0.245880755	0.212226045
2188	0.229165933	0.24586036	0.212471507
2189	0.2292186	0.245734498	0.212702702
2190	0.229314333	0.245758025	0.212870642
2191	0.229373333	0.245784276	0.212962391
2192	0.229581067	0.245955103	0.21320703
2193	0.229963533	0.246279414	0.213647653
2194	0.230390867	0.246669906	0.214111827
2195	0.2307112	0.247022419	0.214399981
2196	0.231163133	0.247620504	0.214705762
2197	0.231691267	0.248265246	0.215117287
2198	0.231799133	0.248210498	0.215387769
2199	0.2318186	0.248029458	0.215607742
2200	0.2318874	0.248115401	0.215659399
2201	0.231884733	0.248163586	0.215605881
2202	0.231866667	0.248340585	0.215392748
2203	0.231774267	0.24843321	0.215115324
2204	0.231850667	0.248411724	0.21528961
2205	0.2320786	0.248420225	0.215736975
2206	0.232074667	0.248272082	0.215877252
2207	0.23228	0.248409665	0.216150335
2208	0.2325194	0.24862329	0.21641551
2209	0.232402733	0.248533248	0.216272219
2210	0.232292133	0.248461061	0.216123205
2211	0.2326934	0.248926011	0.216460789
2212	0.233243067	0.249565884	0.216920249
2213	0.233726933	0.250171141	0.217282725
2214	0.234166067	0.250717883	0.217614251
2215	0.2347354	0.251294647	0.218176153
2216	0.235289067	0.251824834	0.2187533
2217	0.2353608	0.251648876	0.219072724
2218	0.235346067	0.251353191	0.219338943
2219	0.2352844	0.25113249	0.21943631
2220	0.2351682	0.251005598	0.219330802
2221	0.234913133	0.250960276	0.21886599
2222	0.234461867	0.250719524	0.218204209
2223	0.234045533	0.250328352	0.217762714
2224	0.233538267	0.249766718	0.217309815
2225	0.233062333	0.249231697	0.21689297
2226	0.2327056	0.248746529	0.216664671
2227	0.2323072	0.248254926	0.216359474
2228	0.2319056	0.247828561	0.215982639
2229	0.231455667	0.247409446	0.215501888
2230	0.2309212	0.246879024	0.214963376
2231	0.230345267	0.246272461	0.214418072
2232	0.229500933	0.245380356	0.213621511
2233	0.2285702	0.244402236	0.212738164
2234	0.227814533	0.243539734	0.212089332
2235	0.227231067	0.242835887	0.211626247
2236	0.226875133	0.242368728	0.211381539
2237	0.226448333	0.241860063	0.211036604
2238	0.2256082	0.241063968	0.210152432
2239	0.2247744	0.240277282	0.209271518
2240	0.2236298	0.239113049	0.208146551
2241	0.222170133	0.23770486	0.206635407
2242	0.220984733	0.236584518	0.205384949
2243	0.219943733	0.235553764	0.204333703
2244	0.218816467	0.234366002	0.203266931
2245	0.217552533	0.233051353	0.202053713
2246	0.216374467	0.231895142	0.200853791
2247	0.215427667	0.230957534	0.199897799
2248	0.214294	0.229810111	0.198777889
2249	0.213106133	0.228548404	0.197663863
2250	0.211974667	0.227319101	0.196630233
2251	0.2108542	0.226019765	0.195688635
2252	0.209621867	0.224587938	0.194655796
2253	0.208114067	0.222886004	0.193342129
2254	0.206683	0.221318886	0.192047114
2255	0.205614133	0.220269833	0.190958434
2256	0.204545133	0.219259699	0.189830568
2257	0.2034386	0.218217257	0.188659943
2258	0.2023398	0.217172558	0.187507042
2259	0.2009948	0.215934721	0.186054879
2260	0.1995638	0.214595288	0.184532312
2261	0.1984182	0.213296151	0.183540249
2262	0.1974166	0.212130329	0.182702871
2263	0.196632867	0.211178258	0.182087475
2264	0.195988733	0.210335457	0.18164201
2265	0.195289733	0.209637235	0.180942232
2266	0.194627333	0.209220079	0.180034587
2267	0.193859	0.208583407	0.179134593
2268	0.1929158	0.207625397	0.178206203
2269	0.1921566	0.206888174	0.177425026
2270	0.1914808	0.206203416	0.176758184
2271	0.1909248	0.205649164	0.176200436
2272	0.1908864	0.205686499	0.176086301
2273	0.1907586	0.205656833	0.175860367
2274	0.190592467	0.205424107	0.175760826
2275	0.190468533	0.205173874	0.175763193
2276	0.190344067	0.204897963	0.17579017
2277	0.190268933	0.204681272	0.175856594
2278	0.190168533	0.204419551	0.175917515
2279	0.1899588	0.204084979	0.175832621
2280	0.189920667	0.20410343	0.175737903
2281	0.190065	0.204343686	0.175786314
2282	0.190216333	0.204634889	0.175797778
2283	0.1902358	0.204806999	0.175664601
2284	0.1904536	0.205041762	0.175865438
2285	0.1908492	0.205402083	0.176296317
2286	0.191204733	0.205836376	0.176573091
2287	0.191431733	0.206253304	0.176610163
2288	0.1912386	0.206184986	0.176292214
2289	0.191108133	0.206102556	0.17611371
2290	0.191165333	0.206151141	0.176179526
2291	0.190863133	0.205778107	0.175948159
2292	0.190525533	0.205242936	0.175808131
2293	0.190423067	0.204925191	0.175920943
2294	0.190440733	0.204848256	0.176033211
2295	0.190350267	0.204708697	0.175991836
2296	0.190025333	0.204328102	0.175722565
2297	0.189521333	0.203672031	0.175370636
2298	0.189183733	0.203276358	0.175091109
2299	0.189182333	0.203467462	0.174897204
2300	0.1891278	0.203572161	0.174683439
2301	0.1888968	0.203338792	0.174454808
2302	0.188635267	0.203056267	0.174214267
2303	0.1885778	0.202890109	0.174265491
2304	0.188629133	0.202825955	0.174432312
2305	0.1883462	0.202514098	0.174178302
2306	0.1878278	0.20199722	0.17365838
2307	0.187369467	0.201547352	0.173191582
2308	0.187084533	0.201311905	0.172857162
2309	0.1868628	0.201243815	0.172481785
2310	0.186499733	0.201036289	0.171963178
2311	0.185932667	0.200535686	0.171329648
2312	0.185361333	0.20000611	0.170716557
2313	0.1849146	0.199680569	0.170148631
2314	0.184732333	0.1997592	0.169705467
2315	0.184519467	0.199559384	0.169479549
2316	0.183914867	0.19878119	0.169048544
2317	0.183359	0.19824891	0.16846909
2318	0.182817133	0.197664191	0.167970076
2319	0.182206267	0.196984536	0.167427998
2320	0.181958533	0.196668198	0.167248868
2321	0.1817782	0.196415442	0.167140958
2322	0.181507067	0.196080935	0.166933199
2323	0.181334533	0.195805729	0.166863337
2324	0.181245	0.195804777	0.166685223
2325	0.181159	0.195815442	0.166502558
2326	0.1810112	0.195554698	0.166467702
2327	0.180780067	0.195197255	0.166362878
2328	0.1804514	0.19498057	0.16592223
2329	0.180109267	0.194835871	0.165382663
2330	0.179968933	0.194840127	0.16509774
2331	0.1799122	0.194905121	0.164919279
2332	0.179792467	0.194835807	0.164749127
2333	0.179621667	0.194685254	0.164558079
2334	0.179311667	0.194228616	0.164394717
2335	0.178962133	0.193733857	0.16419041
2336	0.178830667	0.193611643	0.164049691
2337	0.178717333	0.193529951	0.163904716
2338	0.178529533	0.193646469	0.163412597
2339	0.1784482	0.19396261	0.16293379
2340	0.1782756	0.193711941	0.162839259
2341	0.178080667	0.193370217	0.162791116
2342	0.1780532	0.192920253	0.163186147
2343	0.178073267	0.192520217	0.163626317
2344	0.178177667	0.192735127	0.163620206
2345	0.178254667	0.193131929	0.163377404
2346	0.178533	0.19349534	0.16357066
2347	0.1789872	0.193900616	0.164073784
2348	0.179263133	0.194102062	0.164424205
2349	0.179340067	0.19409379	0.164586343
2350	0.179462333	0.19426798	0.164656686
2351	0.179614	0.194709237	0.164518763
2352	0.179620067	0.194792246	0.164447887
2353	0.179539667	0.194313288	0.164766045
2354	0.179505333	0.19411747	0.164893197
2355	0.178954733	0.193953607	0.163955859
2356	0.1783878	0.193718474	0.163057126
2357	0.1786824	0.19420038	0.16316442
2358	0.179126533	0.194714255	0.163538812
2359	0.1796246	0.19479742	0.16445178
2360	0.180125867	0.194950415	0.165301319
2361	0.180237867	0.194858974	0.16561676
2362	0.1801422	0.194679237	0.165605163
2363	0.180065867	0.194872289	0.165259444
2364	0.18014	0.195292123	0.164987877
2365	0.180473	0.195840085	0.165105915
2366	0.180789667	0.196370619	0.165208714
2367	0.180733733	0.19666199	0.164805477
2368	0.1805316	0.196815924	0.164247276
2369	0.180200533	0.196240475	0.164160592
2370	0.1800022	0.195709353	0.164295047
2371	0.1803534	0.195868287	0.164838513
2372	0.1806032	0.195970505	0.165235895
2373	0.1805058	0.195757822	0.165253778
2374	0.180646467	0.195941711	0.165351222
2375	0.181011267	0.19638987	0.165632664
2376	0.181376333	0.196963032	0.165789634
2377	0.182104333	0.197741601	0.166467066
2378	0.182563333	0.197994124	0.167132543
2379	0.182267467	0.197693466	0.166841467
2380	0.181964267	0.197353267	0.166575266
2381	0.1818606	0.197128378	0.166592822
2382	0.181816733	0.19712437	0.166509097
2383	0.182541933	0.197743102	0.167340764
2384	0.183550933	0.1986879	0.168413966
2385	0.183835733	0.19905483	0.168616636
2386	0.1839136	0.199261837	0.168565363
2387	0.184092867	0.199500076	0.168685657
2388	0.1839496	0.199211618	0.168687582
2389	0.183664933	0.198633587	0.16869628
2390	0.1836466	0.198340372	0.168952828
2391	0.183487733	0.197941004	0.169034463
2392	0.182971267	0.197413567	0.168528966
2393	0.1829852	0.197856847	0.168113553
2394	0.184181333	0.199463993	0.168898673
2395	0.184898933	0.200418083	0.169379784
2396	0.183820333	0.199086508	0.168554159
2397	0.1828962	0.19779992	0.16799248
2398	0.182802867	0.197689541	0.167916192
2399	0.182602067	0.19729464	0.167909493
2400	0.182617533	0.19728876	0.167946307
2401	0.1826508	0.197667974	0.167633626
2402	0.1822768	0.197498214	0.167055386
2403	0.181802	0.197212639	0.166391361
2404	0.1811622	0.196674598	0.165649802
2405	0.180647467	0.196152774	0.165142159
2406	0.180734133	0.195877741	0.165590526
2407	0.180886333	0.195727384	0.166045282
2408	0.180820467	0.195743647	0.165897286
2409	0.180513733	0.195648772	0.165378695
2410	0.179618933	0.195138884	0.164098983
2411	0.178615667	0.194605165	0.162626169
2412	0.1777164	0.193700928	0.161731872
2413	0.176938533	0.192776227	0.161100839
2414	0.1762052	0.191791405	0.160618995
2415	0.175605467	0.1910642	0.160146733
2416	0.176268733	0.192064426	0.160473041
2417	0.1768408	0.193012015	0.160669585
2418	0.175999933	0.191703959	0.160295907
2419	0.174900333	0.190205218	0.159595449
2420	0.174436067	0.189452189	0.159419944
2421	0.174538133	0.189145207	0.15993106
2422	0.174820333	0.189429853	0.160210814
2423	0.175005533	0.190141233	0.159869834
2424	0.1740988	0.189704581	0.158493019
2425	0.1729148	0.188633857	0.157195743
2426	0.1725588	0.187904113	0.157213487
2427	0.172462	0.187540167	0.157383833
2428	0.172435267	0.187209133	0.1576614
2429	0.172115	0.186372188	0.157857812
2430	0.1710766	0.185173202	0.156979998
2431	0.169758	0.183929828	0.155586172
2432	0.168107533	0.182180925	0.154034141
2433	0.166356733	0.180304333	0.152409133
2434	0.164763933	0.1789568	0.150571066
2435	0.163349533	0.178123154	0.148575913
2436	0.162847667	0.177314039	0.148381294
2437	0.162752733	0.176393394	0.149112073
2438	0.161696533	0.175163827	0.14822924
2439	0.1603328	0.174099994	0.146565606
2440	0.158780933	0.17287429	0.144687576
2441	0.156717867	0.171627552	0.141808182
2442	0.155636733	0.171026162	0.140247305
2443	0.1547308	0.169446109	0.140015491
2444	0.153051867	0.167600217	0.138503516
2445	0.1520274	0.167288723	0.136766077
2446	0.151376867	0.167684897	0.135068836
2447	0.150546267	0.166891787	0.134200746
2448	0.150016867	0.165724607	0.134309127
2449	0.1485992	0.164735312	0.132463088
2450	0.1464324	0.163239776	0.129625024
2451	0.1445628	0.160649534	0.128476066
2452	0.1435566	0.15898441	0.12812879
2453	0.144108733	0.159693706	0.128523761
2454	0.1453498	0.161409478	0.129290122
2455	0.146186333	0.161485475	0.130887192
2456	0.145308333	0.159690174	0.130926493
2457	0.1439498	0.158131489	0.129768111
2458	0.143134667	0.157550676	0.128718657
2459	0.143366467	0.158142087	0.128590847
2460	0.143640333	0.158756613	0.128524054
2461	0.142125467	0.157347797	0.126903136
2462	0.140433933	0.155557552	0.125310314
2463	0.138612467	0.154099022	0.123125912
2464	0.136524067	0.152875875	0.120172259
2465	0.134515067	0.149684495	0.119345639
2466	0.132938667	0.146681733	0.119195601
2467	0.132104067	0.145152992	0.119055141
2468	0.131596867	0.144475254	0.11871848
2469	0.131517467	0.145323216	0.117711717
2470	0.130985333	0.146122374	0.115848293
2471	0.1298256	0.145029682	0.114621518
2472	0.128350133	0.143543185	0.113157081
2473	0.126263867	0.14123425	0.111293483
2474	0.123678	0.138626898	0.108729102
2475	0.120889	0.136743616	0.105034384
2476	0.118627333	0.135953234	0.101301433
2477	0.1181712	0.135875005	0.100467395
2478	0.1180664	0.135758214	0.100374586
2479	0.116527467	0.132248455	0.100806478
2480	0.113990667	0.129184879	0.098796455
2481	0.110362133	0.126034564	0.094689703
2482	0.107680467	0.12378739	0.091573543
2483	0.1090382	0.123691566	0.094384834
2484	0.108941133	0.12460694	0.093275327
2485	0.104001267	0.118969126	0.089033408
2486	0.099857733	0.114787696	0.08492777
2487	0.0979556	0.113215067	0.082696133
2488	0.095246333	0.114012878	0.076479789
2489	0.0945966	0.115539573	0.073653627
2490	0.095943267	0.120119141	0.071767392
2491	0.099170067	0.123834197	0.074505937
2492	0.102021667	0.127220149	0.076823184
2493	0.103303067	0.126914853	0.079691281
2494	0.104650333	0.127401465	0.081899202
2495	0.106887867	0.132140335	0.081635398
2496	0.1091436	0.141509162	0.076778038
2497	0.107989333	0.1428446	0.073134067
2498	0.1042706	0.139877858	0.068663342
2499	0.100610067	0.134002057	0.067218076
2500	0.098935133	0.131153886	0.066716381
