Wavelength	Mean	Std+	Std-
350	0.0228195	0.025991914	0.019647086
351	0.022848786	0.026022426	0.019675146
352	0.022787643	0.025955069	0.019620217
353	0.022707	0.025854708	0.019559292
354	0.022635929	0.025775711	0.019496146
355	0.022587429	0.025733545	0.019441312
356	0.022714714	0.025876293	0.019553136
357	0.022582286	0.025732942	0.019431629
358	0.022392714	0.025528285	0.019257144
359	0.022558929	0.025719953	0.019397904
360	0.022573929	0.025722089	0.019425768
361	0.022648857	0.025782839	0.019514875
362	0.022930143	0.026068511	0.019791775
363	0.022831071	0.02599944	0.019662703
364	0.022755929	0.025936947	0.01957491
365	0.022750357	0.025924287	0.019576427
366	0.022693643	0.025897018	0.019490268
367	0.022545714	0.025723376	0.019368052
368	0.022416929	0.025546121	0.019287736
369	0.022638214	0.025770359	0.01950607
370	0.022716	0.025868482	0.019563518
371	0.022752071	0.025913043	0.0195911
372	0.022800786	0.025932267	0.019669305
373	0.022949143	0.026116643	0.019781642
374	0.022937929	0.026124164	0.019751693
375	0.022723214	0.025898952	0.019547477
376	0.02283	0.026006372	0.019653628
377	0.022866214	0.026052021	0.019680408
378	0.022888143	0.026087845	0.019688441
379	0.023095929	0.026303836	0.019888021
380	0.023191286	0.026397252	0.019985319
381	0.023178571	0.026384074	0.019973069
382	0.023014214	0.02623095	0.019797478
383	0.023145714	0.026349955	0.019941474
384	0.023292214	0.026498653	0.020085776
385	0.023402357	0.026633697	0.020171018
386	0.023450857	0.02673555	0.020166164
387	0.023471	0.026795816	0.020146184
388	0.023473071	0.026820481	0.020125662
389	0.023488571	0.026813271	0.020163872
390	0.023495214	0.026824397	0.020166032
391	0.023589714	0.026923092	0.020256336
392	0.023908929	0.027219819	0.020598039
393	0.024034071	0.027357035	0.020711107
394	0.024092214	0.02744807	0.020736358
395	0.024107286	0.027512885	0.020701686
396	0.024208857	0.027640443	0.020777272
397	0.024275786	0.027726146	0.020825425
398	0.024336857	0.027801514	0.020872201
399	0.024507	0.027984962	0.021029038
400	0.024633786	0.028125375	0.021142196
401	0.024770357	0.028274948	0.021265766
402	0.024985571	0.028502467	0.021468676
403	0.025142571	0.028662145	0.021622998
404	0.025286786	0.028811093	0.021762479
405	0.025432643	0.028968596	0.02189669
406	0.025663571	0.029205403	0.02212174
407	0.025871857	0.029441952	0.022301762
408	0.026076786	0.029689934	0.022463638
409	0.026411	0.030046448	0.022775552
410	0.026678786	0.03034853	0.023009042
411	0.026927143	0.03063322	0.023221066
412	0.027211786	0.030946366	0.023477206
413	0.027529357	0.031294129	0.023764585
414	0.027855214	0.03164678	0.024063648
415	0.028189429	0.032002538	0.024376319
416	0.0285415	0.032387414	0.024695586
417	0.028862143	0.032743715	0.02498057
418	0.029163786	0.033082886	0.025244686
419	0.029556714	0.033509618	0.02560381
420	0.029941214	0.033928748	0.025953681
421	0.03032	0.034343099	0.026296901
422	0.030697929	0.034756887	0.02663897
423	0.031124357	0.035214311	0.027034403
424	0.031536357	0.035656589	0.027416125
425	0.031908929	0.036060382	0.027757476
426	0.032215071	0.036398913	0.02803123
427	0.032564286	0.036779371	0.0283492
428	0.032960929	0.037206244	0.028715613
429	0.033343643	0.03762273	0.029064556
430	0.033773929	0.038099881	0.029447976
431	0.034211357	0.038588904	0.02983381
432	0.034590357	0.039012711	0.030168004
433	0.034957929	0.039417507	0.03049835
434	0.035316	0.039805387	0.030826613
435	0.035668429	0.040178459	0.031158398
436	0.036028857	0.040566814	0.0314909
437	0.036360429	0.040927963	0.031792894
438	0.036667	0.041265361	0.032068639
439	0.036999643	0.041626454	0.032372832
440	0.037309929	0.041965699	0.032654159
441	0.037613714	0.042298998	0.032928431
442	0.037950429	0.042666351	0.033234506
443	0.038256714	0.042995531	0.033517898
444	0.038559286	0.043320836	0.033797736
445	0.038874214	0.043662859	0.03408557
446	0.039191286	0.044006273	0.034376298
447	0.039478857	0.044319522	0.034638193
448	0.039735643	0.044600838	0.034870448
449	0.0399925	0.044881985	0.035103015
450	0.0402665	0.045177933	0.035355067
451	0.040552143	0.045483885	0.0356204
452	0.040839143	0.045790238	0.035888048
453	0.041081286	0.046054909	0.036107662
454	0.041323786	0.046320266	0.036327305
455	0.041602071	0.046620811	0.036583332
456	0.041862714	0.046907939	0.036817489
457	0.042114429	0.04718601	0.037042847
458	0.042355143	0.047452547	0.037257739
459	0.042594929	0.047707261	0.037482596
460	0.042860714	0.047991455	0.037729973
461	0.043134643	0.048285898	0.037983388
462	0.0433505	0.048522238	0.038178762
463	0.043598429	0.048791837	0.03840502
464	0.043830214	0.049043495	0.038616933
465	0.043993929	0.049221112	0.038766745
466	0.044221143	0.049467728	0.038974557
467	0.0444665	0.049732426	0.039200574
468	0.044721786	0.050005454	0.039438118
469	0.044942857	0.050255107	0.039630607
470	0.0451335	0.050463541	0.039803459
471	0.045314357	0.050656685	0.03997203
472	0.045576143	0.050945325	0.040206961
473	0.045784429	0.051172522	0.040396335
474	0.045993286	0.051398666	0.040587905
475	0.046259143	0.051686824	0.040831462
476	0.046433286	0.051880139	0.040986432
477	0.046618714	0.052081611	0.041155818
478	0.046841643	0.052317441	0.041365845
479	0.047069929	0.052565289	0.041574568
480	0.047266143	0.052779642	0.041752643
481	0.047443643	0.052973315	0.041913971
482	0.047675857	0.053217736	0.042133979
483	0.047903857	0.053452484	0.042355231
484	0.048124929	0.053681716	0.042568141
485	0.048324643	0.053901669	0.042747617
486	0.048521857	0.054120947	0.042922767
487	0.048732	0.054356058	0.043107942
488	0.048962	0.054615421	0.043308579
489	0.049209286	0.054887463	0.043531108
490	0.049445071	0.055141291	0.043748852
491	0.049666286	0.055374522	0.043958049
492	0.049875143	0.055594983	0.044155303
493	0.050089286	0.055826016	0.044352556
494	0.050302071	0.05605611	0.044548032
495	0.050503571	0.05626906	0.044738082
496	0.050737357	0.056521914	0.044952801
497	0.050980571	0.056783941	0.045177202
498	0.051229071	0.057048483	0.045409659
499	0.051440857	0.05728125	0.045600464
500	0.051673071	0.057532345	0.045813798
501	0.051921429	0.057797538	0.046045319
502	0.052130071	0.058031189	0.046228954
503	0.052397071	0.058323895	0.046470248
504	0.052677143	0.058628176	0.046726109
505	0.052906786	0.058876145	0.046937427
506	0.053132857	0.059113511	0.047152204
507	0.053377143	0.059371354	0.047382931
508	0.053655714	0.059669989	0.04764144
509	0.053935857	0.059965891	0.047905823
510	0.054192286	0.060239168	0.048145404
511	0.0544285	0.060493729	0.048363271
512	0.054702214	0.060789659	0.048614769
513	0.054961786	0.061069547	0.048854025
514	0.055216429	0.061343427	0.049089431
515	0.0554775	0.061624094	0.049330906
516	0.055770714	0.061940487	0.049600942
517	0.056081929	0.062280863	0.049882994
518	0.056407286	0.0626439	0.050170672
519	0.056714714	0.062986531	0.050442898
520	0.057019357	0.063320944	0.050717771
521	0.057319	0.063644401	0.050993599
522	0.057596429	0.063941559	0.051251298
523	0.057895714	0.064262071	0.051529358
524	0.058211714	0.064600328	0.0518231
525	0.058537643	0.06494589	0.052129396
526	0.058917929	0.065355924	0.052479933
527	0.059278857	0.065752284	0.052805431
528	0.059573214	0.066086583	0.053059845
529	0.059892429	0.066434514	0.053350343
530	0.060223286	0.066791708	0.053654864
531	0.060564929	0.067158934	0.053970923
532	0.060951429	0.06757902	0.054323837
533	0.061322786	0.067984767	0.054660804
534	0.061687357	0.068385031	0.054989683
535	0.062062429	0.068799653	0.055325204
536	0.062405571	0.069178359	0.055632784
537	0.062752429	0.069557659	0.055947199
538	0.063134429	0.069967801	0.056301056
539	0.063518929	0.070391897	0.05664596
540	0.0639045	0.07081969	0.05698931
541	0.064288714	0.071248013	0.057329415
542	0.064671714	0.071675007	0.057668422
543	0.065054286	0.072098103	0.058010468
544	0.065435786	0.072516443	0.058355128
545	0.065824	0.072939401	0.058708599
546	0.066218714	0.073373316	0.059064113
547	0.066624643	0.073821141	0.059428145
548	0.067051857	0.074292502	0.059811212
549	0.067475643	0.074760682	0.060190604
550	0.067889357	0.075218192	0.060560522
551	0.068290357	0.075662406	0.060918308
552	0.06871	0.076123718	0.061296282
553	0.069131357	0.076589671	0.061673043
554	0.069552214	0.077057481	0.062046948
555	0.0699545	0.077505227	0.062403773
556	0.070390286	0.07798312	0.062797451
557	0.070829357	0.078465018	0.063193696
558	0.071236143	0.078920415	0.06355187
559	0.071705857	0.079441789	0.063969925
560	0.072155429	0.079943227	0.06436763
561	0.072557214	0.080396431	0.064717997
562	0.073010286	0.080895596	0.065124976
563	0.073457	0.081389854	0.065524146
564	0.073901071	0.081883457	0.065918686
565	0.0743585	0.082394487	0.066322513
566	0.074798429	0.082882463	0.066714394
567	0.075234857	0.083366152	0.067103562
568	0.075679143	0.083863121	0.067495164
569	0.07614	0.084374967	0.067905033
570	0.076608429	0.084896818	0.068320039
571	0.077082357	0.085428966	0.068735748
572	0.077525429	0.085922616	0.069128241
573	0.077970643	0.086422295	0.069518991
574	0.078422071	0.08693139	0.069912753
575	0.078903643	0.087462121	0.070345164
576	0.079401357	0.08801344	0.070789274
577	0.079907429	0.088575933	0.071238924
578	0.080404714	0.089130088	0.071679341
579	0.080871714	0.089651358	0.07209207
580	0.081341857	0.090177599	0.072506115
581	0.081826714	0.090722183	0.072931246
582	0.082306929	0.091250191	0.073363666
583	0.082801643	0.091794829	0.073808456
584	0.083313071	0.0923598	0.074266343
585	0.083815929	0.092920484	0.074711373
586	0.084303714	0.093461588	0.075145841
587	0.084784071	0.093994767	0.075573376
588	0.085250786	0.094519053	0.075982519
589	0.085774429	0.095104113	0.076444745
590	0.086299643	0.095692831	0.076906455
591	0.086792214	0.096248542	0.077335887
592	0.087330357	0.096844006	0.077816709
593	0.087849786	0.097421693	0.078277878
594	0.088354071	0.097986437	0.078721706
595	0.088893571	0.098588827	0.079198315
596	0.089404429	0.099160013	0.079648844
597	0.089916214	0.09973303	0.080099398
598	0.090496571	0.100383036	0.080610107
599	0.091058143	0.101011151	0.081105135
600	0.091623714	0.101646635	0.081600794
601	0.092202786	0.102303843	0.082101728
602	0.092765	0.102942453	0.082587547
603	0.0933195	0.103573028	0.083065972
604	0.093867214	0.104196958	0.083537471
605	0.094425071	0.104819742	0.084030401
606	0.095004286	0.105469176	0.084539396
607	0.095597143	0.106136958	0.085057328
608	0.096168429	0.106784695	0.085552163
609	0.096760357	0.107449877	0.086070837
610	0.097362	0.108121147	0.086602853
611	0.0979585	0.108781305	0.087135695
612	0.098489429	0.109379289	0.087599568
613	0.099034857	0.109989439	0.088080275
614	0.099608857	0.110623923	0.088593791
615	0.100200786	0.111264271	0.0891373
616	0.1008035	0.111926135	0.089680865
617	0.101411	0.112599349	0.090222651
618	0.102005643	0.113256425	0.090754861
619	0.102546714	0.113857852	0.091235576
620	0.1030715	0.114438718	0.091704282
621	0.103600643	0.115015723	0.092185563
622	0.1041715	0.115654487	0.092688513
623	0.104756214	0.116307638	0.093204791
624	0.105347214	0.116963537	0.093730892
625	0.105932786	0.117623876	0.094241696
626	0.106500786	0.118266067	0.094735505
627	0.107057	0.11889964	0.09521436
628	0.107634071	0.119576459	0.095691684
629	0.108245714	0.120278305	0.096213123
630	0.108852786	0.120971994	0.096733577
631	0.109421571	0.12162962	0.097213523
632	0.110010786	0.122313949	0.097707622
633	0.110592714	0.12299201	0.098193419
634	0.111161857	0.123656818	0.098666896
635	0.111885286	0.124469316	0.099301255
636	0.112555714	0.125232364	0.099879064
637	0.113178	0.125948558	0.100407442
638	0.113753643	0.126610097	0.100897189
639	0.114360643	0.127294106	0.101427179
640	0.1149765	0.127986374	0.101966626
641	0.115581143	0.12867677	0.102485515
642	0.116204071	0.129376811	0.103031332
643	0.116831929	0.130080399	0.103583458
644	0.117466071	0.13079192	0.104140223
645	0.1180975	0.131500236	0.104694764
646	0.118700143	0.132182584	0.105217701
647	0.119287143	0.132851611	0.105722675
648	0.119928571	0.133577009	0.106280134
649	0.120576143	0.134307054	0.106845232
650	0.121226571	0.135039304	0.107413839
651	0.121885	0.135779026	0.107990974
652	0.122541286	0.13651078	0.108571791
653	0.123164214	0.137202135	0.109126294
654	0.123747786	0.137845783	0.109649789
655	0.124389643	0.138568115	0.110211171
656	0.125058857	0.139329215	0.110788499
657	0.125734143	0.140101325	0.111366961
658	0.126469786	0.140918819	0.112020752
659	0.127191857	0.141721733	0.112661981
660	0.127902929	0.142512827	0.11329303
661	0.1286005	0.143289284	0.113911716
662	0.129286286	0.144058558	0.114514013
663	0.129963357	0.144820985	0.11510573
664	0.130628714	0.14557233	0.115685098
665	0.131316214	0.146348183	0.116284246
666	0.1319945	0.147114233	0.116874767
667	0.132665571	0.147872325	0.117458818
668	0.133354357	0.14864583	0.118062885
669	0.134030214	0.149405757	0.118654671
670	0.1347	0.150159192	0.119240808
671	0.135369071	0.150911949	0.119826193
672	0.136028786	0.151658991	0.120398581
673	0.1366925	0.152408741	0.120976259
674	0.13737	0.1531683	0.1215717
675	0.138048214	0.153930612	0.122165816
676	0.138721143	0.154688831	0.122753455
677	0.139390286	0.155444026	0.123336545
678	0.140085429	0.15622251	0.123948348
679	0.140766357	0.156990263	0.124542452
680	0.1414445	0.157754634	0.125134366
681	0.142146714	0.158532704	0.125760725
682	0.142786357	0.159251424	0.126321291
683	0.143413	0.159954724	0.126871276
684	0.144057857	0.160670146	0.127445569
685	0.144634786	0.161307945	0.127961626
686	0.145249214	0.161998455	0.128499973
687	0.145905643	0.162749178	0.129062108
688	0.146626643	0.163555183	0.129698103
689	0.147345214	0.164357863	0.130332566
690	0.148052214	0.16514461	0.130959818
691	0.148755786	0.16591396	0.131597612
692	0.149461214	0.166687151	0.132235278
693	0.150172643	0.167468218	0.132877068
694	0.150897214	0.168265073	0.133529356
695	0.151638857	0.16908349	0.134194224
696	0.152366214	0.16988178	0.134850649
697	0.15308	0.170659601	0.135500399
698	0.153768643	0.171410493	0.136126792
699	0.154464857	0.172168691	0.136761024
700	0.155171	0.172938616	0.137403384
701	0.155892286	0.173732548	0.138052024
702	0.1566595	0.174565069	0.138753931
703	0.157423571	0.17539056	0.139456583
704	0.158153571	0.176180445	0.140126698
705	0.158847857	0.176936893	0.140758822
706	0.159558357	0.177708226	0.141408489
707	0.160296214	0.17850489	0.142087539
708	0.161047214	0.179317992	0.142776436
709	0.1617815	0.180109379	0.143453621
710	0.162493357	0.180874817	0.144111897
711	0.163150714	0.181585997	0.144715432
712	0.163848571	0.182340489	0.145356654
713	0.164543571	0.183089939	0.145997204
714	0.165192786	0.183784362	0.14660121
715	0.165728643	0.184350809	0.147106477
716	0.166262714	0.184915253	0.147610176
717	0.166821857	0.185507392	0.148136322
718	0.167490786	0.186229028	0.148752544
719	0.168265643	0.187074608	0.149456678
720	0.169080571	0.1879684	0.150192743
721	0.169856857	0.188805663	0.150908052
722	0.1705205	0.189513729	0.151527271
723	0.171160286	0.190198084	0.152122488
724	0.171812571	0.190910209	0.152714934
725	0.172499429	0.191656347	0.15334251
726	0.173194929	0.192410085	0.153979772
727	0.173901143	0.193173405	0.15462888
728	0.174591214	0.193921174	0.155261255
729	0.175291571	0.194683661	0.155899482
730	0.176000071	0.19545891	0.156541233
731	0.176763214	0.196300319	0.15722611
732	0.177510929	0.197118001	0.157903856
733	0.178235143	0.19790613	0.158564156
734	0.178926929	0.198658021	0.159195836
735	0.1795865	0.199376093	0.159796907
736	0.180238143	0.200087625	0.16038866
737	0.180889857	0.200802759	0.160976955
738	0.181525786	0.201505681	0.16154589
739	0.1821575	0.202200036	0.162114964
740	0.1827865	0.202888527	0.162684473
741	0.183444357	0.20361666	0.163272054
742	0.184072929	0.204309594	0.163836263
743	0.184687643	0.204985316	0.16438997
744	0.185312429	0.205671921	0.164952936
745	0.185961143	0.206383614	0.165538672
746	0.186585571	0.207071083	0.16610006
747	0.187162	0.207710942	0.166613058
748	0.187746571	0.208355906	0.167137237
749	0.188327429	0.209000636	0.167654221
750	0.188902857	0.209642711	0.168163004
751	0.189490143	0.210293181	0.168687104
752	0.190081643	0.210949164	0.169214121
753	0.190663929	0.211596209	0.169731648
754	0.191205714	0.212200486	0.170210943
755	0.191786786	0.212850516	0.170723056
756	0.192340357	0.21346702	0.171213694
757	0.192849643	0.214028524	0.171670762
758	0.192784643	0.213948972	0.171620314
759	0.192724571	0.21388873	0.171560413
760	0.192844143	0.214051196	0.17163709
761	0.193569	0.21488222	0.17225578
762	0.194300714	0.21570582	0.172895608
763	0.195086286	0.216580615	0.173591957
764	0.195914214	0.217495823	0.174332606
765	0.196804214	0.218468721	0.175139707
766	0.197605286	0.219341688	0.175868884
767	0.198310143	0.220109661	0.176510624
768	0.198905	0.22076253	0.17704747
769	0.199478857	0.221400815	0.177556899
770	0.2000475	0.222041475	0.178053525
771	0.200595857	0.222646181	0.178545533
772	0.201137571	0.223243617	0.179031526
773	0.201678143	0.223840929	0.179515357
774	0.202221357	0.224445685	0.179997029
775	0.202738214	0.225025239	0.18045119
776	0.203244786	0.225593425	0.180896146
777	0.203751357	0.226159079	0.181343635
778	0.204246643	0.226714446	0.18177884
779	0.204758	0.227284188	0.182231812
780	0.205290214	0.227872362	0.182708067
781	0.205818429	0.228461891	0.183174966
782	0.206321571	0.229023511	0.183619631
783	0.206808929	0.229569001	0.184048857
784	0.207292429	0.230117545	0.184467312
785	0.207778857	0.230661979	0.184895735
786	0.208266286	0.231203561	0.18532901
787	0.208749	0.231737487	0.185760513
788	0.209241143	0.232282776	0.18619951
789	0.2097215	0.232819483	0.186623517
790	0.210184286	0.233342562	0.187026009
791	0.210704571	0.233920532	0.187488611
792	0.211220429	0.234495692	0.187945165
793	0.211721714	0.235056164	0.188387264
794	0.212156429	0.235542767	0.188770091
795	0.212608643	0.236050389	0.189166897
796	0.213076786	0.236576523	0.189577048
797	0.213569571	0.237129416	0.190009726
798	0.214023929	0.237641299	0.190406558
799	0.214474071	0.238145459	0.190802684
800	0.214921214	0.238640994	0.191201434
801	0.215409214	0.239182678	0.191635751
802	0.215900857	0.239732346	0.192069369
803	0.216393	0.240285559	0.192500441
804	0.216857929	0.240806271	0.192909586
805	0.217319929	0.241322457	0.1933174
806	0.217773857	0.241829755	0.19371796
807	0.218212286	0.242322435	0.194102137
808	0.2185945	0.242753902	0.194435098
809	0.218976714	0.243187605	0.194765824
810	0.219372857	0.243639499	0.195106216
811	0.219723786	0.244019283	0.195428288
812	0.220051786	0.244372548	0.195731023
813	0.220360214	0.244705084	0.196015345
814	0.220618	0.244992519	0.196243481
815	0.220954857	0.245370202	0.196539512
816	0.221362286	0.245823707	0.196900864
817	0.221864571	0.246371593	0.19735755
818	0.222385929	0.246966753	0.197805104
819	0.222910714	0.247567975	0.198253453
820	0.223439286	0.248166136	0.198712435
821	0.223674429	0.248419261	0.198929596
822	0.224031429	0.248814242	0.199248615
823	0.224509571	0.249352128	0.199667014
824	0.225095214	0.250027455	0.200162973
825	0.225543571	0.250537889	0.200549253
826	0.225937714	0.250982792	0.200892636
827	0.226341786	0.251442173	0.201241398
828	0.226758	0.25189995	0.20161605
829	0.227177714	0.25236554	0.201989888
830	0.227599	0.252846735	0.202351265
831	0.228030714	0.253340483	0.202720945
832	0.228493786	0.253863517	0.203124054
833	0.228982643	0.254409664	0.203555621
834	0.229464571	0.254953696	0.203975447
835	0.229959	0.255509488	0.204408512
836	0.230450429	0.25606	0.204840858
837	0.230897786	0.256558843	0.205236728
838	0.231312929	0.257024779	0.205601079
839	0.231701286	0.257464177	0.205938394
840	0.232054643	0.257869162	0.206240124
841	0.232434571	0.258299025	0.206570118
842	0.232830929	0.258739492	0.206922365
843	0.233238571	0.259185539	0.207291603
844	0.233577643	0.259580647	0.207574638
845	0.233919357	0.259973454	0.20786526
846	0.234281643	0.260383814	0.208179472
847	0.234724071	0.260873942	0.208574201
848	0.235096357	0.26128426	0.208908454
849	0.235448214	0.261672439	0.209223989
850	0.235788357	0.262050346	0.209526368
851	0.236183	0.262499399	0.209866601
852	0.236523714	0.262883692	0.210163737
853	0.236804286	0.263194045	0.210414527
854	0.237152571	0.263574414	0.210730729
855	0.237516929	0.263992967	0.21104089
856	0.237879071	0.264417578	0.211340565
857	0.238253286	0.264839643	0.211666928
858	0.238660143	0.265291711	0.212028575
859	0.239048071	0.265722639	0.212373504
860	0.239357571	0.266071096	0.212644047
861	0.239750857	0.266502341	0.212999373
862	0.240101929	0.266898397	0.21330546
863	0.2403895	0.267239891	0.213539109
864	0.240698214	0.267577286	0.213819142
865	0.241017	0.267930612	0.214103388
866	0.241348214	0.268303045	0.214393384
867	0.2417015	0.268707173	0.214695827
868	0.242044143	0.26910221	0.214986076
869	0.242371571	0.269474311	0.215268832
870	0.242682643	0.269811008	0.215554278
871	0.24304	0.270206401	0.215873599
872	0.243404714	0.270614611	0.216194818
873	0.2437685	0.27102698	0.21651002
874	0.244074786	0.271378184	0.216771387
875	0.244408286	0.271761241	0.217055331
876	0.244760857	0.27216277	0.217358944
877	0.245102643	0.272525606	0.21767968
878	0.245437	0.272896437	0.217977563
879	0.245771786	0.273273408	0.218270164
880	0.246109286	0.273651382	0.21856719
881	0.246326571	0.273914073	0.21873907
882	0.246614786	0.274247833	0.218981739
883	0.247038429	0.274715995	0.219360862
884	0.247335786	0.275057558	0.219614013
885	0.247578786	0.275330596	0.219826976
886	0.247804143	0.275576393	0.220031892
887	0.248220571	0.276035343	0.2204058
888	0.248525714	0.276385574	0.220665855
889	0.248812143	0.276716471	0.220907815
890	0.249190357	0.277132483	0.221248231
891	0.249360786	0.277331242	0.22139033
892	0.249551286	0.277550604	0.221551968
893	0.249842857	0.277875412	0.221810303
894	0.249857786	0.277896453	0.221819119
895	0.249949	0.278003234	0.221894766
896	0.250128071	0.278203367	0.222052775
897	0.250355	0.278404888	0.222305112
898	0.250520214	0.278558092	0.222482336
899	0.250702286	0.27874653	0.222658041
900	0.2510405	0.279127125	0.222953875
901	0.251385714	0.279522302	0.223249126
902	0.251712714	0.279909344	0.223516085
903	0.252009071	0.280279295	0.223738848
904	0.252414643	0.280733056	0.22409623
905	0.252770071	0.281123112	0.224417031
906	0.2530505	0.281424469	0.224676531
907	0.253028143	0.28139631	0.224659976
908	0.253251643	0.281627957	0.224875329
909	0.253572143	0.281968528	0.225175758
910	0.253722857	0.282152836	0.225292878
911	0.253968929	0.282441151	0.225496706
912	0.254213	0.282720713	0.225705287
913	0.254405	0.282931006	0.225878994
914	0.254563714	0.28311168	0.226015749
915	0.254863357	0.283436911	0.226289803
916	0.255296214	0.283901232	0.226691197
917	0.255549429	0.284216135	0.226882722
918	0.255918857	0.284640075	0.227197639
919	0.256340143	0.285111712	0.227568574
920	0.256708643	0.285530936	0.22788635
921	0.256925143	0.285809563	0.228040722
922	0.2572215	0.286152987	0.228290013
923	0.257767357	0.286709199	0.228825515
924	0.257971929	0.286952797	0.22899106
925	0.258122143	0.287151505	0.22909278
926	0.258243286	0.287327034	0.229159537
927	0.258228714	0.28732726	0.229130169
928	0.258230071	0.287316513	0.22914363
929	0.258224071	0.28727751	0.229170633
930	0.258132786	0.287142222	0.229123349
931	0.257895571	0.286847272	0.228943871
932	0.257648429	0.286553686	0.228743171
933	0.257532	0.286435114	0.228628886
934	0.257483	0.28634535	0.22862065
935	0.2576015	0.286441814	0.228761186
936	0.257926857	0.286776715	0.229077
937	0.258518786	0.287418452	0.229619119
938	0.259026857	0.288015164	0.23003855
939	0.259451643	0.288547691	0.230355595
940	0.259779714	0.288958183	0.230601246
941	0.260178	0.2894454	0.2309106
942	0.260578214	0.289902801	0.231253627
943	0.260930857	0.290236706	0.231625008
944	0.260789929	0.290081554	0.231498303
945	0.260870857	0.290179708	0.231562006
946	0.261326643	0.290691456	0.23196183
947	0.2614165	0.290760729	0.232072271
948	0.261639	0.291008684	0.232269316
949	0.2619385	0.291371797	0.232505203
950	0.262122929	0.291640132	0.232605725
951	0.262585071	0.292111045	0.233059098
952	0.263006143	0.292534629	0.233477657
953	0.263052143	0.292641231	0.233463055
954	0.263253143	0.292919863	0.233586423
955	0.263482357	0.2932137	0.233751014
956	0.263714286	0.293489408	0.233939163
957	0.264112143	0.293915983	0.234308302
958	0.264305	0.294138036	0.234471964
959	0.264373571	0.294233606	0.234513537
960	0.264650786	0.294520164	0.234781407
961	0.265003786	0.294894205	0.235113367
962	0.265326571	0.295249913	0.235403229
963	0.265482286	0.295456572	0.235508
964	0.265733714	0.295769625	0.235697804
965	0.266021	0.296096836	0.235945164
966	0.266332857	0.296414224	0.23625149
967	0.266516643	0.296682692	0.236350594
968	0.266818143	0.297041563	0.236594723
969	0.2671715	0.297432112	0.236910888
970	0.267186357	0.297505715	0.236866999
971	0.267422286	0.297738845	0.237105727
972	0.267733786	0.298031995	0.237435576
973	0.267969857	0.298288387	0.237651328
974	0.268176214	0.298506848	0.237845581
975	0.268275286	0.298603376	0.237947196
976	0.268210071	0.29851492	0.237905223
977	0.268105429	0.298449383	0.237761474
978	0.268244143	0.298615442	0.237872844
979	0.268567429	0.298952504	0.238182353
980	0.268509714	0.2989087	0.238110729
981	0.268762143	0.299183843	0.238340443
982	0.269140643	0.299583928	0.238697358
983	0.269419286	0.299867814	0.238970757
984	0.269597714	0.300089591	0.239105837
985	0.269766429	0.300287963	0.239244894
986	0.269959214	0.300472906	0.239445522
987	0.269999929	0.300499695	0.239500162
988	0.270092357	0.300629485	0.239555229
989	0.270276071	0.300892944	0.239659199
990	0.270809643	0.301402342	0.240216943
991	0.270869714	0.301473516	0.240265912
992	0.270797786	0.301441446	0.240154125
993	0.271208714	0.301925153	0.240492276
994	0.271461714	0.302201666	0.240721763
995	0.271672214	0.302428856	0.240915572
996	0.271881214	0.302665839	0.241096589
997	0.271914786	0.302785478	0.241044094
998	0.271919	0.302780048	0.241057952
999	0.271920857	0.302680946	0.241160769
1000	0.272156357	0.303051613	0.241261101
1001	0.276150857	0.30883611	0.243465604
1002	0.276444929	0.309094834	0.243795023
1003	0.276786643	0.309448789	0.244124497
1004	0.277085357	0.309786312	0.244384402
1005	0.277431429	0.31017537	0.244687487
1006	0.277677857	0.310463094	0.24489262
1007	0.2778185	0.310670994	0.244966006
1008	0.277993429	0.310897987	0.24508887
1009	0.278255429	0.311146119	0.245364738
1010	0.278556357	0.311418616	0.245694098
1011	0.278817286	0.311689448	0.245945123
1012	0.278998286	0.311887263	0.246109308
1013	0.279211071	0.31210696	0.246315183
1014	0.279492214	0.312411571	0.246572858
1015	0.279737786	0.312675223	0.246800348
1016	0.279956071	0.312882281	0.247029862
1017	0.280162071	0.313120719	0.247203424
1018	0.280317571	0.313324559	0.247310584
1019	0.280537429	0.313540695	0.247534162
1020	0.280784571	0.313760355	0.247808788
1021	0.2809965	0.313978741	0.248014259
1022	0.281251714	0.314286344	0.248217085
1023	0.281534286	0.314624706	0.248443865
1024	0.281775857	0.31489183	0.248659884
1025	0.281971357	0.315096063	0.248846651
1026	0.282196857	0.315345599	0.249048115
1027	0.2824995	0.315682547	0.249316453
1028	0.282773643	0.315969626	0.24957766
1029	0.282945857	0.316133886	0.249757829
1030	0.283149786	0.316330448	0.249969124
1031	0.2835215	0.316706427	0.250336573
1032	0.283818857	0.317040317	0.250597397
1033	0.283914286	0.317180983	0.250647588
1034	0.284100143	0.317402902	0.250797383
1035	0.284352571	0.317667406	0.251037737
1036	0.284555214	0.317850554	0.251259875
1037	0.284806786	0.318105274	0.251508298
1038	0.285129143	0.318463861	0.251794425
1039	0.285417929	0.318779261	0.252056596
1040	0.285642143	0.319015377	0.252268908
1041	0.285867571	0.319264382	0.25247076
1042	0.286125857	0.319560614	0.2526911
1043	0.286393786	0.319859263	0.252928308
1044	0.286558714	0.320038579	0.253078849
1045	0.286714357	0.320200906	0.253227808
1046	0.286981571	0.320496938	0.253466205
1047	0.287227929	0.320783967	0.25367189
1048	0.287457643	0.321037429	0.253877857
1049	0.2876255	0.321236806	0.254014194
1050	0.287799	0.321433426	0.254164574
1051	0.288093786	0.321735378	0.254452194
1052	0.288398429	0.322058101	0.254738756
1053	0.2886665	0.322363152	0.254969848
1054	0.288921929	0.322644384	0.255199473
1055	0.289152714	0.322867601	0.255437828
1056	0.289383714	0.323101092	0.255666337
1057	0.289637214	0.323416872	0.255857557
1058	0.289853714	0.323695893	0.256011536
1059	0.289969	0.323840072	0.256097928
1060	0.290141643	0.324042716	0.25624057
1061	0.290373286	0.324302301	0.25644427
1062	0.290511929	0.324481141	0.256542716
1063	0.290628	0.32461574	0.25664026
1064	0.290888071	0.324888433	0.256887709
1065	0.291179357	0.325231684	0.25712703
1066	0.291382857	0.325464798	0.257300916
1067	0.291597643	0.325684849	0.257510436
1068	0.291852786	0.325919053	0.257786519
1069	0.292093	0.326144297	0.258041703
1070	0.292289357	0.326382238	0.258196476
1071	0.292485143	0.326633979	0.258336307
1072	0.292725714	0.326909521	0.258541908
1073	0.292981857	0.327192903	0.258770811
1074	0.293146286	0.327367852	0.25892472
1075	0.293266643	0.327485597	0.259047688
1076	0.293385	0.327622378	0.259147622
1077	0.293503571	0.327757659	0.259249484
1078	0.293732714	0.327988743	0.259476686
1079	0.294013857	0.328275013	0.259752701
1080	0.2942365	0.328513528	0.259959472
1081	0.294400357	0.328698597	0.260102117
1082	0.294578357	0.328891567	0.260265148
1083	0.294834214	0.329141234	0.260527195
1084	0.295057071	0.329348893	0.26076525
1085	0.295260929	0.329554478	0.260967379
1086	0.295475571	0.329786062	0.261165081
1087	0.295585857	0.329910683	0.261261031
1088	0.295658071	0.329983456	0.261332686
1089	0.295789643	0.330108139	0.261471147
1090	0.295929143	0.330250881	0.261607405
1091	0.296143286	0.330491654	0.261794917
1092	0.296411071	0.330788413	0.26203373
1093	0.296620429	0.330994542	0.262246315
1094	0.296796	0.331151622	0.262440378
1095	0.296911214	0.331249657	0.262572771
1096	0.297000643	0.331329811	0.262671475
1097	0.297113286	0.331451189	0.262775382
1098	0.297200714	0.331551148	0.26285028
1099	0.297294143	0.331638114	0.262950172
1100	0.297363571	0.331681394	0.263045749
1101	0.297419929	0.331714584	0.263125273
1102	0.297512071	0.33179164	0.263232502
1103	0.297613786	0.331882109	0.263345462
1104	0.2976825	0.33194244	0.26342256
1105	0.29774	0.331988157	0.263491843
1106	0.297804643	0.332065975	0.263543311
1107	0.29787	0.332151179	0.263588821
1108	0.297845929	0.33210916	0.263582697
1109	0.297793643	0.332037571	0.263549715
1110	0.297790786	0.332007026	0.263574545
1111	0.297785786	0.33195611	0.263615461
1112	0.297707714	0.331833372	0.263582056
1113	0.297560786	0.331647811	0.26347376
1114	0.297385	0.331434297	0.263335703
1115	0.297195857	0.331215685	0.263176029
1116	0.296995929	0.330993269	0.262998588
1117	0.296773286	0.330738992	0.262807579
1118	0.296540714	0.330463504	0.262617925
1119	0.296342214	0.330184632	0.262499796
1120	0.296137929	0.329896429	0.262379429
1121	0.296075643	0.329789206	0.26236208
1122	0.2960385	0.329718622	0.262358378
1123	0.295907571	0.329553143	0.262262
1124	0.295736929	0.329326829	0.262147028
1125	0.295738714	0.329303067	0.262174362
1126	0.295814643	0.329377716	0.26225157
1127	0.295759857	0.329326543	0.262193171
1128	0.295632786	0.329199717	0.262065854
1129	0.295703786	0.32927051	0.262137061
1130	0.295908786	0.329484787	0.262332784
1131	0.295993214	0.329601398	0.262385031
1132	0.295937786	0.329590455	0.262285116
1133	0.295888786	0.329578314	0.262199258
1134	0.295864786	0.329570927	0.262158644
1135	0.295845429	0.329556103	0.262134754
1136	0.295908929	0.329607377	0.26221048
1137	0.295968929	0.329660742	0.262277115
1138	0.295936857	0.329652642	0.262221072
1139	0.295897286	0.329635486	0.262159086
1140	0.295688286	0.329402462	0.261974109
1141	0.295459143	0.329143246	0.26177504
1142	0.295412786	0.329080096	0.261745476
1143	0.295416643	0.32907757	0.261755716
1144	0.295271571	0.328937757	0.261605386
1145	0.295052357	0.328723313	0.261381402
1146	0.294876214	0.32853442	0.261218009
1147	0.2947505	0.328383776	0.261117224
1148	0.294627286	0.328233588	0.261020984
1149	0.294509	0.328086124	0.260931876
1150	0.294429143	0.327988986	0.260869299
1151	0.294440714	0.328006431	0.260874998
1152	0.294445929	0.328019465	0.260872392
1153	0.294384	0.327964714	0.260803286
1154	0.294321714	0.327905034	0.260738394
1155	0.294244143	0.327811165	0.260677121
1156	0.294171571	0.327724108	0.260619035
1157	0.294121643	0.327705559	0.260537727
1158	0.294073643	0.327687293	0.260459993
1159	0.293960714	0.32754945	0.260371978
1160	0.293840214	0.327396343	0.260284085
1161	0.293739929	0.327283994	0.260195863
1162	0.293648929	0.327189603	0.260108254
1163	0.293489429	0.327017229	0.259961628
1164	0.293294286	0.326801333	0.259787239
1165	0.293136929	0.326619339	0.259654518
1166	0.293014	0.326468922	0.259559078
1167	0.292875786	0.326300158	0.259451414
1168	0.292707714	0.326094174	0.259321255
1169	0.292507143	0.325855827	0.259158458
1170	0.292216286	0.325527046	0.258905526
1171	0.291943	0.325219342	0.258666658
1172	0.291740286	0.324996082	0.25848449
1173	0.291534929	0.324768893	0.258300964
1174	0.291249929	0.324430965	0.258068892
1175	0.290966429	0.324095068	0.25783779
1176	0.290721714	0.323805269	0.25763816
1177	0.290480357	0.323519213	0.257441502
1178	0.290201	0.323185488	0.257216512
1179	0.289913714	0.322841645	0.256985784
1180	0.289651571	0.322535667	0.256767476
1181	0.289399143	0.322244352	0.256553934
1182	0.2891305	0.321927459	0.256333541
1183	0.288852	0.321595032	0.256108968
1184	0.288594643	0.321296126	0.25589316
1185	0.2883595	0.321031481	0.255687519
1186	0.288128143	0.320768112	0.255488174
1187	0.287901143	0.320502984	0.255299302
1188	0.287690714	0.320252015	0.255129414
1189	0.287522071	0.320037836	0.255006307
1190	0.287361643	0.319836835	0.25488645
1191	0.287230143	0.319687632	0.254772654
1192	0.287102929	0.319543113	0.254662744
1193	0.2870095	0.319427676	0.254591324
1194	0.286916643	0.319312741	0.254520545
1195	0.286827	0.319221443	0.254432557
1196	0.286736571	0.319130311	0.254342831
1197	0.286691214	0.319078379	0.25430405
1198	0.286655786	0.319035519	0.254276053
1199	0.286617071	0.318991566	0.254242577
1200	0.286575786	0.318945066	0.254206506
1201	0.286521071	0.318881498	0.254160645
1202	0.2864595	0.318808729	0.254110271
1203	0.286482429	0.318837545	0.254127312
1204	0.2865735	0.318950599	0.254196401
1205	0.286682143	0.319073211	0.254291075
1206	0.286806929	0.319200112	0.254413745
1207	0.286918857	0.319318836	0.254518879
1208	0.2870245	0.319440654	0.254608346
1209	0.287170286	0.319606139	0.254734433
1210	0.287421071	0.319889182	0.254952961
1211	0.287656643	0.320156084	0.255157201
1212	0.287849643	0.320369749	0.255329537
1213	0.288052929	0.320594745	0.255511112
1214	0.288408071	0.321005132	0.255811011
1215	0.288762857	0.321415493	0.256110221
1216	0.289151714	0.321833138	0.256470291
1217	0.289538143	0.322245274	0.256831012
1218	0.289930214	0.322682243	0.257178186
1219	0.290320214	0.323119331	0.257521097
1220	0.290755357	0.32360214	0.257908575
1221	0.291210143	0.324105721	0.258314564
1222	0.2917015	0.324658537	0.258744463
1223	0.292213286	0.32523812	0.259188451
1224	0.292732786	0.325822165	0.259643406
1225	0.293254857	0.326408429	0.260101285
1226	0.293753429	0.326964446	0.260542411
1227	0.294215786	0.327474071	0.260957501
1228	0.294665	0.327975163	0.261354837
1229	0.295114786	0.328488633	0.261740938
1230	0.295568857	0.329005469	0.262132246
1231	0.296015	0.32950425	0.26252575
1232	0.296456571	0.329997697	0.262915446
1233	0.296870286	0.330465213	0.263275358
1234	0.297280643	0.330928496	0.26363279
1235	0.297649357	0.331344462	0.263954253
1236	0.298013357	0.331755396	0.264271318
1237	0.298400429	0.332199253	0.264601604
1238	0.2987975	0.332655167	0.264939833
1239	0.299174714	0.333075992	0.265273437
1240	0.299537786	0.333476345	0.265599226
1241	0.299858714	0.333836195	0.265881234
1242	0.300175286	0.33419356	0.266157011
1243	0.3005055	0.334573035	0.266437965
1244	0.300834	0.334955945	0.266712055
1245	0.3011395	0.335296192	0.266982808
1246	0.301427857	0.335607651	0.267248063
1247	0.301727714	0.335939701	0.267515728
1248	0.302057286	0.336305111	0.267809461
1249	0.302344357	0.336619847	0.268068867
1250	0.302555429	0.336849377	0.26826148
1251	0.302780286	0.337091369	0.268469203
1252	0.303033857	0.337363553	0.268704161
1253	0.303288429	0.337644623	0.268932234
1254	0.303519929	0.33792006	0.269119797
1255	0.303752071	0.338194388	0.269309755
1256	0.303929714	0.338394521	0.269464908
1257	0.304099	0.338581263	0.269616737
1258	0.304279143	0.338767148	0.269791138
1259	0.304466	0.338963314	0.269968686
1260	0.304578357	0.339091565	0.270065149
1261	0.304683143	0.33920907	0.270157216
1262	0.304879	0.339418439	0.270339561
1263	0.305076	0.339629508	0.270522492
1264	0.305286786	0.339857453	0.270716118
1265	0.305513714	0.340107136	0.270920293
1266	0.305701357	0.340309082	0.271093633
1267	0.305874714	0.340489622	0.271259806
1268	0.306051071	0.340685667	0.271416476
1269	0.306220786	0.340883857	0.271557715
1270	0.306435	0.341122016	0.271747984
1271	0.306689143	0.341398229	0.271980056
1272	0.306935714	0.341677237	0.272194192
1273	0.307201357	0.341976468	0.272426247
1274	0.307466071	0.342263174	0.272668969
1275	0.307666857	0.342479337	0.272854377
1276	0.307839071	0.342666438	0.273011705
1277	0.308015143	0.342868481	0.273161805
1278	0.308218857	0.343101775	0.27333594
1279	0.308449286	0.343351062	0.27354751
1280	0.308660143	0.343580278	0.273740007
1281	0.308850357	0.343790582	0.273910132
1282	0.309053929	0.344016119	0.274091738
1283	0.309278929	0.344285927	0.27427193
1284	0.309492571	0.344546469	0.274438674
1285	0.3096725	0.34474926	0.27459574
1286	0.3098595	0.344955186	0.274763814
1287	0.310039929	0.345160655	0.274919202
1288	0.310210357	0.345361151	0.275059563
1289	0.310400143	0.34558212	0.275218166
1290	0.310604071	0.345815601	0.275392542
1291	0.310770429	0.346001018	0.275539839
1292	0.310910429	0.346152087	0.275668771
1293	0.311062143	0.346337294	0.275786991
1294	0.311230643	0.346557231	0.275904055
1295	0.311397857	0.346768427	0.276027287
1296	0.311534357	0.346932448	0.276136266
1297	0.3116615	0.347082423	0.276240577
1298	0.311811214	0.347257277	0.276365151
1299	0.311948071	0.347416221	0.276479922
1300	0.312041786	0.347534031	0.27654954
1301	0.312118143	0.34764273	0.276593556
1302	0.312132571	0.347686004	0.276579139
1303	0.312156643	0.347730629	0.276582657
1304	0.312288214	0.347857301	0.276719127
1305	0.312422857	0.347984479	0.276861236
1306	0.3125	0.348070583	0.276929417
1307	0.312561786	0.348148184	0.276975387
1308	0.312562357	0.348166989	0.276957725
1309	0.312571714	0.348189969	0.27695346
1310	0.312628143	0.348246616	0.277009669
1311	0.312669429	0.348287586	0.277051271
1312	0.312610786	0.348217507	0.277004065
1313	0.31255	0.348143584	0.276956416
1314	0.312521429	0.348115073	0.276927784
1315	0.312505929	0.348099987	0.27691187
1316	0.312466214	0.348030128	0.276902301
1317	0.312408929	0.347931208	0.27688665
1318	0.312362857	0.347850094	0.27687562
1319	0.312325143	0.347780886	0.2768694
1320	0.312240571	0.347657155	0.276823988
1321	0.312105571	0.347484928	0.276726215
1322	0.311976643	0.347322509	0.276630776
1323	0.311859357	0.347160016	0.276558698
1324	0.311683786	0.346926512	0.276441059
1325	0.311419143	0.346604555	0.276233731
1326	0.3111175	0.346244628	0.275990372
1327	0.310829571	0.345900004	0.275759139
1328	0.310564071	0.345579636	0.275548507
1329	0.310228929	0.345200783	0.275257074
1330	0.309856571	0.344792413	0.27492073
1331	0.309507714	0.344396967	0.274618461
1332	0.309176071	0.344018292	0.274333851
1333	0.308849286	0.343621259	0.274077312
1334	0.308494643	0.343183521	0.273805765
1335	0.308072357	0.342692793	0.273451921
1336	0.307646429	0.342211817	0.27308104
1337	0.307269286	0.34178565	0.272752922
1338	0.306892429	0.341350504	0.272434353
1339	0.306418143	0.340781135	0.272055151
1340	0.305885357	0.340142309	0.271628405
1341	0.305240286	0.339430106	0.271050466
1342	0.304607143	0.33875185	0.270462436
1343	0.304036286	0.338101879	0.269970692
1344	0.303409929	0.337356223	0.269463634
1345	0.302713429	0.336547336	0.268879521
1346	0.301839857	0.335563844	0.26811587
1347	0.300947857	0.334569881	0.267325833
1348	0.299969643	0.333485051	0.266454235
1349	0.299018714	0.332410998	0.265626431
1350	0.298004714	0.331267513	0.264741915
1351	0.296974	0.330169963	0.263778037
1352	0.295880143	0.329079204	0.262681082
1353	0.294707786	0.327909191	0.261506381
1354	0.293847	0.327023508	0.260670492
1355	0.292629214	0.325680971	0.259577458
1356	0.290753	0.323574371	0.257931629
1357	0.288205071	0.320926555	0.255483588
1358	0.286476643	0.319415313	0.253537972
1359	0.284225286	0.317399174	0.251051398
1360	0.283272571	0.316297977	0.250247166
1361	0.281323429	0.314552872	0.248093985
1362	0.276242429	0.309742631	0.242742226
1363	0.269774214	0.30373129	0.235817139
1364	0.266104571	0.301078658	0.231130485
1365	0.263710143	0.300388993	0.227031293
1366	0.269964357	0.306097559	0.233831155
1367	0.274985643	0.310099029	0.239872257
1368	0.269497143	0.302488977	0.236505309
1369	0.265209143	0.297099992	0.233318294
1370	0.266748571	0.299062489	0.234434654
1371	0.268297929	0.301132668	0.235463189
1372	0.268209214	0.300586324	0.235832105
1373	0.268196929	0.300125601	0.236268256
1374	0.269078929	0.301438741	0.236719116
1375	0.269507929	0.302540235	0.236475622
1376	0.269142786	0.3024517	0.235833871
1377	0.269119	0.302645569	0.235592431
1378	0.270353071	0.304229042	0.236477101
1379	0.271460214	0.305623551	0.237296877
1380	0.270322714	0.304272363	0.236373066
1381	0.268469643	0.302177953	0.234761332
1382	0.267046	0.300843804	0.233248196
1383	0.265695214	0.299629917	0.231760511
1384	0.265195571	0.29909346	0.231297683
1385	0.265783357	0.299554775	0.23201194
1386	0.265839786	0.299365221	0.23231435
1387	0.265567	0.298630361	0.232503639
1388	0.265402643	0.297988876	0.23281641
1389	0.264566214	0.296790368	0.232342061
1390	0.263626857	0.295774084	0.23147963
1391	0.263138429	0.295455795	0.230821062
1392	0.262628286	0.294940732	0.23031584
1393	0.261362071	0.293335644	0.229388498
1394	0.2603945	0.292179641	0.228609359
1395	0.260185214	0.292022706	0.228347723
1396	0.259811857	0.291544922	0.228078793
1397	0.258925429	0.290313181	0.227537676
1398	0.258019214	0.289195229	0.226843199
1399	0.256463714	0.287541538	0.225385891
1400	0.254875571	0.285811456	0.223939687
1401	0.253031786	0.283677612	0.22238596
1402	0.251361643	0.281777951	0.220945335
1403	0.249961286	0.280251658	0.219670914
1404	0.248612571	0.278748706	0.218476436
1405	0.247180214	0.276975938	0.21738449
1406	0.245903286	0.275417215	0.216389356
1407	0.243906786	0.273105388	0.214708184
1408	0.241906357	0.270764484	0.21304823
1409	0.240055143	0.268493105	0.21161718
1410	0.238502786	0.266608473	0.210397099
1411	0.237107429	0.265082898	0.20913196
1412	0.235804	0.263677377	0.207930623
1413	0.233943643	0.261434195	0.206453091
1414	0.232236643	0.259318465	0.205154821
1415	0.230691571	0.257458342	0.203924801
1416	0.229219643	0.255729907	0.202709378
1417	0.227715214	0.254057785	0.201372644
1418	0.226190929	0.25238806	0.199993798
1419	0.224426286	0.250437547	0.198415024
1420	0.222733714	0.248580312	0.196887116
1421	0.221302143	0.246967609	0.195636677
1422	0.220018357	0.24550277	0.194533945
1423	0.218748071	0.24408172	0.193414423
1424	0.217507214	0.242685679	0.19232875
1425	0.2163255	0.241344272	0.191306728
1426	0.215127571	0.239987978	0.190267165
1427	0.213989357	0.238695729	0.189282985
1428	0.212963643	0.237531893	0.188395393
1429	0.212007929	0.236461257	0.1875546
1430	0.211099786	0.235452251	0.186747321
1431	0.210137857	0.234377809	0.185897906
1432	0.209047929	0.233160842	0.184935015
1433	0.208024429	0.232024185	0.184024672
1434	0.207134857	0.231045819	0.183223895
1435	0.206295571	0.230125885	0.182465258
1436	0.205614071	0.22937774	0.181850403
1437	0.204969643	0.22866119	0.181278096
1438	0.204318	0.227863408	0.180772592
1439	0.203687214	0.227081447	0.180292981
1440	0.203125143	0.226395816	0.179854469
1441	0.202630214	0.225804086	0.179456342
1442	0.202392643	0.225579228	0.179206058
1443	0.202154786	0.225348418	0.178961153
1444	0.201807429	0.224940777	0.17867408
1445	0.201499214	0.224582722	0.178415706
1446	0.2013895	0.224493649	0.178285351
1447	0.201293714	0.224418203	0.178169226
1448	0.201239857	0.2243423	0.178137415
1449	0.201204643	0.224284324	0.178124962
1450	0.201221429	0.224312741	0.178130116
1451	0.201241571	0.224350472	0.178132671
1452	0.201175857	0.224291362	0.178060352
1453	0.201096786	0.224213727	0.177979844
1454	0.201180286	0.224283627	0.178076944
1455	0.201286	0.224380457	0.178191543
1456	0.201329286	0.2244332	0.178225371
1457	0.201351714	0.224465437	0.178237991
1458	0.201328714	0.224432739	0.178224689
1459	0.201327786	0.224419689	0.178235883
1460	0.20137	0.224470063	0.178269937
1461	0.201386714	0.224495672	0.178277756
1462	0.201359929	0.224480706	0.178239151
1463	0.201329643	0.224465528	0.178193758
1464	0.2012665	0.224394152	0.178138848
1465	0.201176929	0.22428993	0.178063927
1466	0.201161	0.224264193	0.178057807
1467	0.201195	0.224285594	0.178104406
1468	0.201252429	0.224345961	0.178158896
1469	0.201328286	0.224444889	0.178211683
1470	0.201420643	0.224554398	0.178286888
1471	0.201512429	0.224649191	0.178375666
1472	0.201637214	0.224782126	0.178492303
1473	0.201812214	0.224972001	0.178652427
1474	0.201989	0.225153214	0.178824786
1475	0.202162071	0.225318918	0.179005225
1476	0.202395357	0.225568637	0.179222077
1477	0.202690429	0.225913151	0.179467706
1478	0.202961429	0.226238406	0.179684451
1479	0.2031865	0.226520508	0.179852492
1480	0.203436857	0.226813438	0.180060277
1481	0.203735571	0.227136798	0.180334345
1482	0.204026429	0.227458801	0.180594056
1483	0.204314714	0.227778948	0.18085048
1484	0.204599786	0.22810173	0.181097842
1485	0.204873857	0.228440306	0.181307408
1486	0.205161929	0.228780086	0.181543771
1487	0.205507143	0.229141079	0.181873207
1488	0.205850357	0.22950605	0.182194664
1489	0.206213714	0.229914429	0.182512999
1490	0.206569857	0.230317359	0.182822356
1491	0.206945357	0.230738696	0.183152018
1492	0.207305929	0.231138801	0.183473056
1493	0.207687071	0.231549768	0.183824375
1494	0.208052857	0.231952374	0.18415334
1495	0.208410643	0.232373425	0.184447861
1496	0.208763	0.232783045	0.184742955
1497	0.209079214	0.233131593	0.185026835
1498	0.209385286	0.233468423	0.185302149
1499	0.209727714	0.23382336	0.185632068
1500	0.210072429	0.234182253	0.185962604
1501	0.210450143	0.234624107	0.186276179
1502	0.210820214	0.235056122	0.186584307
1503	0.211110071	0.235353531	0.186866612
1504	0.211400357	0.235653081	0.187147633
1505	0.211735143	0.236047155	0.187423131
1506	0.212067571	0.236437432	0.187697711
1507	0.212456643	0.236858798	0.188054488
1508	0.212843714	0.237279984	0.188407444
1509	0.213195143	0.237686229	0.188704057
1510	0.2135375	0.238081332	0.188993668
1511	0.213851929	0.238415028	0.189288829
1512	0.214160643	0.238740764	0.189580522
1513	0.214510143	0.239134057	0.189886228
1514	0.214857929	0.239528482	0.190187375
1515	0.215211071	0.239914513	0.19050763
1516	0.215563571	0.240297631	0.190829512
1517	0.215843643	0.24059422	0.191093066
1518	0.216118143	0.240884308	0.191351978
1519	0.216467	0.241256822	0.191677178
1520	0.216817143	0.241629496	0.19200479
1521	0.217104643	0.24196945	0.192239836
1522	0.217378643	0.242303755	0.19245353
1523	0.217615357	0.242557132	0.192673582
1524	0.217848857	0.242799529	0.192898185
1525	0.218108357	0.243080167	0.193136547
1526	0.218375643	0.243372403	0.193378883
1527	0.218621214	0.24363881	0.193603619
1528	0.218855071	0.24388915	0.193820992
1529	0.219040857	0.244098783	0.193982931
1530	0.219225357	0.244306882	0.194143832
1531	0.219386929	0.244483915	0.194289942
1532	0.219541071	0.244653308	0.194428834
1533	0.219717	0.244830165	0.194603835
1534	0.219898429	0.245012118	0.194784739
1535	0.220078643	0.245202034	0.194955251
1536	0.220263714	0.245397721	0.195129708
1537	0.220405857	0.245575326	0.195236389
1538	0.220525786	0.245738084	0.195313487
1539	0.220654643	0.245878703	0.195430583
1540	0.220792571	0.246018557	0.195566586
1541	0.220932571	0.24614523	0.195719912
1542	0.221071	0.246264377	0.195877623
1543	0.221227286	0.246416954	0.196037618
1544	0.221390714	0.24658686	0.196194568
1545	0.221521	0.246719238	0.196322762
1546	0.221637643	0.246832501	0.196442785
1547	0.221766143	0.246967837	0.196564449
1548	0.221902643	0.247117665	0.196687621
1549	0.222044214	0.247253283	0.196835145
1550	0.222182714	0.247376013	0.196989416
1551	0.222344143	0.247541351	0.197146935
1552	0.222520929	0.247732201	0.197309656
1553	0.222659643	0.247886298	0.197432988
1554	0.222781571	0.248024133	0.19753901
1555	0.222915571	0.248167587	0.197663556
1556	0.2230585	0.248316682	0.197800318
1557	0.223198	0.248457377	0.197938623
1558	0.223328857	0.24858671	0.198071004
1559	0.223473071	0.248735251	0.198210892
1560	0.223629071	0.248897376	0.198360767
1561	0.223798286	0.249083947	0.198512624
1562	0.223974857	0.249284562	0.198665152
1563	0.224142857	0.24946322	0.198822494
1564	0.224305357	0.249630371	0.198980343
1565	0.224425429	0.249758699	0.199092158
1566	0.224521714	0.2498637	0.199179729
1567	0.224627214	0.24996866	0.199285768
1568	0.224737357	0.250071143	0.199403572
1569	0.224890643	0.250238408	0.199542878
1570	0.225075857	0.250452905	0.199698809
1571	0.225261929	0.250650643	0.199873214
1572	0.225448214	0.250840736	0.200055692
1573	0.225615857	0.251011895	0.200219819
1574	0.225767071	0.251161854	0.200372289
1575	0.225918071	0.251317814	0.200518328
1576	0.226075214	0.251486188	0.200664241
1577	0.226253643	0.251678038	0.200829248
1578	0.226442857	0.251883974	0.20100174
1579	0.226637214	0.252091825	0.201182603
1580	0.226841571	0.252304315	0.201378827
1581	0.227039286	0.252520322	0.201558249
1582	0.227226643	0.252736204	0.201717082
1583	0.227434571	0.252971339	0.201897804
1584	0.227654857	0.253216405	0.202093309
1585	0.227881429	0.253456363	0.202306494
1586	0.228117571	0.253699164	0.202535979
1587	0.228345214	0.253950333	0.202740096
1588	0.228565071	0.254204436	0.202925707
1589	0.228836571	0.254496181	0.203176962
1590	0.229144286	0.254815798	0.203472773
1591	0.2294385	0.255137822	0.203739178
1592	0.229721571	0.255458926	0.203984217
1593	0.230058429	0.255837624	0.204279233
1594	0.230437857	0.256260783	0.204614931
1595	0.230819071	0.256677945	0.204960198
1596	0.231199071	0.257088872	0.205309271
1597	0.231567857	0.257486869	0.205648845
1598	0.231931071	0.257878509	0.205983634
1599	0.232312929	0.258291438	0.20633442
1600	0.232706857	0.258718209	0.206695506
1601	0.233108714	0.25913808	0.207079349
1602	0.233517786	0.259555456	0.207480115
1603	0.233902143	0.259971565	0.207832721
1604	0.2342735	0.260389728	0.208157272
1605	0.234685286	0.260853552	0.20851702
1606	0.235121	0.261342808	0.208899192
1607	0.235529143	0.261793359	0.209264926
1608	0.235920714	0.262222841	0.209618588
1609	0.236319857	0.26264691	0.209992804
1610	0.236724857	0.263068731	0.210380983
1611	0.237126714	0.263507807	0.210745621
1612	0.237522786	0.263953155	0.211092416
1613	0.237892429	0.264356285	0.211428572
1614	0.238250143	0.26473804	0.211762245
1615	0.238592357	0.265103772	0.212080942
1616	0.238925286	0.265460342	0.212390229
1617	0.239223714	0.265781989	0.21266544
1618	0.239506571	0.266087788	0.212925355
1619	0.239800929	0.266411053	0.213190804
1620	0.240098714	0.266740421	0.213457007
1621	0.240417786	0.267069194	0.213766378
1622	0.240747929	0.267399652	0.214096205
1623	0.241016	0.267686934	0.214345066
1624	0.241257143	0.267955274	0.214559012
1625	0.241467	0.268162804	0.214771196
1626	0.241664571	0.268346295	0.214982848
1627	0.241896	0.268582996	0.215209004
1628	0.242140429	0.268840128	0.215440729
1629	0.242277286	0.268991476	0.215563095
1630	0.242377214	0.269106495	0.215647933
1631	0.242493643	0.269225575	0.21576171
1632	0.242616071	0.269346951	0.215885191
1633	0.242831786	0.269570324	0.216093247
1634	0.243076929	0.269825704	0.216328153
1635	0.243158643	0.269898015	0.216419271
1636	0.243195929	0.269920867	0.21647099
1637	0.243353071	0.270081892	0.216624251
1638	0.243541286	0.270278177	0.216804394
1639	0.243612929	0.270370708	0.216855149
1640	0.243661643	0.270443198	0.216880088
1641	0.2436975	0.270505118	0.216889882
1642	0.243729214	0.270563052	0.216895377
1643	0.243778143	0.270589951	0.216966334
1644	0.243829786	0.270610994	0.217048577
1645	0.243787071	0.270570825	0.217003318
1646	0.243731071	0.270524305	0.216937838
1647	0.243643143	0.270426663	0.216859623
1648	0.243551786	0.270322189	0.216781382
1649	0.243358929	0.270071222	0.216646635
1650	0.243155429	0.269805304	0.216505553
1651	0.242935357	0.269581733	0.216288981
1652	0.242713286	0.269360713	0.216065859
1653	0.242384143	0.269010443	0.215757843
1654	0.242052929	0.268657723	0.215448134
1655	0.2417245	0.268287497	0.215161503
1656	0.241395929	0.267916689	0.214875168
1657	0.2410375	0.267516668	0.214558332
1658	0.24068	0.267117808	0.214242192
1659	0.240363786	0.26675273	0.213974842
1660	0.240040143	0.266377936	0.21370235
1661	0.239661643	0.265930691	0.213392595
1662	0.239286643	0.265491244	0.213082042
1663	0.238950857	0.265128452	0.212773262
1664	0.238602714	0.264749866	0.212455563
1665	0.2381965	0.264304975	0.212088025
1666	0.237796643	0.263863816	0.21172947
1667	0.237457	0.263448875	0.211465125
1668	0.237126357	0.263046095	0.211206619
1669	0.2368475	0.262730801	0.210964199
1670	0.236581	0.262433078	0.210728922
1671	0.2364005	0.262234163	0.210566837
1672	0.236204786	0.262020905	0.210388667
1673	0.235923214	0.261734418	0.21011201
1674	0.235624714	0.261424661	0.209824768
1675	0.235286071	0.261048628	0.209523515
1676	0.234978357	0.26070252	0.209254194
1677	0.234777429	0.260464459	0.209090398
1678	0.234559286	0.260209288	0.208909284
1679	0.234283286	0.259895494	0.208671077
1680	0.234033071	0.259625447	0.208440696
1681	0.233847143	0.259456846	0.208237439
1682	0.233608357	0.259210992	0.208005722
1683	0.233262714	0.258814998	0.207710431
1684	0.232898	0.258399828	0.207396172
1685	0.232516571	0.257964642	0.2070685
1686	0.232150214	0.257557131	0.206743298
1687	0.231803714	0.257189034	0.206418395
1688	0.231414857	0.256771192	0.206058522
1689	0.230961857	0.256281014	0.205642701
1690	0.230456643	0.255727486	0.2051858
1691	0.229901786	0.255117593	0.204685979
1692	0.229380571	0.254540583	0.20422056
1693	0.228892357	0.253986216	0.203798498
1694	0.228414143	0.253464555	0.203363731
1695	0.227939	0.252971238	0.202906762
1696	0.227374429	0.252362259	0.202386598
1697	0.226743786	0.251668282	0.201819289
1698	0.226112214	0.250976933	0.201247495
1699	0.225483929	0.250291181	0.200676676
1700	0.224864214	0.249624634	0.200103795
1701	0.224243929	0.24896038	0.199527477
1702	0.223665786	0.248331739	0.198999833
1703	0.223090286	0.247702017	0.198478554
1704	0.222443	0.24702357	0.19786243
1705	0.221778429	0.246338961	0.197217896
1706	0.221168929	0.245657478	0.196680379
1707	0.220568714	0.24496957	0.196167858
1708	0.220011786	0.244371216	0.195652356
1709	0.219466429	0.243791196	0.195141661
1710	0.218911857	0.243184219	0.194639495
1711	0.218339714	0.242560673	0.194118756
1712	0.217861286	0.24204785	0.193674722
1713	0.217387143	0.241536038	0.193238248
1714	0.216914214	0.240996765	0.192831664
1715	0.216453714	0.240469057	0.192438371
1716	0.215948357	0.239950053	0.191946661
1717	0.215430429	0.239420747	0.19144011
1718	0.214996214	0.238926642	0.191065787
1719	0.214558929	0.238427642	0.190690215
1720	0.214062643	0.237891351	0.190233934
1721	0.213568429	0.23736191	0.189774947
1722	0.213113643	0.236874144	0.189353142
1723	0.212660286	0.236378887	0.188941684
1724	0.212247714	0.235915976	0.188579453
1725	0.211868286	0.235499771	0.1882368
1726	0.211666286	0.235288641	0.18804393
1727	0.211485071	0.235102538	0.187867605
1728	0.211381929	0.235018792	0.187745065
1729	0.211329571	0.234974205	0.187684938
1730	0.211391929	0.235014316	0.187769541
1731	0.211532	0.235153503	0.187910497
1732	0.211845786	0.235496377	0.188195194
1733	0.212192571	0.23587112	0.188514022
1734	0.212604143	0.236329236	0.18887905
1735	0.213045143	0.236814666	0.18927562
1736	0.213518286	0.237309799	0.189726773
1737	0.213990786	0.237824898	0.190156674
1738	0.214462214	0.238367068	0.19055736
1739	0.214903571	0.238870743	0.1909364
1740	0.215328214	0.239358298	0.19129813
1741	0.215711857	0.239767883	0.191655831
1742	0.216050214	0.240103327	0.191997101
1743	0.216307214	0.240386854	0.192227575
1744	0.216513571	0.240632124	0.192395018
1745	0.216582786	0.240698698	0.192466874
1746	0.216590357	0.240680503	0.192500212
1747	0.216716786	0.240811509	0.192622063
1748	0.216898214	0.241018249	0.192778179
1749	0.216999786	0.241123362	0.192876209
1750	0.217075714	0.241198575	0.192952854
1751	0.217078714	0.241231477	0.192925951
1752	0.217060429	0.241239932	0.192880925
1753	0.217067214	0.241219297	0.192915131
1754	0.217079643	0.241211113	0.192948172
1755	0.217101857	0.24124296	0.192960754
1756	0.217137	0.241282117	0.192991883
1757	0.2173015	0.241509225	0.193093775
1758	0.217474	0.241742134	0.193205866
1759	0.217580857	0.241815259	0.193346455
1760	0.217685286	0.241900605	0.193469967
1761	0.217737143	0.241990591	0.193483695
1762	0.2178015	0.242091422	0.193511578
1763	0.218101143	0.24242512	0.193777166
1764	0.218395071	0.242747307	0.194042836
1765	0.218599143	0.242956922	0.194241364
1766	0.218823	0.243187867	0.194458133
1767	0.219100643	0.243484003	0.194717283
1768	0.219437643	0.243834539	0.195040747
1769	0.219812143	0.244220446	0.19540384
1770	0.220136571	0.244568545	0.195704598
1771	0.220447429	0.244909084	0.195985773
1772	0.220750286	0.245237752	0.19626282
1773	0.221021857	0.245535907	0.196507808
1774	0.221286571	0.245827037	0.196746106
1775	0.221581571	0.246154461	0.197008682
1776	0.221933571	0.246551788	0.197315355
1777	0.222309714	0.246980015	0.197639413
1778	0.222451286	0.247119329	0.197783242
1779	0.222451214	0.247086882	0.197815546
1780	0.222514857	0.247177254	0.19785246
1781	0.222615429	0.247322186	0.197908672
1782	0.222755786	0.247473042	0.198038529
1783	0.222891	0.247620204	0.198161796
1784	0.222934214	0.247647356	0.198221073
1785	0.222979786	0.247666675	0.198292896
1786	0.223076714	0.24775106	0.198402369
1787	0.223198071	0.247864387	0.198531756
1788	0.223371143	0.248041054	0.198701232
1789	0.223509357	0.248178545	0.198840169
1790	0.223456857	0.248124011	0.198789704
1791	0.223441143	0.248118262	0.198764023
1792	0.223506929	0.248200876	0.198812981
1793	0.223501286	0.248204076	0.198798495
1794	0.223276357	0.247974312	0.198578403
1795	0.223113357	0.247815853	0.198410862
1796	0.223182571	0.247912775	0.198452368
1797	0.223235786	0.247987041	0.19848453
1798	0.223228214	0.248001671	0.198454758
1799	0.223116857	0.247919192	0.198314522
1800	0.222885714	0.247686982	0.198084447
1801	0.220385786	0.245841118	0.194930453
1802	0.220817286	0.246234602	0.195399969
1803	0.222210786	0.248075737	0.196345834
1804	0.223468214	0.249982166	0.196954262
1805	0.222207214	0.249411262	0.195003167
1806	0.219081143	0.247401602	0.190760683
1807	0.215824857	0.244063892	0.187585823
1808	0.2157645	0.242967587	0.188561413
1809	0.218431571	0.245530874	0.191332269
1810	0.220180071	0.247381752	0.192978391
1811	0.221267429	0.248490355	0.194044502
1812	0.221073429	0.248645611	0.193501246
1813	0.221226786	0.249236722	0.19321685
1814	0.223045786	0.25069072	0.195400851
1815	0.225275929	0.253060332	0.197491525
1816	0.225698143	0.254561343	0.196834942
1817	0.223522214	0.253656803	0.193387626
1818	0.218860786	0.249286345	0.188435226
1819	0.217786071	0.246933074	0.188639068
1820	0.218265143	0.245515149	0.191015137
1821	0.217293429	0.244302288	0.190284569
1822	0.215174286	0.244499643	0.185848928
1823	0.216783286	0.248719368	0.184847203
1824	0.225504643	0.256853322	0.194155964
1825	0.229577857	0.258098738	0.201056976
1826	0.227019929	0.258183636	0.195856221
1827	0.234443714	0.268285459	0.20060197
1828	0.232402071	0.27105854	0.193745603
1829	0.213590786	0.256919974	0.170261597
1830	0.189052429	0.234789782	0.143315075
1831	0.1700765	0.218198822	0.121954178
1832	0.155846929	0.20748683	0.104207027
1833	0.145012357	0.206964793	0.083059921
1834	0.124128929	0.181644604	0.066613253
1835	0.098613143	0.158243079	0.038983207
1836	0.0877035	0.145937497	0.029469503
1837	0.0798685	0.147233951	0.012503049
1838	0.076727143	0.150548224	0.002906062
1839	0.078107214	0.162777752	-0.006563323
1840	0.08988	0.174586631	0.005173369
1841	0.117864	0.198357491	0.037370509
1842	0.171806429	0.275670379	0.067942478
1843	0.193274	0.304560422	0.081987578
1844	0.200279786	0.317359366	0.083200205
1845	0.1794175	0.272883258	0.085951742
1846	0.15488	0.233284052	0.076475948
1847	0.144854286	0.221588562	0.068120009
1848	0.144437286	0.241844804	0.047029768
1849	0.146756571	0.257417049	0.036096094
1850	0.1504875	0.254625269	0.046349731
1851	0.169788714	0.287346502	0.052230926
1852	0.182155571	0.294617411	0.069693731
1853	0.156868857	0.250715659	0.063022055
1854	0.130830286	0.215857808	0.045802763
1855	0.127528	0.220701526	0.034354474
1856	0.160841929	0.279165557	0.0425183
1857	0.213278429	0.370212522	0.056344335
1858	0.242408143	0.396998509	0.087817777
1859	0.233231357	0.353435397	0.113027318
1860	0.194453071	0.271406046	0.117500097
1861	0.179892929	0.236921848	0.122864009
1862	0.170466143	0.229630271	0.111302015
1863	0.166940143	0.229375574	0.104504712
1864	0.17481	0.24537838	0.10424162
1865	0.171273929	0.240733628	0.10181423
1866	0.147551286	0.223363748	0.071738823
1867	0.112543214	0.17729076	0.047795668
1868	0.092648929	0.152627651	0.032670206
1869	0.099953857	0.175568022	0.024339692
1870	0.125916214	0.21659291	0.035239518
1871	0.182589786	0.310979681	0.054199891
1872	0.226383929	0.368154995	0.084612863
1873	0.232182	0.364369657	0.099994343
1874	0.2066405	0.297874982	0.115406018
1875	0.188999857	0.264000428	0.113999286
1876	0.173086429	0.227088664	0.119084193
1877	0.16322	0.209263171	0.117176829
1878	0.172571143	0.215321644	0.129820641
1879	0.182506643	0.225512921	0.139500365
1880	0.184103357	0.2251275	0.143079214
1881	0.184928429	0.218357745	0.151499112
1882	0.186187071	0.217274069	0.155100074
1883	0.184446643	0.212157553	0.156735733
1884	0.182460571	0.209218395	0.155702748
1885	0.184989929	0.210149035	0.159830823
1886	0.189928714	0.216180567	0.163676862
1887	0.197448714	0.224509788	0.17038764
1888	0.201338714	0.225854596	0.176822832
1889	0.197804357	0.219507099	0.176101616
1890	0.187964357	0.209238861	0.166689853
1891	0.178717286	0.202126576	0.155307996
1892	0.178429286	0.205095721	0.151762851
1893	0.178573	0.209747422	0.147398578
1894	0.177581286	0.207030185	0.148132386
1895	0.175865071	0.206706368	0.145023775
1896	0.167208	0.197668035	0.136747965
1897	0.156019929	0.18459573	0.127444127
1898	0.147329214	0.180136635	0.114521793
1899	0.136971143	0.180112368	0.093829918
1900	0.130524643	0.184999332	0.076049954
1901	0.128358071	0.179416247	0.077299896
1902	0.124223571	0.177987065	0.070460078
1903	0.121219429	0.164178865	0.078259992
1904	0.119105071	0.154456278	0.083753865
1905	0.109168286	0.147627536	0.070709035
1906	0.098212214	0.152379088	0.044045341
1907	0.0917765	0.146459149	0.037093851
1908	0.092132786	0.142663117	0.041602454
1909	0.094322286	0.142163424	0.046481147
1910	0.101075357	0.144653098	0.057497616
1911	0.107259	0.149816719	0.064701281
1912	0.111879143	0.145258333	0.078499953
1913	0.115326286	0.145096816	0.085555755
1914	0.119556143	0.142648793	0.096463493
1915	0.122384571	0.142502782	0.102266361
1916	0.123367071	0.143550402	0.103183741
1917	0.124143429	0.147163782	0.101123075
1918	0.126135643	0.150710905	0.101560381
1919	0.130449357	0.154512697	0.106386017
1920	0.134067214	0.158144901	0.109989528
1921	0.135340929	0.158791931	0.111889926
1922	0.136753929	0.160104422	0.113403436
1923	0.136342429	0.159450953	0.113233904
1924	0.1355095	0.159017243	0.112001757
1925	0.135654571	0.158436817	0.112872326
1926	0.136689714	0.158688363	0.114691065
1927	0.136418214	0.157730734	0.115105694
1928	0.135804714	0.156734547	0.114874882
1929	0.1362585	0.156952975	0.115564025
1930	0.1372315	0.157427343	0.117035657
1931	0.138099286	0.158040422	0.11815815
1932	0.138511714	0.157861279	0.11916215
1933	0.138881429	0.157893502	0.119869355
1934	0.140986786	0.160938301	0.12103527
1935	0.143404071	0.164767738	0.122040405
1936	0.143461	0.165794702	0.121127298
1937	0.142465357	0.165586658	0.119344057
1938	0.142445214	0.166237852	0.118652577
1939	0.143432286	0.168066353	0.118798218
1940	0.1444775	0.169542275	0.119412725
1941	0.145554286	0.169366167	0.121742404
1942	0.146497857	0.169334288	0.123661426
1943	0.147986286	0.169889104	0.126083467
1944	0.149378857	0.170481911	0.128275803
1945	0.150227071	0.170722945	0.129731198
1946	0.150883929	0.17091781	0.130850047
1947	0.152102071	0.172486183	0.13171796
1948	0.153695786	0.174976249	0.132415322
1949	0.155089286	0.177104953	0.133073619
1950	0.156136643	0.178625394	0.133647891
1951	0.157023786	0.179966863	0.134080708
1952	0.157372643	0.180369891	0.134375394
1953	0.157711357	0.180805809	0.134616905
1954	0.158696857	0.181282778	0.136110936
1955	0.159664429	0.181860969	0.137467888
1956	0.160693929	0.182746644	0.138641213
1957	0.161680786	0.183711893	0.139649678
1958	0.162820286	0.185135229	0.140505342
1959	0.164020929	0.186838615	0.141203242
1960	0.165163	0.188281868	0.142044132
1961	0.166298071	0.189360898	0.143235245
1962	0.167209286	0.190296513	0.144122059
1963	0.167385643	0.190799203	0.143972083
1964	0.167542143	0.191265054	0.143819231
1965	0.1686325	0.192382883	0.144882117
1966	0.169668571	0.193433721	0.145903421
1967	0.1704305	0.194140601	0.146720399
1968	0.171065429	0.194717634	0.147413224
1969	0.171439143	0.195000259	0.147878027
1970	0.171591857	0.195017643	0.148166072
1971	0.171908357	0.195362486	0.148454229
1972	0.172605214	0.196429413	0.148781016
1973	0.173279929	0.197435734	0.149124123
1974	0.174013357	0.198309125	0.149717589
1975	0.174703	0.199138348	0.150267652
1976	0.175222357	0.199677198	0.150767516
1977	0.175711	0.200183597	0.151238403
1978	0.176163429	0.200696755	0.151630102
1979	0.176611857	0.201217793	0.152005922
1980	0.177123857	0.201747759	0.152499955
1981	0.177644571	0.202252162	0.153036981
1982	0.178163643	0.202802712	0.153524574
1983	0.1786335	0.203375565	0.153891435
1984	0.179064429	0.203877914	0.154250943
1985	0.1796285	0.204245415	0.155011585
1986	0.180189286	0.204614709	0.155763863
1987	0.180398357	0.20467039	0.156126324
1988	0.1805355	0.204651829	0.156419171
1989	0.180887929	0.20511325	0.156662607
1990	0.181342929	0.205807951	0.156877906
1991	0.181654143	0.206104361	0.157203925
1992	0.181889357	0.206079177	0.157699538
1993	0.182063643	0.206074636	0.15805265
1994	0.182006857	0.206039262	0.157974452
1995	0.181956214	0.206027682	0.157884747
1996	0.182133857	0.206214725	0.158052989
1997	0.182328357	0.206438531	0.158218184
1998	0.182356857	0.206629165	0.158084549
1999	0.182376071	0.206879604	0.157872539
2000	0.1821965	0.206700996	0.157692004
2001	0.181911286	0.206334043	0.157488528
2002	0.181960571	0.206193674	0.157727469
2003	0.182249357	0.206211257	0.158287457
2004	0.182238643	0.205968345	0.158508941
2005	0.181754429	0.205180603	0.158328254
2006	0.181205214	0.204485696	0.157924732
2007	0.180894	0.204513294	0.157274706
2008	0.180619214	0.204582094	0.156656335
2009	0.180317643	0.204879021	0.155756265
2010	0.179992786	0.205210344	0.154775228
2011	0.179867714	0.204801349	0.15493408
2012	0.179769429	0.204252441	0.155286416
2013	0.1795205	0.203896595	0.155144405
2014	0.179212429	0.203713066	0.154711792
2015	0.178733071	0.203262981	0.154203162
2016	0.178291	0.202627551	0.153954449
2017	0.178012214	0.202190298	0.153834131
2018	0.177544071	0.201708427	0.153379715
2019	0.177128429	0.201284081	0.152972776
2020	0.176656643	0.200562159	0.152751127
2021	0.176215286	0.199906134	0.152524437
2022	0.175551214	0.19904407	0.152058358
2023	0.174907643	0.198217871	0.151597415
2024	0.174122643	0.197258808	0.150986477
2025	0.173462143	0.196481618	0.150442667
2026	0.172902071	0.195863439	0.149940704
2027	0.172397286	0.195369723	0.149424849
2028	0.171739071	0.19477587	0.148702273
2029	0.170815429	0.193895602	0.147735256
2030	0.169984857	0.193069363	0.146900351
2031	0.169358714	0.192332538	0.14638489
2032	0.168765714	0.191647569	0.14588386
2033	0.168046929	0.190811878	0.145281979
2034	0.167297	0.189942106	0.144651894
2035	0.166593714	0.18898691	0.144200519
2036	0.165911643	0.188053156	0.14377013
2037	0.1650525	0.187058079	0.143046921
2038	0.164197214	0.186082992	0.142311437
2039	0.163465429	0.185244478	0.14168638
2040	0.162798	0.184481243	0.141114757
2041	0.162175643	0.183695393	0.140655892
2042	0.161583286	0.182993775	0.140172797
2043	0.160942286	0.182251339	0.139633233
2044	0.160301	0.181297808	0.139304192
2045	0.159634214	0.180317546	0.138950883
2046	0.158795429	0.179623407	0.13796745
2047	0.157900786	0.179004617	0.136796954
2048	0.1569565	0.178137859	0.135775141
2049	0.155965429	0.177121904	0.134808953
2050	0.155124929	0.176258508	0.133991349
2051	0.154340571	0.175382321	0.133298821
2052	0.153616429	0.17447638	0.132756477
2053	0.152910071	0.173519055	0.132301088
2054	0.152202357	0.17257755	0.131827165
2055	0.151709214	0.171834618	0.131583811
2056	0.151085286	0.170986353	0.131184218
2057	0.150112429	0.170019292	0.130205565
2058	0.149194214	0.169139187	0.129249242
2059	0.148580571	0.168493499	0.128667644
2060	0.147937071	0.167801117	0.128073026
2061	0.147339143	0.167231235	0.127447051
2062	0.146798214	0.16665777	0.126938659
2063	0.146216786	0.166045585	0.126387987
2064	0.145735429	0.165623363	0.125847494
2065	0.145266571	0.165101906	0.125431237
2066	0.1446995	0.164428706	0.124970294
2067	0.144116	0.163720706	0.124511294
2068	0.143624214	0.163002209	0.12424622
2069	0.143168143	0.162425453	0.123910832
2070	0.142659071	0.161946226	0.123371917
2071	0.142165571	0.161457721	0.122873422
2072	0.141743786	0.160900883	0.122586689
2073	0.1413125	0.160332436	0.122292564
2074	0.140915643	0.159773269	0.122058017
2075	0.140575857	0.159357703	0.121794011
2076	0.140144786	0.158960165	0.121329407
2077	0.139786357	0.158628026	0.120944689
2078	0.139571	0.158478495	0.120663505
2079	0.139341214	0.15832095	0.120361478
2080	0.139137071	0.158134146	0.120139997
2081	0.139047071	0.157927438	0.120166704
2082	0.138925357	0.157650858	0.120199856
2083	0.138654786	0.15734511	0.119964462
2084	0.138325357	0.157013844	0.11963687
2085	0.137851143	0.15650396	0.119198326
2086	0.137403	0.156016909	0.118789091
2087	0.137097143	0.155712366	0.11848192
2088	0.136759571	0.155326312	0.118192831
2089	0.136522357	0.155053074	0.11799164
2090	0.136375571	0.154843469	0.117907674
2091	0.136135214	0.154463897	0.117806532
2092	0.135921571	0.154099344	0.117743799
2093	0.135746143	0.153780071	0.117712215
2094	0.135406714	0.153334797	0.117478631
2095	0.135155571	0.153028802	0.117282341
2096	0.135200857	0.153141304	0.11726041
2097	0.135241214	0.153270339	0.11721209
2098	0.135044643	0.15301994	0.117069345
2099	0.134791	0.15265932	0.11692268
2100	0.134662643	0.152522597	0.116802689
2101	0.134615571	0.152566643	0.1166645
2102	0.134331786	0.152247868	0.116415704
2103	0.134086571	0.15192924	0.116243903
2104	0.134178714	0.152133052	0.116224377
2105	0.134330071	0.152438216	0.116221926
2106	0.134403857	0.152579454	0.11622826
2107	0.1343165	0.152441562	0.116191438
2108	0.134131857	0.152143604	0.11612011
2109	0.134019071	0.151958469	0.116079674
2110	0.133891786	0.151770425	0.116013146
2111	0.133740429	0.151623257	0.1158576
2112	0.133685857	0.15164239	0.115729325
2113	0.133867571	0.151955652	0.115779491
2114	0.134018857	0.15217737	0.115860344
2115	0.134027643	0.152135518	0.115919768
2116	0.134005286	0.152090019	0.115920552
2117	0.134007286	0.152068678	0.115945894
2118	0.1340815	0.152171815	0.115991185
2119	0.134119357	0.152168709	0.116070005
2120	0.134235857	0.152233224	0.11623849
2121	0.1344705	0.152547819	0.116393181
2122	0.1346915	0.152768552	0.116614448
2123	0.134753286	0.152785136	0.116721435
2124	0.1347335	0.152819978	0.116647022
2125	0.134780714	0.152951724	0.116609705
2126	0.134760571	0.152988945	0.116532198
2127	0.134742429	0.153024579	0.116460278
2128	0.134893571	0.153116917	0.116670226
2129	0.135036	0.153138878	0.116933122
2130	0.134875429	0.152910494	0.116840363
2131	0.134701714	0.152768873	0.116634556
2132	0.134718071	0.152886877	0.116549265
2133	0.134777643	0.153100287	0.116454999
2134	0.135018143	0.153372449	0.116663837
2135	0.135377286	0.153619461	0.11713511
2136	0.135620214	0.15384423	0.117396199
2137	0.1357595	0.154056822	0.117462178
2138	0.135969143	0.154290329	0.117647957
2139	0.136192286	0.154515317	0.117869254
2140	0.136370429	0.154651376	0.118089481
2141	0.136485143	0.154642485	0.1183278
2142	0.136600357	0.154659526	0.118541188
2143	0.136841786	0.154859918	0.118823653
2144	0.137135929	0.155115755	0.119156102
2145	0.137402214	0.155328511	0.119475917
2146	0.137638714	0.155508645	0.119768783
2147	0.137739643	0.155708172	0.119771114
2148	0.137722714	0.15582548	0.119619948
2149	0.137828286	0.156109455	0.119547116
2150	0.138125429	0.156588567	0.11966229
2151	0.1386085	0.157115173	0.120101827
2152	0.139081143	0.157585402	0.120576884
2153	0.139302	0.157795058	0.120808942
2154	0.139302857	0.157699984	0.12090573
2155	0.139358071	0.157692166	0.121023977
2156	0.139495143	0.157796126	0.12119416
2157	0.139681786	0.157986319	0.121377252
2158	0.139897857	0.158389328	0.121406386
2159	0.140115	0.15880329	0.12142671
2160	0.140414429	0.159108818	0.121720039
2161	0.140730786	0.159384279	0.122077292
2162	0.141019857	0.159745279	0.122294435
2163	0.141332929	0.160222325	0.122443532
2164	0.141677929	0.160571933	0.122783924
2165	0.142060214	0.160841651	0.123278777
2166	0.142431714	0.161173982	0.123689446
2167	0.142826429	0.161573295	0.124079562
2168	0.143169571	0.161917623	0.12442152
2169	0.143392857	0.162109859	0.124675855
2170	0.1436395	0.162371348	0.124907652
2171	0.143866929	0.162649311	0.125084546
2172	0.144089929	0.162885707	0.12529415
2173	0.144344786	0.16319851	0.125491062
2174	0.144588286	0.163543877	0.125632695
2175	0.144677071	0.163607268	0.125746875
2176	0.144721357	0.163581768	0.125860946
2177	0.144973143	0.163922888	0.126023398
2178	0.145343143	0.164444497	0.126241789
2179	0.145584	0.164734076	0.126433924
2180	0.145755143	0.164999886	0.126510399
2181	0.146208143	0.165564044	0.126852242
2182	0.146587286	0.165946565	0.127228006
2183	0.146756071	0.166062289	0.127449854
2184	0.146988571	0.166321478	0.127655665
2185	0.147222357	0.166607336	0.127837379
2186	0.147214214	0.166546605	0.127881824
2187	0.1472425	0.166611585	0.127873415
2188	0.147707214	0.167188085	0.128226343
2189	0.148166357	0.16767815	0.128654564
2190	0.148440786	0.167942185	0.128939386
2191	0.148629214	0.168151049	0.12910738
2192	0.148737143	0.168298347	0.129175938
2193	0.148818214	0.168396501	0.129239928
2194	0.148791	0.168230524	0.129351476
2195	0.148796214	0.168053715	0.129538714
2196	0.149074	0.168187176	0.129960824
2197	0.149407143	0.168434659	0.130379627
2198	0.149739214	0.168732472	0.130745956
2199	0.149927857	0.168894866	0.130960848
2200	0.149882429	0.169109336	0.130655521
2201	0.149851143	0.16941907	0.130283215
2202	0.149874286	0.169571891	0.13017668
2203	0.150159857	0.169826531	0.130493183
2204	0.150527786	0.170149785	0.130905787
2205	0.150766214	0.170449244	0.131083184
2206	0.151064071	0.17077785	0.131350293
2207	0.151287857	0.170938136	0.131637579
2208	0.151421071	0.171011857	0.131830286
2209	0.151338571	0.170771119	0.131906024
2210	0.151169857	0.170484969	0.131854745
2211	0.150944786	0.170244915	0.131644656
2212	0.150821714	0.170153605	0.131489823
2213	0.151049786	0.170535767	0.131563804
2214	0.151318286	0.170949327	0.131687244
2215	0.151471786	0.171110415	0.131833157
2216	0.151609643	0.171304021	0.131915265
2217	0.151665643	0.171487668	0.131843617
2218	0.151710643	0.171616726	0.13180456
2219	0.151546571	0.171397579	0.131695564
2220	0.151161857	0.170901745	0.131421969
2221	0.1507245	0.170388453	0.131060547
2222	0.150420714	0.169934372	0.130907057
2223	0.150389929	0.169751025	0.131028832
2224	0.150429071	0.169763971	0.131094172
2225	0.150339643	0.169702422	0.130976864
2226	0.150042071	0.169459947	0.130624195
2227	0.149715143	0.169217445	0.130212841
2228	0.149361429	0.168908401	0.129814456
2229	0.148973786	0.168471221	0.12947635
2230	0.148482857	0.167833553	0.129132161
2231	0.1479575	0.167172445	0.128742555
2232	0.147439857	0.166533155	0.128346559
2233	0.146938786	0.165952572	0.127925
2234	0.146224214	0.165224403	0.127224026
2235	0.145343714	0.164299509	0.12638792
2236	0.1442365	0.163061375	0.125411625
2237	0.143195071	0.161891935	0.124498208
2238	0.142424357	0.160993326	0.123855388
2239	0.141602286	0.160030016	0.123174555
2240	0.140864786	0.159186216	0.122543356
2241	0.140213214	0.158542221	0.121884207
2242	0.139295214	0.157561903	0.121028526
2243	0.138307429	0.156471365	0.120143492
2244	0.137397857	0.155536915	0.119258799
2245	0.136516786	0.154576413	0.118457159
2246	0.135644214	0.153676528	0.1176119
2247	0.1347275	0.152673705	0.116781295
2248	0.133863143	0.151668447	0.116057839
2249	0.133042071	0.150748863	0.11533528
2250	0.132195786	0.149754371	0.1146372
2251	0.1313085	0.148691936	0.113925064
2252	0.130327143	0.147582646	0.11307164
2253	0.129224786	0.146339347	0.112110224
2254	0.128171	0.145116952	0.111225048
2255	0.127187643	0.143961342	0.110413944
2256	0.126199571	0.142815702	0.109583441
2257	0.125342357	0.14185668	0.108828034
2258	0.1244795	0.140925328	0.108033672
2259	0.123348286	0.139678521	0.10701805
2260	0.122232143	0.138416899	0.106047387
2261	0.121269643	0.137284801	0.105254485
2262	0.120265	0.136069308	0.104460692
2263	0.119368143	0.134959608	0.103776678
2264	0.1184835	0.13390544	0.10306156
2265	0.117533286	0.132803189	0.102263383
2266	0.116723643	0.13197575	0.101471536
2267	0.115932286	0.131193297	0.100671274
2268	0.115221143	0.130316343	0.100125943
2269	0.114731357	0.129728752	0.099733962
2270	0.114334786	0.12938356	0.099286012
2271	0.113798929	0.128859116	0.098738741
2272	0.113432857	0.12847575	0.098389964
2273	0.113171071	0.128252693	0.09808945
2274	0.112858071	0.127935021	0.097781122
2275	0.112551429	0.127597096	0.097505761
2276	0.112265	0.127342492	0.097187508
2277	0.111935786	0.127073491	0.096798081
2278	0.111565357	0.126793568	0.096337146
2279	0.111254071	0.126586642	0.095921501
2280	0.111152	0.126507073	0.095796927
2281	0.111065357	0.126405365	0.09572535
2282	0.110962357	0.12609922	0.095825494
2283	0.110812071	0.125674147	0.095949996
2284	0.110535857	0.125364268	0.095707447
2285	0.110258429	0.125134774	0.095382083
2286	0.109959214	0.124802209	0.095116219
2287	0.109731071	0.124478308	0.094983835
2288	0.109433	0.124100281	0.094765719
2289	0.109074714	0.123704384	0.094445044
2290	0.108763071	0.123298916	0.094227226
2291	0.108351429	0.122790327	0.09391253
2292	0.107585857	0.121824597	0.093347117
2293	0.1067925	0.120852308	0.092732692
2294	0.106271571	0.120291504	0.092251639
2295	0.105821214	0.119879973	0.091762456
2296	0.105283786	0.119364612	0.09120296
2297	0.1045605	0.118498553	0.090622447
2298	0.103898286	0.11777649	0.090020082
2299	0.103444929	0.117322574	0.089567283
2300	0.102969286	0.1167952	0.089143371
2301	0.1025415	0.116452632	0.088630368
2302	0.102144429	0.1162029	0.088085957
2303	0.101616857	0.115631578	0.087602136
2304	0.101066143	0.114996913	0.087135372
2305	0.100676857	0.114616426	0.086737288
2306	0.100331714	0.114248392	0.086415036
2307	0.100174	0.113902549	0.086445451
2308	0.100116643	0.113764873	0.086468413
2309	0.100106286	0.113825244	0.086387328
2310	0.100098429	0.113849905	0.086346952
2311	0.100309429	0.114249603	0.086369254
2312	0.100559714	0.114715022	0.086404406
2313	0.100870714	0.115146837	0.086594592
2314	0.101366214	0.115805933	0.086926495
2315	0.101915429	0.116439589	0.087391269
2316	0.1023445	0.116848074	0.087840926
2317	0.102804929	0.117429843	0.088180015
2318	0.1033	0.118130081	0.088469919
2319	0.103755929	0.118544503	0.088967354
2320	0.104184	0.118756607	0.089611393
2321	0.104725786	0.119181669	0.090269902
2322	0.105405929	0.119699209	0.091112648
2323	0.1059405	0.120229137	0.091651863
2324	0.105829857	0.120251847	0.091407867
2325	0.105622071	0.120009198	0.091234945
2326	0.105567	0.119835788	0.091298212
2327	0.105643643	0.119806551	0.091480735
2328	0.105829071	0.119853364	0.091804779
2329	0.105891429	0.119757638	0.092025219
2330	0.105605286	0.119442896	0.091767675
2331	0.105309429	0.119243343	0.091375514
2332	0.105101357	0.119049839	0.091152876
2333	0.104907357	0.118741892	0.091072822
2334	0.104779143	0.11841414	0.091144146
2335	0.104600571	0.118098227	0.091102916
2336	0.103906357	0.117547564	0.09026515
2337	0.103159143	0.117029474	0.089288812
2338	0.102930286	0.116882585	0.088977987
2339	0.102834714	0.116870559	0.088798869
2340	0.102835929	0.116806952	0.088864905
2341	0.102828	0.116704257	0.088951743
2342	0.102280357	0.116058132	0.088502582
2343	0.1015845	0.115244593	0.087924407
2344	0.101289857	0.115010488	0.087569226
2345	0.101088143	0.114995111	0.087181175
2346	0.100848429	0.114890447	0.08680641
2347	0.1007	0.114808719	0.086591281
2348	0.100864714	0.115041392	0.086688037
2349	0.1010845	0.115257611	0.086911389
2350	0.100959929	0.115175327	0.08674453
2351	0.100773429	0.115075284	0.086471574
2352	0.100930714	0.115218613	0.086642815
2353	0.101319571	0.115514454	0.087124688
2354	0.101692071	0.115755407	0.087628736
2355	0.102144643	0.116178631	0.088110655
2356	0.102577429	0.11680225	0.088352607
2357	0.103097714	0.117290706	0.088904723
2358	0.103627786	0.117757232	0.08949834
2359	0.103753143	0.118015406	0.08949088
2360	0.103743714	0.118048986	0.089438442
2361	0.103737643	0.118005398	0.089469887
2362	0.103788857	0.118067278	0.089510436
2363	0.103897571	0.118066334	0.089728809
2364	0.104036143	0.118066189	0.090006097
2365	0.104036429	0.117691752	0.090381105
2366	0.103953857	0.117299115	0.090608599
2367	0.103800786	0.117164092	0.090437479
2368	0.103614286	0.117032565	0.090196006
2369	0.103280214	0.1169086	0.089651828
2370	0.102966	0.116903627	0.089028373
2371	0.102750143	0.116698015	0.088802271
2372	0.102430143	0.116350615	0.088509671
2373	0.101972857	0.116136765	0.087808949
2374	0.101742643	0.116239942	0.087245344
2375	0.101791643	0.116257312	0.087325974
2376	0.101767143	0.116050123	0.087484163
2377	0.102017214	0.11601035	0.088024079
2378	0.102278071	0.116068424	0.088487719
2379	0.102403714	0.11636222	0.088445209
2380	0.102519786	0.116888871	0.0881507
2381	0.102137643	0.116679675	0.087595611
2382	0.101486714	0.115985941	0.086987488
2383	0.101241071	0.115695568	0.086786575
2384	0.101193214	0.115537179	0.086849249
2385	0.1012115	0.115440024	0.086982976
2386	0.101665714	0.115828156	0.087503273
2387	0.102300286	0.116455225	0.088145347
2388	0.102837214	0.116974693	0.088699736
2389	0.103002643	0.116955296	0.08904999
2390	0.102859286	0.116847192	0.088871379
2391	0.1029325	0.117127146	0.088737854
2392	0.102804643	0.117078637	0.088530649
2393	0.102742643	0.117075184	0.088410102
2394	0.102977571	0.117371599	0.088583544
2395	0.103236714	0.117757227	0.088716202
2396	0.103589643	0.118040893	0.089138393
2397	0.1037475	0.118211124	0.089283876
2398	0.103449	0.118022156	0.088875844
2399	0.102861	0.117458408	0.088263592
2400	0.102012214	0.116610218	0.087414211
2401	0.101632	0.1163756	0.0868884
2402	0.101983357	0.116847553	0.087119161
2403	0.102252071	0.117173443	0.0873307
2404	0.102659143	0.117718427	0.087599859
2405	0.102924429	0.118244782	0.087604075
2406	0.102715786	0.118114396	0.087317175
2407	0.102515429	0.117920829	0.087110028
2408	0.102073786	0.117188884	0.086958688
2409	0.101572643	0.116358304	0.086786982
2410	0.101197786	0.115948428	0.086447143
2411	0.100836286	0.115702666	0.085969906
2412	0.100514786	0.115392209	0.085637362
2413	0.100175714	0.115211808	0.085139621
2414	0.099607143	0.114459591	0.084754694
2415	0.098913143	0.113447192	0.084379094
2416	0.098322143	0.112429993	0.084214293
2417	0.09789	0.111768797	0.084011203
2418	0.098232714	0.112578217	0.083887212
2419	0.098762571	0.113775449	0.083749694
2420	0.098365214	0.11334578	0.083384648
2421	0.097535214	0.112385288	0.08268514
2422	0.096825429	0.111581985	0.082068872
2423	0.096366929	0.111015663	0.081718194
2424	0.096761643	0.111344273	0.082179013
2425	0.097408857	0.111902141	0.082915573
2426	0.097208429	0.111408848	0.083008009
2427	0.096950429	0.110942624	0.082958233
2428	0.096653	0.110371819	0.082934181
2429	0.095987643	0.109193641	0.082781645
2430	0.095940571	0.108901353	0.08297979
2431	0.096195286	0.109705724	0.082684847
2432	0.095349143	0.109576703	0.081121582
2433	0.093476786	0.108149569	0.078804002
2434	0.092323286	0.106493586	0.078152985
2435	0.092023929	0.105474973	0.078572884
2436	0.091644714	0.104771034	0.078518395
2437	0.091778214	0.105038471	0.078517958
2438	0.091605429	0.104454288	0.078756569
2439	0.090962071	0.102913313	0.07901083
2440	0.090180214	0.101823703	0.078536726
2441	0.088517714	0.100030415	0.077005013
2442	0.087643643	0.099061477	0.076225809
2443	0.087792714	0.099432783	0.076152646
2444	0.088070857	0.100275236	0.075866478
2445	0.089076357	0.102165168	0.075987546
2446	0.088706357	0.102105388	0.075307326
2447	0.086886714	0.099683022	0.074090407
2448	0.085392357	0.097627292	0.073157422
2449	0.082957643	0.094354579	0.071560707
2450	0.081004	0.092038765	0.069969235
2451	0.0807785	0.092777758	0.068779242
2452	0.080237357	0.093742547	0.066732167
2453	0.079837714	0.094774616	0.064900813
2454	0.079645286	0.095301004	0.063989568
2455	0.078610357	0.093924729	0.063295986
2456	0.078007929	0.092755951	0.063259906
2457	0.078128286	0.092125296	0.064131276
2458	0.078102286	0.091892014	0.064312557
2459	0.0783	0.091314118	0.065285882
2460	0.078441286	0.090878319	0.066004252
2461	0.077957643	0.08937555	0.066539736
2462	0.077398	0.088028758	0.066767242
2463	0.076667643	0.087370887	0.065964398
2464	0.075623643	0.087049797	0.064197488
2465	0.074779286	0.086690095	0.062868476
2466	0.0740105	0.085803082	0.062217918
2467	0.073660286	0.085319309	0.062001263
2468	0.073753143	0.086134575	0.061371711
2469	0.073962643	0.086133847	0.061791439
2470	0.073865071	0.086517517	0.061212626
2471	0.073016929	0.085613823	0.060420034
2472	0.072192429	0.084653965	0.059730892
2473	0.071601429	0.083986427	0.05921643
2474	0.070646571	0.083732359	0.057560784
2475	0.068927643	0.081518065	0.056337221
2476	0.067679143	0.080612756	0.05474553
2477	0.067291071	0.081419592	0.053162551
2478	0.066683071	0.083489627	0.049876516
2479	0.065883286	0.085208704	0.046557867
2480	0.0637405	0.085538052	0.041942948
2481	0.059141429	0.079477313	0.038805545
2482	0.054979214	0.074056873	0.035901556
2483	0.054563071	0.070418178	0.038707965
2484	0.054833143	0.069480754	0.040185532
2485	0.052845143	0.069641595	0.036048691
2486	0.049639286	0.069868912	0.029409659
2487	0.046305786	0.066514541	0.026097031
2488	0.043182143	0.065379002	0.020985283
2489	0.043336214	0.064800379	0.021872049
2490	0.044842214	0.065450503	0.024233926
2491	0.0452535	0.064802856	0.025704144
2492	0.046676429	0.070380535	0.022972323
2493	0.050204929	0.078246947	0.02216291
2494	0.050386929	0.081733389	0.019040468
2495	0.045956643	0.073848047	0.018065239
2496	0.041516929	0.067380089	0.015653768
2497	0.038482	0.060871664	0.016092336
2498	0.039214857	0.060298962	0.018130752
2499	0.0423945	0.061780705	0.023008295
2500	0.044363571	0.063499432	0.025227711
