Wavelength	Mean	Std+	Std-
350	0.01575035	0.020387367	0.011113333
351	0.0158595	0.020516914	0.011202086
352	0.01621585	0.020802307	0.011629393
353	0.016181	0.020754276	0.011607724
354	0.0160756	0.020688269	0.011462931
355	0.015944	0.02063784	0.01125016
356	0.0159948	0.020661898	0.011327702
357	0.01620605	0.020910716	0.011501384
358	0.01644975	0.02122994	0.01166956
359	0.0164642	0.021287502	0.011640898
360	0.01654555	0.0212677	0.0118234
361	0.01660385	0.021287438	0.011920262
362	0.0165798	0.021385012	0.011774588
363	0.0163921	0.021169825	0.011614375
364	0.0164658	0.021259027	0.011672573
365	0.0168227	0.021691949	0.011953451
366	0.0167568	0.02164975	0.01186385
367	0.0168084	0.021682933	0.011933867
368	0.0169345	0.021773041	0.012095959
369	0.017067	0.021910819	0.012223181
370	0.0170979	0.022011583	0.012184217
371	0.01714535	0.022146828	0.012143872
372	0.01730095	0.022357781	0.012244119
373	0.01711265	0.02218891	0.01203639
374	0.0171011	0.022176991	0.012025209
375	0.0173559	0.022416556	0.012295244
376	0.01755225	0.022658786	0.012445714
377	0.0176477	0.022773786	0.012521614
378	0.01769985	0.022835986	0.012563714
379	0.01789275	0.023088816	0.012696684
380	0.0179311	0.023198429	0.012663771
381	0.0180258	0.023320508	0.012731092
382	0.0183851	0.023604218	0.013165982
383	0.01853925	0.023910673	0.013167827
384	0.0185718	0.024004968	0.013138632
385	0.01849195	0.023814657	0.013169243
386	0.01859235	0.023967128	0.013217572
387	0.01873855	0.024142702	0.013334398
388	0.01889055	0.024319238	0.013461862
389	0.0188894	0.024412756	0.013366044
390	0.0191256	0.024700652	0.013550548
391	0.0193547	0.024950018	0.013759382
392	0.0193471	0.024928118	0.013766082
393	0.01954865	0.025190994	0.013906306
394	0.0197227	0.025418896	0.014026504
395	0.01981515	0.025538417	0.014091883
396	0.01999785	0.025809762	0.014185938
397	0.02007655	0.025966526	0.014186574
398	0.0201299	0.026078375	0.014181425
399	0.02045365	0.026390808	0.014516492
400	0.020615	0.026582645	0.014647355
401	0.0207211	0.026721528	0.014720672
402	0.02085945	0.02686056	0.01485834
403	0.02103865	0.027094058	0.014983242
404	0.02124225	0.027354905	0.015129595
405	0.02147415	0.027637021	0.015311279
406	0.021638	0.027856808	0.015419192
407	0.021831	0.028095234	0.015566766
408	0.0220323	0.028338406	0.015726194
409	0.02211165	0.028496105	0.015727195
410	0.0223347	0.028778805	0.015890595
411	0.0226217	0.029120081	0.016123319
412	0.0229176	0.029478997	0.016356203
413	0.02311915	0.029740727	0.016497573
414	0.0233032	0.029983969	0.016622431
415	0.023494	0.030234415	0.016753585
416	0.02371035	0.030519812	0.016900888
417	0.0239325	0.030801436	0.017063564
418	0.02416495	0.031089416	0.017240484
419	0.02446015	0.03149003	0.01743027
420	0.02471005	0.031818417	0.017601683
421	0.02494735	0.032119251	0.017775449
422	0.0252186	0.03244834	0.01798886
423	0.02547655	0.032793774	0.018159326
424	0.02569575	0.033095809	0.018295691
425	0.02585805	0.033321244	0.018394856
426	0.02613355	0.033660342	0.018606758
427	0.02646835	0.034071176	0.018865524
428	0.02684225	0.03453353	0.01915097
429	0.0270192	0.034799539	0.019238861
430	0.0273077	0.035170009	0.019445391
431	0.027627	0.035573334	0.019680666
432	0.02784035	0.035895693	0.019785007
433	0.0281221	0.036260191	0.019984009
434	0.02838525	0.036603122	0.020167378
435	0.0285861	0.03689261	0.02027959
436	0.02882405	0.037201694	0.020446406
437	0.0290826	0.037530189	0.020635011
438	0.029358	0.037875626	0.020840374
439	0.02960275	0.038182605	0.021022895
440	0.02985095	0.038504847	0.021197053
441	0.03009195	0.038823124	0.021360776
442	0.0303011	0.039095472	0.021506728
443	0.0305154	0.039389425	0.021641375
444	0.03073955	0.039688048	0.021791052
445	0.03098105	0.039982247	0.021979853
446	0.0312142	0.040270071	0.022158329
447	0.0314258	0.040541981	0.022309619
448	0.0316146	0.040797163	0.022432037
449	0.0317899	0.041036701	0.022543099
450	0.0319718	0.04127978	0.02266382
451	0.03216105	0.04152629	0.02279581
452	0.0323644	0.041779218	0.022949582
453	0.03249145	0.041947051	0.023035849
454	0.03263445	0.042131158	0.023137742
455	0.0328727	0.042419206	0.023326194
456	0.0330566	0.042645906	0.023467294
457	0.0331972	0.042826393	0.023568007
458	0.03329375	0.042960173	0.023627327
459	0.0334385	0.043156676	0.023720324
460	0.0335725	0.043342559	0.023802441
461	0.0336965	0.043515492	0.023877508
462	0.03380625	0.043658565	0.023953935
463	0.0339365	0.043820331	0.024052669
464	0.0340563	0.043970091	0.024142509
465	0.0341324	0.044073431	0.024191369
466	0.0342423	0.044209109	0.024275491
467	0.03434715	0.044348535	0.024345765
468	0.03443775	0.044485827	0.024389673
469	0.03455995	0.044646403	0.024473497
470	0.0346848	0.044810002	0.024559598
471	0.0348034	0.044963001	0.024643799
472	0.03487525	0.045042421	0.024708079
473	0.03495125	0.045141182	0.024761318
474	0.03504275	0.045261398	0.024824102
475	0.0351702	0.045416225	0.024924175
476	0.0352895	0.045561749	0.025017251
477	0.03540825	0.045712245	0.025104255
478	0.03552795	0.045871655	0.025184245
479	0.0356329	0.045988602	0.025277198
480	0.0357223	0.04610293	0.02534167
481	0.03580605	0.046220697	0.025391403
482	0.0359394	0.046377322	0.025501478
483	0.0360581	0.046530979	0.025585221
484	0.03616535	0.046678611	0.025652089
485	0.03625515	0.046807845	0.025702455
486	0.03636425	0.046945863	0.025782637
487	0.03648085	0.047084472	0.025877228
488	0.0366019	0.047220618	0.025983182
489	0.0366509	0.047297687	0.026004113
490	0.0367246	0.047410605	0.026038595
491	0.03682325	0.047556843	0.026089657
492	0.0369528	0.047735782	0.026169818
493	0.03710425	0.047918585	0.026289915
494	0.0372622	0.048098629	0.026425771
495	0.0374079	0.048262858	0.026552942
496	0.0375114	0.048396216	0.026626584
497	0.03762565	0.048548587	0.026702713
498	0.0377739	0.048744989	0.026802811
499	0.03791325	0.048930533	0.026895967
500	0.0380357	0.04908902	0.02698238
501	0.0381412	0.04922237	0.02706003
502	0.0382316	0.049351622	0.027111578
503	0.03834935	0.049501137	0.027197563
504	0.0384753	0.049657961	0.027292639
505	0.0385843	0.049806688	0.027361912
506	0.03872095	0.049979516	0.027462384
507	0.0388516	0.050146004	0.027557196
508	0.03896115	0.050292412	0.027629888
509	0.0391522	0.050507603	0.027796797
510	0.03930995	0.050698935	0.027920965
511	0.03943255	0.050865126	0.027999974
512	0.03959915	0.051070453	0.028127847
513	0.0397759	0.051281374	0.028270426
514	0.03995265	0.051494605	0.028410695
515	0.04010355	0.051697726	0.028509374
516	0.04022885	0.051853686	0.028604014
517	0.0403548	0.052015351	0.028694249
518	0.0404944	0.052211047	0.028777753
519	0.0406369	0.052403966	0.028869834
520	0.0407783	0.052584518	0.028972082
521	0.0409189	0.052754044	0.029083756
522	0.0411042	0.052998112	0.029210288
523	0.04129485	0.053231063	0.029358637
524	0.04148575	0.053460078	0.029511422
525	0.041662	0.053696669	0.029627331
526	0.04185335	0.053931046	0.029775654
527	0.04204115	0.054158595	0.029923705
528	0.0422145	0.054375353	0.030053647
529	0.0423805	0.054594542	0.030166458
530	0.0425806	0.054850039	0.030311161
531	0.0428192	0.055145257	0.030493143
532	0.04301055	0.055390137	0.030630963
533	0.0432104	0.055634754	0.030786046
534	0.0434167	0.055881936	0.030951464
535	0.0436239	0.056139867	0.031107933
536	0.04387225	0.056445517	0.031298983
537	0.0441193	0.056747498	0.031491102
538	0.04433365	0.057006851	0.031660449
539	0.0445564	0.057300978	0.031811822
540	0.04477175	0.057575355	0.031968145
541	0.04497565	0.057818991	0.032132309
542	0.04520025	0.058104461	0.032296039
543	0.04543945	0.058405272	0.032473628
544	0.0456967	0.058722989	0.032670411
545	0.04599995	0.059078291	0.032921609
546	0.04627695	0.059413614	0.033140286
547	0.046544	0.059741598	0.033346402
548	0.04681285	0.060071416	0.033554284
549	0.0470649	0.060383437	0.033746363
550	0.0473187	0.060699368	0.033938032
551	0.0475775	0.061023318	0.034131682
552	0.0478737	0.061365614	0.034381786
553	0.048159	0.061710191	0.034607809
554	0.0484417	0.062063163	0.034820237
555	0.04875805	0.062457536	0.035058564
556	0.0490651	0.062826326	0.035303874
557	0.0493758	0.063193628	0.035557972
558	0.0497034	0.063582559	0.035824241
559	0.05000615	0.06395065	0.03606165
560	0.0503019	0.064308955	0.036294845
561	0.05059295	0.064657364	0.036528536
562	0.05091565	0.065057009	0.036774291
563	0.0512228	0.065442555	0.037003045
564	0.05152495	0.065822189	0.037227711
565	0.0518794	0.066239684	0.037519116
566	0.0521912	0.066610407	0.037771993
567	0.05250205	0.066981352	0.038022748
568	0.0528633	0.067411396	0.038315204
569	0.05319825	0.067807946	0.038588554
570	0.0535087	0.068180165	0.038837235
571	0.05378785	0.068523705	0.039051995
572	0.0541379	0.068946971	0.039328829
573	0.05447705	0.069356902	0.039597198
574	0.05480745	0.069754631	0.039860269
575	0.05516835	0.070174384	0.040162316
576	0.05548675	0.07055891	0.04041459
577	0.05580195	0.070942394	0.040661506
578	0.05616925	0.071371457	0.040967043
579	0.05651515	0.071784395	0.041245905
580	0.0568542	0.072194818	0.041513582
581	0.05718955	0.072607247	0.041771853
582	0.0575593	0.073042578	0.042076022
583	0.0579206	0.073470733	0.042370467
584	0.0582732	0.073891395	0.042655005
585	0.05862195	0.074298659	0.042945241
586	0.0589613	0.074703549	0.043219051
587	0.05930035	0.075110935	0.043489765
588	0.05964605	0.075517893	0.043774207
589	0.059944	0.075867556	0.044020444
590	0.06024125	0.076219288	0.044263212
591	0.0605564	0.076597762	0.044515038
592	0.0609123	0.07702155	0.04480305
593	0.06127475	0.077446072	0.045103428
594	0.06163775	0.077866217	0.045409283
595	0.0619233	0.078210772	0.045635828
596	0.0622757	0.078625403	0.045925997
597	0.0626574	0.0790703	0.0462445
598	0.06299255	0.079464824	0.046520276
599	0.06330815	0.07983397	0.04678233
600	0.0636231	0.080205254	0.047040946
601	0.0639452	0.080591762	0.047298638
602	0.0642801	0.080977847	0.047582353
603	0.0646034	0.081353512	0.047853288
604	0.0649127	0.081718274	0.048107126
605	0.0652286	0.082094739	0.048362461
606	0.0655772	0.08250186	0.04865254
607	0.0659425	0.082921222	0.048963778
608	0.0662757	0.083293805	0.049257595
609	0.0665972	0.083667742	0.049526658
610	0.06693215	0.084056469	0.049807831
611	0.06730005	0.08447041	0.05012969
612	0.0676686	0.084897412	0.050439788
613	0.0680696	0.085355876	0.050783324
614	0.0685077	0.085848333	0.051167067
615	0.0688451	0.086233642	0.051456558
616	0.06919395	0.086633497	0.051754403
617	0.06955175	0.087042606	0.052060894
618	0.06991485	0.087450191	0.052379509
619	0.07029985	0.087888845	0.052710855
620	0.070724	0.088363266	0.053084734
621	0.07121825	0.088892143	0.053544357
622	0.07158825	0.089314414	0.053862086
623	0.07196445	0.089747412	0.054181488
624	0.07236975	0.090211509	0.054527991
625	0.0727091	0.09060421	0.05481399
626	0.07307335	0.091026248	0.055120452
627	0.0734607	0.091473528	0.055447872
628	0.0738864	0.0919544	0.0558184
629	0.07431215	0.092450756	0.056173544
630	0.0747382	0.092950017	0.056526383
631	0.0751675	0.093446245	0.056888755
632	0.0755532	0.093909005	0.057197395
633	0.07595655	0.094395312	0.057517788
634	0.07639155	0.094918576	0.057864524
635	0.0768358	0.095423621	0.058247979
636	0.077212	0.095868923	0.058555077
637	0.0775524	0.096284358	0.058820442
638	0.07799265	0.09679515	0.05919015
639	0.07841315	0.097277987	0.059548313
640	0.0788018	0.097723795	0.059879805
641	0.0791281	0.098102934	0.060153266
642	0.07953295	0.098556254	0.060509646
643	0.07992985	0.099004028	0.060855672
644	0.0802975	0.099427364	0.061167636
645	0.080636	0.099807022	0.061464978
646	0.0809738	0.100181904	0.061765696
647	0.08130215	0.100544113	0.062060187
648	0.08155505	0.100829812	0.062280288
649	0.0818393	0.101140574	0.062538026
650	0.0821527	0.101482477	0.062822923
651	0.08251195	0.101882971	0.063140929
652	0.08285995	0.102260434	0.063459466
653	0.08323065	0.102660864	0.063800436
654	0.08364805	0.103113011	0.064183089
655	0.08392245	0.103418934	0.064425966
656	0.0841981	0.103735921	0.064660279
657	0.08449315	0.104083308	0.064902992
658	0.08498585	0.104638793	0.065332907
659	0.0854231	0.105128636	0.065717564
660	0.0858476	0.105602515	0.066092685
661	0.0863162	0.106125676	0.066506724
662	0.08676985	0.106636948	0.066902752
663	0.08721365	0.107138594	0.067288706
664	0.08764645	0.107628301	0.067664599
665	0.0881465	0.108188472	0.068104528
666	0.08861535	0.108721004	0.068509696
667	0.0890569	0.109228772	0.068885028
668	0.0895624	0.109792728	0.069332072
669	0.0900861	0.11037751	0.06979469
670	0.09062075	0.110976544	0.070264956
671	0.09115615	0.111582818	0.070729482
672	0.0916939	0.112189859	0.071197941
673	0.09221935	0.112787381	0.071651319
674	0.09272315	0.113369103	0.072077197
675	0.0932767	0.113993432	0.072559968
676	0.09382495	0.114619771	0.073030129
677	0.0943685	0.115248921	0.073488079
678	0.09499545	0.115947087	0.074043813
679	0.0956013	0.116633078	0.074569522
680	0.09619095	0.117307554	0.075074346
681	0.0967648	0.117962377	0.075567223
682	0.09734335	0.118620019	0.076066681
683	0.09794535	0.119300392	0.076590308
684	0.09859795	0.120031923	0.077163977
685	0.09917835	0.120690544	0.077666156
686	0.0997213	0.121313396	0.078129204
687	0.1002159	0.121889116	0.078542684
688	0.1007861	0.122560857	0.079011343
689	0.10139785	0.123269199	0.079526501
690	0.10203235	0.123995062	0.080069638
691	0.1026903	0.124740749	0.080639851
692	0.1032736	0.125417036	0.081130164
693	0.10387665	0.126115705	0.081637595
694	0.10457465	0.126911737	0.082237563
695	0.10523885	0.127658459	0.082819241
696	0.1058848	0.128389777	0.083379823
697	0.106518	0.129114221	0.083921779
698	0.10710065	0.129787043	0.084414257
699	0.1076697	0.130449237	0.084890163
700	0.10824705	0.131119827	0.085374273
701	0.1089098	0.131864854	0.085954746
702	0.1095517	0.13259415	0.08650925
703	0.11017505	0.133308699	0.087041401
704	0.1107831	0.13401381	0.08755239
705	0.111419	0.13473179	0.08810621
706	0.11204455	0.135442059	0.088647041
707	0.1126519	0.136140262	0.089163538
708	0.1132763	0.136855296	0.089697304
709	0.1138943	0.137562759	0.090225841
710	0.1145012	0.13825776	0.09074464
711	0.1150711	0.138913576	0.091228624
712	0.1156742	0.139601204	0.091747196
713	0.11626905	0.140280919	0.092257181
714	0.11681165	0.140911495	0.092711805
715	0.11730275	0.141497989	0.093107511
716	0.1177834	0.142075598	0.093491202
717	0.11826035	0.142648036	0.093872664
718	0.1187337	0.143206908	0.094260492
719	0.11934415	0.143896426	0.094791874
720	0.1200377	0.144661709	0.095413691
721	0.1207605	0.145454787	0.096066213
722	0.1213392	0.146117839	0.096560561
723	0.12186655	0.146738451	0.096994649
724	0.12237755	0.147345084	0.097410016
725	0.12298365	0.148027089	0.097940211
726	0.12359145	0.148706876	0.098476024
727	0.12418095	0.149369111	0.098992789
728	0.12478885	0.150055055	0.099522645
729	0.1253985	0.150744099	0.100052901
730	0.12601425	0.151440102	0.100588398
731	0.1267272	0.152233508	0.101220892
732	0.12740675	0.152991816	0.101821684
733	0.12806085	0.153720921	0.102400779
734	0.1286985	0.154425773	0.102971227
735	0.12927705	0.155072426	0.103481674
736	0.12985645	0.155721568	0.103991332
737	0.1304581	0.156394989	0.104521211
738	0.13105475	0.157062517	0.105046983
739	0.13168695	0.157767292	0.105606608
740	0.13233605	0.158489382	0.106182718
741	0.132833	0.159051208	0.106614792
742	0.13339885	0.159687636	0.107110064
743	0.1339853	0.160345143	0.107625457
744	0.13453025	0.160955191	0.108105309
745	0.135071	0.161561328	0.108580672
746	0.13563275	0.162190118	0.109075382
747	0.13623515	0.162861956	0.109608344
748	0.13680785	0.16349495	0.11012075
749	0.13734615	0.164094715	0.110597585
750	0.13785215	0.164664272	0.111040028
751	0.13838345	0.165258838	0.111508062
752	0.13893725	0.165867401	0.112007099
753	0.13950275	0.166486987	0.112518513
754	0.14006945	0.167122791	0.113016109
755	0.1405735	0.167693682	0.113453318
756	0.14106425	0.168237337	0.113891163
757	0.14159545	0.168800027	0.114390873
758	0.1418046	0.169017864	0.114591336
759	0.14186205	0.169102209	0.114621891
760	0.14171995	0.169019439	0.114420461
761	0.14240495	0.169788768	0.115021132
762	0.1430264	0.170484575	0.115568225
763	0.14369295	0.171225868	0.116160032
764	0.14450705	0.172116849	0.116897251
765	0.1452662	0.172936695	0.117595705
766	0.14595335	0.173682202	0.118224498
767	0.14661435	0.174411049	0.118817651
768	0.1472244	0.175091214	0.119357586
769	0.14779095	0.175716768	0.119865132
770	0.1483205	0.176294112	0.120346888
771	0.14881525	0.176840501	0.120789999
772	0.1493497	0.177426301	0.121273099
773	0.1498961	0.178025689	0.121766511
774	0.1503745	0.178563827	0.122185173
775	0.15089425	0.179148239	0.122640261
776	0.15138085	0.179693974	0.123067726
777	0.1517697	0.180127039	0.123412361
778	0.15223925	0.180652275	0.123826225
779	0.15274985	0.181218668	0.124281032
780	0.15329595	0.181818313	0.124773587
781	0.1537815	0.18234666	0.12521634
782	0.1542522	0.182867702	0.125636698
783	0.15471815	0.183391049	0.126045251
784	0.1552005	0.183938583	0.126462417
785	0.15564025	0.184426667	0.126853833
786	0.1560682	0.184901593	0.127234807
787	0.15650125	0.185392734	0.127609766
788	0.1569229	0.185858368	0.127987432
789	0.15735675	0.186336897	0.128376603
790	0.15780925	0.18683774	0.12878076
791	0.15828225	0.187354557	0.129209943
792	0.15874985	0.187873457	0.129626243
793	0.1592109	0.188390771	0.130031029
794	0.1596607	0.18889053	0.13043087
795	0.1600649	0.189344614	0.130785186
796	0.16047785	0.189809609	0.131146091
797	0.1609617	0.190353271	0.131570129
798	0.16142515	0.190853301	0.131996999
799	0.16185465	0.19132462	0.13238468
800	0.1622346	0.191758545	0.132710655
801	0.16276515	0.192334456	0.133195844
802	0.16317905	0.192798192	0.133559908
803	0.1635219	0.193194607	0.133849193
804	0.1640266	0.193750359	0.134302841
805	0.1645092	0.194283113	0.134735287
806	0.16493945	0.19476064	0.13511826
807	0.16525105	0.19511242	0.13538968
808	0.1656083	0.195511744	0.135704856
809	0.16596825	0.195917146	0.136019354
810	0.16631355	0.196312372	0.136314728
811	0.1666038	0.196651248	0.136556352
812	0.16688965	0.196974873	0.136804427
813	0.1671777	0.197294925	0.137060475
814	0.1674677	0.197629211	0.137306189
815	0.16781015	0.198010505	0.137609795
816	0.16819585	0.198432638	0.137959062
817	0.16863145	0.198906039	0.138356861
818	0.1691637	0.199488663	0.138838737
819	0.16963675	0.200016367	0.139257133
820	0.16998365	0.200418165	0.139549135
821	0.17026005	0.200732063	0.139788037
822	0.17063495	0.201137661	0.140132239
823	0.17109225	0.201619537	0.140564963
824	0.17161405	0.202204534	0.141023566
825	0.1720089	0.202661224	0.141356576
826	0.17236065	0.203065321	0.141655979
827	0.1727492	0.203477503	0.142020897
828	0.1731034	0.203875452	0.142331348
829	0.17343865	0.204252631	0.142624669
830	0.1737559	0.204599829	0.142911971
831	0.17426895	0.205161204	0.143376696
832	0.17470205	0.205642194	0.143761906
833	0.1750407	0.206026243	0.144055157
834	0.1754499	0.206473527	0.144426273
835	0.1758795	0.206948255	0.144810745
836	0.17629145	0.207405115	0.145177785
837	0.1765887	0.207728042	0.145449358
838	0.1769207	0.208103955	0.145737445
839	0.17731245	0.208541705	0.146083195
840	0.17779745	0.209066276	0.146528624
841	0.1781537	0.209469834	0.146837566
842	0.17845455	0.209812377	0.147096723
843	0.1787148	0.210108037	0.147321563
844	0.1791118	0.210545751	0.147677849
845	0.1794916	0.210963883	0.148019317
846	0.1798571	0.211368774	0.148345426
847	0.1802056	0.2117687	0.1486425
848	0.18055785	0.212142473	0.148973227
849	0.1808899	0.212492532	0.149287268
850	0.18116085	0.212793277	0.149528423
851	0.1813513	0.21303987	0.14966273
852	0.1816326	0.213355592	0.149909608
853	0.18204085	0.213770059	0.150311641
854	0.18239195	0.214149129	0.150634771
855	0.1827038	0.214505755	0.150901845
856	0.18298045	0.214834618	0.151126282
857	0.18326575	0.215160878	0.151370622
858	0.18361465	0.215550002	0.151679298
859	0.1839859	0.215961175	0.152010625
860	0.1843491	0.216364179	0.152334021
861	0.1846217	0.216676749	0.152566651
862	0.18488385	0.216981129	0.152786571
863	0.18515225	0.217294983	0.153009517
864	0.18545575	0.217623332	0.153288168
865	0.1858015	0.217988145	0.153614855
866	0.18616545	0.218371068	0.153959832
867	0.1864525	0.218696736	0.154208264
868	0.186769	0.219071979	0.154466021
869	0.18707075	0.219429687	0.154711813
870	0.1873211	0.21971328	0.15492892
871	0.1876465	0.220052742	0.155240258
872	0.1879615	0.220391128	0.155531872
873	0.18824525	0.220715276	0.155775224
874	0.1885077	0.221005911	0.156009489
875	0.1887667	0.221302504	0.156230896
876	0.1890392	0.221616962	0.156461438
877	0.18941315	0.222015801	0.156810499
878	0.18970895	0.222352367	0.157065533
879	0.18997475	0.222658535	0.157290965
880	0.1902424	0.222947014	0.157537786
881	0.19052345	0.223259409	0.157787491
882	0.1907777	0.223558305	0.157997095
883	0.1909886	0.223830338	0.158146862
884	0.19133245	0.224213197	0.158451703
885	0.19158555	0.22449421	0.15867689
886	0.1917678	0.224695706	0.158839894
887	0.1920067	0.224950681	0.159062719
888	0.1923273	0.22530066	0.15935394
889	0.19262495	0.225635529	0.159614371
890	0.19274525	0.225797855	0.159692645
891	0.1930307	0.226117749	0.159943651
892	0.19326955	0.22637958	0.16015952
893	0.19338035	0.226498146	0.160262554
894	0.1933786	0.22655204	0.16020516
895	0.1935601	0.22675992	0.16036028
896	0.1938971	0.227097207	0.160696993
897	0.1939884	0.227215273	0.160761527
898	0.194057	0.227311366	0.160802634
899	0.1941909	0.227469968	0.160911832
900	0.1945742	0.22786707	0.16128133
901	0.19485565	0.228189622	0.161521678
902	0.19516365	0.228528121	0.161799179
903	0.195554	0.228923109	0.162184891
904	0.19567105	0.229098093	0.162244007
905	0.19584805	0.229325681	0.162370419
906	0.19610795	0.229625444	0.162590456
907	0.1964712	0.23002043	0.16292197
908	0.1966168	0.230189447	0.163044153
909	0.1967083	0.230293545	0.163123055
910	0.1970528	0.230624837	0.163480763
911	0.197219	0.230793153	0.163644847
912	0.1973688	0.23097341	0.16376419
913	0.1975764	0.231254022	0.163898778
914	0.1979304	0.23165692	0.16420388
915	0.1982281	0.231993956	0.164462244
916	0.1984593	0.23225655	0.16466205
917	0.19875395	0.232578877	0.164929023
918	0.19899425	0.232839261	0.165149239
919	0.1992455	0.233113247	0.165377753
920	0.19965645	0.233573408	0.165739492
921	0.1999279	0.233889735	0.165966065
922	0.2002	0.234207564	0.166192436
923	0.2005561	0.23461301	0.16649919
924	0.2007323	0.234796793	0.166667807
925	0.2008512	0.234944314	0.166758086
926	0.2009206	0.235069262	0.166771938
927	0.2008831	0.235066863	0.166699337
928	0.2010425	0.23525615	0.16682885
929	0.2012457	0.235480607	0.167010793
930	0.20099945	0.235248755	0.166750145
931	0.2008127	0.235106675	0.166518725
932	0.2006537	0.234994758	0.166312642
933	0.20052795	0.234893473	0.166162427
934	0.20078535	0.235198792	0.166371908
935	0.2009676	0.235398792	0.166536408
936	0.20098855	0.235381867	0.166595233
937	0.2015692	0.23600211	0.16713629
938	0.2021032	0.236571641	0.167634759
939	0.20248865	0.236989595	0.167987705
940	0.20234975	0.23684999	0.16784951
941	0.2027231	0.237240573	0.168205627
942	0.20315025	0.237714814	0.168585686
943	0.2033053	0.237969047	0.168641553
944	0.2033339	0.237961631	0.168706169
945	0.203676	0.238282609	0.169069391
946	0.2044382	0.239067369	0.169809031
947	0.2041579	0.238812794	0.169503006
948	0.20442795	0.239144657	0.169711243
949	0.2049894	0.239767578	0.170211222
950	0.2048971	0.239595044	0.170199156
951	0.20552395	0.240221442	0.170826458
952	0.20609075	0.240828427	0.171353073
953	0.2058042	0.240606126	0.171002274
954	0.20589595	0.240676513	0.171115387
955	0.2061249	0.240911719	0.171338081
956	0.2064546	0.241304222	0.171604978
957	0.20677655	0.241631625	0.171921475
958	0.2070399	0.241940829	0.172138971
959	0.20728675	0.242258511	0.172314989
960	0.20772685	0.242736889	0.172716811
961	0.2078892	0.242898369	0.172880031
962	0.2079399	0.242935299	0.172944501
963	0.2080108	0.243006203	0.173015397
964	0.208705	0.243727433	0.173682567
965	0.2093495	0.244407207	0.174291793
966	0.20975575	0.244855881	0.174655619
967	0.2096855	0.244781258	0.174589742
968	0.2097052	0.244842025	0.174568375
969	0.2097758	0.244986352	0.174565248
970	0.20962885	0.244871855	0.174385845
971	0.2099551	0.245205111	0.174705089
972	0.2104104	0.245679413	0.175141387
973	0.2106046	0.245952564	0.175256636
974	0.21064915	0.245998114	0.175300186
975	0.21087655	0.246208239	0.175544861
976	0.2114539	0.246771015	0.176136785
977	0.21127785	0.246619386	0.175936314
978	0.2111278	0.246488265	0.175767335
979	0.2110986	0.246467313	0.175729887
980	0.21167665	0.247038238	0.176315062
981	0.21220835	0.247585695	0.176831005
982	0.2125193	0.247912681	0.177125919
983	0.2121922	0.247566214	0.176818186
984	0.2120417	0.247451355	0.176632045
985	0.21213855	0.247611105	0.176665995
986	0.2125786	0.248136279	0.177020921
987	0.21296965	0.248611742	0.177327558
988	0.21336045	0.249045046	0.177675854
989	0.21375705	0.249444409	0.178069691
990	0.21416915	0.249860835	0.178477465
991	0.21451705	0.250189739	0.178844361
992	0.21468	0.250349593	0.179010407
993	0.21429175	0.250066643	0.178516857
994	0.21449685	0.250300657	0.178693043
995	0.2148862	0.250696413	0.179075987
996	0.21531205	0.251125821	0.179498279
997	0.2150021	0.250835869	0.179168331
998	0.2149929	0.250859449	0.179126351
999	0.21535925	0.251266859	0.179451641
1000	0.2157141	0.251617116	0.179811084
1001	0.21601775	0.255033669	0.177001831
1002	0.21628025	0.255250766	0.177309734
1003	0.2165868	0.255609276	0.177564324
1004	0.21688565	0.255985127	0.177786173
1005	0.2171265	0.256258711	0.177994289
1006	0.21740965	0.256560484	0.178258816
1007	0.21771915	0.256897308	0.178540992
1008	0.2180015	0.25719543	0.17880757
1009	0.21825795	0.257441796	0.179074104
1010	0.21849245	0.257671251	0.179313649
1011	0.21873525	0.257954228	0.179516272
1012	0.2190538	0.258345188	0.179762412
1013	0.2193849	0.258732108	0.180037692
1014	0.2196056	0.258958204	0.180252996
1015	0.219859	0.259190504	0.180527496
1016	0.22024715	0.259595952	0.180898348
1017	0.2205455	0.259944992	0.181146008
1018	0.2207268	0.260136148	0.181317452
1019	0.22096555	0.260368998	0.181562102
1020	0.22125155	0.260680427	0.181822673
1021	0.22151175	0.260971132	0.182052368
1022	0.2217675	0.261237376	0.182297624
1023	0.22204695	0.261536093	0.182557807
1024	0.2223203	0.261853547	0.182787053
1025	0.22256865	0.262147736	0.182989564
1026	0.222827	0.262441952	0.183212048
1027	0.2231126	0.262767754	0.183457446
1028	0.2233794	0.263062329	0.183696471
1029	0.22361	0.2632799	0.1839401
1030	0.22385235	0.263519018	0.184185682
1031	0.22410105	0.26379779	0.18440431
1032	0.22432785	0.264036135	0.184619565
1033	0.2245275	0.264238413	0.184816587
1034	0.2247407	0.264479335	0.185002065
1035	0.22498705	0.264760313	0.185213787
1036	0.22527205	0.265068965	0.185475135
1037	0.2255719	0.265402912	0.185740888
1038	0.2258287	0.265699237	0.185958163
1039	0.22606015	0.265954707	0.186165593
1040	0.2262881	0.26620019	0.18637601
1041	0.226492	0.266439165	0.186544835
1042	0.2266742	0.266670577	0.186677823
1043	0.2269041	0.266939002	0.186869198
1044	0.2271295	0.267166896	0.187092104
1045	0.2273431	0.267373501	0.187312699
1046	0.22761925	0.267680133	0.187558367
1047	0.2278579	0.267979012	0.187736788
1048	0.2280405	0.268193994	0.187887006
1049	0.2282211	0.268368518	0.188073682
1050	0.2284167	0.268577606	0.188255794
1051	0.22862205	0.268809428	0.188434672
1052	0.22883645	0.26904985	0.18862305
1053	0.22908315	0.269335972	0.188830328
1054	0.22931675	0.269610983	0.189022517
1055	0.22949075	0.269815712	0.189165788
1056	0.22965915	0.270014376	0.189303924
1057	0.2298716	0.270263717	0.189479483
1058	0.23009245	0.270513507	0.189671393
1059	0.2302821	0.270698218	0.189865982
1060	0.2304335	0.270837838	0.190029162
1061	0.23063755	0.271047289	0.190227811
1062	0.23091305	0.271355436	0.190470664
1063	0.2311558	0.271627023	0.190684577
1064	0.23137325	0.271844724	0.190901776
1065	0.2316276	0.272112112	0.191143088
1066	0.2318628	0.272384063	0.191341537
1067	0.23205445	0.272615388	0.191493512
1068	0.23225145	0.272847413	0.191655487
1069	0.2324688	0.273084132	0.191853468
1070	0.2326711	0.273278176	0.192064024
1071	0.2328662	0.273473178	0.192259222
1072	0.23309955	0.273746953	0.192452147
1073	0.23333575	0.274025058	0.192646442
1074	0.233507	0.274196674	0.192817326
1075	0.23367395	0.274365452	0.192982448
1076	0.2338747	0.274575524	0.193173876
1077	0.2340741	0.274764818	0.193383382
1078	0.23425385	0.274942654	0.193565046
1079	0.23441685	0.275127326	0.193706374
1080	0.2346035	0.275334603	0.193872397
1081	0.23482965	0.275562502	0.194096798
1082	0.23503635	0.275779309	0.194293391
1083	0.23523135	0.276013146	0.194449554
1084	0.23544205	0.276244289	0.194639811
1085	0.2356805	0.276449073	0.194911927
1086	0.23591895	0.276658814	0.195179086
1087	0.2361365	0.276887403	0.195385597
1088	0.23634495	0.277113062	0.195576838
1089	0.23653745	0.277314835	0.195760065
1090	0.23672705	0.277503666	0.195950434
1091	0.23689075	0.277649616	0.196131884
1092	0.23704175	0.277789414	0.196294086
1093	0.23718305	0.277938368	0.196427732
1094	0.23734845	0.27812986	0.19656704
1095	0.2375293	0.278351364	0.196707236
1096	0.23769275	0.278549999	0.196835501
1097	0.23784415	0.278700661	0.196987639
1098	0.2379745	0.278777431	0.197171569
1099	0.23811255	0.278876347	0.197348753
1100	0.23828935	0.27905635	0.19752235
1101	0.238456	0.279224815	0.197687185
1102	0.2385756	0.279371342	0.197779858
1103	0.23869105	0.279519095	0.197863005
1104	0.2388088	0.279658814	0.197958786
1105	0.2389278	0.279795674	0.198059926
1106	0.2389576	0.279828616	0.198086584
1107	0.2389591	0.279834592	0.198083608
1108	0.23897015	0.279879724	0.198060576
1109	0.23899675	0.279943646	0.198049854
1110	0.2389768	0.279934662	0.198018938
1111	0.23890625	0.279868895	0.197943605
1112	0.2388057	0.279777959	0.197833441
1113	0.23868205	0.279669973	0.197694127
1114	0.2385408	0.279552642	0.197528958
1115	0.2383671	0.279396412	0.197337788
1116	0.23817345	0.279230244	0.197116656
1117	0.23799345	0.279104443	0.196882457
1118	0.2378173	0.278982969	0.196651631
1119	0.23773215	0.278921398	0.196542902
1120	0.23764575	0.278864705	0.196426795
1121	0.23754325	0.278769631	0.196316869
1122	0.23743555	0.278665168	0.196205932
1123	0.23742855	0.278702259	0.196154841
1124	0.2374462	0.278780602	0.196111798
1125	0.2374452	0.278802157	0.196088243
1126	0.2374301	0.278791565	0.196068635
1127	0.23747605	0.278824528	0.196127572
1128	0.2375565	0.278875417	0.196237583
1129	0.23765705	0.278941504	0.196372596
1130	0.23776025	0.279012717	0.196507783
1131	0.2378404	0.279062036	0.196618764
1132	0.23792455	0.279114754	0.196734346
1133	0.23802365	0.279199484	0.196847816
1134	0.23815995	0.279362046	0.196957854
1135	0.2382829	0.279507971	0.197057829
1136	0.2383708	0.279585071	0.197156529
1137	0.2384576	0.27966429	0.19725091
1138	0.2385083	0.279754569	0.197262031
1139	0.23855085	0.279838182	0.197263518
1140	0.2385348	0.279829426	0.197240174
1141	0.23851215	0.279809457	0.197214843
1142	0.23847035	0.279793933	0.197146767
1143	0.23842635	0.279783397	0.197069303
1144	0.2384178	0.279792137	0.197043463
1145	0.2384322	0.279816076	0.197048324
1146	0.23842385	0.279800581	0.197047119
1147	0.2384029	0.27976134	0.19704446
1148	0.23840515	0.279750565	0.197059735
1149	0.23842885	0.279767069	0.197090631
1150	0.2384365	0.279753493	0.197119507
1151	0.2384203	0.279684195	0.197156405
1152	0.2384195	0.279638865	0.197200135
1153	0.23847835	0.279678725	0.197277975
1154	0.2385305	0.279715729	0.197345271
1155	0.23852335	0.279699737	0.197346963
1156	0.2385163	0.27968646	0.19734614
1157	0.2385198	0.27966773	0.19737187
1158	0.23852135	0.279650506	0.197392194
1159	0.2385177	0.279630646	0.197404754
1160	0.2385157	0.279614319	0.197417081
1161	0.23847555	0.279543363	0.197407737
1162	0.2384228	0.279455761	0.197389839
1163	0.23835325	0.279361709	0.197344791
1164	0.23827275	0.279264214	0.197281286
1165	0.2381867	0.279169055	0.197204345
1166	0.23809385	0.27907287	0.19711483
1167	0.23801025	0.27898597	0.19703453
1168	0.2379386	0.278910629	0.196966571
1169	0.23785885	0.278822306	0.196895394
1170	0.23775755	0.278700499	0.196814601
1171	0.2376565	0.278581552	0.196731448
1172	0.23755085	0.278468266	0.196633434
1173	0.23744415	0.278353851	0.196534449
1174	0.23731055	0.278207805	0.196413295
1175	0.2371774	0.278062197	0.196292603
1176	0.23702675	0.277917756	0.196135744
1177	0.23687515	0.277773353	0.195976947
1178	0.23668675	0.277547136	0.195826364
1179	0.23649135	0.27730476	0.19567794
1180	0.23636205	0.277169019	0.195555081
1181	0.23625785	0.277073928	0.195441772
1182	0.2361209	0.276927148	0.195314652
1183	0.2359643	0.27674821	0.19518039
1184	0.23585095	0.276621672	0.195080228
1185	0.23577875	0.276544951	0.195012549
1186	0.23570285	0.276463618	0.194942082
1187	0.23562365	0.27637817	0.19486913
1188	0.23555885	0.276305651	0.194812049
1189	0.23552895	0.276263468	0.194794432
1190	0.2355041	0.276229974	0.194778226
1191	0.23548885	0.276220198	0.194757502
1192	0.23547145	0.27620718	0.19473572
1193	0.2354442	0.276165766	0.194722634
1194	0.23541685	0.27612434	0.19470936
1195	0.23536905	0.27607188	0.19466622
1196	0.2353204	0.276019607	0.194621193
1197	0.23534335	0.27603157	0.19465513
1198	0.2353774	0.27605317	0.19470163
1199	0.23539545	0.276069174	0.194721726
1200	0.235409	0.27608429	0.19473371
1201	0.23544655	0.276129454	0.194763646
1202	0.23549675	0.276189921	0.194803579
1203	0.23557145	0.276272061	0.194870839
1204	0.2356649	0.276368498	0.194961302
1205	0.23577215	0.276472788	0.195071512
1206	0.2359014	0.276595747	0.195207053
1207	0.2360643	0.276754408	0.195374192
1208	0.23628555	0.276972712	0.195598388
1209	0.23649315	0.277183478	0.195802822
1210	0.23666835	0.277377641	0.195959059
1211	0.23685965	0.27758884	0.19613046
1212	0.2371374	0.277900705	0.196374095
1213	0.23741675	0.278215113	0.196618387
1214	0.23776585	0.278602864	0.196928836
1215	0.23811375	0.278988587	0.197238913
1216	0.23848575	0.279384993	0.197586507
1217	0.2388576	0.279780945	0.197934255
1218	0.2392912	0.280258623	0.198323777
1219	0.23973575	0.280750084	0.198721416
1220	0.2401998	0.281253232	0.199146368
1221	0.2406687	0.281757351	0.199580049
1222	0.241123	0.282249635	0.199996365
1223	0.24156895	0.282736052	0.200401848
1224	0.24202635	0.28323717	0.20081553
1225	0.2424889	0.283750822	0.201226978
1226	0.24292775	0.28423808	0.20161742
1227	0.24333955	0.284683441	0.201995659
1228	0.2437665	0.285146389	0.202386611
1229	0.24422665	0.285651403	0.202801897
1230	0.2446743	0.286142127	0.203206473
1231	0.2450792	0.286593802	0.203564598
1232	0.2454715	0.287026704	0.203916296
1233	0.24582095	0.287380455	0.204261445
1234	0.246173	0.287740274	0.204605726
1235	0.2465116	0.288111411	0.204911789
1236	0.2468452	0.288477286	0.205213114
1237	0.2471726	0.288831896	0.205513304
1238	0.24750535	0.289191857	0.205818843
1239	0.2477989	0.289506946	0.206090854
1240	0.2480805	0.289809271	0.206351729
1241	0.24838005	0.290133046	0.206627054
1242	0.2486865	0.290466709	0.206906291
1243	0.2489696	0.290780954	0.207158246
1244	0.2492355	0.291074541	0.207396459
1245	0.24947855	0.291330522	0.207626578
1246	0.2497163	0.291573548	0.207859052
1247	0.24998345	0.291853914	0.208112986
1248	0.25027375	0.292168088	0.208379412
1249	0.2505453	0.292461121	0.208629479
1250	0.2507762	0.292700825	0.208851575
1251	0.25098125	0.292917914	0.209044586
1252	0.25116535	0.293129879	0.209200821
1253	0.2513642	0.293356087	0.209372313
1254	0.25158745	0.293604258	0.209570642
1255	0.2518116	0.293851735	0.209771465
1256	0.2520067	0.294055443	0.209957957
1257	0.25219775	0.294254182	0.210141318
1258	0.25236605	0.294431602	0.210300498
1259	0.25253505	0.294611178	0.210458922
1260	0.25264595	0.294734117	0.210557783
1261	0.25275015	0.294848804	0.210651496
1262	0.25290125	0.294992799	0.210809701
1263	0.25305845	0.295143544	0.210973356
1264	0.2532418	0.295340865	0.211142735
1265	0.25344245	0.295558691	0.211326209
1266	0.2536278	0.295755955	0.211499645
1267	0.2538029	0.295943284	0.211662516
1268	0.2539954	0.296145878	0.211844922
1269	0.25419515	0.296346766	0.212043534
1270	0.2544097	0.296569317	0.212250083
1271	0.25464565	0.296837819	0.212453481
1272	0.2548688	0.29709034	0.21264726
1273	0.2550636	0.297293385	0.212833815
1274	0.255252	0.29749095	0.21301305
1275	0.25545105	0.29770503	0.21319707
1276	0.25565335	0.297922454	0.213384246
1277	0.25584275	0.298130832	0.213554668
1278	0.2560343	0.298346371	0.213722229
1279	0.2562686	0.298620404	0.213916796
1280	0.2564997	0.298886019	0.214113381
1281	0.2566737	0.299075646	0.214271754
1282	0.25684145	0.299261588	0.214421312
1283	0.25702355	0.299473969	0.214573131
1284	0.2572082	0.299687976	0.214728424
1285	0.2573632	0.299861552	0.214864848
1286	0.25751735	0.300035001	0.214999699
1287	0.25769175	0.300227701	0.215155799
1288	0.25787045	0.300425395	0.215315505
1289	0.25803935	0.300623192	0.215455508
1290	0.2581919	0.300804665	0.215579135
1291	0.2583202	0.300949216	0.215691184
1292	0.25843975	0.301081017	0.215798483
1293	0.2585472	0.301202338	0.215892062
1294	0.2586481	0.301316515	0.215979685
1295	0.25876645	0.301450309	0.216082591
1296	0.25891255	0.301619613	0.216205487
1297	0.2590427	0.301774664	0.216310736
1298	0.25914475	0.301896161	0.216393339
1299	0.2592453	0.302013082	0.216477518
1300	0.2593327	0.302119411	0.216545989
1301	0.25942335	0.302230026	0.216616674
1302	0.2595196	0.302340533	0.216698667
1303	0.25961095	0.302445874	0.216776026
1304	0.2597004	0.302538293	0.216862507
1305	0.2597914	0.302627483	0.216955317
1306	0.25985185	0.302681909	0.217021791
1307	0.2599087	0.302738172	0.217079228
1308	0.259953	0.30279466	0.21711134
1309	0.25999915	0.3028524	0.2171459
1310	0.2600752	0.302937772	0.217212628
1311	0.2601577	0.303028182	0.217287218
1312	0.2601699	0.303003695	0.217336105
1313	0.2601608	0.302951683	0.217369917
1314	0.2601911	0.302967539	0.217414661
1315	0.26023685	0.303005795	0.217467905
1316	0.26028675	0.303040425	0.217533075
1317	0.26034485	0.303082319	0.217607381
1318	0.26039925	0.30313791	0.21766059
1319	0.26045615	0.303197261	0.217715039
1320	0.2604537	0.303177847	0.217729553
1321	0.2603823	0.303083442	0.217681158
1322	0.2603116	0.303008985	0.217614215
1323	0.26024235	0.302950512	0.217534188
1324	0.2601375	0.302840502	0.217434498
1325	0.26001095	0.302704529	0.217317371
1326	0.2598781	0.302567617	0.217188583
1327	0.25970425	0.302376356	0.217032144
1328	0.2595224	0.302181566	0.216863234
1329	0.2593506	0.302009318	0.216691882
1330	0.2591843	0.301841165	0.216527435
1331	0.25898955	0.301647472	0.216331628
1332	0.2587793	0.301437418	0.216121182
1333	0.25857825	0.301207785	0.215948715
1334	0.25836925	0.300971218	0.215767282
1335	0.25807345	0.300665877	0.215481023
1336	0.2577654	0.300352668	0.215178132
1337	0.25751165	0.300125906	0.214897394
1338	0.25725775	0.299904987	0.214610513
1339	0.2568996	0.299541593	0.214257607
1340	0.25652535	0.299158882	0.213891818
1341	0.25613295	0.298807098	0.213458802
1342	0.25568635	0.298417348	0.212955352
1343	0.25520515	0.298009299	0.212401001
1344	0.2546804	0.297576957	0.211783843
1345	0.2540822	0.29709861	0.21106579
1346	0.25340875	0.296600954	0.210216546
1347	0.25278115	0.296177048	0.209385252
1348	0.2520634	0.295681956	0.208444844
1349	0.25131955	0.295241508	0.207397592
1350	0.2504774	0.294833069	0.206121731
1351	0.2495619	0.294408115	0.204715685
1352	0.24862115	0.29401001	0.20323229
1353	0.24773775	0.293856385	0.201619115
1354	0.2470368	0.293991881	0.200081719
1355	0.24615785	0.294199186	0.198116514
1356	0.245418	0.294580855	0.196255145
1357	0.2443659	0.29518399	0.19354781
1358	0.2433285	0.296114249	0.190542751
1359	0.2417718	0.297351481	0.186192119
1360	0.2394191	0.296784634	0.182053566
1361	0.23672075	0.296800616	0.176640884
1362	0.237115	0.298773424	0.175456576
1363	0.2366141	0.300071562	0.173156638
1364	0.23554455	0.299544208	0.171544892
1365	0.23542095	0.300407484	0.170434416
1366	0.23548865	0.30188186	0.16909544
1367	0.234753	0.302162953	0.167343047
1368	0.2333829	0.300005389	0.166760411
1369	0.23249825	0.298275921	0.166720579
1370	0.2315073	0.294916279	0.168098321
1371	0.2306559	0.292287792	0.169024008
1372	0.2308478	0.291815469	0.169880131
1373	0.23126165	0.291722679	0.170800621
1374	0.23147645	0.291312519	0.171640381
1375	0.23154145	0.290751363	0.172331537
1376	0.2312346	0.289906627	0.172562573
1377	0.2308033	0.289155816	0.172450784
1378	0.229855	0.288322073	0.171387927
1379	0.2287339	0.287550805	0.169916995
1380	0.22799355	0.286947796	0.169039304
1381	0.2271204	0.285889953	0.168350847
1382	0.2255502	0.283960772	0.167139628
1383	0.2238554	0.281954874	0.165755926
1384	0.22303435	0.281001019	0.165067681
1385	0.2230923	0.280890493	0.165294107
1386	0.2229814	0.280401458	0.165561342
1387	0.22250015	0.279615062	0.165385238
1388	0.22208715	0.278938821	0.165235479
1389	0.2217803	0.277846443	0.165714157
1390	0.22137335	0.276674084	0.166072616
1391	0.22085765	0.275877061	0.165838239
1392	0.22045825	0.275228214	0.165688286
1393	0.2200083	0.27428071	0.16573589
1394	0.2195505	0.27327685	0.16582415
1395	0.2189437	0.271819811	0.166067589
1396	0.218214	0.270262241	0.166165759
1397	0.21696075	0.268282777	0.165638723
1398	0.21578035	0.266529448	0.165031252
1399	0.21453365	0.26497941	0.16408789
1400	0.21331075	0.263402031	0.163219469
1401	0.2121051	0.261509604	0.162700596
1402	0.21096825	0.259741101	0.162195399
1403	0.20948445	0.257899094	0.161069806
1404	0.20803395	0.256140674	0.159927226
1405	0.2064623	0.254056503	0.158868097
1406	0.20499185	0.252069327	0.157914373
1407	0.20313965	0.249466951	0.156812349
1408	0.2013897	0.247015633	0.155763767
1409	0.19972725	0.244597185	0.154857315
1410	0.1982935	0.242477592	0.154109408
1411	0.1967433	0.240227494	0.153259106
1412	0.19525755	0.238109662	0.152405438
1413	0.19381965	0.236118387	0.151520913
1414	0.19250245	0.234328857	0.150676043
1415	0.1910906	0.232423984	0.149757216
1416	0.18980095	0.230674818	0.148927082
1417	0.1884854	0.228947006	0.148023794
1418	0.18718325	0.227264601	0.147101899
1419	0.1858235	0.225472602	0.146174398
1420	0.1844947	0.223717639	0.145271761
1421	0.1832902	0.222168599	0.144411801
1422	0.1821907	0.220780095	0.143601305
1423	0.18110595	0.219405071	0.142806829
1424	0.1800297	0.21804325	0.14201615
1425	0.178987	0.216735122	0.141238878
1426	0.1779766	0.215467832	0.140485368
1427	0.17698125	0.214231148	0.139731352
1428	0.17593125	0.212969779	0.138892721
1429	0.17491115	0.211754115	0.138068185
1430	0.17395105	0.210585045	0.137317055
1431	0.17302075	0.209461914	0.136579586
1432	0.1721421	0.208417451	0.135866749
1433	0.17129975	0.207432889	0.135166611
1434	0.170474	0.206531514	0.134416486
1435	0.1696562	0.205631587	0.133680813
1436	0.16883605	0.204684351	0.132987749
1437	0.16806605	0.203780674	0.132351426
1438	0.1674818	0.203065406	0.131898194
1439	0.16692945	0.202389111	0.131469789
1440	0.1663962	0.201760957	0.131031443
1441	0.16589105	0.201173155	0.130608945
1442	0.165452	0.200632137	0.130271863
1443	0.16504315	0.200126364	0.129959936
1444	0.16474815	0.199740359	0.129755941
1445	0.1644846	0.199385761	0.129583439
1446	0.1642863	0.199079909	0.129492691
1447	0.1641006	0.198797383	0.129403817
1448	0.16399305	0.198608539	0.129377561
1449	0.1639175	0.198458682	0.129376318
1450	0.1639291	0.198407969	0.129450231
1451	0.16393795	0.198362839	0.129513061
1452	0.1639366	0.198315997	0.129557203
1453	0.1639375	0.198278545	0.129596455
1454	0.1640081	0.198333317	0.129682883
1455	0.16409085	0.198404583	0.129777117
1456	0.16413145	0.198418246	0.129844654
1457	0.1641677	0.19843252	0.12990288
1458	0.16419615	0.198477035	0.129915265
1459	0.16421755	0.198519195	0.129915905
1460	0.1642261	0.198538694	0.129913506
1461	0.16422955	0.198546789	0.129912311
1462	0.16423825	0.198568353	0.129908147
1463	0.16424455	0.198595886	0.129893214
1464	0.1642379	0.198614046	0.129861754
1465	0.16423515	0.198638336	0.129831964
1466	0.16429075	0.198700561	0.129880939
1467	0.16437375	0.198784647	0.129962853
1468	0.16448015	0.19892935	0.13003095
1469	0.16460045	0.199101179	0.130099721
1470	0.1647948	0.199351634	0.130237966
1471	0.16504365	0.1996542	0.1304331
1472	0.16527605	0.199891095	0.130661005
1473	0.16549665	0.200089589	0.130903711
1474	0.16575555	0.200346496	0.131164604
1475	0.16604585	0.20064617	0.13144553
1476	0.166317	0.200924054	0.131709946
1477	0.1665739	0.201185721	0.131962079
1478	0.16685095	0.201463869	0.132238031
1479	0.16715885	0.201778427	0.132539273
1480	0.1674433	0.202084799	0.132801801
1481	0.16768165	0.202356097	0.133007203
1482	0.1679531	0.202646138	0.133260062
1483	0.1683009	0.202987152	0.133614648
1484	0.1686387	0.203329232	0.133948168
1485	0.16895785	0.203663504	0.134252196
1486	0.1692773	0.203985018	0.134569582
1487	0.16960525	0.204307276	0.134903224
1488	0.16992995	0.204641259	0.135218641
1489	0.1702752	0.20502881	0.13552159
1490	0.17060865	0.205403466	0.135813834
1491	0.1709579	0.205765862	0.136149938
1492	0.17130605	0.206123092	0.136489008
1493	0.171673	0.206501025	0.136844975
1494	0.17201505	0.206858127	0.137171973
1495	0.1723055	0.207174908	0.137436092
1496	0.1725942	0.207486734	0.137701666
1497	0.17292105	0.207831993	0.138010107
1498	0.17323915	0.208172084	0.138306216
1499	0.17355235	0.208519476	0.138585224
1500	0.1738656	0.208866759	0.138864441
1501	0.1741814	0.209211117	0.139151683
1502	0.1744984	0.209556602	0.139440198
1503	0.1748238	0.209913188	0.139734412
1504	0.17514835	0.2102681	0.1400286
1505	0.17549345	0.210659896	0.140327004
1506	0.1758318	0.211048196	0.140615404
1507	0.17615415	0.211409518	0.140898782
1508	0.17647475	0.211764579	0.141184921
1509	0.17680135	0.21211629	0.14148641
1510	0.1771215	0.212462649	0.141780351
1511	0.177421	0.212804386	0.142037614
1512	0.1777167	0.213142334	0.142291066
1513	0.17803875	0.213484465	0.142593035
1514	0.17835825	0.213824095	0.142892405
1515	0.17867705	0.214189131	0.143164969
1516	0.17899625	0.214553637	0.143438863
1517	0.17928895	0.214876351	0.143701549
1518	0.1795761	0.215193354	0.143958846
1519	0.17988315	0.215526358	0.144239942
1520	0.18019025	0.215860475	0.144520025
1521	0.18046895	0.216180398	0.144757502
1522	0.1807442	0.216496405	0.144991995
1523	0.18099985	0.216777539	0.145222161
1524	0.18125165	0.217053887	0.145449413
1525	0.181514	0.217338074	0.145689926
1526	0.18178065	0.217624321	0.145936979
1527	0.1820078	0.217872492	0.146143108
1528	0.1822228	0.218109616	0.146335984
1529	0.18245	0.218378784	0.146521216
1530	0.1826806	0.218654979	0.146706221
1531	0.1828949	0.218896192	0.146893608
1532	0.18310605	0.219130137	0.147081963
1533	0.1833093	0.219363028	0.147255572
1534	0.18351455	0.219601092	0.147428008
1535	0.1836864	0.21979864	0.14757416
1536	0.18385065	0.219985841	0.147715459
1537	0.1840268	0.220164472	0.147889128
1538	0.1841994	0.220331918	0.148066882
1539	0.18432215	0.220486727	0.148157573
1540	0.18443015	0.220642022	0.148218278
1541	0.18456705	0.220790711	0.148343389
1542	0.1847191	0.220941197	0.148497003
1543	0.18484695	0.221081858	0.148612042
1544	0.18496035	0.221211124	0.148709576
1545	0.18507865	0.221350318	0.148806982
1546	0.18520075	0.22149478	0.14890672
1547	0.1853138	0.221621764	0.149005836
1548	0.185424	0.221744512	0.149103488
1549	0.185519	0.221852111	0.149185889
1550	0.18560715	0.221953192	0.149261108
1551	0.18571495	0.22207467	0.14935523
1552	0.1858334	0.222207615	0.149459185
1553	0.18593855	0.222325335	0.149551765
1554	0.18603775	0.222435482	0.149640018
1555	0.1861376	0.222550273	0.149724927
1556	0.18623905	0.222668293	0.149809807
1557	0.1863457	0.222787319	0.149904081
1558	0.186454	0.222906962	0.150001038
1559	0.18656085	0.22304288	0.15007882
1560	0.18666625	0.22318718	0.15014532
1561	0.18676535	0.223297465	0.150233235
1562	0.18686375	0.223391575	0.150335925
1563	0.1869411	0.223479007	0.150403193
1564	0.18700395	0.22355931	0.15044859
1565	0.18710015	0.22367082	0.15052948
1566	0.1872213	0.223806998	0.150635602
1567	0.1873395	0.223933935	0.150745065
1568	0.1874519	0.224050413	0.150853387
1569	0.1875513	0.224157609	0.150944991
1570	0.18764835	0.224266217	0.151030483
1571	0.1877439	0.224376179	0.151111621
1572	0.18783465	0.224481148	0.151188152
1573	0.18794345	0.224606371	0.151280529
1574	0.18806655	0.22475044	0.15138266
1575	0.18819395	0.224883401	0.151504499
1576	0.1883285	0.225013968	0.151643032
1577	0.18848185	0.225188861	0.151774839
1578	0.1886434	0.225385437	0.151901363
1579	0.1887969	0.225565748	0.152028052
1580	0.18894345	0.225735803	0.152151097
1581	0.1891055	0.225916253	0.152294747
1582	0.1892816	0.226107266	0.152455934
1583	0.18945755	0.226302785	0.152612315
1584	0.1896328	0.226502168	0.152763432
1585	0.1898073	0.226697532	0.152917068
1586	0.1899792	0.226886933	0.153071467
1587	0.1901836	0.227113479	0.153253721
1588	0.19041315	0.227367963	0.153458337
1589	0.19061065	0.227569633	0.153651667
1590	0.19078795	0.227738095	0.153837805
1591	0.19098825	0.227955568	0.154020932
1592	0.1912044	0.228204746	0.154204054
1593	0.19142475	0.228467745	0.154381755
1594	0.1916475	0.228740598	0.154554402
1595	0.19185335	0.228969335	0.154737365
1596	0.1920488	0.229170409	0.154927191
1597	0.19227035	0.229406502	0.155134198
1598	0.19250905	0.229664886	0.155353214
1599	0.1927235	0.229904178	0.155542822
1600	0.19292535	0.23013472	0.15571598
1601	0.1931563	0.230390135	0.155922465
1602	0.19340535	0.23065992	0.15615078
1603	0.19364355	0.23090421	0.15638289
1604	0.19387565	0.23113372	0.15661758
1605	0.19411015	0.231386663	0.156833637
1606	0.1943482	0.231657043	0.157039357
1607	0.1945972	0.231920315	0.157274085
1608	0.19485155	0.232177823	0.157525277
1609	0.1951032	0.232460673	0.157745727
1610	0.19535335	0.232757815	0.157948885
1611	0.19558265	0.233020465	0.158144835
1612	0.1958013	0.233264828	0.158337772
1613	0.1960106	0.233483423	0.158537777
1614	0.19621465	0.233688326	0.158740974
1615	0.19641915	0.233911693	0.158926607
1616	0.19662255	0.23414208	0.15910302
1617	0.1968243	0.234348634	0.159299966
1618	0.19702495	0.234544218	0.159505682
1619	0.1971901	0.234728241	0.159651959
1620	0.19733935	0.234907985	0.159770715
1621	0.19749865	0.235085112	0.159912188
1622	0.19766195	0.235260797	0.160063103
1623	0.1978446	0.235462552	0.160226648
1624	0.1980355	0.235675613	0.160395387
1625	0.1981602	0.235812401	0.160507999
1626	0.19825925	0.235920061	0.160598439
1627	0.19833115	0.23600668	0.16065562
1628	0.1983934	0.236086272	0.160700528
1629	0.19845085	0.236144711	0.160756989
1630	0.19850715	0.236196563	0.160817737
1631	0.19858645	0.236279516	0.160893384
1632	0.1986736	0.236372872	0.160974328
1633	0.198755	0.236460192	0.161049808
1634	0.1988354	0.236546917	0.161123883
1635	0.1988294	0.236531435	0.161127365
1636	0.1988	0.236488648	0.161111352
1637	0.1988111	0.236515412	0.161106788
1638	0.1988315	0.23655858	0.16110442
1639	0.19882445	0.236546312	0.161102588
1640	0.19881185	0.236522758	0.161100942
1641	0.1987281	0.236425089	0.161031111
1642	0.1986291	0.23631203	0.16094617
1643	0.19850255	0.236160475	0.160844625
1644	0.19837105	0.236001916	0.160740184
1645	0.19816265	0.235781358	0.160543942
1646	0.1979425	0.235550721	0.160334279
1647	0.19769465	0.235281465	0.160107835
1648	0.19744305	0.235007504	0.159878596
1649	0.19714245	0.234693695	0.159591205
1650	0.1968367	0.234376362	0.159297038
1651	0.19644535	0.233940107	0.158950593
1652	0.19604825	0.23349491	0.15860159
1653	0.1956256	0.233045397	0.158205803
1654	0.19519995	0.232594341	0.157805559
1655	0.1948041	0.232160796	0.157447404
1656	0.19440965	0.231729288	0.157090012
1657	0.194021	0.231334214	0.156707786
1658	0.1936336	0.230939763	0.156327437
1659	0.1932915	0.230529272	0.156053728
1660	0.192949	0.230119938	0.155778062
1661	0.19260545	0.229743885	0.155467015
1662	0.19226765	0.229375097	0.155160203
1663	0.19204145	0.229128141	0.154954759
1664	0.1918186	0.228883286	0.154753914
1665	0.19165375	0.228706905	0.154600595
1666	0.19149395	0.228538023	0.154449877
1667	0.1913635	0.228397507	0.154329493
1668	0.191241	0.228262039	0.154219961
1669	0.1911838	0.228171128	0.154196472
1670	0.19111615	0.2280738	0.1541585
1671	0.191008	0.227961566	0.154054434
1672	0.19090575	0.227857056	0.153954444
1673	0.1908246	0.227782678	0.153866522
1674	0.19074005	0.227695827	0.153784273
1675	0.19063995	0.227561872	0.153718028
1676	0.19051465	0.227402534	0.153626766
1677	0.1903265	0.227179156	0.153473844
1678	0.1901289	0.226951185	0.153306615
1679	0.1899039	0.226707678	0.153100122
1680	0.18967705	0.226461903	0.152892197
1681	0.18944765	0.226212299	0.152683001
1682	0.1891846	0.225927709	0.152441491
1683	0.18885535	0.225575663	0.152135037
1684	0.1885032	0.225198929	0.151807471
1685	0.1881224	0.224791701	0.151453099
1686	0.1877005	0.224326851	0.151074149
1687	0.1872172	0.22377791	0.15065649
1688	0.186754	0.223261081	0.150246919
1689	0.1863123	0.222778386	0.149846214
1690	0.1858421	0.222260349	0.149423851
1691	0.18534215	0.221707034	0.148977266
1692	0.18484345	0.221162715	0.148524185
1693	0.184339	0.220620985	0.148057015
1694	0.1838091	0.220029224	0.147588976
1695	0.18326595	0.219400966	0.147130934
1696	0.182733	0.218808689	0.146657311
1697	0.18219795	0.218232837	0.146163063
1698	0.1816559	0.217642394	0.145669406
1699	0.1811124	0.217048678	0.145176122
1700	0.18054015	0.216405963	0.144674337
1701	0.17994935	0.215732439	0.144166261
1702	0.17936055	0.215050393	0.143670707
1703	0.17877215	0.214363776	0.143180524
1704	0.1782043	0.213714199	0.142694401
1705	0.1776353	0.21306869	0.14220191
1706	0.1770604	0.212410326	0.141710474
1707	0.1764829	0.211744184	0.141221616
1708	0.1759545	0.211158428	0.140750572
1709	0.17543375	0.210591325	0.140276175
1710	0.17486975	0.209957957	0.139781543
1711	0.17429355	0.209305608	0.139281492
1712	0.17381155	0.208771214	0.138851886
1713	0.1733363	0.208247555	0.138425045
1714	0.1728915	0.207736728	0.138046272
1715	0.17244465	0.20722367	0.13766563
1716	0.17203295	0.206746327	0.137319573
1717	0.1716293	0.20627783	0.13698077
1718	0.1712898	0.205912539	0.136667061
1719	0.17094575	0.205542886	0.136348614
1720	0.1705868	0.205138551	0.136035049
1721	0.1702261	0.204733331	0.135718869
1722	0.16991475	0.204371727	0.135457773
1723	0.169609	0.204016446	0.135201554
1724	0.16938535	0.203766795	0.135003905
1725	0.16918555	0.203545765	0.134825335
1726	0.1690892	0.203454753	0.134723647
1727	0.16903	0.203402913	0.134657087
1728	0.1690983	0.203473342	0.134723258
1729	0.1691975	0.203577261	0.134817739
1730	0.1693805	0.203784788	0.134976212
1731	0.1696162	0.2040541	0.1351783
1732	0.1699577	0.204441944	0.135473456
1733	0.17036175	0.204895832	0.135827668
1734	0.1708609	0.205444651	0.136277149
1735	0.17136855	0.206003458	0.136733642
1736	0.171892	0.206588449	0.137195551
1737	0.17239865	0.207170033	0.137627267
1738	0.17287675	0.207728157	0.138025343
1739	0.17329105	0.20821127	0.13837083
1740	0.1736605	0.208639837	0.138681163
1741	0.17396565	0.208972654	0.138958646
1742	0.174211	0.209222921	0.139199079
1743	0.1744246	0.209452925	0.139396275
1744	0.17462225	0.209684988	0.139559512
1745	0.17473545	0.209811235	0.139659665
1746	0.17480425	0.209866032	0.139742468
1747	0.17482685	0.209881002	0.139772698
1748	0.1748412	0.209904235	0.139778165
1749	0.17488965	0.209922577	0.139856723
1750	0.1749446	0.20992956	0.13995964
1751	0.1749726	0.209975464	0.139969736
1752	0.17499615	0.210032769	0.139959531
1753	0.1750286	0.210078566	0.139978634
1754	0.17505775	0.210118041	0.139997459
1755	0.1751105	0.210179194	0.140041806
1756	0.1751618	0.210239778	0.140083822
1757	0.17522415	0.210300401	0.140147899
1758	0.1753087	0.210384589	0.140232811
1759	0.1755176	0.210595816	0.140439384
1760	0.17572045	0.210803698	0.140637202
1761	0.17587865	0.210994806	0.140762494
1762	0.17606815	0.211221818	0.140914482
1763	0.1763829	0.211588912	0.141176888
1764	0.1767028	0.211967774	0.141437826
1765	0.17705325	0.212405962	0.141700538
1766	0.17741045	0.212837827	0.141983073
1767	0.1778011	0.213260494	0.142341706
1768	0.1782104	0.21370664	0.14271416
1769	0.1785968	0.214131007	0.143062593
1770	0.17900535	0.21459308	0.14341762
1771	0.1794589	0.215134712	0.143783088
1772	0.17987175	0.215590115	0.144153385
1773	0.1802427	0.215952315	0.144533085
1774	0.18058745	0.216348699	0.144826201
1775	0.18089685	0.216749829	0.145043871
1776	0.1811777	0.217070668	0.145284732
1777	0.1814523	0.217360127	0.145544473
1778	0.18171875	0.217650179	0.145787321
1779	0.18198385	0.217948014	0.146019686
1780	0.18216715	0.218177355	0.146156945
1781	0.18232535	0.218374306	0.146276394
1782	0.182506	0.218581778	0.146430222
1783	0.1826864	0.218800845	0.146571955
1784	0.1827928	0.218939765	0.146645835
1785	0.18289245	0.219066548	0.146718352
1786	0.1830912	0.219303622	0.146878778
1787	0.18331385	0.219569048	0.147058652
1788	0.1833869	0.219673168	0.147100632
1789	0.18342835	0.219748025	0.147108675
1790	0.18347565	0.219794043	0.147157257
1791	0.18352415	0.219843684	0.147204616
1792	0.1834149	0.219806564	0.147023236
1793	0.1833244	0.219783646	0.146865154
1794	0.1833545	0.219853667	0.146855333
1795	0.18335745	0.219900602	0.146814298
1796	0.18330125	0.219855227	0.146747273
1797	0.1832388	0.219814503	0.146663097
1798	0.1832382	0.219889816	0.146586584
1799	0.18323585	0.219986485	0.146485215
1800	0.18317705	0.220042134	0.146311966
1801	0.1763187	0.217417909	0.135219491
1802	0.1768539	0.218885319	0.134822481
1803	0.1762628	0.218230902	0.134294698
1804	0.17521905	0.217045504	0.133392596
1805	0.17450885	0.216311312	0.132706388
1806	0.17435985	0.216302596	0.132417104
1807	0.17448825	0.216475411	0.132501089
1808	0.17439075	0.216244693	0.132536807
1809	0.17371245	0.215218973	0.132205927
1810	0.17280535	0.21432822	0.13128248
1811	0.17173225	0.212412371	0.131052129
1812	0.1707931	0.210297568	0.131288632
1813	0.17023695	0.209556983	0.130916917
1814	0.17032645	0.211138874	0.129514026
1815	0.1702996	0.212751222	0.127847978
1816	0.16832925	0.211655299	0.125003201
1817	0.16479225	0.208867396	0.120717104
1818	0.1631254	0.208832361	0.117418439
1819	0.16277105	0.210088849	0.115453251
1820	0.1619903	0.210669236	0.113311364
1821	0.16183535	0.211598686	0.112072014
1822	0.16242355	0.212017139	0.112829961
1823	0.16201825	0.209092439	0.114944061
1824	0.1595338	0.20705102	0.11201658
1825	0.15586375	0.209748412	0.101979088
1826	0.15083415	0.20752634	0.09414196
1827	0.145784	0.202931434	0.088636566
1828	0.14103015	0.199752534	0.082307766
1829	0.13408715	0.192043961	0.076130339
1830	0.12656135	0.182334868	0.070787832
1831	0.11879495	0.175045282	0.062544618
1832	0.1066684	0.168399308	0.044937492
1833	0.0931683	0.168391326	0.017945274
1834	0.08758255	0.169356312	0.005808788
1835	0.0773029	0.158392368	-0.003786568
1836	0.0837646	0.15731128	0.01021792
1837	0.1023782	0.187349612	0.017406788
1838	0.11211055	0.202926671	0.021294429
1839	0.10956875	0.201621106	0.017516394
1840	0.1018499	0.187743906	0.015955894
1841	0.08810375	0.153343241	0.022864259
1842	0.077827	0.139982074	0.015671926
1843	0.0892982	0.166485214	0.012111186
1844	0.10048435	0.190939725	0.010028975
1845	0.10209125	0.179344064	0.024838436
1846	0.1072775	0.178093485	0.036461515
1847	0.11348395	0.184940766	0.042027134
1848	0.11209815	0.182693332	0.041502968
1849	0.105355	0.176477114	0.034232886
1850	0.1095273	0.190601788	0.028452812
1851	0.11892495	0.207688045	0.030161855
1852	0.11032015	0.194215133	0.026425167
1853	0.10198835	0.190179449	0.013797251
1854	0.09593025	0.180180315	0.011680185
1855	0.09363075	0.177346312	0.009915188
1856	0.09688495	0.178645441	0.015124459
1857	0.09982	0.177903509	0.021736491
1858	0.10559595	0.174765132	0.036426768
1859	0.11942325	0.188708685	0.050137815
1860	0.1299006	0.205904755	0.053896445
1861	0.1189835	0.194250013	0.043716987
1862	0.1123512	0.190911493	0.033790907
1863	0.11682275	0.193084337	0.040561163
1864	0.11406585	0.183388712	0.044742988
1865	0.1078986	0.167851447	0.047945753
1866	0.1071074	0.166174979	0.048039821
1867	0.10812865	0.165634789	0.050622511
1868	0.10186765	0.154248208	0.049487092
1869	0.1005515	0.158362246	0.042740754
1870	0.09965385	0.163861683	0.035446017
1871	0.0940021	0.165914071	0.022090129
1872	0.090681	0.15908288	0.02227912
1873	0.0911663	0.159365164	0.022967436
1874	0.10466975	0.163132117	0.046207383
1875	0.1191064	0.17375533	0.06445747
1876	0.12804215	0.180125934	0.075958366
1877	0.12896055	0.18055475	0.07736635
1878	0.13105	0.180959985	0.081140015
1879	0.13969725	0.192032087	0.087362413
1880	0.1443542	0.199876707	0.088831693
1881	0.14365865	0.197602281	0.089715019
1882	0.1445488	0.196467326	0.092630274
1883	0.14901795	0.199487315	0.098548585
1884	0.15280075	0.204248209	0.101353291
1885	0.1497533	0.201170555	0.098336045
1886	0.14484715	0.195021532	0.094672768
1887	0.1414387	0.190049311	0.092828089
1888	0.13996685	0.189707035	0.090226665
1889	0.1368257	0.186739472	0.086911928
1890	0.13085855	0.17751657	0.08420053
1891	0.12568655	0.1699132	0.0814599
1892	0.12398255	0.168587227	0.079377873
1893	0.1220066	0.168043283	0.075969917
1894	0.11870985	0.163422091	0.073997609
1895	0.1150671	0.159437734	0.070696466
1896	0.10976165	0.155372689	0.064150611
1897	0.1012194	0.149138235	0.053300565
1898	0.0948103	0.144010043	0.045610557
1899	0.0935441	0.143520765	0.043567435
1900	0.09182325	0.143270953	0.040375547
1901	0.090986	0.137730777	0.044241223
1902	0.089787	0.134195265	0.045378735
1903	0.08492325	0.126191916	0.043654584
1904	0.07906335	0.121396624	0.036730076
1905	0.0746248	0.123510073	0.025739527
1906	0.06915415	0.126002714	0.012305586
1907	0.06840385	0.125209476	0.011598224
1908	0.0711964	0.12443555	0.01795725
1909	0.07544755	0.124765231	0.026129869
1910	0.0824479	0.126515725	0.038380075
1911	0.08809515	0.129537663	0.046652637
1912	0.0916684	0.13207178	0.05126502
1913	0.09439685	0.135945594	0.052848106
1914	0.0946769	0.134344377	0.055009423
1915	0.0946969	0.13312992	0.05626388
1916	0.0958872	0.135049394	0.056725006
1917	0.0975808	0.138115385	0.057046215
1918	0.0984659	0.139265431	0.057666369
1919	0.09847335	0.138476138	0.058470562
1920	0.0990262	0.138165216	0.059887184
1921	0.1009524	0.137862612	0.064042188
1922	0.1025113	0.13789406	0.06712854
1923	0.10119215	0.136762936	0.065621364
1924	0.09981435	0.136017088	0.063611612
1925	0.1004716	0.136344377	0.064598823
1926	0.10179005	0.137539825	0.066040275
1927	0.102662	0.137649018	0.067674982
1928	0.10337985	0.137142567	0.069617133
1929	0.10400905	0.137127657	0.070890443
1930	0.10429765	0.13745444	0.07114086
1931	0.1046708	0.138016866	0.071324734
1932	0.10490945	0.137953374	0.071865526
1933	0.10512595	0.138119162	0.072132738
1934	0.1060772	0.138592866	0.073561534
1935	0.1071738	0.139376203	0.074971397
1936	0.10840605	0.140619775	0.076192325
1937	0.1094562	0.141823491	0.077088909
1938	0.11028855	0.142701695	0.077875405
1939	0.1109986	0.143413767	0.078583433
1940	0.11166765	0.144105329	0.079229971
1941	0.1122084	0.144485824	0.079930976
1942	0.1126811	0.144930396	0.080431804
1943	0.11307685	0.146150539	0.080003161
1944	0.1134508	0.147330011	0.079571589
1945	0.11413925	0.147807262	0.080471238
1946	0.11491605	0.148238061	0.081594039
1947	0.11596695	0.149103047	0.082830853
1948	0.11715185	0.150225806	0.084077894
1949	0.1180012	0.15111664	0.08488576
1950	0.1183435	0.151596843	0.085090157
1951	0.11859495	0.15187233	0.08531757
1952	0.11852905	0.151231376	0.085826724
1953	0.11846355	0.150684518	0.086242582
1954	0.1190531	0.151091584	0.087014616
1955	0.1196384	0.151545702	0.087731098
1956	0.12033615	0.15219718	0.08847512
1957	0.12102905	0.152913192	0.089144908
1958	0.121706	0.153796319	0.089615681
1959	0.12234425	0.154764886	0.089923614
1960	0.1230798	0.155760457	0.090399143
1961	0.1240174	0.156838009	0.091196791
1962	0.1249395	0.157898882	0.091980118
1963	0.1262305	0.159232214	0.093228786
1964	0.12739115	0.160451475	0.094330825
1965	0.128235	0.161257131	0.095212869
1966	0.12897495	0.161984312	0.095965588
1967	0.12949435	0.162477736	0.096510964
1968	0.1299188	0.162888079	0.096949521
1969	0.1303445	0.16328894	0.09740006
1970	0.1307725	0.163671508	0.097873492
1971	0.1312711	0.164214111	0.098328089
1972	0.13193565	0.165066207	0.098805093
1973	0.1325452	0.165853824	0.099236576
1974	0.1329476	0.166438098	0.099457102
1975	0.1333273	0.166995585	0.099659015
1976	0.13374885	0.167321537	0.100176163
1977	0.1341734	0.167634535	0.100712265
1978	0.13468	0.168079976	0.101280024
1979	0.13520225	0.168571735	0.101832765
1980	0.13574655	0.16915751	0.10233559
1981	0.1362956	0.169816051	0.102775149
1982	0.1367697	0.170398305	0.103141095
1983	0.13713245	0.170854609	0.103410291
1984	0.1374623	0.171273733	0.103650867
1985	0.13757235	0.171437704	0.103706996
1986	0.1376823	0.171607399	0.103757201
1987	0.1380746	0.172090539	0.104058661
1988	0.13849605	0.17259494	0.10439716
1989	0.13859415	0.172675326	0.104512974
1990	0.13858475	0.172653213	0.104516287
1991	0.1387799	0.172717432	0.104842368
1992	0.1391209	0.172789662	0.105452138
1993	0.1394185	0.172913541	0.105923459
1994	0.13967295	0.173207097	0.106138803
1995	0.1399331	0.173527283	0.106338917
1996	0.13989905	0.173662427	0.106135673
1997	0.13984105	0.173810084	0.105872016
1998	0.1396879	0.173727899	0.105647901
1999	0.13956355	0.173660842	0.105466258
2000	0.1393699	0.173465253	0.105274547
2001	0.139014	0.173132421	0.104895579
2002	0.13860875	0.172842219	0.104375281
2003	0.1381129	0.172564734	0.103661066
2004	0.1376816	0.172235239	0.103127961
2005	0.1376328	0.171948835	0.103316765
2006	0.1376714	0.171878117	0.103464683
2007	0.13806475	0.172518892	0.103610608
2008	0.1384235	0.173084219	0.103762781
2009	0.1382328	0.17276914	0.10369646
2010	0.13800095	0.17244456	0.10355734
2011	0.13796835	0.172292587	0.103644113
2012	0.13798075	0.172189286	0.103772214
2013	0.137563	0.171801595	0.103324405
2014	0.13692655	0.171233625	0.102619475
2015	0.1366368	0.171080664	0.102192936
2016	0.1366056	0.171233526	0.101977674
2017	0.1365182	0.171211175	0.101825225
2018	0.1363718	0.170970144	0.101773456
2019	0.1361938	0.170715729	0.101671871
2020	0.13601755	0.170453887	0.101581213
2021	0.135876	0.170251173	0.101500827
2022	0.13573445	0.17008965	0.10137925
2023	0.13556525	0.169884588	0.101245912
2024	0.1353966	0.169582243	0.101210957
2025	0.13519845	0.169235029	0.101161871
2026	0.13491325	0.168821941	0.101004559
2027	0.13464555	0.168496188	0.100794912
2028	0.1343006	0.168102617	0.100498583
2029	0.13376005	0.167548454	0.099971646
2030	0.133241	0.167009339	0.099472661
2031	0.1326845	0.166338442	0.099030558
2032	0.13212575	0.16569761	0.09855389
2033	0.1316454	0.16517152	0.09811928
2034	0.1312127	0.164675415	0.097749985
2035	0.1306609	0.16407098	0.09725082
2036	0.1300456	0.163461191	0.096630009
2037	0.12927175	0.162697106	0.095846394
2038	0.12839635	0.161856453	0.094936247
2039	0.1277034	0.161107164	0.094299636
2040	0.12720395	0.1604078	0.0940001
2041	0.1266804	0.15975011	0.09361069
2042	0.1260967	0.159146408	0.093046992
2043	0.12545035	0.158456452	0.092444248
2044	0.124951	0.157816268	0.092085732
2045	0.1244993	0.157232265	0.091766335
2046	0.1240297	0.156768488	0.091290912
2047	0.1234513	0.156217817	0.090684783
2048	0.12300645	0.15571749	0.09029541
2049	0.1226028	0.155224212	0.089981388
2050	0.12208045	0.154606059	0.089554841
2051	0.12152865	0.153936685	0.089120615
2052	0.12098185	0.15323835	0.08872535
2053	0.1205601	0.152742332	0.088377868
2054	0.1201178	0.152217064	0.088018536
2055	0.11943695	0.151398225	0.087475675
2056	0.11878095	0.150634649	0.086927251
2057	0.1182632	0.15001901	0.08650739
2058	0.11776695	0.149429884	0.086104016
2059	0.11738835	0.149053864	0.085722836
2060	0.11704045	0.148741971	0.085338929
2061	0.1167958	0.148671176	0.084920424
2062	0.1166554	0.148720985	0.084589815
2063	0.1163783	0.14851025	0.08424635
2064	0.1159146	0.148028792	0.083800408
2065	0.11564195	0.147651601	0.083632299
2066	0.11545165	0.147423176	0.083480124
2067	0.11514805	0.147170697	0.083125403
2068	0.11493415	0.146937345	0.082930955
2069	0.11470005	0.146665075	0.082735025
2070	0.1143239	0.146193588	0.082454212
2071	0.11394825	0.14572173	0.08217477
2072	0.1135875	0.145304579	0.081870421
2073	0.11322735	0.144929945	0.081524755
2074	0.11298375	0.144623106	0.081344394
2075	0.11275015	0.144273765	0.081226535
2076	0.11253515	0.143943355	0.081126945
2077	0.11239105	0.143668509	0.081113591
2078	0.11225705	0.143453637	0.081060463
2079	0.11205755	0.14319521	0.08091989
2080	0.1118793	0.142937466	0.080821134
2081	0.1118227	0.142816312	0.080829088
2082	0.11176835	0.14265326	0.08088344
2083	0.11159	0.142344519	0.080835481
2084	0.111377	0.142045352	0.080708648
2085	0.1111887	0.141881717	0.080495683
2086	0.1110385	0.141760295	0.080316705
2087	0.11090165	0.141715258	0.080088042
2088	0.11077735	0.141703087	0.079851613
2089	0.11056535	0.141606417	0.079524283
2090	0.11025325	0.141389165	0.079117335
2091	0.1100499	0.141193723	0.078906077
2092	0.1099303	0.140968892	0.078891708
2093	0.1097732	0.140671779	0.078874621
2094	0.1096072	0.140378478	0.078835922
2095	0.109507	0.14022536	0.07878864
2096	0.10952425	0.140308957	0.078739543
2097	0.1094948	0.140325533	0.078664067
2098	0.10930245	0.140024998	0.078579902
2099	0.109093	0.139688028	0.078497972
2100	0.1088773	0.13947273	0.07828187
2101	0.10867505	0.139344108	0.078005992
2102	0.10856245	0.1392022	0.0779227
2103	0.1085006	0.139099091	0.077902109
2104	0.1084858	0.139129606	0.077841994
2105	0.1084078	0.139159341	0.077656259
2106	0.10826005	0.139057932	0.077462168
2107	0.1081515	0.138923153	0.077379847
2108	0.10801715	0.138812145	0.077222155
2109	0.10770735	0.138484874	0.076929826
2110	0.1074979	0.138225305	0.076770495
2111	0.10749765	0.138118957	0.076876343
2112	0.10749285	0.138013813	0.076971887
2113	0.107558	0.138035899	0.077080101
2114	0.10766015	0.138113683	0.077206617
2115	0.1075198	0.137913091	0.077126509
2116	0.1072534	0.137568228	0.076938572
2117	0.10709695	0.137489236	0.076704664
2118	0.1070636	0.137531379	0.076595821
2119	0.10693365	0.137400217	0.076467083
2120	0.1067948	0.137267752	0.076321848
2121	0.10682365	0.137322815	0.076324485
2122	0.10687855	0.137423611	0.076333489
2123	0.10686065	0.137398743	0.076322557
2124	0.10678725	0.137225076	0.076349424
2125	0.1067192	0.137080808	0.076357592
2126	0.1066392	0.137009075	0.076269325
2127	0.10652855	0.136930991	0.076126109
2128	0.10638295	0.136831198	0.075934702
2129	0.1062677	0.136755232	0.075780168
2130	0.1062252	0.136689742	0.075760658
2131	0.10617435	0.136585002	0.075763698
2132	0.10618345	0.136628905	0.075737995
2133	0.10617415	0.13676183	0.07558647
2134	0.10615075	0.136802457	0.075499043
2135	0.10616065	0.136761873	0.075559427
2136	0.1061481	0.13674283	0.07555337
2137	0.10611095	0.136715043	0.075506857
2138	0.1061188	0.136682725	0.075554875
2139	0.10619365	0.13671047	0.07567683
2140	0.106262	0.136763178	0.075760822
2141	0.1063207	0.136773261	0.075868139
2142	0.1063595	0.136750359	0.075968641
2143	0.10632715	0.136739569	0.075914731
2144	0.106298	0.136759294	0.075836706
2145	0.1064052	0.136830209	0.075980191
2146	0.1065628	0.136937205	0.076188395
2147	0.1066537	0.136937056	0.076370344
2148	0.1066863	0.136859659	0.076512941
2149	0.10667455	0.136856407	0.076492693
2150	0.1066527	0.136894991	0.076410409
2151	0.1067386	0.13701544	0.07646176
2152	0.10683235	0.137041979	0.076622721
2153	0.10690365	0.137045384	0.076761916
2154	0.1070449	0.137231531	0.076858269
2155	0.1071302	0.137364693	0.076895707
2156	0.1072835	0.137519608	0.077047392
2157	0.1074811	0.137689209	0.077272991
2158	0.1076523	0.137796369	0.077508231
2159	0.1078054	0.137904885	0.077705915
2160	0.1080036	0.138125033	0.077882167
2161	0.1082267	0.13839639	0.07805701
2162	0.1084497	0.138703679	0.078195721
2163	0.108644	0.138961478	0.078326522
2164	0.10873425	0.139080992	0.078387508
2165	0.10882145	0.139202678	0.078440222
2166	0.10896415	0.139414836	0.078513464
2167	0.1091645	0.139723745	0.078605255
2168	0.10939175	0.140014045	0.078769455
2169	0.1095534	0.140171117	0.078935683
2170	0.10970735	0.140343241	0.079071459
2171	0.1098338	0.140595029	0.079072571
2172	0.1099853	0.140844229	0.079126371
2173	0.1102335	0.141077826	0.079389174
2174	0.11044505	0.14121558	0.07967452
2175	0.11061635	0.141215529	0.080017171
2176	0.11080945	0.141291506	0.080327394
2177	0.1109157	0.141468742	0.080362658
2178	0.1109665	0.141601081	0.080331919
2179	0.11113965	0.141835728	0.080443572
2180	0.11135555	0.14211321	0.08059789
2181	0.11139475	0.142034517	0.080754983
2182	0.11144635	0.141951374	0.080941326
2183	0.11154625	0.142035898	0.081056602
2184	0.1116584	0.142152796	0.081164004
2185	0.11177835	0.142298974	0.081257726
2186	0.11182675	0.142415548	0.081237952
2187	0.11184795	0.142507796	0.081188104
2188	0.11188895	0.142541534	0.081236366
2189	0.1119803	0.142589841	0.081370759
2190	0.1121715	0.142798255	0.081544745
2191	0.1123638	0.143009119	0.081718481
2192	0.1125812	0.143217397	0.081945003
2193	0.11279425	0.14341539	0.08217311
2194	0.11286435	0.14343327	0.08229543
2195	0.1128957	0.143426263	0.082365137
2196	0.11308595	0.143677693	0.082494207
2197	0.11335425	0.14399664	0.08271186
2198	0.1135215	0.144138018	0.082904982
2199	0.11364525	0.144223742	0.083066758
2200	0.11367985	0.144280907	0.083078793
2201	0.11372115	0.14441432	0.08302798
2202	0.11385015	0.14458315	0.08311715
2203	0.11391625	0.144691855	0.083140645
2204	0.11395775	0.144777159	0.083138341
2205	0.1140808	0.144841365	0.083320235
2206	0.1141931	0.144877646	0.083508554
2207	0.11434025	0.144960462	0.083720038
2208	0.1145796	0.145185438	0.083973762
2209	0.11475405	0.145395037	0.084113063
2210	0.1148731	0.145567782	0.084178418
2211	0.11512165	0.145927304	0.084315996
2212	0.1154355	0.146347294	0.084523706
2213	0.1157262	0.146616259	0.084836141
2214	0.11597795	0.14681454	0.08514136
2215	0.11617245	0.147111275	0.085233625
2216	0.11635585	0.147500686	0.085211014
2217	0.11652395	0.147747504	0.085300396
2218	0.1166862	0.147855014	0.085517386
2219	0.1167566	0.147808537	0.085704663
2220	0.11673845	0.147724923	0.085751977
2221	0.11680685	0.147836112	0.085777588
2222	0.1169595	0.148103523	0.085815477
2223	0.1170673	0.148262152	0.085872448
2224	0.11716385	0.148345885	0.085981815
2225	0.1170796	0.14823665	0.08592255
2226	0.1167077	0.147771102	0.085644298
2227	0.11637885	0.147363552	0.085394148
2228	0.1161934	0.14715584	0.08523096
2229	0.1160785	0.147035295	0.085121705
2230	0.1160209	0.146892285	0.085149515
2231	0.11593655	0.14667034	0.08520276
2232	0.11565095	0.146228514	0.085073386
2233	0.1152546	0.145723665	0.084785535
2234	0.11476245	0.145230225	0.084294675
2235	0.11433835	0.144811285	0.083865415
2236	0.114064	0.144476476	0.083651524
2237	0.11377965	0.144136903	0.083422397
2238	0.11330165	0.143420877	0.083182423
2239	0.11278645	0.142572002	0.083000898
2240	0.1121353	0.141764412	0.082506188
2241	0.11146675	0.141025228	0.081908272
2242	0.1108817	0.140365184	0.081398216
2243	0.11023285	0.13960711	0.08085859
2244	0.10960095	0.13884439	0.08035751
2245	0.10897255	0.138082438	0.079862662
2246	0.10826685	0.137239161	0.079294539
2247	0.1075355	0.136430361	0.078640639
2248	0.10688635	0.135702621	0.078070079
2249	0.10634745	0.135154309	0.077540591
2250	0.1056817	0.134513581	0.076849819
2251	0.10478365	0.133679997	0.075887303
2252	0.10394505	0.132919418	0.074970682
2253	0.10323855	0.132100861	0.074376239
2254	0.1025209	0.131155708	0.073886092
2255	0.10190585	0.130219203	0.073592497
2256	0.10136665	0.129404804	0.073328496
2257	0.1009283	0.128788063	0.073068537
2258	0.10047475	0.128169115	0.072780385
2259	0.09974485	0.127337939	0.072151761
2260	0.0989293	0.1264891	0.0713695
2261	0.09810205	0.125580347	0.070623753
2262	0.09730495	0.124553892	0.070056008
2263	0.0967849	0.123911072	0.069658728
2264	0.096403	0.123523026	0.069282974
2265	0.09601565	0.123056359	0.068974941
2266	0.095557	0.122527382	0.068586618
2267	0.0949283	0.121819461	0.068037139
2268	0.0943682	0.121140398	0.067596002
2269	0.0939618	0.120634804	0.067288796
2270	0.0934334	0.11991172	0.06695508
2271	0.0928526	0.119156189	0.066549011
2272	0.09230275	0.118519214	0.066086286
2273	0.09176615	0.11787512	0.06565718
2274	0.09129925	0.117284421	0.065314079
2275	0.0908517	0.116700566	0.065002834
2276	0.0903934	0.11613736	0.06464944
2277	0.08994985	0.115623312	0.064276388
2278	0.08958135	0.115187793	0.063974907
2279	0.08918895	0.114734384	0.063643516
2280	0.08870155	0.114163924	0.063239176
2281	0.08823285	0.113558119	0.062907581
2282	0.08795185	0.113092107	0.062811593
2283	0.08774605	0.11267587	0.06281623
2284	0.0874379	0.112272632	0.062603168
2285	0.0870204	0.111907161	0.062133639
2286	0.08645995	0.111379001	0.061540899
2287	0.0858253	0.110634244	0.061016356
2288	0.08528905	0.11002119	0.06055691
2289	0.08484165	0.109652113	0.060031187
2290	0.0842533	0.108921563	0.059585037
2291	0.083637	0.107978368	0.059295632
2292	0.08305765	0.107111431	0.059003869
2293	0.0823674	0.106063841	0.058670959
2294	0.08173505	0.105162321	0.058307779
2295	0.0811324	0.104549173	0.057715627
2296	0.0804652	0.103859926	0.057070474
2297	0.07997495	0.103388135	0.056561765
2298	0.07953825	0.103009403	0.056067097
2299	0.0792313	0.10266123	0.05580137
2300	0.07895055	0.102273319	0.055627781
2301	0.07860035	0.101848087	0.055352613
2302	0.078198	0.101396161	0.054999839
2303	0.07791045	0.101057183	0.054763717
2304	0.07775575	0.100892113	0.054619387
2305	0.07780255	0.101007281	0.054597819
2306	0.07783515	0.101101014	0.054569286
2307	0.0779357	0.10122617	0.05464523
2308	0.07803135	0.101284248	0.054778452
2309	0.0778497	0.101017677	0.054681723
2310	0.07762765	0.100795642	0.054459658
2311	0.07781105	0.100979731	0.054642369
2312	0.0781299	0.101282308	0.054977492
2313	0.0784805	0.101571583	0.055389417
2314	0.0789307	0.10198335	0.05587805
2315	0.0794951	0.102579757	0.056410443
2316	0.079993	0.103126635	0.056859365
2317	0.08046645	0.103772763	0.057160137
2318	0.08093795	0.104389225	0.057486675
2319	0.08133745	0.104907294	0.057767606
2320	0.08161755	0.105298818	0.057936282
2321	0.081911	0.105560555	0.058261445
2322	0.0823581	0.10608352	0.05863268
2323	0.08273365	0.106641993	0.058825307
2324	0.08283155	0.107028886	0.058634214
2325	0.08290915	0.107402817	0.058415483
2326	0.08285895	0.107459424	0.058258476
2327	0.0828343	0.107526103	0.058142497
2328	0.0830363	0.107681597	0.058391003
2329	0.0831964	0.107720753	0.058672047
2330	0.08311015	0.107398885	0.058821415
2331	0.0830184	0.10710768	0.05892912
2332	0.082845	0.106800178	0.058889822
2333	0.082552	0.106365387	0.058738613
2334	0.0821165	0.105790885	0.058442115
2335	0.081767	0.105336121	0.058197879
2336	0.0816151	0.105178182	0.058052018
2337	0.08143435	0.105039317	0.057829383
2338	0.08111235	0.10469972	0.05752498
2339	0.08071675	0.10425715	0.05717635
2340	0.0805149	0.103992402	0.057037398
2341	0.08044295	0.103823255	0.057062645
2342	0.0800069	0.103234312	0.056779488
2343	0.07949375	0.102610373	0.056377127
2344	0.07923755	0.102356946	0.056118154
2345	0.0790075	0.102223425	0.055791575
2346	0.0788496	0.102112542	0.055586658
2347	0.0788054	0.10205017	0.05556063
2348	0.0789171	0.10222443	0.05560977
2349	0.0791286	0.102584202	0.055672998
2350	0.07928155	0.102754128	0.055808972
2351	0.0794304	0.102875835	0.055984965
2352	0.07947595	0.102961616	0.055990284
2353	0.0794259	0.102737635	0.056114165
2354	0.07963235	0.102940761	0.056323939
2355	0.0802545	0.103691176	0.056817824
2356	0.08094735	0.104426252	0.057468448
2357	0.08156805	0.105309199	0.057826901
2358	0.0820653	0.106006345	0.058124255
2359	0.0820743	0.106108117	0.058040483
2360	0.0820696	0.106195482	0.057943718
2361	0.0822967	0.106247735	0.058345665
2362	0.08247765	0.106237583	0.058717717
2363	0.0823519	0.10618278	0.05852102
2364	0.0822261	0.106190974	0.058261226
2365	0.0822169	0.106094827	0.058338973
2366	0.08215265	0.105907065	0.058398235
2367	0.08184425	0.10537343	0.05831507
2368	0.08154385	0.104784943	0.058302757
2369	0.0814979	0.104601386	0.058394414
2370	0.08153485	0.104607953	0.058461747
2371	0.0816821	0.104664012	0.058700188
2372	0.08177875	0.104658035	0.058899465
2373	0.08184085	0.104731087	0.058950613
2374	0.08199375	0.104964976	0.059022524
2375	0.08195635	0.105510213	0.058402487
2376	0.08183935	0.106199179	0.057479521
2377	0.0818226	0.106451327	0.057193873
2378	0.0818471	0.106511713	0.057182487
2379	0.08187165	0.106240904	0.057502396
2380	0.08171285	0.105569875	0.057855825
2381	0.0814865	0.10501106	0.05796194
2382	0.0813621	0.104865622	0.057858578
2383	0.08136035	0.104791133	0.057929567
2384	0.08143005	0.104605094	0.058255006
2385	0.08137245	0.104514286	0.058230614
2386	0.0811009	0.104536052	0.057665748
2387	0.08074725	0.10435059	0.05714391
2388	0.080611	0.104162621	0.057059379
2389	0.0804984	0.10391309	0.05708371
2390	0.0803514	0.103455667	0.057247133
2391	0.08045885	0.103357598	0.057560102
2392	0.0804485	0.103249359	0.057647641
2393	0.0802243	0.103045022	0.057403578
2394	0.08031875	0.103360708	0.057276792
2395	0.08048415	0.103590851	0.057377449
2396	0.0803425	0.103493946	0.057191054
2397	0.0802789	0.103524936	0.057032864
2398	0.08067925	0.104097485	0.057261015
2399	0.08094115	0.104455867	0.057426433
2400	0.08084945	0.104220379	0.057478521
2401	0.0808004	0.104218848	0.057381952
2402	0.08065045	0.103900196	0.057400704
2403	0.0805217	0.103608138	0.057435262
2404	0.08046885	0.103572295	0.057365405
2405	0.08040335	0.103423135	0.057383565
2406	0.08016045	0.103039781	0.057281119
2407	0.0798303	0.102636398	0.057024202
2408	0.0795925	0.10221663	0.05696837
2409	0.0793367	0.101893645	0.056779755
2410	0.07907445	0.102145793	0.056003107
2411	0.07888155	0.10254856	0.05521454
2412	0.07870835	0.10247549	0.05494121
2413	0.0785534	0.102357687	0.054749113
2414	0.0782078	0.102367069	0.054048531
2415	0.0777306	0.102415516	0.053045684
2416	0.0776948	0.102209927	0.053179673
2417	0.07768935	0.101857033	0.053521667
2418	0.07732235	0.101219206	0.053425494
2419	0.07698505	0.10064476	0.05332534
2420	0.07674875	0.100123273	0.053374227
2421	0.07653385	0.099681967	0.053385733
2422	0.07626735	0.099584935	0.052949765
2423	0.07605175	0.09969218	0.05241132
2424	0.07601475	0.099464414	0.052565086
2425	0.0761617	0.099201455	0.053121945
2426	0.07636915	0.098905392	0.053832908
2427	0.076094	0.098342077	0.053845923
2428	0.0755941	0.097995632	0.053192568
2429	0.075532	0.098134083	0.052929917
2430	0.075162	0.097611151	0.052712849
2431	0.0744852	0.096783092	0.052187308
2432	0.07410845	0.096210057	0.052006843
2433	0.07368325	0.095643566	0.051722934
2434	0.07335135	0.095348254	0.051354446
2435	0.0731055	0.095082165	0.051128835
2436	0.07259175	0.09475945	0.05042405
2437	0.07222845	0.094901642	0.049555258
2438	0.07141155	0.094437645	0.048385455
2439	0.0697321	0.093017179	0.046447021
2440	0.0688252	0.091834611	0.045815789
2441	0.068854	0.091253253	0.046454747
2442	0.06872085	0.091211569	0.046230131
2443	0.06844765	0.091232859	0.045662441
2444	0.06789775	0.090581245	0.045214255
2445	0.0672541	0.089466677	0.045041523
2446	0.06679145	0.088856764	0.044726136
2447	0.06659845	0.089485491	0.043711409
2448	0.0663562	0.089757838	0.042954562
2449	0.0653953	0.088533779	0.042256821
2450	0.0641712	0.086845379	0.041497021
2451	0.0636014	0.085495237	0.041707563
2452	0.0635069	0.085543012	0.041470788
2453	0.0635656	0.086242326	0.040888874
2454	0.0636714	0.086465014	0.040877786
2455	0.0637474	0.086327804	0.041166996
2456	0.063522	0.086006886	0.041037114
2457	0.06301685	0.085162353	0.040871347
2458	0.0629813	0.084810049	0.041152551
2459	0.06297335	0.084205617	0.041741083
2460	0.06322475	0.084227859	0.042221641
2461	0.06446175	0.085860489	0.043063011
2462	0.06482595	0.086444474	0.043207426
2463	0.0634917	0.084983373	0.042000027
2464	0.062363	0.083947139	0.040778861
2465	0.06175495	0.083959771	0.039550129
2466	0.06103895	0.08364343	0.03843447
2467	0.0597504	0.080758413	0.038742387
2468	0.05836445	0.078151683	0.038577217
2469	0.0582227	0.078063607	0.038381793
2470	0.0583392	0.079069955	0.037608445
2471	0.05805685	0.079794594	0.036319106
2472	0.05749855	0.080010943	0.034986157
2473	0.0562048	0.080244695	0.032164905
2474	0.0549353	0.080832281	0.029038319
2475	0.05381095	0.078451436	0.029170464
2476	0.05341555	0.077411294	0.029419806
2477	0.0545541	0.07868719	0.03042101
2478	0.05477035	0.079210414	0.030330286
2479	0.05259665	0.077867396	0.027325904
2480	0.0496469	0.075919085	0.023374715
2481	0.0477912	0.073143162	0.022439238
2482	0.04682315	0.071380781	0.022265519
2483	0.04530195	0.068989333	0.021614567
2484	0.04334055	0.067486521	0.019194579
2485	0.04123955	0.066655733	0.015823367
2486	0.038975	0.064795986	0.013154014
2487	0.04007265	0.064951571	0.015193729
2488	0.04192815	0.068320688	0.015535612
2489	0.039097	0.064743837	0.013450163
2490	0.03491655	0.059225802	0.010607298
2491	0.03363945	0.055966154	0.011312746
2492	0.03386725	0.056820748	0.010913752
2493	0.03444365	0.056585035	0.012302265
2494	0.03436205	0.05535731	0.01336679
2495	0.0327194	0.051386435	0.014052365
2496	0.03139185	0.050373821	0.012409879
2497	0.03240615	0.054631942	0.010180358
2498	0.03327235	0.058027041	0.008517659
2499	0.0335772	0.05582262	0.01133178
2500	0.0341976	0.056965593	0.011429607
