Wavelength	Mean	Std+	Std-
350	0.077349	0.089408755	0.065289245
351	0.077344	0.089399528	0.065288472
352	0.0775022	0.08957003	0.06543437
353	0.077953733	0.090012527	0.06589494
354	0.078233467	0.090310215	0.066156718
355	0.078325133	0.09044274	0.066207527
356	0.0784898	0.090570039	0.066409561
357	0.0785498	0.090647066	0.066452534
358	0.078606333	0.090740141	0.066472525
359	0.078882667	0.091009311	0.066756023
360	0.079348133	0.091458341	0.067237925
361	0.079805867	0.091921667	0.067690066
362	0.080146067	0.092316372	0.067975761
363	0.080574133	0.092782648	0.068365618
364	0.080878	0.093117476	0.068638524
365	0.081032267	0.093296399	0.068768134
366	0.081112133	0.093387388	0.068836879
367	0.081426533	0.093706687	0.06914638
368	0.081880333	0.094160935	0.069599731
369	0.082302133	0.094580393	0.070023874
370	0.0824338	0.094721208	0.070146392
371	0.082539133	0.094825899	0.070252367
372	0.0827956	0.095053335	0.070537865
373	0.083078667	0.095389811	0.070767523
374	0.083438667	0.095799111	0.071078222
375	0.083887867	0.096280338	0.071495395
376	0.084337533	0.096765686	0.07190938
377	0.084708133	0.097186053	0.072230213
378	0.085038267	0.097567763	0.07250877
379	0.085424933	0.097958083	0.072891784
380	0.085676867	0.098221634	0.0731321
381	0.085918533	0.098466095	0.073370972
382	0.0862536	0.098775249	0.073731951
383	0.086593067	0.099132725	0.074053408
384	0.087053133	0.099623192	0.074483074
385	0.0876628	0.10027034	0.07505526
386	0.088155	0.100835131	0.075474869
387	0.088387933	0.101141472	0.075634394
388	0.0884888	0.101304884	0.075672716
389	0.08892	0.101733706	0.076106294
390	0.089315933	0.102130559	0.076501308
391	0.089653867	0.102475508	0.076832225
392	0.089895467	0.102735692	0.077055241
393	0.090246467	0.103095346	0.077397588
394	0.090604467	0.103472594	0.077736339
395	0.090938867	0.103840278	0.078037456
396	0.0912582	0.104176597	0.078339803
397	0.091704	0.104662417	0.078745583
398	0.092193933	0.105205656	0.079182211
399	0.092489333	0.105546381	0.079432286
400	0.0926688	0.105730819	0.079606781
401	0.092812067	0.105862933	0.0797612
402	0.092992333	0.106030433	0.079954234
403	0.093164267	0.106185033	0.0801435
404	0.093397533	0.106392078	0.080402989
405	0.093720933	0.106677395	0.080764471
406	0.093884667	0.106834324	0.080935009
407	0.094135667	0.107083877	0.081187457
408	0.094448267	0.10740062	0.081495913
409	0.0946798	0.10765187	0.08170773
410	0.094930533	0.10791179	0.081949277
411	0.095190067	0.108175654	0.082204479
412	0.0954594	0.108449205	0.082469595
413	0.095718133	0.108701069	0.082735198
414	0.0959812	0.108956051	0.083006349
415	0.096259667	0.109227603	0.08329173
416	0.096507933	0.109468511	0.083547355
417	0.0967196	0.109668769	0.083770431
418	0.096910333	0.109845972	0.083974695
419	0.0971946	0.110127895	0.084261305
420	0.097446267	0.110377582	0.084514952
421	0.097689133	0.110619079	0.084759188
422	0.097959333	0.110888654	0.085030012
423	0.0982024	0.111130662	0.085274138
424	0.098455133	0.11137587	0.085534397
425	0.098737133	0.11164019	0.085834077
426	0.099012133	0.111896536	0.086127731
427	0.099269333	0.112141467	0.086397199
428	0.099515	0.112381555	0.086648445
429	0.099842867	0.11270629	0.086979443
430	0.100167733	0.113030008	0.087305459
431	0.100486467	0.113351833	0.0876211
432	0.100798133	0.113675205	0.087921062
433	0.101121133	0.114009372	0.088232894
434	0.101426733	0.114324584	0.088528883
435	0.101699867	0.114604922	0.088794811
436	0.1019354	0.114825974	0.089044826
437	0.1021892	0.1150571	0.0893213
438	0.102463467	0.115302973	0.08962396
439	0.102719467	0.115545503	0.08989343
440	0.1029954	0.115809774	0.090181026
441	0.103284333	0.116089855	0.090478811
442	0.1035856	0.116388988	0.090782212
443	0.103823467	0.116624158	0.091022776
444	0.104043667	0.116834612	0.091252722
445	0.1042696	0.117036636	0.091502564
446	0.104479	0.117228467	0.091729533
447	0.1047218	0.117455676	0.091987924
448	0.105003733	0.117722877	0.09228459
449	0.105272267	0.117979532	0.092565001
450	0.105474	0.118172248	0.092775752
451	0.105641867	0.118331587	0.092952147
452	0.105846	0.118518527	0.093173473
453	0.106049667	0.118696222	0.093403111
454	0.106249667	0.118872668	0.093626665
455	0.106442067	0.119053983	0.093830151
456	0.106691733	0.119295223	0.094088244
457	0.106908867	0.119505144	0.094312589
458	0.107074467	0.119663685	0.094485248
459	0.107255	0.119819147	0.094690853
460	0.107419933	0.119961765	0.094878102
461	0.107577067	0.120099333	0.0950548
462	0.107746667	0.120255349	0.095237984
463	0.107909933	0.12039817	0.095421697
464	0.108081	0.120546734	0.095615266
465	0.108274733	0.120719625	0.095829842
466	0.108410867	0.120836582	0.095985152
467	0.1085518	0.120959559	0.096144041
468	0.108711467	0.121102337	0.096320596
469	0.108939733	0.121319032	0.096560435
470	0.109120867	0.121483092	0.096758641
471	0.109263933	0.121605731	0.096922136
472	0.1093938	0.121718734	0.097068866
473	0.109542733	0.121845889	0.097239578
474	0.109697067	0.121979539	0.097414595
475	0.1098464	0.122115998	0.097576802
476	0.1100296	0.122278025	0.097781175
477	0.110209667	0.122437226	0.097982107
478	0.110378067	0.122587802	0.098168331
479	0.110567533	0.12275613	0.098378937
480	0.110750067	0.122919731	0.098580402
481	0.110923667	0.12307399	0.098773343
482	0.111076	0.123193041	0.098958959
483	0.111232333	0.123325523	0.099139144
484	0.111387	0.12345977	0.09931423
485	0.111526667	0.123578672	0.099474661
486	0.11172	0.123745256	0.099694744
487	0.111936667	0.12394049	0.099932843
488	0.112170467	0.124162668	0.100178265
489	0.112412533	0.12439592	0.100429147
490	0.112627067	0.1245956	0.100658533
491	0.112813067	0.124760768	0.100865366
492	0.112974733	0.124891323	0.101058144
493	0.11317	0.125064349	0.101275651
494	0.113378467	0.125253498	0.101503435
495	0.113578333	0.125427348	0.101729319
496	0.1137558	0.125584958	0.101926642
497	0.113935733	0.125740667	0.1021308
498	0.114130267	0.125901574	0.102358959
499	0.114374867	0.126121554	0.102628179
500	0.1145936	0.126318282	0.102868918
501	0.114788867	0.126493203	0.10308453
502	0.115019133	0.126700748	0.103337518
503	0.1152326	0.126897763	0.103567437
504	0.115437733	0.127085832	0.103789635
505	0.115646933	0.127265426	0.104028441
506	0.1158636	0.127456893	0.104270307
507	0.116081333	0.127649135	0.104513532
508	0.116299267	0.127839515	0.104759019
509	0.116495867	0.128011134	0.104980599
510	0.116717533	0.128209472	0.105225595
511	0.116961933	0.12843122	0.105492647
512	0.1171584	0.128599664	0.105717136
513	0.117356533	0.128769686	0.105943381
514	0.1175562	0.128941641	0.106170759
515	0.1177528	0.129112283	0.106393317
516	0.117961467	0.129297784	0.106625149
517	0.118212533	0.129523438	0.106901629
518	0.1185354	0.129815188	0.107255612
519	0.118791067	0.130050659	0.107531474
520	0.119055733	0.130296403	0.107815063
521	0.1193286	0.130550285	0.108106915
522	0.119505867	0.130699724	0.108312009
523	0.119677533	0.130840435	0.108514632
524	0.119852067	0.130983202	0.108720932
525	0.120049667	0.131152371	0.108946962
526	0.120287733	0.131361581	0.109213885
527	0.120542467	0.131586262	0.109498671
528	0.120808	0.131819221	0.109796779
529	0.1210548	0.132047049	0.110062551
530	0.121276	0.132245755	0.110306245
531	0.1214706	0.132413154	0.110528046
532	0.121683867	0.132598108	0.110769626
533	0.1219012	0.132787573	0.111014827
534	0.122127667	0.13298696	0.111268373
535	0.1223792	0.13321336	0.11154504
536	0.1225868	0.133394509	0.111779091
537	0.122792867	0.133573645	0.112012088
538	0.123031533	0.133785172	0.112277895
539	0.1232406	0.133967782	0.112513418
540	0.123456667	0.134157052	0.112756282
541	0.123685	0.134358388	0.113011612
542	0.123916733	0.134564142	0.113269324
543	0.124137333	0.13475958	0.113515086
544	0.124349	0.134946274	0.113751726
545	0.124561333	0.13513098	0.113991686
546	0.1247556	0.135300985	0.114210215
547	0.124956867	0.135478092	0.114435641
548	0.125192267	0.135685382	0.114699151
549	0.125432533	0.135900263	0.114964804
550	0.125659667	0.136103234	0.115216099
551	0.1258686	0.136288988	0.115448212
552	0.126096467	0.136492248	0.115700685
553	0.126338667	0.136710881	0.115966452
554	0.1265822	0.136931349	0.116233051
555	0.126765933	0.137090572	0.116441295
556	0.1269606	0.137262341	0.116658859
557	0.127171267	0.137449818	0.116892715
558	0.127411533	0.137664514	0.117158553
559	0.127646867	0.13787935	0.117414383
560	0.127880467	0.138093685	0.117667248
561	0.128111067	0.138305602	0.117916531
562	0.1282978	0.138468291	0.118127309
563	0.128499667	0.138646949	0.118352384
564	0.128717	0.138842327	0.118591673
565	0.128946067	0.139053721	0.118838412
566	0.1291704	0.139256985	0.119083815
567	0.129393333	0.139458334	0.119328333
568	0.129616133	0.139662231	0.119570036
569	0.1298288	0.139854423	0.119803177
570	0.130056933	0.140059545	0.120054321
571	0.130312133	0.140289015	0.120335252
572	0.1305228	0.140482874	0.120562726
573	0.130745333	0.140689629	0.120801037
574	0.130980133	0.14090887	0.121051397
575	0.1312152	0.141131072	0.121299328
576	0.131448533	0.141347953	0.121549113
577	0.131680667	0.141561349	0.121799984
578	0.131906867	0.141767133	0.1220466
579	0.132167533	0.142004361	0.122330706
580	0.132416267	0.142233062	0.122599472
581	0.132631333	0.142434803	0.122827864
582	0.132856867	0.142647208	0.123066525
583	0.133072333	0.142846833	0.123297833
584	0.133279067	0.143034507	0.123523626
585	0.133493133	0.143230472	0.123755795
586	0.133708333	0.14342295	0.123993717
587	0.133920667	0.143611489	0.124229845
588	0.134114467	0.143788018	0.124440916
589	0.1343596	0.144005488	0.124713712
590	0.134619733	0.144240141	0.124999326
591	0.134878067	0.144482611	0.125273523
592	0.135111267	0.144702437	0.125520096
593	0.135353133	0.144928848	0.125777419
594	0.135607867	0.145165184	0.126050549
595	0.1358612	0.145397203	0.126325197
596	0.136134	0.14565605	0.12661195
597	0.136409867	0.14592111	0.126898624
598	0.136647733	0.146143137	0.12715233
599	0.136933867	0.146411503	0.12745623
600	0.137236	0.146694031	0.127777969
601	0.137537133	0.146973148	0.128101118
602	0.137841533	0.147259862	0.128423205
603	0.138126267	0.147526079	0.128726454
604	0.138387533	0.147767882	0.129007185
605	0.138631733	0.148001258	0.129262208
606	0.138899533	0.148258761	0.129540306
607	0.139178067	0.148524576	0.129831558
608	0.139428067	0.148749171	0.130106962
609	0.1396674	0.148967667	0.130367133
610	0.139910133	0.149192962	0.130627305
611	0.140163933	0.149433312	0.130894554
612	0.1404106	0.149663879	0.131157321
613	0.140661133	0.149900956	0.131421311
614	0.140915533	0.150145946	0.13168512
615	0.1410944	0.150312209	0.131876591
616	0.141348933	0.150557594	0.132140273
617	0.141642333	0.150843509	0.132441157
618	0.141870333	0.151057979	0.132682688
619	0.142109333	0.15129028	0.132928387
620	0.142365267	0.151540514	0.13319002
621	0.1426512	0.151817437	0.133484963
622	0.142865	0.152027495	0.133702505
623	0.143115533	0.15227481	0.133956257
624	0.143426067	0.152581133	0.134271
625	0.143692867	0.152845532	0.134540201
626	0.1439754	0.153127133	0.134823667
627	0.144265467	0.153416326	0.135114607
628	0.1445448	0.15369103	0.13539857
629	0.144839333	0.153982752	0.135695915
630	0.1451334	0.154275132	0.135991668
631	0.145415467	0.154556647	0.136274286
632	0.145720667	0.154863587	0.136577747
633	0.146027067	0.15517308	0.136881054
634	0.146330667	0.155481019	0.137180314
635	0.1467382	0.155894616	0.137581784
636	0.147087267	0.156247797	0.137926737
637	0.147394867	0.156558742	0.138230991
638	0.147727133	0.156896752	0.138557515
639	0.1480478	0.157231408	0.138864192
640	0.148374333	0.157574114	0.139174553
641	0.1487292	0.157941256	0.139517144
642	0.1490688	0.158295339	0.139842261
643	0.149400533	0.158642437	0.140158629
644	0.149727467	0.158985187	0.140469746
645	0.150073267	0.159349327	0.140797206
646	0.150411133	0.159705884	0.141116383
647	0.1507476	0.160062313	0.141432887
648	0.151121067	0.160459377	0.141782756
649	0.151533867	0.160899219	0.142168515
650	0.1519594	0.161354355	0.142564445
651	0.152372733	0.161798259	0.142947208
652	0.1527424	0.162206526	0.143278274
653	0.153104667	0.162606709	0.143602624
654	0.153477667	0.163013696	0.143941637
655	0.153877	0.163464693	0.144289307
656	0.154324867	0.163972582	0.144677152
657	0.154793267	0.164506156	0.145080377
658	0.155213667	0.164988571	0.145438763
659	0.155615133	0.165448404	0.145781863
660	0.1560194	0.165911678	0.146127122
661	0.156463467	0.166419911	0.146507023
662	0.156869133	0.166896521	0.146841746
663	0.1572742	0.167375842	0.147172558
664	0.1576936	0.167871192	0.147516008
665	0.158090933	0.168345668	0.147836199
666	0.1585156	0.168851903	0.148179297
667	0.158965533	0.169388259	0.148542808
668	0.159381933	0.169896846	0.14886702
669	0.159812267	0.170412565	0.149211968
670	0.160259933	0.170945933	0.149573934
671	0.160738667	0.171523382	0.149953952
672	0.161171133	0.172054385	0.150287881
673	0.1616048	0.172586418	0.150623182
674	0.162064933	0.173144169	0.150985698
675	0.162512	0.173698664	0.151325336
676	0.162963667	0.17426317	0.151664163
677	0.1634224	0.174840161	0.152004639
678	0.163896733	0.175438556	0.152354911
679	0.164368333	0.176032002	0.152704665
680	0.164845	0.17662989	0.15306011
681	0.1653494	0.177257363	0.153441437
682	0.165844133	0.177875307	0.153812959
683	0.166319133	0.178470126	0.154168141
684	0.1667656	0.179029905	0.154501295
685	0.1671786	0.179541587	0.154815613
686	0.167667	0.180153576	0.155180424
687	0.168240067	0.180880717	0.155599417
688	0.168803133	0.181604939	0.156001328
689	0.1693696	0.182313851	0.156425349
690	0.1699314	0.183003226	0.156859574
691	0.1704938	0.183684934	0.157302666
692	0.171016067	0.184328112	0.157704022
693	0.171566667	0.185006192	0.158127141
694	0.172206	0.185786574	0.158625426
695	0.1728764	0.186618639	0.159134161
696	0.173517267	0.187415257	0.159619276
697	0.1741242	0.188168399	0.160080001
698	0.174712867	0.18890025	0.160525483
699	0.1753226	0.189662973	0.160982227
700	0.175947467	0.190451137	0.161443796
701	0.1765658	0.191247717	0.161883883
702	0.1772356	0.192105776	0.162365424
703	0.177907667	0.192966737	0.162848596
704	0.178551733	0.193795507	0.163307959
705	0.179219067	0.194646709	0.163791424
706	0.1798912	0.195506478	0.164275922
707	0.180563933	0.196371927	0.164755939
708	0.181180467	0.197194212	0.165166721
709	0.1818268	0.198046328	0.165607272
710	0.182487333	0.198914248	0.166060418
711	0.183107933	0.199750123	0.166465744
712	0.183710667	0.200557806	0.166863528
713	0.184281333	0.201322332	0.167240335
714	0.1847892	0.202006662	0.167571738
715	0.185158133	0.20249576	0.167820506
716	0.1854952	0.202954486	0.168035914
717	0.1858196	0.203418373	0.168220827
718	0.186479333	0.20433635	0.168622317
719	0.187306	0.205477815	0.169134185
720	0.188196467	0.206700016	0.169692917
721	0.188922533	0.207684041	0.170161026
722	0.189469067	0.208436628	0.170501505
723	0.189990533	0.209164627	0.17081644
724	0.190610667	0.210036127	0.171185206
725	0.191290667	0.210984192	0.171597142
726	0.191971333	0.211931982	0.172010685
727	0.1926442	0.212867818	0.172420582
728	0.193320267	0.213830244	0.172810289
729	0.1940576	0.21486112	0.17325408
730	0.194844467	0.215949135	0.173739798
731	0.195679667	0.217125011	0.174234322
732	0.1964828	0.218247878	0.174717722
733	0.1972418	0.219308927	0.175174673
734	0.197930667	0.220281581	0.175579752
735	0.198639533	0.221279521	0.175999545
736	0.199348933	0.222279188	0.176418679
737	0.2000526	0.223272929	0.176832271
738	0.2007536	0.224273692	0.177233508
739	0.201446267	0.225266973	0.17762556
740	0.202128733	0.226249335	0.178008132
741	0.202810333	0.227237983	0.178382684
742	0.2034854	0.228212293	0.178758507
743	0.204169267	0.229192788	0.179145745
744	0.204901267	0.230229922	0.179572612
745	0.205574	0.231199499	0.179948501
746	0.206233	0.232156088	0.180309912
747	0.206897133	0.233123444	0.180670823
748	0.207559467	0.234079998	0.181038936
749	0.208219733	0.235039206	0.18140026
750	0.208877467	0.236000098	0.181754835
751	0.209555333	0.236985326	0.182125341
752	0.2102308	0.237971239	0.182490361
753	0.210902	0.238952619	0.182851381
754	0.211568467	0.23992379	0.183213144
755	0.212236133	0.240896121	0.183576146
756	0.212853467	0.241782205	0.183924728
757	0.213405667	0.242546921	0.184264412
758	0.2133724	0.242447248	0.184297552
759	0.213466867	0.242632859	0.184300875
760	0.2139162	0.243503819	0.184328581
761	0.214774867	0.244811238	0.184738495
762	0.21561	0.246057279	0.185162721
763	0.216494933	0.247363637	0.18562623
764	0.217437733	0.248752872	0.186122594
765	0.218420533	0.250151282	0.186689785
766	0.2192994	0.251402142	0.187196658
767	0.220074867	0.252527447	0.187622287
768	0.2208206	0.25360987	0.18803133
769	0.2215486	0.254668747	0.188428453
770	0.2222678	0.255717306	0.188818294
771	0.222958333	0.256744239	0.189172427
772	0.2236436	0.257759714	0.189527486
773	0.224325667	0.2587707	0.189880633
774	0.2249974	0.259779644	0.190215156
775	0.225639733	0.26074481	0.190534656
776	0.226296333	0.261725423	0.190867243
777	0.227007267	0.26277373	0.191240803
778	0.227697933	0.263796529	0.191599338
779	0.2283774	0.264810934	0.191943866
780	0.229045733	0.265818537	0.19227293
781	0.2297142	0.26680359	0.19262481
782	0.230373333	0.267790701	0.192955965
783	0.231029467	0.268785308	0.193273625
784	0.231684333	0.269780299	0.193588368
785	0.232341867	0.270760783	0.19392295
786	0.232990267	0.271727484	0.194253049
787	0.233607333	0.272662397	0.19455227
788	0.2342556	0.27363664	0.19487456
789	0.234907133	0.274621342	0.195192925
790	0.235556267	0.275611304	0.195501229
791	0.236267733	0.276668056	0.195867411
792	0.236979133	0.277729928	0.196228339
793	0.237680133	0.278780917	0.19657935
794	0.238322933	0.279746033	0.196899833
795	0.238956933	0.280712333	0.197201534
796	0.239610267	0.281707607	0.197512926
797	0.240324333	0.282777697	0.197870969
798	0.240992267	0.283774363	0.19821017
799	0.241653533	0.284763976	0.198543091
800	0.2423064	0.285745761	0.198867039
801	0.243023467	0.286808358	0.199238575
802	0.2437222	0.28785633	0.19958807
803	0.244412333	0.288901082	0.199923584
804	0.2451252	0.28997568	0.20027472
805	0.245847667	0.291051061	0.200644272
806	0.2465524	0.292099571	0.201005229
807	0.247198333	0.293075459	0.201321208
808	0.2477824	0.293970181	0.201594619
809	0.248369333	0.294866358	0.201872308
810	0.248974867	0.295782173	0.20216756
811	0.249414133	0.296457961	0.202370305
812	0.249773467	0.297031189	0.202515744
813	0.250078667	0.297538402	0.202618932
814	0.250451733	0.29813495	0.202768517
815	0.25095	0.298910172	0.202989828
816	0.251581533	0.299868982	0.203294085
817	0.252431067	0.301117176	0.203744957
818	0.253357133	0.302483664	0.204230603
819	0.254254933	0.303819516	0.204690351
820	0.255088133	0.305075936	0.205100331
821	0.255375933	0.305509575	0.205242292
822	0.255897267	0.306313455	0.205481078
823	0.2566734	0.307510822	0.205835978
824	0.2577892	0.309145083	0.206433317
825	0.258606	0.310343298	0.206868702
826	0.259247467	0.311299074	0.20719586
827	0.259729933	0.312068014	0.207391853
828	0.260429267	0.313122763	0.20773577
829	0.261192133	0.314263071	0.208121196
830	0.2619686	0.315424352	0.208512848
831	0.262730933	0.316543492	0.208918375
832	0.263481867	0.317669616	0.209294117
833	0.264223733	0.318804009	0.209643458
834	0.265080533	0.320059864	0.210101203
835	0.265887867	0.321249409	0.210526324
836	0.2666492	0.322382255	0.210916145
837	0.267329867	0.323425914	0.211233819
838	0.268016933	0.324460025	0.211573842
839	0.268726333	0.325513399	0.211939268
840	0.2694734	0.326606643	0.212340157
841	0.270168667	0.327637727	0.212699606
842	0.270856933	0.328674131	0.213039736
843	0.2715374	0.329715594	0.213359206
844	0.272151133	0.330669069	0.213633198
845	0.272859267	0.331710497	0.214008037
846	0.273596933	0.332780015	0.214413852
847	0.274203133	0.333725983	0.214680283
848	0.274771933	0.334582918	0.214960948
849	0.275384067	0.335488504	0.215279629
850	0.276087333	0.33651938	0.215655286
851	0.276687333	0.33747069	0.215903976
852	0.277262067	0.338349087	0.216175046
853	0.277842267	0.339183428	0.216501105
854	0.2785678	0.340233607	0.216901993
855	0.2793278	0.341371216	0.217284384
856	0.280069133	0.342500019	0.217638248
857	0.280764	0.343543939	0.217984061
858	0.281419133	0.344528876	0.218309391
859	0.2820598	0.345493748	0.218625852
860	0.2826838	0.346436823	0.218930777
861	0.283400533	0.347461969	0.219339097
862	0.2840866	0.348462684	0.219710516
863	0.284723267	0.349425444	0.22002109
864	0.285212867	0.350187136	0.220238597
865	0.285807333	0.351034932	0.220579734
866	0.286476867	0.351967227	0.220986506
867	0.2871184	0.352987404	0.221249396
868	0.287836333	0.354072508	0.221600159
869	0.288562667	0.355146547	0.221978786
870	0.2892682	0.35617589	0.22236051
871	0.289910867	0.357130432	0.222691302
872	0.2905608	0.358096325	0.223025275
873	0.2912346	0.359094091	0.223375109
874	0.291810533	0.359969477	0.22365159
875	0.292427533	0.360893519	0.223961548
876	0.293067333	0.361847921	0.224286745
877	0.293654867	0.362762429	0.224547305
878	0.294296933	0.363704593	0.224889274
879	0.294957267	0.364657193	0.22525734
880	0.295594333	0.365589834	0.225598833
881	0.2962318	0.366543328	0.225920272
882	0.296894067	0.367520296	0.226267837
883	0.2975904	0.368523312	0.226657488
884	0.298156933	0.369364775	0.226949092
885	0.298764733	0.370249926	0.22727954
886	0.299401667	0.371170071	0.227633262
887	0.299969133	0.372040386	0.227897881
888	0.300557933	0.372923438	0.228192428
889	0.301166267	0.373810938	0.228521595
890	0.301802333	0.374692549	0.228912118
891	0.302297133	0.375414063	0.229180203
892	0.302697067	0.376023096	0.229371037
893	0.302993533	0.37650619	0.229480876
894	0.303300267	0.376949288	0.229651245
895	0.303544267	0.377299336	0.229789197
896	0.303738733	0.37757356	0.229903906
897	0.3040252	0.377951402	0.230098998
898	0.304397867	0.378478805	0.230316928
899	0.304844067	0.379128413	0.23055972
900	0.305365067	0.379896771	0.230833362
901	0.306158333	0.381047362	0.231269305
902	0.3070498	0.382339151	0.231760449
903	0.307996533	0.383713805	0.232279261
904	0.308897667	0.38495734	0.232837993
905	0.309490467	0.385815671	0.233165263
906	0.309810067	0.386330574	0.233289559
907	0.3101764	0.386820793	0.233532007
908	0.310440533	0.387204214	0.233676852
909	0.310716333	0.387621972	0.233810694
910	0.311239467	0.38837266	0.234106273
911	0.311887533	0.389277384	0.234497682
912	0.312526133	0.390164239	0.234888027
913	0.3130838	0.390939426	0.235228174
914	0.313644067	0.391701933	0.2355862
915	0.314181667	0.39249111	0.235872223
916	0.3147142	0.393325823	0.236102577
917	0.315525533	0.394420077	0.23663099
918	0.316366533	0.395568908	0.237164158
919	0.317197733	0.396735949	0.237659518
920	0.317932	0.39785895	0.23800505
921	0.318688867	0.398914606	0.238463127
922	0.319407067	0.399904944	0.23890919
923	0.320034467	0.400805145	0.239263789
924	0.3205174	0.401506508	0.239528292
925	0.320949467	0.402094684	0.23980425
926	0.321318333	0.402557618	0.240079048
927	0.3212042	0.402591469	0.239816931
928	0.321131267	0.402540412	0.239722121
929	0.321007	0.402322602	0.239691398
930	0.3205118	0.401594966	0.239428634
931	0.319797467	0.400593593	0.23900134
932	0.319037933	0.399492829	0.238583037
933	0.318441067	0.398506015	0.238376118
934	0.318044	0.397921431	0.238166569
935	0.318052933	0.397890169	0.238215698
936	0.318583867	0.39855062	0.238617113
937	0.320013	0.400465032	0.239560968
938	0.3214524	0.402455341	0.240449459
939	0.322760467	0.404345984	0.241174949
940	0.323536533	0.405701427	0.241371639
941	0.324330133	0.406903476	0.24175679
942	0.325033533	0.407920295	0.242146772
943	0.3255246	0.408644429	0.242404771
944	0.325917667	0.409139945	0.242695388
945	0.326433267	0.409735141	0.243131393
946	0.327120867	0.410496605	0.243745129
947	0.327349067	0.410931603	0.243766531
948	0.3277868	0.411627035	0.243946565
949	0.328409133	0.412549482	0.244268785
950	0.3292116	0.413689842	0.244733358
951	0.3296978	0.414437094	0.244958506
952	0.3302592	0.415212091	0.245306309
953	0.331309467	0.416429621	0.246189312
954	0.332140133	0.417509068	0.246771199
955	0.332700867	0.418294778	0.247106955
956	0.332944467	0.418712606	0.247176327
957	0.333749733	0.419790787	0.24770868
958	0.334421867	0.420685911	0.248157822
959	0.335002667	0.421462894	0.248542439
960	0.3356628	0.42239582	0.24892978
961	0.336337	0.423336281	0.249337719
962	0.337060267	0.424314106	0.249806428
963	0.337902733	0.425388517	0.250416949
964	0.3388044	0.426576791	0.251032009
965	0.339713933	0.427778858	0.251649008
966	0.340618533	0.428969341	0.252267726
967	0.341498133	0.430248227	0.25274804
968	0.342256867	0.431319079	0.253194655
969	0.342968333	0.432271796	0.253664871
970	0.344039867	0.433593047	0.254486686
971	0.344681733	0.434486606	0.25487686
972	0.345176333	0.435193718	0.255158949
973	0.345806733	0.43591035	0.255703117
974	0.3463756	0.436599528	0.256151672
975	0.346806533	0.437133435	0.256479632
976	0.3470328	0.437421253	0.256644347
977	0.347484533	0.437993285	0.256975782
978	0.347957267	0.438559324	0.25735521
979	0.348453867	0.439138295	0.257769438
980	0.3490858	0.43999583	0.25817577
981	0.349571933	0.440664956	0.258478911
982	0.350033867	0.441308803	0.25875893
983	0.350654867	0.442177288	0.259132445
984	0.351064333	0.442748603	0.259380064
985	0.351645067	0.443487598	0.259802535
986	0.352596133	0.444624528	0.260567739
987	0.353204533	0.445415834	0.260993233
988	0.3538196	0.446214612	0.261424588
989	0.354450733	0.447033878	0.261867588
990	0.3549178	0.44772152	0.26211408
991	0.355425867	0.448356599	0.262495134
992	0.356004533	0.449057272	0.262951795
993	0.356747667	0.450092629	0.263402704
994	0.357151467	0.450644247	0.263658687
995	0.3574912	0.45113023	0.26385217
996	0.3578796	0.451733734	0.264025466
997	0.358590933	0.452603103	0.264578763
998	0.359278667	0.453458194	0.26509914
999	0.359902733	0.454262552	0.265542915
1000	0.360321733	0.454840272	0.265803195
1001	0.372162667	0.473519461	0.270805873
1002	0.372853067	0.474394285	0.271311848
1003	0.373245133	0.47487864	0.271611626
1004	0.3737844	0.475542015	0.272026785
1005	0.374472267	0.476435133	0.2725094
1006	0.375119667	0.477326462	0.272912871
1007	0.375693067	0.4781424	0.273243734
1008	0.3762436	0.478882264	0.273604936
1009	0.376789533	0.479563572	0.274015494
1010	0.3773442	0.480279259	0.274409141
1011	0.377968933	0.481141629	0.274796238
1012	0.3786676	0.482097699	0.275237501
1013	0.379361333	0.482994704	0.275727962
1014	0.3800228	0.483806191	0.276239409
1015	0.380665533	0.484620265	0.276710802
1016	0.381276333	0.485433631	0.277119035
1017	0.381919333	0.486257018	0.277581649
1018	0.3825566	0.487097288	0.278015912
1019	0.383111667	0.487833671	0.278389662
1020	0.3835764	0.488417787	0.278735013
1021	0.384047733	0.489016815	0.279078652
1022	0.384510267	0.489627473	0.279393061
1023	0.3849404	0.490218706	0.279662094
1024	0.3854258	0.490877342	0.279974258
1025	0.386025267	0.491662484	0.280388049
1026	0.386643667	0.492480072	0.280807262
1027	0.387224933	0.49327261	0.281177257
1028	0.387834	0.494070042	0.281597958
1029	0.388433	0.494814995	0.282051005
1030	0.389002067	0.49552495	0.282479184
1031	0.389670333	0.496363208	0.282977458
1032	0.390286333	0.497176149	0.283396517
1033	0.390805533	0.497855254	0.283755813
1034	0.391263733	0.498426468	0.284100999
1035	0.391803133	0.49913454	0.284471726
1036	0.392493867	0.500035844	0.28495189
1037	0.3931888	0.500915041	0.285462559
1038	0.3937862	0.501673404	0.285898996
1039	0.394305533	0.502356538	0.286254529
1040	0.394772	0.502972247	0.286571753
1041	0.395263333	0.503598431	0.286928236
1042	0.395892533	0.504395609	0.287389458
1043	0.3966022	0.505308834	0.287895566
1044	0.397217133	0.506108355	0.288325911
1045	0.3977542	0.506826602	0.288681798
1046	0.398256933	0.507529495	0.288984371
1047	0.3987678	0.508235271	0.289300329
1048	0.399301333	0.508916358	0.289686308
1049	0.399849667	0.509574731	0.290124602
1050	0.400443467	0.510311827	0.290575106
1051	0.400966333	0.510979055	0.290953611
1052	0.401443667	0.51159418	0.291293153
1053	0.401998067	0.512304722	0.291691411
1054	0.402589333	0.513062006	0.292116661
1055	0.403133	0.513780111	0.292485889
1056	0.403641533	0.514462439	0.292820628
1057	0.404158333	0.515138419	0.293178247
1058	0.404684867	0.515819892	0.293549841
1059	0.405130067	0.516404722	0.293855411
1060	0.4055086	0.516888266	0.294128934
1061	0.406011867	0.517468129	0.294555604
1062	0.406583867	0.518162795	0.295004938
1063	0.407107133	0.518850593	0.295363673
1064	0.407658333	0.519552086	0.295764581
1065	0.408207067	0.520247654	0.29616648
1066	0.408722267	0.520918369	0.296526164
1067	0.409279867	0.521628093	0.296931641
1068	0.409985	0.522484659	0.297485341
1069	0.4106434	0.523289392	0.297997408
1070	0.4110254	0.523785998	0.298264802
1071	0.411373133	0.524239207	0.298507059
1072	0.411890667	0.524868718	0.298912615
1073	0.412455133	0.525551509	0.299358758
1074	0.413036267	0.526272225	0.299800308
1075	0.413621733	0.527010432	0.300233035
1076	0.414035933	0.527525506	0.300546361
1077	0.414373333	0.527927227	0.30081944
1078	0.414818867	0.528464999	0.301172734
1079	0.415422	0.529206376	0.301637624
1080	0.416081333	0.530002719	0.302159947
1081	0.416650933	0.530677449	0.302624418
1082	0.417158867	0.53127176	0.303045973
1083	0.417633	0.531812373	0.303453627
1084	0.418112267	0.532375316	0.303849217
1085	0.418583733	0.532930891	0.304236576
1086	0.419039667	0.533452346	0.304626987
1087	0.419555533	0.534014883	0.305096184
1088	0.420105933	0.534626771	0.305585096
1089	0.420504733	0.535120245	0.305889221
1090	0.4208048	0.535501967	0.306107633
1091	0.421226067	0.535947538	0.306504595
1092	0.4217184	0.53648546	0.30695134
1093	0.422085533	0.536881977	0.30728909
1094	0.422417	0.537203727	0.307630273
1095	0.422773533	0.537560082	0.307986985
1096	0.423117467	0.537896371	0.308338563
1097	0.423477467	0.538221396	0.308733538
1098	0.423770133	0.538450329	0.309089937
1099	0.423998	0.538613045	0.309382955
1100	0.424235	0.538800893	0.309669107
1101	0.4244992	0.539027154	0.309971246
1102	0.424727	0.539228939	0.310225061
1103	0.424927867	0.539392519	0.310463214
1104	0.4251228	0.539490306	0.310755294
1105	0.425339867	0.539606842	0.311072892
1106	0.425512733	0.539670526	0.311354941
1107	0.4256512	0.539696095	0.311606305
1108	0.425584667	0.539502898	0.311666435
1109	0.425424867	0.539190382	0.311659351
1110	0.425198333	0.538751528	0.311645138
1111	0.424952533	0.538266383	0.311638684
1112	0.424730133	0.537778056	0.31168221
1113	0.424480067	0.537221522	0.311738611
1114	0.424122933	0.536531408	0.311714459
1115	0.4236362	0.535667616	0.311604784
1116	0.423095867	0.534716118	0.311475615
1117	0.422518133	0.533706507	0.31132976
1118	0.421928867	0.532658754	0.311198979
1119	0.421421733	0.531696443	0.311147024
1120	0.420914067	0.530717623	0.31111051
1121	0.4207374	0.530114735	0.311360065
1122	0.420586933	0.529529514	0.311644353
1123	0.420412867	0.529011947	0.311813787
1124	0.4202616	0.528533203	0.311989997
1125	0.420217267	0.528204835	0.312229698
1126	0.4202348	0.527971199	0.312498401
1127	0.4204542	0.527992246	0.312916154
1128	0.4207762	0.528160828	0.313391572
1129	0.4212228	0.528495289	0.313950311
1130	0.421736533	0.528918813	0.314554254
1131	0.422205133	0.529297616	0.315112651
1132	0.422650933	0.529646726	0.315655141
1133	0.423011667	0.529889415	0.316133919
1134	0.423191733	0.529903565	0.316479902
1135	0.4234216	0.529984813	0.316858387
1136	0.4239212	0.530382939	0.317459461
1137	0.4243844	0.5307469	0.3180219
1138	0.424676133	0.530865941	0.318486326
1139	0.4249516	0.530971223	0.318931977
1140	0.424908333	0.530642301	0.319174366
1141	0.4248292	0.530274031	0.319384369
1142	0.424608933	0.529717703	0.319500163
1143	0.4243482	0.529106704	0.319589696
1144	0.424135267	0.528497686	0.319772847
1145	0.4239574	0.527901599	0.320013201
1146	0.4238734	0.527419801	0.320326999
1147	0.423861467	0.527032271	0.320690662
1148	0.423820333	0.526621009	0.321019658
1149	0.4237512	0.526182392	0.321320008
1150	0.423732667	0.525816722	0.321648611
1151	0.423811733	0.525592057	0.322031409
1152	0.423923533	0.525416747	0.322430319
1153	0.424212467	0.525453809	0.322971124
1154	0.424496933	0.525510058	0.323483808
1155	0.424828933	0.525671652	0.323986215
1156	0.425140733	0.525824016	0.324457451
1157	0.425418267	0.525926835	0.324909698
1158	0.425684467	0.526030528	0.325338406
1159	0.4258912	0.526036844	0.325745556
1160	0.426076733	0.526022087	0.32613138
1161	0.4262736	0.526008494	0.326538706
1162	0.4264658	0.525994148	0.326937452
1163	0.426621067	0.525940808	0.327301326
1164	0.426756267	0.525867003	0.327645531
1165	0.426859467	0.525756826	0.327962107
1166	0.426935	0.525614548	0.328255452
1167	0.427028	0.525470722	0.328585278
1168	0.4271456	0.525315555	0.328975645
1169	0.427202533	0.525101498	0.329303569
1170	0.427106933	0.524730691	0.329483175
1171	0.427016533	0.524362155	0.329670912
1172	0.426953533	0.523986201	0.329920866
1173	0.426886067	0.523607234	0.330164899
1174	0.426717267	0.52310127	0.330333263
1175	0.426549	0.52259761	0.33050039
1176	0.426414867	0.522142474	0.33068726
1177	0.4262826	0.52169076	0.33087444
1178	0.426076733	0.521122958	0.331030509
1179	0.425856867	0.520533167	0.331180566
1180	0.425626067	0.519936555	0.331315578
1181	0.425389733	0.519336015	0.331443452
1182	0.425219	0.518815495	0.331622505
1183	0.425089267	0.518345495	0.331833038
1184	0.424946	0.51788623	0.33200577
1185	0.424796867	0.517445014	0.33214872
1186	0.4247086	0.51707513	0.33234207
1187	0.42471	0.516810552	0.332609448
1188	0.424719067	0.516567084	0.332871049
1189	0.424743333	0.516369775	0.333116892
1190	0.4247704	0.516180385	0.333360415
1191	0.4248106	0.516013741	0.333607459
1192	0.424849733	0.515848881	0.333850585
1193	0.424892733	0.51571337	0.334072097
1194	0.424935467	0.5155784	0.334292533
1195	0.424949067	0.515399429	0.334498704
1196	0.4249614	0.515218428	0.334704372
1197	0.425133267	0.515245456	0.335021078
1198	0.425328733	0.515301761	0.335355706
1199	0.4254906	0.515328935	0.335652265
1200	0.4256404	0.515348548	0.335932252
1201	0.425819733	0.515418895	0.336220572
1202	0.426021933	0.515522557	0.336521309
1203	0.4262516	0.515678015	0.336825185
1204	0.426501067	0.515873126	0.337129007
1205	0.426812933	0.516146645	0.337479222
1206	0.427184733	0.516501294	0.337868173
1207	0.427626267	0.516960333	0.338292201
1208	0.428216667	0.517629841	0.338803492
1209	0.428807	0.518312236	0.339301764
1210	0.429407267	0.519045257	0.339769277
1211	0.4300208	0.519800573	0.340241027
1212	0.4307738	0.520766514	0.340781086
1213	0.431534933	0.521742819	0.341327048
1214	0.432466733	0.522949323	0.341984144
1215	0.4333948	0.524152315	0.342637285
1216	0.434522733	0.525672104	0.343373362
1217	0.435653867	0.527199743	0.34410799
1218	0.436779	0.528746407	0.344811593
1219	0.437908333	0.530303041	0.345513625
1220	0.439091267	0.531937671	0.346244862
1221	0.4402768	0.533581301	0.346972299
1222	0.441501133	0.535280037	0.34772223
1223	0.442754533	0.53701379	0.348495276
1224	0.444056267	0.538815219	0.349297314
1225	0.445394067	0.540668804	0.350119329
1226	0.4466758	0.542450452	0.350901148
1227	0.4478932	0.544146214	0.351640186
1228	0.449106067	0.545824942	0.352387192
1229	0.450279667	0.547441546	0.353117787
1230	0.451442267	0.549035589	0.353848945
1231	0.452631067	0.550631416	0.354630717
1232	0.453797333	0.552205888	0.355388779
1233	0.454833333	0.553638619	0.356028047
1234	0.455872467	0.55506777	0.356677163
1235	0.4569108	0.556450779	0.357370821
1236	0.457937133	0.557818625	0.358055641
1237	0.458813867	0.558979335	0.358648398
1238	0.459685333	0.560129606	0.359241061
1239	0.460540733	0.561242117	0.35983935
1240	0.461389467	0.562343091	0.360435842
1241	0.462248867	0.563466897	0.361030836
1242	0.463108067	0.564595223	0.36162091
1243	0.463922533	0.565644135	0.362200932
1244	0.464729467	0.566670245	0.362788688
1245	0.465469333	0.567595356	0.363343311
1246	0.466147267	0.568434902	0.363859631
1247	0.4668296	0.569285343	0.364373857
1248	0.467532667	0.570160871	0.364904462
1249	0.468246933	0.571038915	0.365454952
1250	0.468956133	0.571896669	0.366015598
1251	0.469624733	0.57271222	0.366537247
1252	0.470251933	0.573498834	0.367005033
1253	0.470909933	0.574315717	0.367504149
1254	0.471569467	0.575101551	0.368037382
1255	0.472213867	0.575869644	0.368558089
1256	0.472722267	0.576478572	0.368965961
1257	0.473238133	0.577095679	0.369380587
1258	0.473771	0.577715581	0.369826419
1259	0.474307	0.578336334	0.370277666
1260	0.474911667	0.579023309	0.370800024
1261	0.475557067	0.579759095	0.371355038
1262	0.476064	0.580319694	0.371808306
1263	0.476511467	0.580806167	0.372216766
1264	0.477032667	0.581386866	0.372678467
1265	0.477583467	0.582007444	0.37315949
1266	0.4781228	0.582598642	0.373646958
1267	0.478701533	0.583222207	0.37418086
1268	0.4792614	0.583832602	0.374690198
1269	0.479771467	0.584391716	0.375151217
1270	0.4802894	0.58496257	0.37561623
1271	0.480823867	0.585560884	0.37608685
1272	0.4813718	0.586166653	0.376576947
1273	0.481929133	0.586770894	0.377087373
1274	0.482485267	0.587378231	0.377592302
1275	0.483041533	0.587997046	0.37808602
1276	0.483560267	0.588570111	0.378550422
1277	0.484034067	0.589072634	0.3789955
1278	0.4845326	0.589609921	0.379455279
1279	0.4850836	0.59025084	0.37991636
1280	0.4856112	0.590863447	0.380358953
1281	0.486023133	0.591319718	0.380726549
1282	0.486443133	0.591783027	0.38110324
1283	0.4870516	0.592468527	0.381634673
1284	0.4876778	0.593175858	0.382179742
1285	0.488136667	0.593681608	0.382591726
1286	0.488566067	0.594151994	0.382980139
1287	0.489074467	0.594694389	0.383454544
1288	0.489580067	0.595228251	0.383931883
1289	0.489989133	0.595655948	0.384322318
1290	0.490380867	0.596067911	0.384693822
1291	0.490819533	0.596532011	0.385107056
1292	0.491291867	0.597026855	0.385556878
1293	0.491708533	0.597457973	0.385959094
1294	0.492090467	0.597851702	0.386329231
1295	0.492495667	0.598258819	0.386732515
1296	0.492880267	0.598638503	0.38712203
1297	0.4932058	0.598943572	0.387468028
1298	0.493493133	0.599182691	0.387803575
1299	0.4938294	0.599471437	0.388187363
1300	0.4942152	0.59981503	0.38861537
1301	0.494561	0.600114104	0.389007896
1302	0.4947906	0.600270813	0.389310387
1303	0.495021733	0.600414994	0.389628473
1304	0.495248267	0.600524797	0.389971736
1305	0.495469733	0.600623119	0.390316348
1306	0.495667667	0.600684307	0.390651027
1307	0.4958806	0.60076092	0.39100028
1308	0.496076133	0.600817895	0.391334372
1309	0.496244333	0.600835761	0.391652905
1310	0.4962172	0.600615257	0.391819143
1311	0.496180867	0.600380016	0.391981717
1312	0.496278933	0.600276579	0.392281288
1313	0.496382067	0.600167494	0.392596639
1314	0.496424467	0.599975367	0.392873566
1315	0.496441867	0.599743938	0.393139796
1316	0.496362667	0.599375124	0.393350209
1317	0.496283667	0.598999606	0.393567727
1318	0.4962078	0.598613535	0.393802065
1319	0.4961388	0.598226898	0.394050702
1320	0.496014267	0.597792079	0.394236454
1321	0.4957892	0.597233913	0.394344487
1322	0.495505	0.596574243	0.394435757
1323	0.4951908	0.595866908	0.394514692
1324	0.494842133	0.595116539	0.394567728
1325	0.4944844	0.594345748	0.394623052
1326	0.494118533	0.593541441	0.394695626
1327	0.4936428	0.592574574	0.394711026
1328	0.493108733	0.591528894	0.394688573
1329	0.492500933	0.590374531	0.394627335
1330	0.491844467	0.5891374	0.394551533
1331	0.491192467	0.587878806	0.394506127
1332	0.490558267	0.586637514	0.39447902
1333	0.489832333	0.585323138	0.394341528
1334	0.489076333	0.583969814	0.394182852
1335	0.488557	0.582911271	0.394202729
1336	0.488082533	0.581907217	0.394257849
1337	0.487488933	0.58078898	0.394188887
1338	0.486822733	0.579575237	0.39407023
1339	0.4860292	0.578229246	0.393829154
1340	0.485219667	0.576858167	0.393581167
1341	0.484420933	0.575488554	0.393353313
1342	0.4835536	0.574008337	0.393098863
1343	0.482446333	0.572283518	0.392609149
1344	0.481123333	0.570267102	0.391979564
1345	0.479639867	0.568046789	0.391232945
1346	0.477927333	0.565519642	0.390335025
1347	0.4760744	0.562857064	0.389291736
1348	0.4740714	0.559981913	0.388160887
1349	0.471987867	0.55697437	0.387001363
1350	0.469330133	0.553236279	0.385423988
1351	0.466692067	0.54952095	0.383863184
1352	0.464205267	0.545996863	0.38241367
1353	0.461145533	0.541710063	0.380581004
1354	0.457769733	0.537016923	0.378522544
1355	0.453436667	0.531040006	0.375833327
1356	0.449236733	0.52528263	0.373190836
1357	0.443883533	0.517933566	0.3698335
1358	0.439935667	0.512444113	0.367427221
1359	0.434471933	0.50483965	0.364104217
1360	0.431243467	0.499717197	0.362769737
1361	0.426848733	0.493017499	0.360679968
1362	0.420324533	0.484278679	0.356370388
1363	0.411259533	0.472074326	0.350444741
1364	0.401178867	0.458196379	0.344161354
1365	0.3902876	0.443732774	0.336842426
1366	0.3896388	0.443042633	0.336234967
1367	0.391289	0.444933339	0.337644661
1368	0.3976172	0.450295317	0.344939083
1369	0.402910867	0.455080292	0.350741441
1370	0.4044982	0.456944185	0.352052215
1371	0.404698733	0.457430498	0.351966969
1372	0.40468	0.458419185	0.350940815
1373	0.4053742	0.460099382	0.350649018
1374	0.404591533	0.4593798	0.349803267
1375	0.4034858	0.45821048	0.34876112
1376	0.403779333	0.457946245	0.349612421
1377	0.404199333	0.457552258	0.350846409
1378	0.4044338	0.457532863	0.351334737
1379	0.404756733	0.457924711	0.351588755
1380	0.4040336	0.456714033	0.351353167
1381	0.4024748	0.454271948	0.350677652
1382	0.402024333	0.452878702	0.351169964
1383	0.4025458	0.45244847	0.35264313
1384	0.4007856	0.449720069	0.351851131
1385	0.397400267	0.445682267	0.349118267
1386	0.395282533	0.442949621	0.347615446
1387	0.394185333	0.440838699	0.347531968
1388	0.3939938	0.439924459	0.348063141
1389	0.394981133	0.440843671	0.349118595
1390	0.395407133	0.441126401	0.349687866
1391	0.394739467	0.439953705	0.349525228
1392	0.394434533	0.43926785	0.349601217
1393	0.3951946	0.440019415	0.350369785
1394	0.3959348	0.440706036	0.351163564
1395	0.396514467	0.440579818	0.352449115
1396	0.396707733	0.440150762	0.353264705
1397	0.395879667	0.439201924	0.352557409
1398	0.395229867	0.438271305	0.352188428
1399	0.394207667	0.436106731	0.352308602
1400	0.393083067	0.433984866	0.352181267
1401	0.3915964	0.43189692	0.35129588
1402	0.390153	0.429849867	0.350456133
1403	0.388183267	0.426887833	0.349478701
1404	0.386356267	0.424109606	0.348602927
1405	0.385568133	0.422530825	0.348605442
1406	0.384878467	0.421178147	0.348578786
1407	0.3827072	0.417968452	0.347445948
1408	0.380724267	0.414971185	0.346477348
1409	0.3794038	0.412807135	0.346000465
1410	0.3781694	0.410836832	0.345501968
1411	0.376925533	0.409046862	0.344804205
1412	0.3759428	0.407666082	0.344219518
1413	0.375592733	0.406788906	0.34439656
1414	0.375266267	0.405945462	0.344587071
1415	0.374106867	0.404255913	0.34395782
1416	0.372868333	0.402519981	0.343216685
1417	0.372206333	0.401409697	0.34300297
1418	0.3717932	0.400570371	0.343016029
1419	0.371217667	0.399644634	0.3427907
1420	0.370495133	0.398621057	0.34236921
1421	0.370038067	0.397839477	0.342236656
1422	0.369770533	0.397264112	0.342276955
1423	0.3694096	0.396593759	0.342225441
1424	0.3691124	0.39599302	0.34223178
1425	0.3687172	0.39531002	0.34212438
1426	0.368150133	0.394463018	0.341837248
1427	0.3677556	0.393816676	0.341694524
1428	0.367586	0.393400159	0.341771841
1429	0.3672596	0.392876442	0.341642758
1430	0.36663	0.392113483	0.341146517
1431	0.366055867	0.391337617	0.340774116
1432	0.365512867	0.390488647	0.340537086
1433	0.3649986	0.389688937	0.340308263
1434	0.364648933	0.389086935	0.340210932
1435	0.364279933	0.388492003	0.340067864
1436	0.363888133	0.387939126	0.339837141
1437	0.363550267	0.387431722	0.339668811
1438	0.363366867	0.387056929	0.339676804
1439	0.3632214	0.386761981	0.339680819
1440	0.3632764	0.386787299	0.339765501
1441	0.363355067	0.386841786	0.339868348
1442	0.363572	0.387067004	0.340076996
1443	0.363813267	0.387319359	0.340307175
1444	0.364122467	0.387640372	0.340604561
1445	0.364443	0.387983023	0.340902977
1446	0.365030933	0.388664675	0.341397192
1447	0.3656184	0.389345036	0.341891764
1448	0.3663268	0.390158232	0.342495368
1449	0.3670312	0.390970465	0.343091935
1450	0.3679956	0.392152667	0.343838533
1451	0.3689428	0.393324632	0.344560968
1452	0.3699564	0.394536575	0.345376225
1453	0.370903267	0.395659718	0.346146815
1454	0.371821667	0.396751401	0.346891932
1455	0.372687867	0.397780762	0.347594971
1456	0.3734232	0.398672304	0.348174096
1457	0.3741046	0.399504084	0.348705116
1458	0.374639	0.40012646	0.34915154
1459	0.3751556	0.400712991	0.349598209
1460	0.375648267	0.401298673	0.349997861
1461	0.376096267	0.401849523	0.35034301
1462	0.376330533	0.40213845	0.350522617
1463	0.376527733	0.402372621	0.350682846
1464	0.376833333	0.402664387	0.351002279
1465	0.3771726	0.40296363	0.35138157
1466	0.3775174	0.403297338	0.351737462
1467	0.377879667	0.403663772	0.352095561
1468	0.378347933	0.404149977	0.352545889
1469	0.3788558	0.404691343	0.353020257
1470	0.3794022	0.40530917	0.35349523
1471	0.380015	0.40602246	0.35400754
1472	0.3808812	0.407042812	0.354719588
1473	0.3819414	0.408301805	0.355580995
1474	0.382889	0.409445599	0.356332401
1475	0.383748667	0.41049552	0.357001814
1476	0.384674533	0.411634397	0.35771467
1477	0.3856388	0.412829396	0.358448204
1478	0.386578	0.413985234	0.359170766
1479	0.387500267	0.415120965	0.359879568
1480	0.3884554	0.416297913	0.360612887
1481	0.3894654	0.417540393	0.361390407
1482	0.3904704	0.41876803	0.36217277
1483	0.391500667	0.42001563	0.362985704
1484	0.392566067	0.421327978	0.363804155
1485	0.393747933	0.422799885	0.364695981
1486	0.3948966	0.424227501	0.365565699
1487	0.395986733	0.425596484	0.366376983
1488	0.397050867	0.426923789	0.367177944
1489	0.398195467	0.428315051	0.368075882
1490	0.399319267	0.429683514	0.36895502
1491	0.400385733	0.430994658	0.369776809
1492	0.401384067	0.432229976	0.370538158
1493	0.402402067	0.433511594	0.371292539
1494	0.403377533	0.434741201	0.372013865
1495	0.404254733	0.435846158	0.372663309
1496	0.4051204	0.43693443	0.37330637
1497	0.4060116	0.438058171	0.373965029
1498	0.406880733	0.439148249	0.374613218
1499	0.407764467	0.440221897	0.375307036
1500	0.408631	0.441274818	0.375987182
1501	0.409487867	0.442286628	0.376689105
1502	0.4103252	0.443280669	0.377369731
1503	0.411055867	0.444184288	0.377927446
1504	0.411806	0.445107506	0.378504494
1505	0.412672267	0.446171992	0.379172541
1506	0.413508467	0.447202246	0.379814687
1507	0.414291667	0.448167627	0.380415706
1508	0.415067667	0.44912253	0.381012804
1509	0.415832933	0.450041113	0.381624754
1510	0.416595	0.450954264	0.382235736
1511	0.4173886	0.451920577	0.382856623
1512	0.418158333	0.452858673	0.383457994
1513	0.4188102	0.453646273	0.383974127
1514	0.419452667	0.454423257	0.384482076
1515	0.420136333	0.455252759	0.385019908
1516	0.420814133	0.456073976	0.385554291
1517	0.421442133	0.456814975	0.386069292
1518	0.4220672	0.457548791	0.386585609
1519	0.422734867	0.458338888	0.387130846
1520	0.4234068	0.459137726	0.387675874
1521	0.4239378	0.459797135	0.388078465
1522	0.424442733	0.460426991	0.388458476
1523	0.425020733	0.461092423	0.388949044
1524	0.425609467	0.46176461	0.389454323
1525	0.426155267	0.462409343	0.38990119
1526	0.426696733	0.463051803	0.390341664
1527	0.4271974	0.463638293	0.390756507
1528	0.427684067	0.464207022	0.391161111
1529	0.428197133	0.464799526	0.391594741
1530	0.4287186	0.465399077	0.392038123
1531	0.429235267	0.465987225	0.392483309
1532	0.4297552	0.466580329	0.392930071
1533	0.4301972	0.467083591	0.393310809
1534	0.430611067	0.467554063	0.39366807
1535	0.430984333	0.467973	0.393995667
1536	0.4313472	0.468378849	0.394315551
1537	0.4317446	0.468804853	0.394684347
1538	0.432162333	0.469246002	0.395078665
1539	0.432628	0.469750932	0.395505068
1540	0.433101	0.470267646	0.395934354
1541	0.433492133	0.470682584	0.396301683
1542	0.433857667	0.471065557	0.396649776
1543	0.434194067	0.471412537	0.396975597
1544	0.434527467	0.471752988	0.397301946
1545	0.4348732	0.472109926	0.397636474
1546	0.435213133	0.472465594	0.397960672
1547	0.4355886	0.472868115	0.398309085
1548	0.435995733	0.473307323	0.398684143
1549	0.436386267	0.473726129	0.399046404
1550	0.436761267	0.474125814	0.39939672
1551	0.437081333	0.474457289	0.399705378
1552	0.437367533	0.474749342	0.399985724
1553	0.437660067	0.475042043	0.400278091
1554	0.437968333	0.475350142	0.400586525
1555	0.438287133	0.475694412	0.400879855
1556	0.4385952	0.476039341	0.401151059
1557	0.4389442	0.476416413	0.401471987
1558	0.4393328	0.476828321	0.401837279
1559	0.439686	0.477208811	0.402163189
1560	0.4400138	0.477562936	0.402464664
1561	0.440362067	0.477930403	0.40279373
1562	0.4407284	0.478316448	0.403140352
1563	0.4410438	0.478641196	0.403446404
1564	0.441331467	0.478928973	0.403733961
1565	0.441635533	0.479243493	0.404027574
1566	0.441954	0.479581191	0.404326809
1567	0.442261333	0.479914101	0.404608566
1568	0.442561667	0.480244471	0.404878862
1569	0.442901067	0.480606946	0.405195187
1570	0.4432556	0.480977427	0.405533773
1571	0.443615933	0.481358692	0.405873174
1572	0.444001333	0.481770075	0.406232591
1573	0.444327667	0.482106451	0.406548882
1574	0.444593333	0.482370289	0.406816378
1575	0.444819333	0.482604208	0.407034459
1576	0.445036667	0.482838302	0.407235032
1577	0.445305933	0.483122656	0.407489211
1578	0.4456034	0.483433348	0.407773452
1579	0.445980133	0.483832681	0.408127585
1580	0.4464084	0.484288632	0.408528168
1581	0.446792133	0.48468345	0.408900817
1582	0.447148467	0.485041225	0.409255709
1583	0.4475872	0.485507151	0.409667249
1584	0.448078933	0.486042371	0.410115496
1585	0.448484667	0.486486527	0.410482806
1586	0.448834267	0.486870594	0.410797939
1587	0.4492238	0.487281737	0.411165863
1588	0.449647533	0.487720538	0.411574529
1589	0.450053067	0.48815065	0.411955483
1590	0.450449533	0.488578626	0.41232044
1591	0.450902133	0.489076327	0.41272794
1592	0.451380867	0.48960686	0.413154873
1593	0.4517914	0.490075412	0.413507388
1594	0.452164	0.490510168	0.413817832
1595	0.452575067	0.490973078	0.414177056
1596	0.453011067	0.491455028	0.414567106
1597	0.453369133	0.491851136	0.414887131
1598	0.4536682	0.492182577	0.415153823
1599	0.454053533	0.492593986	0.41551308
1600	0.454507933	0.493072095	0.415943771
1601	0.454907933	0.493490977	0.41632489
1602	0.4552736	0.493870866	0.416676334
1603	0.455747667	0.494386339	0.417108994
1604	0.456291333	0.494989876	0.417592791
1605	0.456697267	0.495434966	0.417959567
1606	0.4570142	0.495776913	0.418251487
1607	0.457333467	0.49611373	0.418553204
1608	0.4576602	0.496455371	0.418865029
1609	0.458036067	0.496837421	0.419234713
1610	0.4584384	0.497240295	0.419636505
1611	0.4587992	0.497613025	0.419985375
1612	0.459134733	0.497966513	0.420302953
1613	0.459455	0.498289146	0.420620854
1614	0.459769	0.498597315	0.420940685
1615	0.460022667	0.498836486	0.421208848
1616	0.4602444	0.49903949	0.42144931
1617	0.460435533	0.499202615	0.421668452
1618	0.460613733	0.499349198	0.421878268
1619	0.4608732	0.499567466	0.422178934
1620	0.461168933	0.499817274	0.422520593
1621	0.461307867	0.499901172	0.422714561
1622	0.4613786	0.499912477	0.422844723
1623	0.461452333	0.499936061	0.422968606
1624	0.461526267	0.499963723	0.42308881
1625	0.461503133	0.49988987	0.423116396
1626	0.4614424	0.499776787	0.423108013
1627	0.461479467	0.499739123	0.423219811
1628	0.461553	0.49972935	0.42337665
1629	0.4614602	0.499556016	0.423364384
1630	0.461309333	0.499325188	0.423293479
1631	0.4612208	0.499153476	0.423288124
1632	0.461151733	0.499000087	0.42330338
1633	0.461064867	0.49884239	0.423287344
1634	0.460970533	0.498680696	0.423260371
1635	0.460964533	0.498621792	0.423307275
1636	0.460983867	0.498591229	0.423376504
1637	0.460992733	0.498559065	0.423426401
1638	0.4609984	0.498525157	0.423471643
1639	0.461034467	0.498519735	0.423549198
1640	0.461077867	0.498521122	0.423634611
1641	0.461089133	0.498459936	0.423718331
1642	0.461094	0.498387266	0.423800734
1643	0.4612084	0.498431415	0.423985385
1644	0.4613404	0.498493901	0.424186899
1645	0.461304133	0.498371012	0.424237254
1646	0.4612446	0.498221759	0.424267441
1647	0.460941933	0.497838222	0.424045645
1648	0.460613	0.497431714	0.423794286
1649	0.460403267	0.497052098	0.423754436
1650	0.460201067	0.496670567	0.423731567
1651	0.459951467	0.49624405	0.423658883
1652	0.459699933	0.495816713	0.423583154
1653	0.459086667	0.494986839	0.423186494
1654	0.4584554	0.494136343	0.422774457
1655	0.457801533	0.493245336	0.422357731
1656	0.4571562	0.492363597	0.421948803
1657	0.456540067	0.49151662	0.421563514
1658	0.455914467	0.490660544	0.421168389
1659	0.4552372	0.489727213	0.420747187
1660	0.4545556	0.488789737	0.420321463
1661	0.453798867	0.487803975	0.419793758
1662	0.453026	0.486796943	0.419255057
1663	0.452134267	0.48561896	0.418649573
1664	0.451232533	0.48443192	0.418033146
1665	0.450269467	0.483183626	0.417355308
1666	0.4492786	0.481906569	0.416650631
1667	0.448239067	0.480587455	0.415890678
1668	0.447182267	0.479243433	0.4151211
1669	0.446005	0.477730674	0.414279326
1670	0.444828333	0.476224965	0.413431701
1671	0.443676467	0.474756234	0.412596699
1672	0.4425064	0.473269047	0.411743753
1673	0.441273267	0.471714672	0.410831862
1674	0.440070533	0.470205184	0.409935883
1675	0.438985667	0.468850573	0.40912076
1676	0.437837867	0.46742158	0.408254153
1677	0.436538	0.465806535	0.407269465
1678	0.4352304	0.464192115	0.406268685
1679	0.4339116	0.462567125	0.405256075
1680	0.4326008	0.460951244	0.404250356
1681	0.431281733	0.459330109	0.403233358
1682	0.429918733	0.457673703	0.402163763
1683	0.4284902	0.455954954	0.401025446
1684	0.4270828	0.454260679	0.399904921
1685	0.425743067	0.452641677	0.398844457
1686	0.424405267	0.451052067	0.397758466
1687	0.4230536	0.449478912	0.396628288
1688	0.421646667	0.447850557	0.395442776
1689	0.420176533	0.446161314	0.394191753
1690	0.418714533	0.444493463	0.392935603
1691	0.4172574	0.442833776	0.391681024
1692	0.415707467	0.441098482	0.390316451
1693	0.414087533	0.439319107	0.38885596
1694	0.4125224	0.437599731	0.387445069
1695	0.410977333	0.435906979	0.386047687
1696	0.409344	0.434165135	0.384522865
1697	0.407641067	0.432382818	0.382899315
1698	0.406113867	0.430774203	0.381453531
1699	0.404705533	0.429293283	0.380117783
1700	0.403055067	0.427594309	0.378515824
1701	0.4012634	0.425771499	0.376755301
1702	0.399722	0.424206947	0.375237053
1703	0.398276267	0.422749378	0.373803155
1704	0.396755067	0.421258903	0.37225123
1705	0.395200133	0.419755706	0.37064456
1706	0.393701333	0.418294887	0.369107779
1707	0.392200733	0.416839915	0.367561551
1708	0.3908378	0.415511791	0.366163809
1709	0.389499533	0.414212053	0.364787014
1710	0.388296733	0.413079095	0.363514371
1711	0.387128667	0.411994867	0.362262466
1712	0.3860052	0.410904333	0.361106067
1713	0.384873933	0.409803451	0.359944416
1714	0.383863133	0.408788649	0.358937618
1715	0.3828542	0.407779415	0.357928985
1716	0.3818016	0.406763907	0.356839293
1717	0.380734333	0.405732799	0.355735867
1718	0.37996	0.404960651	0.354959349
1719	0.379200533	0.404214798	0.354186268
1720	0.378331133	0.403378508	0.353283759
1721	0.377476867	0.402556943	0.35239679
1722	0.376902267	0.40200736	0.351797174
1723	0.3763132	0.401450783	0.351175617
1724	0.375678533	0.400876336	0.350480731
1725	0.375105067	0.400358859	0.349851275
1726	0.374843533	0.400126576	0.349560491
1727	0.374602133	0.399908615	0.349295652
1728	0.374501867	0.399817229	0.349186505
1729	0.3745722	0.399893116	0.349251284
1730	0.375039133	0.400350887	0.34972738
1731	0.375595333	0.400851949	0.350338718
1732	0.376338733	0.401451969	0.351225498
1733	0.377189	0.402148057	0.352229943
1734	0.378238933	0.403019461	0.353458406
1735	0.379431267	0.404047533	0.354815
1736	0.380779733	0.405252707	0.356306759
1737	0.382023933	0.406328035	0.357719832
1738	0.383183867	0.407284543	0.359083191
1739	0.3842812	0.408179835	0.360382565
1740	0.3853036	0.409009667	0.361597533
1741	0.386237067	0.409799148	0.362674986
1742	0.387132533	0.410578911	0.363686155
1743	0.387861667	0.411226295	0.364497039
1744	0.388442933	0.411745601	0.365140265
1745	0.388836267	0.412071297	0.365601237
1746	0.3891686	0.412338698	0.365998502
1747	0.3895504	0.412671621	0.366429179
1748	0.389931	0.413003152	0.366858848
1749	0.3901842	0.413237508	0.367130892
1750	0.390415133	0.413467644	0.367362623
1751	0.390655267	0.413696074	0.36761446
1752	0.390898267	0.41392314	0.367873393
1753	0.3912004	0.414209491	0.368191309
1754	0.391528	0.414521645	0.368534355
1755	0.391778133	0.414765081	0.368791186
1756	0.392019933	0.415004235	0.369035632
1757	0.392460733	0.415425197	0.36949627
1758	0.3929154	0.415847749	0.369983051
1759	0.393328267	0.416197602	0.370458931
1760	0.3937564	0.41656505	0.37094775
1761	0.394431533	0.417209611	0.371653455
1762	0.395166067	0.417906321	0.372425812
1763	0.396074867	0.418717767	0.373431967
1764	0.397008067	0.419539316	0.374476818
1765	0.397906067	0.420300702	0.375511432
1766	0.398812533	0.421094132	0.376530934
1767	0.3998438	0.422045591	0.377642009
1768	0.400981667	0.423077927	0.378885407
1769	0.402285867	0.424216663	0.38035507
1770	0.403571733	0.425365968	0.381777498
1771	0.404803867	0.426516406	0.383091328
1772	0.4058896	0.427539537	0.384239663
1773	0.4067548	0.428354243	0.385155357
1774	0.4076068	0.429136654	0.386076946
1775	0.408470267	0.429915647	0.387024887
1776	0.409219	0.430549341	0.387888659
1777	0.409926667	0.431113821	0.388739513
1778	0.410612533	0.43167105	0.389554017
1779	0.4113068	0.432245374	0.390368226
1780	0.411781733	0.432629037	0.39093443
1781	0.4121228	0.432901747	0.391343853
1782	0.412648733	0.433388839	0.391908628
1783	0.41326	0.433951253	0.392568747
1784	0.4134826	0.434104959	0.392860241
1785	0.4136522	0.434207034	0.393097366
1786	0.413536467	0.433994629	0.393078304
1787	0.4134118	0.433777875	0.393045725
1788	0.413515533	0.433793604	0.393237463
1789	0.413630867	0.433814401	0.393447332
1790	0.413594267	0.433714802	0.393473731
1791	0.413464267	0.433517336	0.393411197
1792	0.4131422	0.433062582	0.393221818
1793	0.412804467	0.432598349	0.393010584
1794	0.4124858	0.432203558	0.392768042
1795	0.412212467	0.431812234	0.392612699
1796	0.411921467	0.431236626	0.392606307
1797	0.4116068	0.430664377	0.392549223
1798	0.411230867	0.430203824	0.392257909
1799	0.410638933	0.429494129	0.391783738
1800	0.409884067	0.428509626	0.391258508
1801	0.4008574	0.418619931	0.383094869
1802	0.400796267	0.418464521	0.383128012
1803	0.397553933	0.415287318	0.379820549
1804	0.3953344	0.4132926	0.3773762
1805	0.396881533	0.415762821	0.378000246
1806	0.399104267	0.419396776	0.378811757
1807	0.3995288	0.419613859	0.379443741
1808	0.399264467	0.41806203	0.380466904
1809	0.397825667	0.41556112	0.380090214
1810	0.3961616	0.412902126	0.379421074
1811	0.3968738	0.412789178	0.380958422
1812	0.4009538	0.417061036	0.384846564
1813	0.404404667	0.42113509	0.387674243
1814	0.405094533	0.421554327	0.38863474
1815	0.405775667	0.422105592	0.389445741
1816	0.400068	0.416418221	0.383717779
1817	0.391166733	0.408298729	0.374034738
1818	0.391237333	0.408643737	0.373830929
1819	0.391993533	0.407487681	0.376499386
1820	0.390953667	0.405836393	0.376070941
1821	0.388675	0.404322083	0.373027917
1822	0.3852474	0.402899388	0.367595412
1823	0.378451733	0.400455625	0.356447842
1824	0.367889267	0.394954102	0.340824431
1825	0.353512733	0.380185065	0.326840401
1826	0.347937533	0.374943294	0.320931772
1827	0.351768933	0.382955247	0.32058262
1828	0.357976267	0.388737333	0.327215201
1829	0.348891867	0.377538402	0.320245332
1830	0.326026267	0.359185427	0.292867106
1831	0.307537	0.351833549	0.263240451
1832	0.299300533	0.34960268	0.248998386
1833	0.2752718	0.324670444	0.225873156
1834	0.233691	0.284441648	0.182940352
1835	0.195494467	0.25526302	0.135725914
1836	0.189552933	0.265341201	0.113764665
1837	0.2041204	0.304865112	0.103375688
1838	0.2117224	0.315937856	0.107506944
1839	0.205680533	0.300774648	0.110586418
1840	0.207828867	0.298990669	0.116667064
1841	0.228472067	0.324224041	0.132720092
1842	0.245659733	0.332643506	0.158675961
1843	0.254797667	0.339960139	0.169635194
1844	0.248111267	0.3307071	0.165515433
1845	0.249116	0.315089549	0.183142451
1846	0.260445333	0.336520468	0.184370199
1847	0.271954867	0.363910099	0.179999634
1848	0.276968067	0.3716604	0.182275733
1849	0.262205867	0.347943683	0.17646805
1850	0.230124667	0.30790457	0.152344763
1851	0.224332267	0.305469614	0.143194919
1852	0.2403582	0.335767083	0.144949317
1853	0.254015533	0.362451579	0.145579488
1854	0.297598867	0.407892101	0.187305632
1855	0.337966733	0.440442675	0.235490792
1856	0.3454706	0.419727351	0.271213849
1857	0.3506738	0.405898836	0.295448764
1858	0.375418333	0.431929133	0.318907534
1859	0.3926234	0.461398807	0.323847993
1860	0.382657	0.453832428	0.311481572
1861	0.394478333	0.461695984	0.327260682
1862	0.389293733	0.444911512	0.333675954
1863	0.384412933	0.433915082	0.334910784
1864	0.4068178	0.469444788	0.344190812
1865	0.448015133	0.519571756	0.376458511
1866	0.476524533	0.557976068	0.395072999
1867	0.446732933	0.53253272	0.360933146
1868	0.411793067	0.513109867	0.310476266
1869	0.3959084	0.499913522	0.291903278
1870	0.409932267	0.521783422	0.298081112
1871	0.475147133	0.598859817	0.351434449
1872	0.449074	0.554664781	0.343483219
1873	0.402285667	0.490755447	0.313815886
1874	0.373014	0.442426156	0.303601844
1875	0.364364467	0.425415709	0.303313224
1876	0.378514333	0.430276422	0.326752244
1877	0.3908304	0.437818543	0.343842257
1878	0.380728867	0.419946668	0.341511066
1879	0.3689958	0.401642237	0.336349363
1880	0.363339867	0.391454934	0.335224799
1881	0.366133	0.393496489	0.338769511
1882	0.371316067	0.402076362	0.340555771
1883	0.364419867	0.393411639	0.335428095
1884	0.353454933	0.381674914	0.325234953
1885	0.339433	0.366396278	0.312469722
1886	0.330503067	0.357763174	0.30324296
1887	0.3310516	0.356414175	0.305689025
1888	0.330751667	0.358601445	0.302901889
1889	0.3334978	0.365290011	0.301705589
1890	0.3396756	0.370089241	0.309261959
1891	0.3408	0.371347954	0.310252046
1892	0.3397272	0.370142217	0.309312183
1893	0.3384792	0.369929872	0.307028528
1894	0.324901733	0.352044339	0.297759127
1895	0.307007333	0.333862762	0.280151905
1896	0.3014568	0.326507677	0.276405923
1897	0.296446667	0.319349087	0.273544247
1898	0.285864733	0.308540601	0.263188866
1899	0.270285533	0.296791925	0.243779142
1900	0.2606466	0.296465977	0.224827223
1901	0.275755867	0.312568626	0.238943107
1902	0.287834067	0.331306331	0.244361802
1903	0.2681474	0.31341537	0.22287943
1904	0.246942267	0.301480003	0.19240453
1905	0.244194733	0.299082169	0.189307298
1906	0.243823533	0.298698032	0.188949035
1907	0.2349644	0.285526772	0.184402028
1908	0.222914733	0.268937461	0.176892006
1909	0.221168133	0.263027603	0.179308664
1910	0.239463733	0.276258798	0.202668669
1911	0.258361467	0.294367207	0.222355727
1912	0.276055267	0.311579612	0.240530921
1913	0.289991133	0.328387661	0.251594606
1914	0.286494667	0.323458298	0.249531035
1915	0.283517867	0.319854475	0.247181258
1916	0.2824846	0.317232229	0.247736971
1917	0.281335267	0.31527687	0.247393663
1918	0.280655867	0.313737197	0.247574536
1919	0.279401733	0.311306225	0.247497241
1920	0.279505867	0.311475065	0.247536669
1921	0.2817192	0.313408478	0.250029922
1922	0.2836066	0.316044295	0.251168905
1923	0.286827733	0.320554718	0.253100749
1924	0.290087467	0.32558721	0.254587723
1925	0.2889396	0.322103676	0.255775524
1926	0.287636067	0.318731653	0.25654048
1927	0.286744867	0.316614983	0.256874751
1928	0.285121	0.313958607	0.256283393
1929	0.284866667	0.313706807	0.256026526
1930	0.286541133	0.316159137	0.25692313
1931	0.2882364	0.318623617	0.257849183
1932	0.291415067	0.320984756	0.261845377
1933	0.294320467	0.323459841	0.265181093
1934	0.296173267	0.325445867	0.266900667
1935	0.297975733	0.327840911	0.268110556
1936	0.300490867	0.330238061	0.270743673
1937	0.303378533	0.332907799	0.273849268
1938	0.307142467	0.336915878	0.277369055
1939	0.3110296	0.341416435	0.280642765
1940	0.314003	0.344770442	0.283235558
1941	0.315475933	0.345916431	0.285035436
1942	0.316729867	0.347066412	0.286393322
1943	0.316119867	0.345820742	0.286418992
1944	0.315548	0.344768864	0.286327136
1945	0.316864	0.346121359	0.287606641
1946	0.3185498	0.348095941	0.289003659
1947	0.319563067	0.349022156	0.290103978
1948	0.320172867	0.349252671	0.291093062
1949	0.320733867	0.349641521	0.291826212
1950	0.321243133	0.35025182	0.292234446
1951	0.321796467	0.350827636	0.292765298
1952	0.322580533	0.351094585	0.294066481
1953	0.323343267	0.351402034	0.2952845
1954	0.325472867	0.352692854	0.298252879
1955	0.327559733	0.354019752	0.301099715
1956	0.329300667	0.355467307	0.303134027
1957	0.330833067	0.3568924	0.304773733
1958	0.332525667	0.358737783	0.306313551
1959	0.3342664	0.360806492	0.307726308
1960	0.336251533	0.362962514	0.309540552
1961	0.3387584	0.36539291	0.31212389
1962	0.340877933	0.367478613	0.314277254
1963	0.341984133	0.3685477	0.315420567
1964	0.3429674	0.369515334	0.316419466
1965	0.344451667	0.370934168	0.317969165
1966	0.345803067	0.372265631	0.319340502
1967	0.3474914	0.37389359	0.32108921
1968	0.349189533	0.37551436	0.322864707
1969	0.350495533	0.376644436	0.324346631
1970	0.351596667	0.377509237	0.325684097
1971	0.352586667	0.378254961	0.326918372
1972	0.353363733	0.378752261	0.327975206
1973	0.3541912	0.379387187	0.328995213
1974	0.3555296	0.380834302	0.330224898
1975	0.356789733	0.382214871	0.331364595
1976	0.357532533	0.383026302	0.332038765
1977	0.3581966	0.383773128	0.332620072
1978	0.3589976	0.384435996	0.333559204
1979	0.3598414	0.385063857	0.334618943
1980	0.360761933	0.385870421	0.335653445
1981	0.361746933	0.386850616	0.336643251
1982	0.362430133	0.387493276	0.337366991
1983	0.362623933	0.387545377	0.33770249
1984	0.362854333	0.387639134	0.338069533
1985	0.363060933	0.387666416	0.338455451
1986	0.363265467	0.387697239	0.338833694
1987	0.363439933	0.387822994	0.339056872
1988	0.363626867	0.387988333	0.3392654
1989	0.363952133	0.38829271	0.339611556
1990	0.3644028	0.388725905	0.340079695
1991	0.364978067	0.3891903	0.340765834
1992	0.365548267	0.389521002	0.341575531
1993	0.366167933	0.38991967	0.342416196
1994	0.3667904	0.390312965	0.343267835
1995	0.367256267	0.390588522	0.343924011
1996	0.3669926	0.390500353	0.343484847
1997	0.366662467	0.390362712	0.342962221
1998	0.3657262	0.389178215	0.342274185
1999	0.364657733	0.387839252	0.341476215
2000	0.364644667	0.387391588	0.341897746
2001	0.364739333	0.386901824	0.342576842
2002	0.364649	0.386567259	0.342730741
2003	0.3645442	0.386617959	0.342470441
2004	0.364985133	0.387207343	0.342762923
2005	0.36621	0.388374292	0.344045708
2006	0.3672476	0.389376026	0.345119174
2007	0.3676004	0.38941379	0.34578701
2008	0.367770333	0.389298711	0.346241956
2009	0.365855333	0.387187822	0.344522844
2010	0.363891267	0.38509195	0.342690584
2011	0.3645672	0.386028389	0.343106011
2012	0.365663067	0.387432918	0.343893216
2013	0.366190867	0.388086679	0.344295055
2014	0.366333667	0.388364445	0.344302888
2015	0.3657344	0.387672554	0.343796246
2016	0.364481867	0.386143898	0.342819835
2017	0.363515467	0.384946047	0.342084886
2018	0.363629533	0.384736113	0.342522953
2019	0.363602733	0.384464237	0.342741229
2020	0.362614467	0.383360531	0.341868403
2021	0.361706333	0.382386231	0.341026436
2022	0.361276867	0.382123875	0.340429858
2023	0.3608776	0.381896223	0.339858977
2024	0.360501933	0.381554798	0.339449069
2025	0.360094467	0.38113833	0.339050603
2026	0.359442733	0.380463208	0.338422259
2027	0.358789733	0.379741396	0.33783807
2028	0.358500533	0.37936226	0.337638807
2029	0.358522	0.379341719	0.337702281
2030	0.358471867	0.379251792	0.337691941
2031	0.3583218	0.379091955	0.337551645
2032	0.358083867	0.378851256	0.337316478
2033	0.356961267	0.377619553	0.336302981
2034	0.355761267	0.376293358	0.335229175
2035	0.354171533	0.374725821	0.333617246
2036	0.352623667	0.373257034	0.3319903
2037	0.3517306	0.372396609	0.331064591
2038	0.350992267	0.371681595	0.330302938
2039	0.350432133	0.371192573	0.329671694
2040	0.350100867	0.370898011	0.329303722
2041	0.3497772	0.370612942	0.328941458
2042	0.349808733	0.370737609	0.328879858
2043	0.3496824	0.370638507	0.328726293
2044	0.348457733	0.369182971	0.327732495
2045	0.347156267	0.367680743	0.32663179
2046	0.346367067	0.366991808	0.325742325
2047	0.345674867	0.366428398	0.324921335
2048	0.3448256	0.365489595	0.324161605
2049	0.343896867	0.364463946	0.323329787
2050	0.343144867	0.363676011	0.322613722
2051	0.342539333	0.363098756	0.32197991
2052	0.341986933	0.362617845	0.321356021
2053	0.341270333	0.361929322	0.320611345
2054	0.3402332	0.36092839	0.31953801
2055	0.338864	0.359488722	0.318239278
2056	0.337706667	0.358239771	0.317173562
2057	0.337307667	0.357796699	0.316818634
2058	0.336976733	0.357469951	0.316483516
2059	0.3368186	0.357551535	0.316085665
2060	0.336655933	0.357682502	0.315629365
2061	0.3361382	0.357269085	0.315007315
2062	0.335568533	0.356652839	0.314484228
2063	0.335313267	0.356325627	0.314300906
2064	0.335324133	0.356322204	0.314326063
2065	0.335257267	0.356262136	0.314252397
2066	0.334920467	0.356049307	0.313791626
2067	0.3343366	0.355534577	0.313138623
2068	0.3340334	0.355140417	0.312926383
2069	0.333829	0.354872613	0.312785387
2070	0.3333856	0.354366287	0.312404913
2071	0.3329002	0.353847243	0.311953157
2072	0.332718867	0.353851739	0.311585994
2073	0.332626667	0.353967356	0.311285977
2074	0.332259	0.353681436	0.310836564
2075	0.331680933	0.353207303	0.310154564
2076	0.331355733	0.352814566	0.309896901
2077	0.3312888	0.352596188	0.309981412
2078	0.331149867	0.352313015	0.309986719
2079	0.331047733	0.352140377	0.30995509
2080	0.331100133	0.352300562	0.309899705
2081	0.3314686	0.352892	0.3100452
2082	0.331644867	0.353217123	0.31007261
2083	0.331194333	0.352778381	0.309610286
2084	0.330829333	0.35243339	0.309225276
2085	0.330856733	0.352484567	0.3092289
2086	0.3308456	0.352500807	0.309190393
2087	0.3307484	0.352408521	0.309088279
2088	0.330652533	0.352283978	0.309021089
2089	0.330136067	0.351753474	0.30851866
2090	0.329654067	0.351287154	0.308020979
2091	0.3291388	0.350799603	0.307477997
2092	0.328571133	0.350149759	0.306992507
2093	0.328201533	0.349719134	0.306683933
2094	0.328064667	0.349644286	0.306485048
2095	0.3278632	0.349477527	0.306248873
2096	0.327580867	0.349331142	0.305830591
2097	0.3274494	0.349335606	0.305563194
2098	0.327676	0.349546235	0.305805765
2099	0.327810333	0.349640732	0.305979935
2100	0.327224933	0.349063829	0.305386038
2101	0.326529067	0.348381261	0.304676872
2102	0.3262252	0.348071857	0.304378543
2103	0.325954333	0.347819652	0.304089014
2104	0.3259372	0.347848813	0.304025587
2105	0.326148867	0.348158579	0.304139155
2106	0.326155667	0.348277072	0.304034261
2107	0.326150867	0.348275096	0.304026637
2108	0.326037467	0.348192538	0.303882395
2109	0.325398133	0.347668317	0.30312795
2110	0.324787467	0.347127538	0.302447395
2111	0.324519667	0.346887276	0.302152058
2112	0.324393533	0.346822464	0.301964603
2113	0.324384267	0.346934369	0.301834164
2114	0.3242798	0.34694155	0.30161805
2115	0.3239032	0.34666196	0.30114444
2116	0.323534267	0.346419832	0.300648701
2117	0.323443667	0.346368344	0.300518989
2118	0.323450733	0.346401375	0.300500091
2119	0.323352933	0.346435812	0.300270055
2120	0.323520867	0.3467465	0.300295233
2121	0.323973533	0.34732643	0.300620637
2122	0.324075933	0.347432984	0.300718883
2123	0.324055733	0.347329431	0.300782036
2124	0.3237364	0.346963624	0.300509176
2125	0.323418867	0.346646623	0.30019111
2126	0.3235666	0.34682641	0.30030679
2127	0.323795667	0.347101877	0.300489456
2128	0.323834133	0.347165225	0.300503041
2129	0.323808733	0.347123374	0.300494092
2130	0.323752467	0.3469718	0.300533133
2131	0.323623533	0.346760189	0.300486877
2132	0.3234264	0.346495341	0.300357459
2133	0.3232314	0.346315443	0.300147357
2134	0.3230718	0.346206525	0.299937075
2135	0.323207467	0.346393345	0.300021588
2136	0.323467067	0.346743904	0.30019023
2137	0.323522	0.346878431	0.300165569
2138	0.323511667	0.346923965	0.300099369
2139	0.323584733	0.347092367	0.3000771
2140	0.323694533	0.347268875	0.300120191
2141	0.323874267	0.347413751	0.300334782
2142	0.324077067	0.347600067	0.300554066
2143	0.324081467	0.34756539	0.300597543
2144	0.323933533	0.34733969	0.300527377
2145	0.323645133	0.347022858	0.300267409
2146	0.323454133	0.346866322	0.300041944
2147	0.3232742	0.346713882	0.299834518
2148	0.323200467	0.346629609	0.299771324
2149	0.323543467	0.347016364	0.300070569
2150	0.3238392	0.34733714	0.30034126
2151	0.324329133	0.347825519	0.300832748
2152	0.3252838	0.348888266	0.301679334
2153	0.325960333	0.34954462	0.302376047
2154	0.3260762	0.349377908	0.302774492
2155	0.326288867	0.349413766	0.303163967
2156	0.326499667	0.349635208	0.303364126
2157	0.326655467	0.349783544	0.30352739
2158	0.326671067	0.349691907	0.303650227
2159	0.326666333	0.349555645	0.303777021
2160	0.326871867	0.349575929	0.304167804
2161	0.327203133	0.349719198	0.304687069
2162	0.327403133	0.349866821	0.304939445
2163	0.327433267	0.34994453	0.304922004
2164	0.327302333	0.349814973	0.304789693
2165	0.327172	0.349624275	0.304719725
2166	0.327094733	0.34953305	0.304656416
2167	0.327018133	0.349380117	0.30465615
2168	0.327105467	0.349421317	0.304789616
2169	0.327368267	0.34966118	0.305075353
2170	0.327567067	0.349796008	0.305338125
2171	0.327797867	0.349968172	0.305627561
2172	0.327880867	0.350022568	0.305739166
2173	0.3278582	0.350041129	0.305675271
2174	0.3280182	0.350272131	0.305764269
2175	0.328462	0.350834812	0.306089188
2176	0.328841667	0.351268616	0.306414717
2177	0.3289088	0.3511291	0.3066885
2178	0.3288976	0.350890926	0.306904274
2179	0.329032933	0.350828434	0.307237432
2180	0.3293392	0.350931414	0.307746986
2181	0.329615333	0.35120377	0.308026897
2182	0.329809	0.351455467	0.308162533
2183	0.330275333	0.352002152	0.308548514
2184	0.330755533	0.352619347	0.308891719
2185	0.3311732	0.353097515	0.309248885
2186	0.331428667	0.353318121	0.309539213
2187	0.331396467	0.353262398	0.309530536
2188	0.331136333	0.352969735	0.309302931
2189	0.3309598	0.352788321	0.309131279
2190	0.330827067	0.352563778	0.309090356
2191	0.330692	0.352323096	0.309060904
2192	0.3309046	0.352559635	0.309249565
2193	0.331139133	0.35284393	0.309434336
2194	0.331094	0.352737384	0.309450616
2195	0.331093067	0.352678969	0.309507164
2196	0.331368933	0.353084614	0.309653253
2197	0.331521	0.353393738	0.309648262
2198	0.332153733	0.35391726	0.310390207
2199	0.333071667	0.354617708	0.311525626
2200	0.332801067	0.354094197	0.311507937
2201	0.332035467	0.353118394	0.310952539
2202	0.3315534	0.352506492	0.310600308
2203	0.3313012	0.352214362	0.310388038
2204	0.3312982	0.352259876	0.310336524
2205	0.331769867	0.352851669	0.310688064
2206	0.331936467	0.353022613	0.31085032
2207	0.331769067	0.352811199	0.310726935
2208	0.331777733	0.352794937	0.31076053
2209	0.331990333	0.352963268	0.311017399
2210	0.332218267	0.353219121	0.311217412
2211	0.332492467	0.353717996	0.311266938
2212	0.332757133	0.354199023	0.311315244
2213	0.332754933	0.354254624	0.311255243
2214	0.332596733	0.354146575	0.311046891
2215	0.332204467	0.353875741	0.310533193
2216	0.331833267	0.353597374	0.31006916
2217	0.331636667	0.353403208	0.309870125
2218	0.331381533	0.353135167	0.3096279
2219	0.331215267	0.35300395	0.309426584
2220	0.3310892	0.35294914	0.30922926
2221	0.331042	0.352984726	0.309099274
2222	0.331024733	0.35314403	0.308905437
2223	0.330700933	0.352897851	0.308504015
2224	0.3299514	0.352126669	0.307776131
2225	0.3288406	0.351024723	0.306656477
2226	0.327437467	0.349667741	0.305207192
2227	0.326261067	0.348654978	0.303867155
2228	0.3248686	0.347479031	0.302258169
2229	0.323380867	0.346099477	0.300662256
2230	0.322385133	0.345044821	0.299725446
2231	0.321426733	0.344069399	0.298784068
2232	0.320384467	0.343193658	0.297575275
2233	0.319354267	0.342389307	0.296319226
2234	0.317918067	0.341243571	0.294592563
2235	0.3162908	0.339904759	0.292676841
2236	0.314815267	0.338601227	0.291029306
2237	0.3132726	0.33718763	0.28935757
2238	0.311426067	0.335528496	0.287323637
2239	0.3096108	0.333847926	0.285373674
2240	0.307742333	0.332146034	0.283338633
2241	0.3059266	0.330600924	0.281252276
2242	0.3041108	0.328949316	0.279272284
2243	0.301925133	0.326898823	0.276951444
2244	0.299734333	0.324915306	0.27455336
2245	0.297887933	0.323215689	0.272560178
2246	0.2961624	0.321566477	0.270758323
2247	0.294691067	0.320241603	0.26914053
2248	0.292966267	0.318671725	0.267260808
2249	0.290614333	0.316511994	0.264716672
2250	0.288231333	0.314377116	0.262085551
2251	0.286239933	0.312725946	0.259753921
2252	0.284321867	0.311134605	0.257509128
2253	0.282441067	0.309431238	0.255450895
2254	0.2807024	0.307875758	0.253529042
2255	0.279313333	0.306692555	0.251934112
2256	0.277853867	0.305379961	0.250327772
2257	0.276103467	0.303606799	0.248600135
2258	0.274215467	0.301698789	0.246732144
2259	0.272498867	0.300253978	0.244743756
2260	0.270948533	0.29906863	0.242828436
2261	0.2692924	0.297664379	0.240920421
2262	0.2678198	0.296447403	0.239192197
2263	0.266776533	0.295511985	0.238041082
2264	0.265727867	0.294483448	0.236972286
2265	0.2643344	0.293097373	0.235571427
2266	0.262792533	0.29154355	0.234041516
2267	0.2612648	0.290079103	0.232450497
2268	0.259907933	0.288889084	0.230926782
2269	0.258739467	0.287950363	0.22952857
2270	0.257462733	0.286933579	0.227991887
2271	0.256368333	0.286091313	0.226645353
2272	0.255642	0.285738051	0.225545949
2273	0.254847	0.285325873	0.224368127
2274	0.253925067	0.284601869	0.223248264
2275	0.252872133	0.283659055	0.222085212
2276	0.251435267	0.282079975	0.220790558
2277	0.249954133	0.280451002	0.219457264
2278	0.2486004	0.279241222	0.217959578
2279	0.2473582	0.278226947	0.216489453
2280	0.246349267	0.27737339	0.215325143
2281	0.245308267	0.276509488	0.214107045
2282	0.244292067	0.275698446	0.212885687
2283	0.2433428	0.274911829	0.211773771
2284	0.2423242	0.274154011	0.210494389
2285	0.241450467	0.273603979	0.209296954
2286	0.240723	0.273248072	0.208197928
2287	0.239976067	0.272805406	0.207146728
2288	0.239463733	0.272461086	0.206466381
2289	0.238878733	0.27204306	0.205714407
2290	0.2382624	0.271437263	0.205087537
2291	0.2374648	0.270607688	0.204321912
2292	0.2363572	0.269720333	0.202994067
2293	0.235529267	0.269293773	0.20176476
2294	0.234837867	0.268931732	0.200744001
2295	0.234065267	0.268281706	0.199848827
2296	0.233154267	0.267431173	0.198877361
2297	0.232161133	0.266542229	0.197780037
2298	0.231176933	0.26579849	0.196555377
2299	0.230440267	0.265305875	0.195574658
2300	0.230043467	0.265103731	0.194983202
2301	0.2298534	0.265058936	0.194647864
2302	0.229520267	0.264856911	0.194183623
2303	0.229148867	0.26458959	0.193708143
2304	0.2288104	0.264306825	0.193313975
2305	0.2286236	0.263947236	0.193299964
2306	0.2285176	0.263679642	0.193355558
2307	0.2285088	0.263529349	0.193488251
2308	0.228685133	0.263551683	0.193818583
2309	0.2292748	0.263957776	0.194591824
2310	0.2298472	0.264274087	0.195420313
2311	0.230464733	0.26472982	0.196199646
2312	0.230935867	0.26516241	0.196709324
2313	0.2317514	0.265919308	0.197583492
2314	0.232853333	0.266865526	0.19884114
2315	0.233718533	0.26743246	0.200004606
2316	0.234628933	0.267939086	0.20131878
2317	0.235829867	0.268827411	0.202832322
2318	0.237151	0.269999278	0.204302722
2319	0.238308933	0.271029316	0.20558855
2320	0.239118533	0.27170469	0.206532377
2321	0.240119	0.272498307	0.207739693
2322	0.241032067	0.273095994	0.208968139
2323	0.2418046	0.273585832	0.210023368
2324	0.242706467	0.274462552	0.210950381
2325	0.243141133	0.274917139	0.211365128
2326	0.2427874	0.274640046	0.210934754
2327	0.242579667	0.27458337	0.210575964
2328	0.242212933	0.274207064	0.210218803
2329	0.2416718	0.273516314	0.209827286
2330	0.241410333	0.273123113	0.209697554
2331	0.2412826	0.272999436	0.209565764
2332	0.240954733	0.27287727	0.209032196
2333	0.240544267	0.27270315	0.208385383
2334	0.239838867	0.27233531	0.207342423
2335	0.239017267	0.271837854	0.20619668
2336	0.238422333	0.271280134	0.205564533
2337	0.237777	0.27064779	0.20490621
2338	0.236829667	0.269715564	0.203943769
2339	0.235953667	0.268804993	0.203102341
2340	0.235130067	0.268115963	0.20214417
2341	0.234295533	0.267437761	0.201153306
2342	0.2335514	0.266627469	0.200475331
2343	0.232820667	0.265766084	0.19987525
2344	0.2323382	0.265325615	0.199350785
2345	0.2322198	0.265435531	0.199004069
2346	0.232396667	0.265859701	0.198933633
2347	0.2328648	0.266563244	0.199166356
2348	0.233122933	0.266954939	0.199290928
2349	0.2331364	0.267115419	0.199157381
2350	0.233540133	0.267594437	0.19948583
2351	0.2338476	0.267791551	0.199903649
2352	0.23442	0.26818555	0.20065445
2353	0.235585533	0.269119937	0.20205113
2354	0.2365014	0.269925743	0.203077057
2355	0.237549067	0.271175344	0.203922789
2356	0.2390454	0.272819283	0.205271517
2357	0.240594467	0.274306882	0.206882052
2358	0.241653333	0.275208837	0.20809783
2359	0.2412474	0.274202811	0.208291989
2360	0.240541267	0.273041218	0.208041315
2361	0.240110533	0.272582397	0.207638669
2362	0.239971067	0.272338142	0.207603992
2363	0.239905667	0.272090565	0.207720768
2364	0.239987267	0.272219489	0.207755044
2365	0.240542	0.273188647	0.207895353
2366	0.2410192	0.273971811	0.208066589
2367	0.2415742	0.274567212	0.208581188
2368	0.2422372	0.275296097	0.209178303
2369	0.242659333	0.275812211	0.209506456
2370	0.243048733	0.276381152	0.209716315
2371	0.242882333	0.276455772	0.209308895
2372	0.2423608	0.276036433	0.208685167
2373	0.241773	0.275297829	0.208248171
2374	0.2413548	0.274823854	0.207885746
2375	0.240618133	0.273921677	0.20731459
2376	0.2399476	0.273084287	0.206810913
2377	0.2398092	0.273057376	0.206561024
2378	0.239579667	0.273016076	0.206143257
2379	0.239492067	0.272787272	0.206196862
2380	0.239354267	0.272534672	0.206173861
2381	0.239241	0.272301554	0.206180446
2382	0.239448533	0.272230724	0.206666342
2383	0.2393168	0.272276213	0.206357387
2384	0.238755133	0.272009908	0.205500358
2385	0.238075067	0.271330488	0.204819645
2386	0.2372994	0.270557802	0.204040998
2387	0.237009867	0.270394917	0.203624816
2388	0.2372532	0.270810866	0.203695534
2389	0.237573067	0.271082979	0.204063154
2390	0.238235333	0.271681415	0.204789252
2391	0.238672533	0.272130125	0.205214942
2392	0.238521867	0.271819839	0.205223895
2393	0.238928533	0.272264836	0.205592231
2394	0.240086533	0.273911512	0.206261554
2395	0.240706133	0.27491623	0.206496036
2396	0.24061	0.275074167	0.206145833
2397	0.240260133	0.274999321	0.205520946
2398	0.2389482	0.273470091	0.204426309
2399	0.2380662	0.272197337	0.203935063
2400	0.237875533	0.271409413	0.204341654
2401	0.2373076	0.270370815	0.204244385
2402	0.236659867	0.269724696	0.203595038
2403	0.236526733	0.269798282	0.203255185
2404	0.237638067	0.271336937	0.203939196
2405	0.238815267	0.27297262	0.204657913
2406	0.239372933	0.273715401	0.205030465
2407	0.239427133	0.273753777	0.20510049
2408	0.237873267	0.271445345	0.204301188
2409	0.236310067	0.269144051	0.203476082
2410	0.235300467	0.268133079	0.202467855
2411	0.2342002	0.26727383	0.20112657
2412	0.233937467	0.267122327	0.200752607
2413	0.234052467	0.267280823	0.20082411
2414	0.233981667	0.267008153	0.20095518
2415	0.233696933	0.266585059	0.200808807
2416	0.232516267	0.265222543	0.199809991
2417	0.231284867	0.263741444	0.19882829
2418	0.2309358	0.263309322	0.198562278
2419	0.230907867	0.263400468	0.198415265
2420	0.232281333	0.265052852	0.199509814
2421	0.233321667	0.266296155	0.200347178
2422	0.233418	0.266165236	0.200670764
2423	0.2339428	0.266290097	0.201595503
2424	0.234229933	0.265833214	0.202626653
2425	0.234351733	0.265355121	0.203348346
2426	0.233300067	0.264230829	0.202369304
2427	0.2314846	0.262576495	0.200392705
2428	0.2301388	0.260964288	0.199313312
2429	0.229619933	0.259897626	0.199342241
2430	0.229786867	0.260081125	0.199492608
2431	0.230410067	0.261214078	0.199606056
2432	0.230636933	0.262018585	0.199255282
2433	0.229854867	0.261703367	0.198006366
2434	0.229163933	0.261413188	0.196914679
2435	0.228241733	0.260512873	0.195970593
2436	0.227313933	0.258330802	0.196297064
2437	0.2268986	0.256885462	0.196911738
2438	0.2262716	0.256628001	0.195915199
2439	0.2263078	0.257309391	0.195306209
2440	0.2256168	0.256439423	0.194794177
2441	0.223910533	0.253877851	0.193943215
2442	0.2235618	0.253141629	0.193981971
2443	0.223719467	0.25345679	0.193982144
2444	0.2239892	0.254034398	0.193944002
2445	0.2236702	0.254102576	0.193237824
2446	0.221853	0.252234503	0.191471497
2447	0.221732333	0.25192858	0.191536086
2448	0.22185	0.252069948	0.191630052
2449	0.2191412	0.249333387	0.188949013
2450	0.217556267	0.247370275	0.187742258
2451	0.217387067	0.246702259	0.188071875
2452	0.2170646	0.24666278	0.18746642
2453	0.217944733	0.247544374	0.188345093
2454	0.218492133	0.24754965	0.189434617
2455	0.218441867	0.246270028	0.190613705
2456	0.218590933	0.245866573	0.191315293
2457	0.218904533	0.246818893	0.190990174
2458	0.218830667	0.24685002	0.190811314
2459	0.216236333	0.243593043	0.188879624
2460	0.214346467	0.241521209	0.187171724
2461	0.2141428	0.242036632	0.186248968
2462	0.214000467	0.242109148	0.185891785
2463	0.216503267	0.244306105	0.188700428
2464	0.218059333	0.246193283	0.189925384
2465	0.215535267	0.242657352	0.188413182
2466	0.2131526	0.239557136	0.186748064
2467	0.213565933	0.240753036	0.186378831
2468	0.214043	0.242093978	0.185992022
2469	0.212744533	0.24083846	0.184650607
2470	0.212132867	0.240120427	0.184145306
2471	0.212889467	0.24189406	0.183884874
2472	0.2133288	0.243729692	0.182927908
2473	0.212955067	0.242738585	0.183171548
2474	0.212784933	0.242232392	0.183337474
2475	0.2124718	0.241397034	0.183546566
2476	0.211106333	0.239416322	0.182796344
2477	0.209445867	0.237279909	0.181611824
2478	0.2072756	0.234695501	0.179855699
2479	0.202724267	0.22874838	0.176700153
2480	0.198303	0.223594	0.173012
2481	0.1973618	0.222797032	0.171926568
2482	0.197909533	0.224534609	0.171284457
2483	0.197090733	0.224588139	0.169593328
2484	0.194296467	0.222871067	0.165721866
2485	0.186924067	0.215162144	0.158685989
2486	0.1778196	0.20635077	0.14928843
2487	0.174567333	0.205685411	0.143449255
2488	0.173971533	0.209633088	0.138309979
2489	0.1770718	0.210907772	0.143235828
2490	0.180137867	0.210162406	0.150113328
2491	0.1759252	0.200162689	0.151687711
2492	0.173085867	0.199957209	0.146214524
2493	0.180380867	0.211564929	0.149196804
2494	0.187870867	0.220199752	0.155541981
2495	0.1908514	0.217906745	0.163796055
2496	0.190479933	0.218495425	0.162464441
2497	0.1843086	0.216425748	0.152191452
2498	0.1787012	0.215799884	0.141602516
2499	0.1723568	0.205795725	0.138917875
2500	0.1680394	0.19755063	0.13852817
