Wavelength	difu br.mn	std-	std+	difu br.st
350	1.73E-02	1.13E-02	2.33E-02	6.03E-03
351	1.71E-02	1.10E-02	2.31E-02	6.04E-03
352	1.68E-02	1.08E-02	2.28E-02	6.02E-03
353	1.73E-02	1.13E-02	2.33E-02	6.02E-03
354	1.75E-02	1.14E-02	2.35E-02	6.06E-03
355	1.73E-02	1.11E-02	2.34E-02	6.13E-03
356	0.017630136	1.15E-02	2.38E-02	6.13E-03
357	1.78E-02	1.16E-02	2.39E-02	6.15E-03
358	1.78E-02	1.16E-02	2.40E-02	6.17E-03
359	1.75E-02	1.14E-02	2.37E-02	6.15E-03
360	1.76E-02	1.15E-02	2.37E-02	6.10E-03
361	1.78E-02	1.17E-02	2.39E-02	6.09E-03
362	1.79E-02	1.18E-02	2.41E-02	6.14E-03
363	1.79E-02	1.18E-02	2.41E-02	6.15E-03
364	1.80E-02	1.18E-02	2.41E-02	6.16E-03
365	1.80E-02	1.19E-02	2.42E-02	6.18E-03
366	0.017889054	1.17E-02	2.41E-02	6.18E-03
367	1.80E-02	1.18E-02	2.42E-02	6.21E-03
368	1.82E-02	1.19E-02	2.44E-02	6.25E-03
369	1.83E-02	1.20E-02	2.45E-02	6.26E-03
370	0.018344983	1.21E-02	2.46E-02	6.29E-03
371	1.84E-02	1.21E-02	2.47E-02	6.31E-03
372	1.84E-02	1.21E-02	2.47E-02	6.29E-03
373	1.85E-02	1.22E-02	2.49E-02	6.36E-03
374	1.86E-02	1.22E-02	2.50E-02	6.38E-03
375	1.85E-02	1.21E-02	2.48E-02	6.34E-03
376	1.88E-02	1.24E-02	2.52E-02	6.36E-03
377	1.89E-02	1.25E-02	2.53E-02	6.37E-03
378	1.89E-02	1.25E-02	2.53E-02	6.37E-03
379	1.89E-02	1.25E-02	2.53E-02	6.38E-03
380	1.91E-02	1.27E-02	2.55E-02	6.40E-03
381	1.92E-02	1.28E-02	2.56E-02	6.43E-03
382	1.92E-02	1.27E-02	2.57E-02	6.49E-03
383	1.94E-02	1.28E-02	2.59E-02	6.52E-03
384	1.95E-02	1.30E-02	2.61E-02	6.54E-03
385	1.96E-02	1.30E-02	2.61E-02	6.56E-03
386	1.95E-02	1.30E-02	2.61E-02	6.59E-03
387	1.96E-02	1.30E-02	2.62E-02	6.61E-03
388	1.97E-02	1.31E-02	2.63E-02	6.61E-03
389	1.98E-02	1.32E-02	2.65E-02	6.65E-03
390	1.99E-02	1.33E-02	2.65E-02	6.63E-03
391	0.019935131	1.33E-02	2.66E-02	6.63E-03
392	2.01E-02	1.34E-02	2.68E-02	6.67E-03
393	2.04E-02	1.37E-02	2.71E-02	6.69E-03
394	2.05E-02	1.38E-02	2.72E-02	6.71E-03
395	2.04E-02	1.37E-02	2.72E-02	6.74E-03
396	2.07E-02	1.40E-02	2.74E-02	6.69E-03
397	2.07E-02	1.40E-02	2.74E-02	6.70E-03
398	2.07E-02	1.39E-02	2.74E-02	6.75E-03
399	2.08E-02	1.41E-02	2.76E-02	6.75E-03
400	2.09E-02	1.41E-02	2.77E-02	6.76E-03
401	2.10E-02	1.42E-02	2.78E-02	6.78E-03
402	2.12E-02	1.44E-02	2.80E-02	6.80E-03
403	2.13E-02	1.45E-02	2.81E-02	6.82E-03
404	2.14E-02	1.46E-02	2.83E-02	6.85E-03
405	2.16E-02	1.47E-02	2.85E-02	6.89E-03
406	2.17E-02	1.48E-02	2.86E-02	6.91E-03
407	2.19E-02	1.49E-02	2.88E-02	6.93E-03
408	2.20E-02	1.51E-02	2.90E-02	6.95E-03
409	2.22E-02	1.52E-02	2.91E-02	6.96E-03
410	2.23E-02	1.53E-02	2.93E-02	6.97E-03
411	2.24E-02	1.54E-02	2.94E-02	6.99E-03
412	2.26E-02	1.56E-02	2.96E-02	7.02E-03
413	2.27E-02	1.57E-02	2.98E-02	7.04E-03
414	2.29E-02	1.58E-02	2.99E-02	7.05E-03
415	2.30E-02	1.60E-02	3.01E-02	7.06E-03
416	2.32E-02	1.61E-02	3.03E-02	7.09E-03
417	2.33E-02	1.62E-02	3.04E-02	0.007117567
418	2.34E-02	1.63E-02	3.06E-02	7.15E-03
419	2.36E-02	1.65E-02	3.07E-02	7.14E-03
420	2.37E-02	1.66E-02	3.09E-02	7.15E-03
421	2.39E-02	1.67E-02	3.10E-02	7.18E-03
422	2.40E-02	1.68E-02	3.13E-02	7.21E-03
423	2.42E-02	1.70E-02	3.14E-02	7.23E-03
424	2.44E-02	1.71E-02	3.16E-02	7.26E-03
425	2.45E-02	1.72E-02	3.18E-02	7.28E-03
426	2.47E-02	1.74E-02	3.20E-02	7.30E-03
427	2.48E-02	1.75E-02	3.21E-02	7.32E-03
428	2.49E-02	1.76E-02	3.23E-02	7.34E-03
429	2.51E-02	1.78E-02	3.25E-02	7.37E-03
430	0.025262613	1.79E-02	3.27E-02	7.40E-03
431	2.54E-02	1.80E-02	3.28E-02	7.42E-03
432	2.55E-02	1.81E-02	3.29E-02	7.44E-03
433	2.56E-02	1.82E-02	3.31E-02	7.45E-03
434	0.025773836	1.83E-02	3.33E-02	7.48E-03
435	2.59E-02	1.84E-02	3.34E-02	0.00752703
436	2.61E-02	1.85E-02	3.36E-02	7.54E-03
437	2.63E-02	1.87E-02	3.38E-02	7.56E-03
438	2.64E-02	1.88E-02	3.40E-02	7.59E-03
439	2.66E-02	1.90E-02	3.42E-02	0.007628602
440	2.68E-02	1.91E-02	3.44E-02	7.66E-03
441	2.69E-02	1.93E-02	3.46E-02	7.68E-03
442	2.71E-02	1.93E-02	3.48E-02	7.71E-03
443	2.73E-02	1.95E-02	3.50E-02	7.74E-03
444	2.74E-02	1.97E-02	3.52E-02	7.77E-03
445	2.75E-02	1.97E-02	3.53E-02	7.81E-03
446	2.77E-02	1.99E-02	3.55E-02	7.83E-03
447	2.79E-02	2.00E-02	3.57E-02	7.86E-03
448	2.80E-02	2.02E-02	3.59E-02	7.89E-03
449	2.82E-02	2.03E-02	3.61E-02	7.92E-03
450	2.84E-02	2.04E-02	3.63E-02	7.95E-03
451	0.028610697	2.06E-02	3.66E-02	7.98E-03
452	2.88E-02	2.08E-02	3.68E-02	8.02E-03
453	2.89E-02	2.09E-02	3.70E-02	8.05E-03
454	2.91E-02	2.10E-02	3.72E-02	8.08E-03
455	2.93E-02	2.12E-02	3.74E-02	8.10E-03
456	0.029490989	2.14E-02	3.76E-02	8.14E-03
457	2.97E-02	2.15E-02	3.78E-02	8.17E-03
458	0.029855153	2.17E-02	3.80E-02	8.19E-03
459	3.00E-02	2.18E-02	3.83E-02	8.24E-03
460	0.030200657	2.19E-02	3.85E-02	8.28E-03
461	3.04E-02	2.21E-02	3.87E-02	8.31E-03
462	0.030543327	2.22E-02	3.89E-02	8.35E-03
463	3.07E-02	2.23E-02	3.91E-02	8.38E-03
464	3.09E-02	2.25E-02	3.93E-02	8.42E-03
465	3.11E-02	2.27E-02	3.96E-02	8.46E-03
466	3.13E-02	2.28E-02	3.97E-02	8.48E-03
467	3.14E-02	2.29E-02	3.99E-02	8.52E-03
468	3.16E-02	2.30E-02	4.01E-02	8.57E-03
469	3.18E-02	2.32E-02	4.04E-02	8.61E-03
470	3.20E-02	2.33E-02	4.06E-02	8.64E-03
471	3.21E-02	2.34E-02	4.08E-02	8.67E-03
472	3.23E-02	2.36E-02	4.10E-02	8.70E-03
473	3.24E-02	2.37E-02	4.12E-02	8.74E-03
474	3.26E-02	2.38E-02	4.14E-02	8.78E-03
475	3.28E-02	2.40E-02	4.16E-02	8.82E-03
476	3.30E-02	2.41E-02	4.18E-02	8.86E-03
477	3.32E-02	2.42E-02	4.21E-02	8.90E-03
478	0.033330426	2.44E-02	4.23E-02	8.94E-03
479	3.36E-02	2.46E-02	4.25E-02	8.97E-03
480	3.38E-02	2.47E-02	4.28E-02	9.01E-03
481	3.39E-02	2.49E-02	4.29E-02	9.04E-03
482	3.40E-02	2.49E-02	4.31E-02	9.09E-03
483	3.43E-02	2.51E-02	4.34E-02	9.13E-03
484	3.45E-02	2.54E-02	4.37E-02	9.17E-03
485	3.47E-02	2.55E-02	4.39E-02	9.21E-03
486	3.48E-02	2.56E-02	4.41E-02	9.24E-03
487	3.50E-02	2.57E-02	4.43E-02	9.28E-03
488	3.51E-02	2.58E-02	4.45E-02	9.32E-03
489	0.035298578	2.60E-02	4.46E-02	9.35E-03
490	3.55E-02	2.61E-02	4.49E-02	9.38E-03
491	3.56E-02	2.62E-02	4.51E-02	9.41E-03
492	3.58E-02	2.64E-02	4.53E-02	9.46E-03
493	3.60E-02	2.65E-02	4.55E-02	9.49E-03
494	3.62E-02	2.67E-02	4.58E-02	9.51E-03
495	3.64E-02	2.68E-02	4.59E-02	9.54E-03
496	3.66E-02	2.70E-02	4.62E-02	9.58E-03
497	0.036838423	2.72E-02	4.65E-02	9.61E-03
498	3.70E-02	2.73E-02	4.66E-02	9.64E-03
499	3.72E-02	2.75E-02	4.69E-02	9.67E-03
500	3.74E-02	2.77E-02	4.71E-02	9.70E-03
501	3.76E-02	2.79E-02	4.73E-02	9.73E-03
502	3.78E-02	2.80E-02	4.75E-02	9.75E-03
503	3.80E-02	2.82E-02	4.78E-02	9.77E-03
504	3.82E-02	2.84E-02	4.80E-02	9.79E-03
505	3.83E-02	2.85E-02	4.81E-02	9.82E-03
506	3.86E-02	2.87E-02	4.84E-02	9.85E-03
507	3.88E-02	2.89E-02	4.86E-02	9.87E-03
508	3.90E-02	2.91E-02	4.88E-02	9.88E-03
509	3.92E-02	2.93E-02	4.91E-02	9.90E-03
510	3.94E-02	2.95E-02	4.93E-02	9.91E-03
511	3.97E-02	2.97E-02	4.96E-02	9.93E-03
512	3.99E-02	2.99E-02	4.98E-02	9.95E-03
513	4.01E-02	3.01E-02	5.01E-02	9.97E-03
514	0.040337011	3.04E-02	5.03E-02	9.98E-03
515	4.06E-02	3.06E-02	5.06E-02	9.99E-03
516	4.08E-02	3.08E-02	5.08E-02	1.00E-02
517	4.11E-02	3.10E-02	5.11E-02	0.010031029
518	4.13E-02	3.12E-02	5.13E-02	1.01E-02
519	4.15E-02	3.15E-02	5.16E-02	0.010078153
520	4.18E-02	3.17E-02	5.19E-02	1.01E-02
521	4.20E-02	3.19E-02	5.21E-02	1.01E-02
522	4.22E-02	3.21E-02	5.24E-02	1.01E-02
523	4.25E-02	3.23E-02	5.26E-02	1.02E-02
524	4.27E-02	3.25E-02	5.29E-02	1.02E-02
525	4.30E-02	3.27E-02	5.32E-02	1.02E-02
526	4.32E-02	3.30E-02	5.35E-02	0.010261889
527	4.35E-02	3.32E-02	5.38E-02	1.03E-02
528	0.04375644	3.34E-02	5.41E-02	1.03E-02
529	4.40E-02	3.36E-02	5.44E-02	1.04E-02
530	4.42E-02	3.38E-02	5.46E-02	1.04E-02
531	4.44E-02	3.40E-02	5.49E-02	1.04E-02
532	0.044706404	3.42E-02	5.52E-02	1.05E-02
533	4.50E-02	3.44E-02	5.55E-02	1.05E-02
534	4.52E-02	3.46E-02	5.57E-02	1.05E-02
535	4.54E-02	3.48E-02	5.60E-02	1.06E-02
536	4.56E-02	3.50E-02	5.62E-02	1.06E-02
537	4.59E-02	3.52E-02	5.65E-02	1.06E-02
538	4.61E-02	3.54E-02	5.68E-02	1.07E-02
539	4.63E-02	3.56E-02	5.70E-02	1.07E-02
540	4.65E-02	3.58E-02	5.73E-02	1.08E-02
541	4.68E-02	3.60E-02	5.76E-02	1.08E-02
542	4.70E-02	3.62E-02	5.78E-02	1.08E-02
543	4.72E-02	3.64E-02	5.81E-02	1.09E-02
544	4.75E-02	3.66E-02	5.84E-02	1.09E-02
545	4.77E-02	3.67E-02	5.86E-02	1.09E-02
546	4.79E-02	3.69E-02	5.89E-02	1.10E-02
547	4.81E-02	3.71E-02	5.92E-02	1.10E-02
548	4.84E-02	3.73E-02	5.94E-02	0.01103877
549	0.0485905	3.75E-02	5.97E-02	1.11E-02
550	4.88E-02	3.77E-02	5.99E-02	1.11E-02
551	4.91E-02	3.79E-02	6.02E-02	1.12E-02
552	4.93E-02	3.81E-02	6.05E-02	1.12E-02
553	4.95E-02	3.83E-02	6.07E-02	1.12E-02
554	4.97E-02	3.85E-02	6.10E-02	0.011256487
555	5.00E-02	3.87E-02	6.13E-02	1.13E-02
556	5.02E-02	3.89E-02	6.15E-02	1.13E-02
557	5.04E-02	3.91E-02	6.18E-02	1.14E-02
558	5.07E-02	3.93E-02	6.21E-02	1.14E-02
559	0.050896131	3.95E-02	6.23E-02	1.14E-02
560	5.11E-02	3.96E-02	6.26E-02	1.15E-02
561	5.13E-02	3.98E-02	6.29E-02	1.15E-02
562	5.15E-02	4.00E-02	6.31E-02	1.16E-02
563	5.18E-02	4.02E-02	6.34E-02	1.16E-02
564	5.20E-02	4.04E-02	6.36E-02	1.16E-02
565	5.22E-02	4.05E-02	6.39E-02	1.17E-02
566	5.24E-02	4.07E-02	6.41E-02	1.17E-02
567	5.26E-02	4.09E-02	6.44E-02	1.18E-02
568	5.28E-02	4.10E-02	6.46E-02	0.011816774
569	5.30E-02	4.12E-02	6.49E-02	1.19E-02
570	5.32E-02	4.13E-02	6.52E-02	1.19E-02
571	5.35E-02	4.15E-02	6.55E-02	1.20E-02
572	5.37E-02	4.16E-02	6.57E-02	1.20E-02
573	5.39E-02	4.18E-02	6.60E-02	1.21E-02
574	5.41E-02	4.20E-02	6.63E-02	1.22E-02
575	5.43E-02	4.21E-02	6.66E-02	1.22E-02
576	5.46E-02	4.23E-02	6.68E-02	1.23E-02
577	5.48E-02	4.25E-02	6.71E-02	1.23E-02
578	5.50E-02	4.26E-02	6.74E-02	1.24E-02
579	5.52E-02	4.28E-02	6.77E-02	1.25E-02
580	5.54E-02	4.29E-02	6.80E-02	1.25E-02
581	5.57E-02	4.31E-02	6.82E-02	1.26E-02
582	5.59E-02	4.33E-02	6.85E-02	1.26E-02
583	5.61E-02	4.34E-02	6.88E-02	1.27E-02
584	5.63E-02	4.36E-02	6.90E-02	1.27E-02
585	5.66E-02	4.38E-02	6.94E-02	0.012783115
586	5.69E-02	4.40E-02	6.97E-02	1.28E-02
587	5.71E-02	4.42E-02	7.00E-02	1.29E-02
588	0.057361439	4.44E-02	7.03E-02	1.30E-02
589	5.76E-02	4.46E-02	7.06E-02	1.30E-02
590	5.79E-02	4.48E-02	7.10E-02	1.31E-02
591	5.81E-02	4.49E-02	7.13E-02	1.32E-02
592	5.84E-02	4.51E-02	7.16E-02	1.32E-02
593	5.86E-02	4.53E-02	7.19E-02	1.33E-02
594	5.88E-02	4.55E-02	7.21E-02	1.33E-02
595	5.91E-02	4.57E-02	7.24E-02	1.34E-02
596	5.93E-02	4.59E-02	7.27E-02	1.34E-02
597	5.96E-02	4.61E-02	7.31E-02	1.35E-02
598	5.98E-02	4.63E-02	7.34E-02	1.36E-02
599	6.00E-02	4.64E-02	7.36E-02	1.36E-02
600	6.03E-02	4.66E-02	7.39E-02	1.37E-02
601	6.05E-02	4.68E-02	7.43E-02	0.013744798
602	6.08E-02	4.69E-02	7.46E-02	1.38E-02
603	6.10E-02	4.71E-02	7.49E-02	1.39E-02
604	6.12E-02	4.73E-02	7.52E-02	1.40E-02
605	6.15E-02	4.74E-02	7.55E-02	1.40E-02
606	6.17E-02	4.76E-02	7.58E-02	1.41E-02
607	6.19E-02	4.78E-02	7.61E-02	1.42E-02
608	6.22E-02	4.80E-02	7.64E-02	1.42E-02
609	6.24E-02	4.81E-02	7.67E-02	1.43E-02
610	6.26E-02	4.83E-02	7.70E-02	1.44E-02
611	6.29E-02	4.85E-02	7.73E-02	1.44E-02
612	6.31E-02	4.87E-02	7.76E-02	1.45E-02
613	6.34E-02	4.89E-02	7.80E-02	0.014542663
614	6.37E-02	4.91E-02	7.83E-02	1.46E-02
615	6.40E-02	4.93E-02	7.86E-02	1.47E-02
616	6.42E-02	4.95E-02	7.89E-02	1.47E-02
617	6.44E-02	4.96E-02	7.92E-02	1.48E-02
618	6.47E-02	4.99E-02	7.96E-02	1.48E-02
619	6.49E-02	5.00E-02	7.98E-02	0.014898763
620	0.065153994	5.02E-02	8.01E-02	0.014951573
621	6.54E-02	5.04E-02	8.04E-02	1.50E-02
622	6.56E-02	5.06E-02	8.07E-02	1.51E-02
623	6.59E-02	5.08E-02	8.10E-02	1.51E-02
624	6.61E-02	5.10E-02	8.13E-02	1.52E-02
625	6.64E-02	5.12E-02	8.17E-02	1.52E-02
626	0.066689171	5.14E-02	8.20E-02	1.53E-02
627	6.69E-02	5.16E-02	8.23E-02	0.015359329
628	6.72E-02	5.18E-02	8.26E-02	1.54E-02
629	6.75E-02	5.20E-02	8.29E-02	1.55E-02
630	6.77E-02	5.22E-02	8.32E-02	1.55E-02
631	6.80E-02	5.24E-02	8.35E-02	1.56E-02
632	6.82E-02	5.26E-02	8.38E-02	1.56E-02
633	6.84E-02	5.27E-02	8.40E-02	1.57E-02
634	6.85E-02	5.28E-02	8.43E-02	0.015729621
635	6.88E-02	5.31E-02	8.46E-02	1.58E-02
636	6.91E-02	5.32E-02	8.49E-02	1.58E-02
637	6.92E-02	5.33E-02	8.51E-02	1.59E-02
638	6.94E-02	5.35E-02	8.54E-02	1.60E-02
639	6.96E-02	5.36E-02	8.57E-02	1.60E-02
640	6.98E-02	5.37E-02	8.59E-02	1.61E-02
641	7.00E-02	5.38E-02	8.62E-02	0.016192464
642	7.02E-02	5.40E-02	8.65E-02	1.63E-02
643	7.05E-02	5.41E-02	8.68E-02	1.64E-02
644	0.070659913	5.42E-02	8.71E-02	1.64E-02
645	7.09E-02	5.44E-02	8.74E-02	1.65E-02
646	0.071069561	5.45E-02	8.77E-02	1.66E-02
647	7.13E-02	5.46E-02	8.80E-02	1.67E-02
648	7.15E-02	5.47E-02	8.83E-02	1.68E-02
649	7.17E-02	5.48E-02	8.86E-02	1.69E-02
650	7.20E-02	5.50E-02	8.89E-02	1.70E-02
651	7.22E-02	5.51E-02	8.92E-02	1.70E-02
652	7.24E-02	5.53E-02	8.95E-02	1.71E-02
653	7.26E-02	5.54E-02	8.97E-02	1.72E-02
654	7.28E-02	5.56E-02	9.00E-02	0.017204663
655	7.29E-02	5.56E-02	9.02E-02	1.73E-02
656	7.32E-02	5.58E-02	9.06E-02	1.74E-02
657	7.34E-02	5.59E-02	9.10E-02	1.75E-02
658	7.37E-02	5.61E-02	9.13E-02	1.76E-02
659	7.38E-02	5.62E-02	9.15E-02	1.77E-02
660	7.40E-02	5.63E-02	9.18E-02	1.77E-02
661	7.42E-02	5.64E-02	9.20E-02	1.78E-02
662	7.44E-02	5.65E-02	9.23E-02	1.79E-02
663	0.074560322	5.66E-02	9.26E-02	1.80E-02
664	7.48E-02	5.67E-02	9.29E-02	1.81E-02
665	7.50E-02	5.68E-02	9.31E-02	1.82E-02
666	7.52E-02	5.69E-02	9.34E-02	1.82E-02
667	7.54E-02	5.71E-02	9.37E-02	1.83E-02
668	7.56E-02	5.72E-02	9.40E-02	1.84E-02
669	7.58E-02	5.73E-02	9.42E-02	0.018462036
670	7.60E-02	5.75E-02	9.45E-02	1.85E-02
671	7.63E-02	5.77E-02	9.48E-02	1.86E-02
672	7.65E-02	5.78E-02	9.51E-02	1.86E-02
673	7.67E-02	5.80E-02	9.54E-02	1.87E-02
674	7.69E-02	5.81E-02	9.56E-02	1.88E-02
675	7.71E-02	5.83E-02	9.59E-02	1.88E-02
676	0.077319972	5.85E-02	9.62E-02	0.018833103
677	7.75E-02	5.87E-02	9.64E-02	1.89E-02
678	7.78E-02	5.89E-02	9.67E-02	1.89E-02
679	7.80E-02	5.91E-02	9.69E-02	1.89E-02
680	7.82E-02	5.93E-02	9.72E-02	1.89E-02
681	7.85E-02	5.95E-02	9.74E-02	1.89E-02
682	7.88E-02	5.98E-02	9.77E-02	1.89E-02
683	7.91E-02	6.01E-02	9.80E-02	1.89E-02
684	7.93E-02	6.04E-02	9.81E-02	1.89E-02
685	7.96E-02	6.08E-02	9.83E-02	1.88E-02
686	7.99E-02	6.13E-02	9.86E-02	1.87E-02
687	8.03E-02	6.17E-02	9.90E-02	1.86E-02
688	8.07E-02	6.22E-02	9.93E-02	1.86E-02
689	8.11E-02	6.27E-02	9.96E-02	1.84E-02
690	8.15E-02	6.32E-02	9.98E-02	1.83E-02
691	8.19E-02	6.38E-02	1.00E-01	1.81E-02
692	8.24E-02	6.44E-02	1.00E-01	1.80E-02
693	8.28E-02	6.50E-02	1.01E-01	1.78E-02
694	8.33E-02	6.57E-02	1.01E-01	1.76E-02
695	8.37E-02	6.63E-02	1.01E-01	1.74E-02
696	8.42E-02	6.70E-02	1.01E-01	1.72E-02
697	8.46E-02	6.76E-02	1.02E-01	1.70E-02
698	8.51E-02	6.83E-02	1.02E-01	1.68E-02
699	8.56E-02	6.90E-02	1.02E-01	1.67E-02
700	8.62E-02	6.97E-02	1.03E-01	1.65E-02
701	8.67E-02	7.03E-02	1.03E-01	1.64E-02
702	8.72E-02	7.09E-02	1.03E-01	1.63E-02
703	8.77E-02	7.15E-02	1.04E-01	1.62E-02
704	8.82E-02	7.21E-02	1.04E-01	1.61E-02
705	8.87E-02	7.26E-02	1.05E-01	1.60E-02
706	0.089190274	7.32E-02	1.05E-01	1.60E-02
707	8.97E-02	7.38E-02	1.06E-01	1.60E-02
708	9.03E-02	7.43E-02	1.06E-01	1.60E-02
709	9.08E-02	7.48E-02	1.07E-01	1.60E-02
710	9.12E-02	7.52E-02	1.07E-01	1.61E-02
711	9.18E-02	7.56E-02	1.08E-01	1.62E-02
712	9.23E-02	7.61E-02	1.09E-01	1.63E-02
713	9.29E-02	7.65E-02	1.09E-01	1.64E-02
714	9.35E-02	7.70E-02	1.10E-01	0.016537407
715	9.42E-02	7.75E-02	1.11E-01	0.016682917
716	0.094836138	7.79E-02	1.12E-01	1.69E-02
717	9.56E-02	7.84E-02	1.13E-01	1.72E-02
718	9.63E-02	7.87E-02	1.14E-01	0.01755642
719	9.69E-02	7.90E-02	1.15E-01	1.79E-02
720	9.74E-02	7.92E-02	1.16E-01	1.83E-02
721	9.78E-02	7.93E-02	1.16E-01	1.85E-02
722	9.83E-02	7.95E-02	1.17E-01	1.88E-02
723	9.90E-02	7.98E-02	1.18E-01	1.92E-02
724	9.97E-02	8.00E-02	1.19E-01	1.97E-02
725	0.10026896	8.02E-02	1.20E-01	2.01E-02
726	0.100820988	8.03E-02	1.21E-01	2.05E-02
727	0.101337075	8.05E-02	1.22E-01	2.09E-02
728	0.101893313	8.06E-02	1.23E-01	2.13E-02
729	0.102421083	8.07E-02	1.24E-01	2.18E-02
730	0.102901712	8.07E-02	1.25E-01	2.22E-02
731	0.103360228	8.08E-02	1.26E-01	2.26E-02
732	0.103795439	8.08E-02	1.27E-01	2.30E-02
733	0.104216367	8.09E-02	1.28E-01	2.34E-02
734	0.104646847	8.09E-02	1.28E-01	2.37E-02
735	0.105133951	8.10E-02	1.29E-01	2.41E-02
736	0.105613373	8.11E-02	1.30E-01	2.45E-02
737	0.106039435	8.12E-02	1.31E-01	2.48E-02
738	0.106481068	8.13E-02	1.32E-01	2.52E-02
739	0.106912732	8.14E-02	1.32E-01	2.55E-02
740	0.107311703	8.15E-02	1.33E-01	2.58E-02
741	0.107721239	8.16E-02	1.34E-01	2.61E-02
742	0.10811843	8.17E-02	1.35E-01	0.026399415
743	0.108503982	8.19E-02	1.35E-01	2.67E-02
744	0.108877763	8.20E-02	1.36E-01	2.69E-02
745	0.109266803	8.21E-02	1.36E-01	2.71E-02
746	0.109650575	8.23E-02	1.37E-01	2.74E-02
747	0.109997362	8.24E-02	1.38E-01	2.76E-02
748	0.110319413	8.26E-02	1.38E-01	0.027752761
749	0.110647701	8.27E-02	1.39E-01	2.79E-02
750	0.110982977	8.29E-02	1.39E-01	2.81E-02
751	0.111325979	8.31E-02	1.40E-01	2.82E-02
752	0.11166425	8.33E-02	1.40E-01	2.84E-02
753	0.111990124	8.35E-02	1.40E-01	2.85E-02
754	0.112282194	8.37E-02	1.41E-01	2.86E-02
755	0.112604149	8.39E-02	1.41E-01	2.87E-02
756	0.112896502	8.41E-02	1.42E-01	2.88E-02
757	0.113130376	8.43E-02	1.42E-01	0.028831584
758	0.113018975	8.44E-02	1.42E-01	2.86E-02
759	0.113470122	8.48E-02	1.42E-01	2.86E-02
760	0.115011729	8.58E-02	1.44E-01	2.92E-02
761	0.115124874	8.58E-02	1.44E-01	0.029310891
762	0.115268156	8.59E-02	1.45E-01	2.94E-02
763	0.115439095	8.60E-02	1.45E-01	2.95E-02
764	0.11561656	8.60E-02	1.45E-01	2.96E-02
765	0.115715057	8.61E-02	1.45E-01	0.029612809
766	0.115837529	8.62E-02	1.45E-01	2.96E-02
767	0.116043314	8.64E-02	1.46E-01	2.97E-02
768	0.11629919	8.66E-02	1.46E-01	2.97E-02
769	0.116550766	8.68E-02	1.46E-01	2.97E-02
770	0.116796732	8.70E-02	1.47E-01	2.98E-02
771	0.11706385	8.73E-02	1.47E-01	2.98E-02
772	0.117341556	8.75E-02	1.47E-01	2.99E-02
773	0.117606916	8.77E-02	1.47E-01	2.99E-02
774	0.11787083	8.79E-02	1.48E-01	0.029937943
775	0.118143998	8.82E-02	1.48E-01	3.00E-02
776	0.118410215	8.84E-02	1.48E-01	3.00E-02
777	0.118656866	8.86E-02	1.49E-01	3.01E-02
778	0.118940942	8.88E-02	1.49E-01	3.01E-02
779	0.119202293	8.91E-02	1.49E-01	3.02E-02
780	0.119430549	8.92E-02	1.50E-01	3.02E-02
781	0.119751371	8.95E-02	1.50E-01	3.02E-02
782	0.120034322	8.98E-02	1.50E-01	3.03E-02
783	0.12030609	9.00E-02	1.51E-01	3.03E-02
784	0.120573692	9.02E-02	1.51E-01	3.04E-02
785	0.120841302	9.04E-02	1.51E-01	3.04E-02
786	0.121122159	9.07E-02	1.52E-01	0.030440355
787	0.12143109	9.09E-02	1.52E-01	3.05E-02
788	0.121718578	9.12E-02	1.52E-01	0.030526889
789	0.122010618	9.14E-02	1.53E-01	3.06E-02
790	0.122310229	9.17E-02	1.53E-01	0.030601729
791	0.122484647	9.18E-02	1.53E-01	3.06E-02
792	0.122709744	9.20E-02	1.53E-01	3.07E-02
793	0.122972921	9.23E-02	1.54E-01	3.07E-02
794	0.123236597	9.25E-02	1.54E-01	3.08E-02
795	0.123535365	9.27E-02	1.54E-01	3.08E-02
796	0.123826981	9.30E-02	1.55E-01	0.030863594
797	0.124060042	9.32E-02	1.55E-01	3.09E-02
798	0.124281622	9.34E-02	1.55E-01	3.09E-02
799	0.124541514	9.36E-02	1.56E-01	3.10E-02
800	0.124854833	9.38E-02	1.56E-01	3.10E-02
801	0.125101835	9.41E-02	1.56E-01	0.031049944
802	0.125357166	9.43E-02	1.56E-01	3.11E-02
803	0.125617489	9.45E-02	1.57E-01	3.11E-02
804	0.125869647	9.47E-02	1.57E-01	3.11E-02
805	0.126045898	9.49E-02	1.57E-01	3.12E-02
806	0.126219332	9.50E-02	1.57E-01	3.12E-02
807	0.126519471	9.53E-02	1.58E-01	3.12E-02
808	0.126789242	9.55E-02	1.58E-01	3.13E-02
809	0.127092034	9.58E-02	1.58E-01	3.13E-02
810	0.127454013	9.61E-02	1.59E-01	3.14E-02
811	0.127798989	9.64E-02	1.59E-01	3.14E-02
812	0.128164604	9.67E-02	1.60E-01	3.14E-02
813	0.128557146	9.71E-02	1.60E-01	3.15E-02
814	0.128897175	9.74E-02	1.60E-01	3.15E-02
815	0.12922883	9.77E-02	1.61E-01	3.16E-02
816	0.129528731	9.79E-02	1.61E-01	3.16E-02
817	0.129761025	9.81E-02	1.61E-01	0.031650934
818	0.129943028	9.83E-02	1.62E-01	3.17E-02
819	0.130020216	9.84E-02	1.62E-01	3.17E-02
820	0.129932001	9.83E-02	1.62E-01	3.16E-02
821	0.130467817	9.88E-02	1.62E-01	3.17E-02
822	0.130915731	9.92E-02	1.63E-01	3.18E-02
823	0.131160066	9.94E-02	1.63E-01	3.18E-02
824	0.131056726	9.93E-02	1.63E-01	3.17E-02
825	0.131212771	9.95E-02	1.63E-01	3.18E-02
826	0.131523132	9.97E-02	1.63E-01	3.18E-02
827	0.131910324	1.00E-01	1.64E-01	3.18E-02
828	0.132087201	1.00E-01	1.64E-01	3.18E-02
829	0.132235453	1.00E-01	1.64E-01	3.18E-02
830	0.132417306	1.01E-01	1.64E-01	3.18E-02
831	0.132622659	1.01E-01	1.64E-01	3.18E-02
832	0.132795349	1.01E-01	1.65E-01	3.18E-02
833	0.132962525	1.01E-01	1.65E-01	3.18E-02
834	0.133172274	1.01E-01	1.65E-01	3.19E-02
835	0.13338995	1.02E-01	1.65E-01	3.19E-02
836	0.133586541	1.02E-01	1.65E-01	3.19E-02
837	0.133749783	1.02E-01	1.66E-01	3.19E-02
838	0.133955583	1.02E-01	1.66E-01	3.19E-02
839	0.134187028	1.02E-01	1.66E-01	3.19E-02
840	0.134444669	1.03E-01	1.66E-01	3.19E-02
841	0.13465111	1.03E-01	1.67E-01	3.19E-02
842	0.134878948	1.03E-01	1.67E-01	3.20E-02
843	0.135132492	1.03E-01	1.67E-01	3.20E-02
844	0.135354698	1.03E-01	1.67E-01	3.20E-02
845	0.135562569	1.04E-01	1.68E-01	3.20E-02
846	0.135769516	1.04E-01	1.68E-01	3.20E-02
847	0.136010244	1.04E-01	1.68E-01	3.20E-02
848	0.136289075	1.04E-01	1.68E-01	3.21E-02
849	0.136587009	1.05E-01	1.69E-01	3.21E-02
850	0.136885926	1.05E-01	1.69E-01	3.21E-02
851	0.136980653	1.05E-01	1.69E-01	3.21E-02
852	0.137177512	1.05E-01	1.69E-01	3.21E-02
853	0.137542546	1.05E-01	1.70E-01	3.21E-02
854	0.137820289	1.06E-01	1.70E-01	3.22E-02
855	0.13809903	1.06E-01	1.70E-01	3.22E-02
856	0.138329461	1.06E-01	1.70E-01	3.22E-02
857	0.138390794	1.06E-01	1.71E-01	3.22E-02
858	0.138644248	1.06E-01	1.71E-01	3.22E-02
859	0.138977528	1.07E-01	1.71E-01	3.22E-02
860	0.139297977	1.07E-01	1.72E-01	3.22E-02
861	0.139464781	1.07E-01	1.72E-01	3.23E-02
862	0.139630556	1.07E-01	1.72E-01	3.23E-02
863	0.139794394	1.08E-01	1.72E-01	3.23E-02
864	0.140121937	1.08E-01	1.72E-01	3.23E-02
865	0.140468806	1.08E-01	1.73E-01	3.23E-02
866	0.140823022	1.09E-01	1.73E-01	3.23E-02
867	0.141042158	1.09E-01	1.73E-01	3.23E-02
868	0.14126116	1.09E-01	1.74E-01	3.23E-02
869	0.141494408	1.09E-01	1.74E-01	3.23E-02
870	0.14177157	1.09E-01	1.74E-01	3.24E-02
871	0.141989931	1.10E-01	1.74E-01	3.24E-02
872	0.142176613	1.10E-01	1.75E-01	0.032381322
873	0.14229551	1.10E-01	1.75E-01	3.24E-02
874	0.14264062	1.10E-01	1.75E-01	3.24E-02
875	0.142894194	1.10E-01	1.75E-01	3.24E-02
876	0.1431005	1.11E-01	1.75E-01	3.24E-02
877	0.143384606	1.11E-01	1.76E-01	0.032395963
878	0.143604279	1.11E-01	1.76E-01	3.24E-02
879	0.143836111	1.11E-01	1.76E-01	3.24E-02
880	0.144057989	1.12E-01	1.76E-01	0.032427404
881	0.144319743	1.12E-01	1.77E-01	3.24E-02
882	0.144539878	1.12E-01	1.77E-01	3.24E-02
883	0.144691274	1.12E-01	1.77E-01	3.25E-02
884	0.144959062	1.13E-01	1.77E-01	3.24E-02
885	0.145250797	1.13E-01	1.78E-01	3.24E-02
886	0.145538211	1.13E-01	1.78E-01	3.24E-02
887	0.145746648	1.13E-01	1.78E-01	3.24E-02
888	0.145937443	1.14E-01	1.78E-01	3.24E-02
889	0.146167219	1.14E-01	1.79E-01	3.25E-02
890	0.146460474	1.14E-01	1.79E-01	3.25E-02
891	0.146742791	1.14E-01	1.79E-01	3.25E-02
892	0.147006035	1.15E-01	1.80E-01	3.25E-02
893	0.147232786	1.15E-01	1.80E-01	3.25E-02
894	0.147611588	1.15E-01	1.80E-01	3.26E-02
895	0.148054227	1.15E-01	1.81E-01	3.26E-02
896	0.148563698	1.16E-01	1.81E-01	3.26E-02
897	0.148947641	1.16E-01	1.82E-01	0.032609899
898	0.14936167	1.17E-01	1.82E-01	3.26E-02
899	0.149816006	1.17E-01	1.82E-01	3.26E-02
900	0.15026769	1.18E-01	1.83E-01	3.26E-02
901	0.150538146	1.18E-01	1.83E-01	0.032607727
902	0.150705367	1.18E-01	1.83E-01	0.03258099
903	0.150736526	1.18E-01	1.83E-01	3.26E-02
904	0.150719702	1.18E-01	1.83E-01	3.26E-02
905	0.150888547	1.18E-01	1.84E-01	3.27E-02
906	0.151274949	1.19E-01	1.84E-01	3.27E-02
907	0.151691526	1.19E-01	1.84E-01	3.26E-02
908	0.152184188	1.20E-01	1.85E-01	0.032661784
909	0.152676687	1.20E-01	1.85E-01	3.27E-02
910	0.153065309	1.20E-01	1.86E-01	3.27E-02
911	0.153227419	1.21E-01	1.86E-01	3.27E-02
912	0.153373167	1.21E-01	1.86E-01	3.27E-02
913	0.153603032	1.21E-01	1.86E-01	3.27E-02
914	0.154035166	1.21E-01	1.87E-01	3.27E-02
915	0.154333606	1.22E-01	1.87E-01	3.27E-02
916	0.154479325	1.22E-01	1.87E-01	3.27E-02
917	0.15468739	1.22E-01	1.87E-01	3.26E-02
918	0.154926807	1.22E-01	1.88E-01	3.26E-02
919	0.155152008	1.23E-01	1.88E-01	0.032529391
920	0.155267447	1.23E-01	1.88E-01	3.26E-02
921	0.155399144	1.23E-01	1.88E-01	3.26E-02
922	0.155517489	1.23E-01	1.88E-01	3.26E-02
923	0.155641809	1.23E-01	1.88E-01	3.25E-02
924	0.155881941	1.23E-01	1.88E-01	3.25E-02
925	0.15615508	1.24E-01	1.89E-01	3.25E-02
926	0.156492665	1.24E-01	1.89E-01	3.26E-02
927	0.156821564	1.24E-01	1.89E-01	3.26E-02
928	0.157062322	1.24E-01	1.90E-01	0.032680482
929	0.157325447	1.25E-01	1.90E-01	3.27E-02
930	0.158060819	1.25E-01	1.91E-01	0.03261001
931	0.158692226	1.26E-01	1.91E-01	3.26E-02
932	0.159395784	1.27E-01	1.92E-01	3.25E-02
933	0.160356075	1.28E-01	1.93E-01	3.24E-02
934	0.161268741	1.29E-01	1.94E-01	3.23E-02
935	0.162015587	1.30E-01	1.94E-01	3.22E-02
936	0.162451938	1.30E-01	1.95E-01	0.032164816
937	0.162452817	1.30E-01	1.94E-01	3.20E-02
938	0.162487522	1.31E-01	1.94E-01	3.19E-02
939	0.162464842	1.31E-01	1.94E-01	3.19E-02
940	0.162101105	1.30E-01	1.94E-01	3.20E-02
941	0.162063867	1.30E-01	1.94E-01	3.20E-02
942	0.162181035	1.30E-01	1.94E-01	3.20E-02
943	0.16245608	1.31E-01	1.94E-01	3.19E-02
944	0.162737221	1.31E-01	1.94E-01	3.16E-02
945	0.163276181	1.32E-01	1.95E-01	3.15E-02
946	0.164118946	1.33E-01	1.96E-01	3.14E-02
947	0.163806334	1.33E-01	1.95E-01	3.12E-02
948	0.163713425	1.33E-01	1.95E-01	3.11E-02
949	0.163780615	1.33E-01	1.95E-01	3.12E-02
950	0.163825005	1.33E-01	1.95E-01	3.11E-02
951	0.164143398	1.33E-01	1.95E-01	0.030874029
952	0.164345354	1.34E-01	1.95E-01	3.06E-02
953	0.16394712	1.34E-01	1.94E-01	3.04E-02
954	0.164214522	1.34E-01	1.95E-01	3.03E-02
955	0.164415359	1.34E-01	1.95E-01	3.02E-02
956	0.164424583	1.34E-01	1.94E-01	3.00E-02
957	0.164433494	1.35E-01	1.94E-01	2.99E-02
958	0.164436743	1.35E-01	1.94E-01	2.98E-02
959	0.164501786	1.35E-01	1.94E-01	2.98E-02
960	0.164919779	1.35E-01	1.95E-01	0.0296201
961	0.165199548	1.36E-01	1.95E-01	2.95E-02
962	0.165394112	1.36E-01	1.95E-01	2.93E-02
963	0.165538371	1.36E-01	1.95E-01	2.91E-02
964	0.16530481	1.36E-01	1.94E-01	2.90E-02
965	0.165113986	1.36E-01	1.94E-01	2.90E-02
966	0.165053815	1.36E-01	1.94E-01	2.90E-02
967	0.165478542	1.37E-01	1.94E-01	0.028898312
968	0.165512383	1.37E-01	1.94E-01	2.89E-02
969	0.165306702	1.36E-01	1.94E-01	2.89E-02
970	0.165728167	1.37E-01	1.95E-01	2.88E-02
971	0.165780842	1.37E-01	1.95E-01	2.88E-02
972	0.165688127	1.37E-01	1.95E-01	2.89E-02
973	0.16557245	1.37E-01	1.94E-01	0.028878428
974	0.165733293	1.37E-01	1.95E-01	2.89E-02
975	0.166113913	1.37E-01	1.95E-01	2.88E-02
976	0.166752785	1.38E-01	1.96E-01	2.88E-02
977	0.167167261	1.38E-01	1.96E-01	2.87E-02
978	0.167296186	1.39E-01	1.96E-01	2.87E-02
979	0.167264879	1.38E-01	1.96E-01	2.88E-02
980	0.167470217	1.39E-01	1.96E-01	2.87E-02
981	0.167511582	1.39E-01	1.96E-01	2.87E-02
982	0.167596653	1.39E-01	1.96E-01	2.87E-02
983	0.168060422	1.39E-01	1.97E-01	0.028725091
984	0.168159857	1.39E-01	1.97E-01	2.87E-02
985	0.168319076	1.40E-01	1.97E-01	2.87E-02
986	0.168688223	1.40E-01	1.97E-01	2.88E-02
987	0.168453485	1.40E-01	1.97E-01	2.88E-02
988	0.16854997	1.40E-01	1.97E-01	2.89E-02
989	0.168973833	1.40E-01	1.98E-01	2.90E-02
990	0.168801293	1.40E-01	1.98E-01	2.89E-02
991	0.169264704	1.40E-01	1.98E-01	2.89E-02
992	0.170000389	1.41E-01	1.99E-01	2.89E-02
993	0.170491636	1.42E-01	1.99E-01	2.89E-02
994	0.170778111	1.42E-01	2.00E-01	2.90E-02
995	0.171022475	1.42E-01	2.00E-01	2.91E-02
996	0.171190113	1.42E-01	2.00E-01	2.92E-02
997	0.171423331	1.42E-01	2.01E-01	2.91E-02
998	0.171736822	1.43E-01	2.01E-01	0.029122008
999	0.172164053	1.43E-01	2.01E-01	2.93E-02
1000	0.172781527	1.44E-01	2.02E-01	2.93E-02
1001	0.16937764	1.41E-01	1.98E-01	2.88E-02
1002	0.169723451	1.41E-01	1.98E-01	0.028688358
1003	0.170133635	1.41E-01	1.99E-01	2.87E-02
1004	0.170527846	1.42E-01	1.99E-01	2.87E-02
1005	0.170907348	1.42E-01	2.00E-01	2.88E-02
1006	0.171259284	1.42E-01	2.00E-01	2.90E-02
1007	0.171572655	1.42E-01	2.01E-01	0.029105281
1008	0.171913281	1.43E-01	2.01E-01	2.92E-02
1009	0.172302052	1.43E-01	2.01E-01	2.92E-02
1010	0.172702402	1.44E-01	2.02E-01	0.029174218
1011	0.173080176	1.44E-01	2.02E-01	2.92E-02
1012	0.173445553	1.44E-01	2.03E-01	2.93E-02
1013	0.173787832	1.44E-01	2.03E-01	2.93E-02
1014	0.174140543	1.45E-01	2.04E-01	2.94E-02
1015	0.174546465	1.45E-01	2.04E-01	2.95E-02
1016	0.175015464	1.46E-01	2.04E-01	2.95E-02
1017	0.175446123	1.46E-01	2.05E-01	2.95E-02
1018	0.175728366	1.46E-01	2.05E-01	2.95E-02
1019	0.176011398	1.46E-01	2.06E-01	2.95E-02
1020	0.176377848	1.47E-01	2.06E-01	2.96E-02
1021	0.176825434	1.47E-01	2.07E-01	2.97E-02
1022	0.177253231	1.47E-01	2.07E-01	2.98E-02
1023	0.177618608	1.48E-01	2.07E-01	2.98E-02
1024	0.178025052	1.48E-01	2.08E-01	2.99E-02
1025	0.178444564	1.49E-01	2.08E-01	2.99E-02
1026	0.178814724	1.49E-01	2.09E-01	2.99E-02
1027	0.17918247	1.49E-01	2.09E-01	3.00E-02
1028	0.179578766	1.50E-01	2.10E-01	3.01E-02
1029	0.179905728	1.50E-01	2.10E-01	3.01E-02
1030	0.18023935	1.50E-01	2.10E-01	3.01E-02
1031	0.180631965	1.50E-01	2.11E-01	3.02E-02
1032	0.180949733	1.51E-01	2.11E-01	3.02E-02
1033	0.181331098	1.51E-01	2.12E-01	3.03E-02
1034	0.181788355	1.51E-01	2.12E-01	3.04E-02
1035	0.182200074	1.52E-01	2.13E-01	3.04E-02
1036	0.182597265	1.52E-01	2.13E-01	3.05E-02
1037	0.1829945	1.52E-01	2.13E-01	3.05E-02
1038	0.183409169	1.53E-01	2.14E-01	3.05E-02
1039	0.183813989	1.53E-01	2.14E-01	3.05E-02
1040	0.184263915	1.54E-01	2.15E-01	3.06E-02
1041	0.184687555	1.54E-01	2.15E-01	3.07E-02
1042	0.18500033	1.54E-01	2.16E-01	3.08E-02
1043	0.185318723	1.55E-01	2.16E-01	3.08E-02
1044	0.18571347	1.55E-01	2.17E-01	0.030835684
1045	0.186063468	1.55E-01	2.17E-01	3.09E-02
1046	0.186359033	1.55E-01	2.17E-01	3.10E-02
1047	0.186794758	1.56E-01	2.18E-01	3.11E-02
1048	0.187212959	1.56E-01	2.18E-01	3.11E-02
1049	0.187506959	1.56E-01	2.19E-01	3.11E-02
1050	0.187831536	1.57E-01	2.19E-01	3.12E-02
1051	0.188292086	1.57E-01	2.19E-01	0.031118169
1052	0.188758299	1.58E-01	2.20E-01	3.11E-02
1053	0.189154416	1.58E-01	2.20E-01	3.12E-02
1054	0.189548388	1.58E-01	2.21E-01	3.13E-02
1055	0.189917818	1.59E-01	2.21E-01	3.13E-02
1056	0.190237194	1.59E-01	2.22E-01	3.14E-02
1057	0.190608159	1.59E-01	2.22E-01	3.14E-02
1058	0.191058904	1.60E-01	2.23E-01	3.15E-02
1059	0.191465527	1.60E-01	2.23E-01	3.15E-02
1060	0.191773668	1.60E-01	2.23E-01	3.15E-02
1061	0.19212608	1.61E-01	2.24E-01	3.16E-02
1062	0.192466006	1.61E-01	2.24E-01	3.16E-02
1063	0.192856833	1.61E-01	2.25E-01	3.17E-02
1064	0.193239436	1.62E-01	2.25E-01	0.031678993
1065	0.193590194	1.62E-01	2.25E-01	3.16E-02
1066	0.193983272	1.62E-01	2.26E-01	3.17E-02
1067	0.194332659	1.63E-01	2.26E-01	3.18E-02
1068	0.194688946	1.63E-01	2.27E-01	3.18E-02
1069	0.195071727	1.63E-01	2.27E-01	3.18E-02
1070	0.1954844	1.64E-01	2.27E-01	3.19E-02
1071	0.195927233	1.64E-01	2.28E-01	0.03193121
1072	0.196329311	1.64E-01	2.28E-01	3.19E-02
1073	0.196697578	1.65E-01	2.29E-01	3.19E-02
1074	0.197021589	1.65E-01	2.29E-01	3.19E-02
1075	0.197357431	1.65E-01	2.29E-01	3.20E-02
1076	0.197732612	1.66E-01	2.30E-01	3.19E-02
1077	0.198117256	1.66E-01	2.30E-01	3.19E-02
1078	0.198457971	1.67E-01	2.30E-01	3.19E-02
1079	0.198763728	1.67E-01	2.31E-01	3.19E-02
1080	0.199163869	1.67E-01	2.31E-01	3.18E-02
1081	0.199586734	1.68E-01	2.31E-01	0.031864695
1082	0.200028405	1.68E-01	2.32E-01	3.19E-02
1083	0.200453997	1.69E-01	2.32E-01	3.19E-02
1084	0.200888872	1.69E-01	2.33E-01	3.19E-02
1085	0.201248363	1.69E-01	2.33E-01	0.031895075
1086	0.201602697	1.70E-01	2.33E-01	0.031856082
1087	0.20197089	1.70E-01	2.34E-01	3.19E-02
1088	0.202378601	1.70E-01	2.34E-01	0.031984668
1089	0.202815861	1.71E-01	2.35E-01	3.20E-02
1090	0.203246579	1.71E-01	2.35E-01	3.19E-02
1091	0.203615889	1.72E-01	2.36E-01	3.19E-02
1092	0.203913361	1.72E-01	2.36E-01	3.19E-02
1093	0.204315573	1.72E-01	2.36E-01	3.19E-02
1094	0.204784781	1.73E-01	2.37E-01	3.19E-02
1095	0.205273166	1.73E-01	2.37E-01	3.19E-02
1096	0.205815524	1.74E-01	2.38E-01	3.19E-02
1097	0.206317678	1.74E-01	2.38E-01	3.18E-02
1098	0.206728175	1.75E-01	2.39E-01	3.19E-02
1099	0.207135707	1.75E-01	2.39E-01	3.19E-02
1100	0.207552433	1.76E-01	2.39E-01	3.19E-02
1101	0.207958728	1.76E-01	2.40E-01	3.19E-02
1102	0.208446532	1.77E-01	2.40E-01	3.19E-02
1103	0.208947822	1.77E-01	2.41E-01	3.20E-02
1104	0.209467441	1.78E-01	2.41E-01	3.20E-02
1105	0.209987208	1.78E-01	2.42E-01	3.19E-02
1106	0.210407466	1.78E-01	2.42E-01	3.19E-02
1107	0.21081005	1.79E-01	2.43E-01	3.19E-02
1108	0.2112322	1.79E-01	2.43E-01	3.19E-02
1109	0.211695522	1.80E-01	2.44E-01	0.032026507
1110	0.212208927	1.80E-01	2.44E-01	3.21E-02
1111	0.212801158	1.81E-01	2.45E-01	3.22E-02
1112	0.213410392	1.81E-01	2.46E-01	3.23E-02
1113	0.214043155	1.82E-01	2.46E-01	3.24E-02
1114	0.214677453	1.82E-01	2.47E-01	3.24E-02
1115	0.21528469	1.83E-01	2.48E-01	3.25E-02
1116	0.216029361	1.83E-01	2.49E-01	3.25E-02
1117	0.216892853	1.84E-01	2.49E-01	3.25E-02
1118	0.217879653	1.85E-01	2.50E-01	3.24E-02
1119	0.219028428	1.87E-01	2.51E-01	3.24E-02
1120	0.220324352	1.88E-01	2.53E-01	3.25E-02
1121	0.22122173	1.89E-01	2.54E-01	3.26E-02
1122	0.22214292	1.89E-01	2.55E-01	3.28E-02
1123	0.222809315	1.90E-01	2.56E-01	3.28E-02
1124	0.223433256	1.91E-01	2.56E-01	0.032771673
1125	0.223873869	1.91E-01	2.57E-01	3.26E-02
1126	0.224231288	1.92E-01	2.57E-01	3.24E-02
1127	0.224320978	1.92E-01	2.57E-01	3.23E-02
1128	0.224204957	1.92E-01	2.56E-01	3.22E-02
1129	0.224068761	1.92E-01	2.56E-01	3.21E-02
1130	0.223888785	1.92E-01	2.56E-01	3.21E-02
1131	0.223661765	1.92E-01	2.56E-01	0.032059446
1132	0.223350182	1.91E-01	2.55E-01	3.20E-02
1133	0.223145857	1.91E-01	2.55E-01	3.20E-02
1134	0.223195836	1.91E-01	2.55E-01	3.22E-02
1135	0.223203674	1.91E-01	2.55E-01	3.23E-02
1136	0.222901583	1.91E-01	2.55E-01	3.22E-02
1137	0.222628325	1.91E-01	2.55E-01	3.20E-02
1138	0.222489208	1.90E-01	2.54E-01	3.20E-02
1139	0.22238718	1.90E-01	2.54E-01	3.20E-02
1140	0.222363144	1.90E-01	2.54E-01	0.031960592
1141	0.222351193	1.90E-01	2.54E-01	3.20E-02
1142	0.222403973	1.90E-01	2.54E-01	3.20E-02
1143	0.2224814	1.90E-01	2.55E-01	3.21E-02
1144	0.222515598	1.90E-01	2.55E-01	3.22E-02
1145	0.222532541	1.90E-01	2.55E-01	3.23E-02
1146	0.222384304	1.90E-01	2.55E-01	3.24E-02
1147	0.222094074	1.90E-01	2.54E-01	3.24E-02
1148	0.221815109	1.89E-01	2.54E-01	3.24E-02
1149	0.221609786	1.89E-01	2.54E-01	3.25E-02
1150	0.221406236	1.89E-01	2.54E-01	3.26E-02
1151	0.221175298	1.89E-01	2.54E-01	3.26E-02
1152	0.220914572	1.88E-01	2.54E-01	0.032612182
1153	0.220491782	1.88E-01	2.53E-01	3.25E-02
1154	0.220116422	1.88E-01	2.53E-01	0.032500584
1155	0.219834	1.87E-01	2.52E-01	3.26E-02
1156	0.219582438	1.87E-01	2.52E-01	3.27E-02
1157	0.219364479	1.87E-01	2.52E-01	3.28E-02
1158	0.21912016	1.86E-01	2.52E-01	3.29E-02
1159	0.219001725	1.86E-01	2.52E-01	3.29E-02
1160	0.218886629	1.86E-01	2.52E-01	3.30E-02
1161	0.21877557	1.86E-01	2.52E-01	3.30E-02
1162	0.218669415	1.86E-01	2.52E-01	3.31E-02
1163	0.218636155	1.85E-01	2.52E-01	3.31E-02
1164	0.218611598	1.85E-01	2.52E-01	0.033224344
1165	0.218605861	1.85E-01	2.52E-01	3.33E-02
1166	0.218639642	1.85E-01	2.52E-01	3.34E-02
1167	0.218682274	1.85E-01	2.52E-01	0.033421453
1168	0.218796343	1.85E-01	2.52E-01	3.35E-02
1169	0.218911618	1.85E-01	2.52E-01	3.36E-02
1170	0.21903488	1.85E-01	2.53E-01	0.033620611
1171	0.219146207	1.85E-01	2.53E-01	3.37E-02
1172	0.219328076	1.86E-01	2.53E-01	3.37E-02
1173	0.219526976	1.86E-01	2.53E-01	3.38E-02
1174	0.219679475	1.86E-01	2.54E-01	3.39E-02
1175	0.219830483	1.86E-01	2.54E-01	3.40E-02
1176	0.219993293	1.86E-01	2.54E-01	3.40E-02
1177	0.220179528	1.86E-01	2.54E-01	3.41E-02
1178	0.220447585	1.86E-01	2.55E-01	3.42E-02
1179	0.220732242	1.86E-01	2.55E-01	3.42E-02
1180	0.220981508	1.87E-01	2.55E-01	3.44E-02
1181	0.221217185	1.87E-01	2.56E-01	3.45E-02
1182	0.221417978	1.87E-01	2.56E-01	3.46E-02
1183	0.22163184	1.87E-01	2.56E-01	3.46E-02
1184	0.221843168	1.87E-01	2.57E-01	3.47E-02
1185	0.222052485	1.87E-01	2.57E-01	3.48E-02
1186	0.222295046	1.87E-01	2.57E-01	0.034907017
1187	0.222532406	1.88E-01	2.57E-01	3.50E-02
1188	0.222743854	1.88E-01	2.58E-01	3.50E-02
1189	0.222889289	1.88E-01	2.58E-01	3.50E-02
1190	0.223041564	1.88E-01	2.58E-01	3.51E-02
1191	0.223239735	1.88E-01	2.58E-01	3.52E-02
1192	0.223463967	1.88E-01	2.59E-01	3.53E-02
1193	0.223764956	1.88E-01	2.59E-01	3.53E-02
1194	0.224041104	1.89E-01	2.59E-01	3.54E-02
1195	0.224320218	1.89E-01	2.60E-01	3.55E-02
1196	0.224572733	1.89E-01	2.60E-01	3.55E-02
1197	0.224769562	1.89E-01	2.60E-01	3.56E-02
1198	0.224960878	1.89E-01	2.61E-01	3.57E-02
1199	0.225213066	1.89E-01	2.61E-01	3.58E-02
1200	0.225483969	1.90E-01	2.61E-01	3.58E-02
1201	0.225778475	1.90E-01	2.62E-01	3.59E-02
1202	0.22608754	1.90E-01	2.62E-01	3.60E-02
1203	0.226449668	1.90E-01	2.63E-01	3.61E-02
1204	0.22681126	1.91E-01	2.63E-01	3.61E-02
1205	0.227140844	1.91E-01	2.63E-01	3.62E-02
1206	0.227399483	1.91E-01	2.64E-01	3.63E-02
1207	0.227684692	1.91E-01	2.64E-01	3.63E-02
1208	0.227933884	1.92E-01	2.64E-01	3.64E-02
1209	0.228226542	1.92E-01	2.65E-01	3.65E-02
1210	0.228579447	1.92E-01	2.65E-01	3.65E-02
1211	0.228936732	1.92E-01	2.65E-01	3.65E-02
1212	0.229239255	1.93E-01	2.66E-01	3.66E-02
1213	0.229543179	1.93E-01	2.66E-01	3.66E-02
1214	0.229909927	1.93E-01	2.67E-01	3.67E-02
1215	0.230272248	1.94E-01	2.67E-01	3.67E-02
1216	0.230669275	1.94E-01	2.67E-01	3.68E-02
1217	0.231066465	1.94E-01	2.68E-01	3.69E-02
1218	0.231448844	1.94E-01	2.68E-01	3.70E-02
1219	0.231820613	1.95E-01	2.69E-01	3.70E-02
1220	0.232207745	1.95E-01	2.69E-01	3.70E-02
1221	0.23260127	1.96E-01	2.70E-01	3.71E-02
1222	0.23299177	1.96E-01	2.70E-01	3.71E-02
1223	0.233410954	1.96E-01	2.71E-01	3.72E-02
1224	0.233843759	1.97E-01	2.71E-01	3.73E-02
1225	0.234267041	1.97E-01	2.72E-01	3.73E-02
1226	0.234705076	1.97E-01	2.72E-01	3.74E-02
1227	0.235099882	1.98E-01	2.73E-01	3.75E-02
1228	0.235521689	1.98E-01	2.73E-01	3.76E-02
1229	0.23597008	1.98E-01	2.74E-01	3.76E-02
1230	0.236442059	1.99E-01	2.74E-01	3.77E-02
1231	0.236875519	1.99E-01	2.75E-01	3.78E-02
1232	0.237334624	2.00E-01	2.75E-01	3.78E-02
1233	0.237853959	2.00E-01	2.76E-01	3.79E-02
1234	0.238339975	2.00E-01	2.76E-01	3.80E-02
1235	0.238713041	2.01E-01	2.77E-01	3.80E-02
1236	0.239057556	2.01E-01	2.77E-01	3.81E-02
1237	0.23953113	2.01E-01	2.78E-01	3.82E-02
1238	0.239991501	2.02E-01	2.78E-01	0.038230624
1239	0.24042514	2.02E-01	2.79E-01	3.83E-02
1240	0.240846843	2.02E-01	2.79E-01	3.84E-02
1241	0.241278917	2.03E-01	2.80E-01	3.85E-02
1242	0.241686404	2.03E-01	2.80E-01	3.86E-02
1243	0.242162228	2.04E-01	2.81E-01	3.86E-02
1244	0.242659271	2.04E-01	2.81E-01	3.87E-02
1245	0.243150204	2.04E-01	2.82E-01	3.88E-02
1246	0.243613094	2.05E-01	2.82E-01	3.88E-02
1247	0.244115889	2.05E-01	2.83E-01	3.89E-02
1248	0.244598448	2.06E-01	2.84E-01	3.90E-02
1249	0.245094001	2.06E-01	2.84E-01	0.039118517
1250	0.245597884	2.06E-01	2.85E-01	3.92E-02
1251	0.246109515	2.07E-01	2.85E-01	3.93E-02
1252	0.246546715	2.07E-01	2.86E-01	3.94E-02
1253	0.246978879	2.08E-01	2.86E-01	3.95E-02
1254	0.247450814	2.08E-01	2.87E-01	3.96E-02
1255	0.247884423	2.08E-01	2.88E-01	3.96E-02
1256	0.248299092	2.09E-01	2.88E-01	3.97E-02
1257	0.248692974	2.09E-01	2.88E-01	0.039805245
1258	0.249141365	2.09E-01	2.89E-01	3.99E-02
1259	0.24960053	2.10E-01	2.90E-01	4.00E-02
1260	0.250068277	2.10E-01	2.90E-01	0.040097713
1261	0.250543267	2.10E-01	2.91E-01	4.02E-02
1262	0.251049489	2.11E-01	2.91E-01	4.03E-02
1263	0.251563132	2.11E-01	2.92E-01	4.04E-02
1264	0.25203684	2.12E-01	2.92E-01	4.05E-02
1265	0.252522677	2.12E-01	2.93E-01	4.05E-02
1266	0.252962172	2.12E-01	2.94E-01	4.06E-02
1267	0.253337711	2.13E-01	2.94E-01	4.07E-02
1268	0.253740728	2.13E-01	2.95E-01	4.08E-02
1269	0.254140526	2.13E-01	2.95E-01	4.09E-02
1270	0.254547864	2.14E-01	2.96E-01	4.10E-02
1271	0.254905701	2.14E-01	2.96E-01	4.11E-02
1272	0.255249143	2.14E-01	2.96E-01	4.11E-02
1273	0.255597174	2.14E-01	2.97E-01	4.13E-02
1274	0.255941123	2.15E-01	2.97E-01	4.14E-02
1275	0.25633055	2.15E-01	2.98E-01	0.041454129
1276	0.25666827	2.15E-01	2.98E-01	4.16E-02
1277	0.257004142	2.15E-01	2.99E-01	4.16E-02
1278	0.257302344	2.16E-01	2.99E-01	4.17E-02
1279	0.257635355	2.16E-01	2.99E-01	0.041861679
1280	0.257954985	2.16E-01	3.00E-01	4.20E-02
1281	0.258342832	2.16E-01	3.00E-01	4.21E-02
1282	0.258704752	2.16E-01	3.01E-01	4.22E-02
1283	0.259114891	2.17E-01	3.01E-01	4.24E-02
1284	0.259497613	2.17E-01	3.02E-01	4.25E-02
1285	0.259878427	2.17E-01	3.03E-01	4.26E-02
1286	0.260265589	2.18E-01	3.03E-01	4.28E-02
1287	0.260671526	2.18E-01	3.04E-01	4.29E-02
1288	0.261112303	2.18E-01	3.04E-01	0.043035202
1289	0.261529058	2.18E-01	3.05E-01	0.04318266
1290	0.261904061	2.19E-01	3.05E-01	4.33E-02
1291	0.262264997	2.19E-01	3.06E-01	4.35E-02
1292	0.26260826	2.19E-01	3.06E-01	0.043630488
1293	0.262982547	2.19E-01	3.07E-01	4.38E-02
1294	0.263388842	2.19E-01	3.07E-01	4.40E-02
1295	0.263723761	2.20E-01	3.08E-01	4.41E-02
1296	0.26398614	2.20E-01	3.08E-01	4.43E-02
1297	0.264315188	2.20E-01	3.09E-01	4.45E-02
1298	0.26480189	2.20E-01	3.09E-01	0.044654593
1299	0.265267193	2.20E-01	3.10E-01	4.48E-02
1300	0.265657216	2.21E-01	3.11E-01	4.50E-02
1301	0.266072333	2.21E-01	3.11E-01	4.52E-02
1302	0.266409397	2.21E-01	3.12E-01	4.53E-02
1303	0.266779393	2.21E-01	3.12E-01	4.55E-02
1304	0.267139107	2.21E-01	3.13E-01	4.57E-02
1305	0.267501116	2.22E-01	3.13E-01	4.59E-02
1306	0.267777056	2.22E-01	3.14E-01	0.046089057
1307	0.268114507	2.22E-01	3.14E-01	4.63E-02
1308	0.268433571	2.22E-01	3.15E-01	0.046444621
1309	0.268763065	2.22E-01	3.15E-01	0.046591505
1310	0.2690171	2.22E-01	3.16E-01	4.68E-02
1311	0.26926133	2.22E-01	3.16E-01	4.70E-02
1312	0.269516528	2.22E-01	3.17E-01	0.047140222
1313	0.269824803	2.22E-01	3.17E-01	4.73E-02
1314	0.270110965	2.23E-01	3.18E-01	4.75E-02
1315	0.27038148	2.23E-01	3.18E-01	4.77E-02
1316	0.270619541	2.23E-01	3.18E-01	4.78E-02
1317	0.270831198	2.23E-01	3.19E-01	0.04793977
1318	0.271047264	2.23E-01	3.19E-01	4.82E-02
1319	0.271287173	2.23E-01	3.20E-01	4.85E-02
1320	0.271517783	2.23E-01	3.20E-01	4.87E-02
1321	0.271669805	2.23E-01	3.21E-01	4.88E-02
1322	0.271804094	2.23E-01	3.21E-01	4.90E-02
1323	0.272007048	2.23E-01	3.21E-01	4.91E-02
1324	0.272218853	2.23E-01	3.22E-01	4.93E-02
1325	0.272380203	2.23E-01	3.22E-01	4.95E-02
1326	0.272551477	2.23E-01	3.22E-01	4.97E-02
1327	0.272728056	2.23E-01	3.23E-01	4.99E-02
1328	0.272932678	2.23E-01	3.23E-01	5.01E-02
1329	0.273044795	2.23E-01	3.23E-01	5.03E-02
1330	0.273207068	2.23E-01	3.24E-01	5.05E-02
1331	0.273369461	2.23E-01	3.24E-01	5.07E-02
1332	0.273523688	2.23E-01	3.25E-01	5.10E-02
1333	0.273575187	2.23E-01	3.25E-01	5.10E-02
1334	0.273617387	2.22E-01	3.25E-01	5.11E-02
1335	0.273519218	2.22E-01	3.25E-01	5.13E-02
1336	0.273393124	2.22E-01	3.25E-01	5.16E-02
1337	0.273300081	2.22E-01	3.25E-01	5.18E-02
1338	0.273198456	2.21E-01	3.25E-01	5.20E-02
1339	0.273183107	2.21E-01	3.25E-01	5.22E-02
1340	0.273208886	2.21E-01	3.26E-01	0.052392554
1341	0.273243666	2.21E-01	3.26E-01	5.26E-02
1342	0.273254454	2.20E-01	3.26E-01	5.28E-02
1343	0.273241401	2.20E-01	3.26E-01	5.30E-02
1344	0.273248583	2.20E-01	3.27E-01	5.33E-02
1345	0.273537487	2.20E-01	3.27E-01	5.35E-02
1346	0.27398622	2.20E-01	3.28E-01	5.35E-02
1347	0.274210513	2.21E-01	3.28E-01	5.36E-02
1348	0.274349928	2.21E-01	3.28E-01	5.38E-02
1349	0.274373919	2.20E-01	3.28E-01	0.053940624
1350	0.274381697	2.20E-01	3.28E-01	5.41E-02
1351	0.274361491	2.20E-01	3.29E-01	0.05437481
1352	0.274125934	2.19E-01	3.29E-01	5.47E-02
1353	0.274331182	2.19E-01	3.29E-01	5.50E-02
1354	0.275166601	2.20E-01	3.30E-01	5.48E-02
1355	0.275237739	2.21E-01	3.30E-01	5.46E-02
1356	0.274137557	2.19E-01	3.29E-01	5.49E-02
1357	0.272217482	2.17E-01	3.27E-01	5.50E-02
1358	0.269408345	2.17E-01	3.22E-01	5.26E-02
1359	0.262693822	2.10E-01	3.15E-01	5.25E-02
1360	0.24494949	1.95E-01	2.94E-01	0.049461305
1361	0.219792664	1.70E-01	2.69E-01	4.95E-02
1362	0.23219654	1.71E-01	2.93E-01	6.11E-02
1363	0.250306487	1.69E-01	3.31E-01	0.080813855
1364	0.241347551	1.86E-01	2.97E-01	5.55E-02
1365	0.233167186	1.31E-01	3.35E-01	0.102070533
1366	0.246964037	1.28E-01	3.66E-01	0.118590929
1367	0.263128281	1.13E-01	4.14E-01	0.15059033
1368	0.27921477	1.37E-01	4.21E-01	0.14189449
1369	0.291829497	1.10E-01	4.74E-01	0.182031974
1370	0.252230287	1.17E-01	3.87E-01	0.13489154
1371	0.221597314	1.03E-01	3.41E-01	0.118982002
1372	0.228202879	1.07E-01	3.49E-01	0.120997265
1373	0.237084284	8.41E-02	3.90E-01	0.152953774
1374	0.259493887	1.29E-01	3.90E-01	0.130453616
1375	0.289413124	1.69E-01	4.10E-01	0.120530389
1376	0.303047657	1.91E-01	4.15E-01	0.111733787
1377	0.292938173	1.77E-01	4.08E-01	0.115498707
1378	0.247170463	1.44E-01	3.51E-01	0.103598654
1379	0.203060299	9.23E-02	3.14E-01	0.110755622
1380	0.201630726	1.02E-01	3.01E-01	9.93E-02
1381	0.230939597	1.32E-01	3.30E-01	9.87E-02
1382	0.264541537	1.62E-01	3.67E-01	0.102620073
1383	0.278606623	1.81E-01	3.76E-01	9.76E-02
1384	0.257483631	1.73E-01	3.41E-01	8.40E-02
1385	0.220199585	1.36E-01	3.04E-01	8.41E-02
1386	0.199789435	1.06E-01	2.94E-01	9.38E-02
1387	0.205433011	1.24E-01	2.87E-01	8.13E-02
1388	0.225192487	1.57E-01	2.93E-01	6.79E-02
1389	0.245543733	1.70E-01	3.21E-01	7.51E-02
1390	0.260601133	1.67E-01	3.54E-01	9.32E-02
1391	0.276708454	1.82E-01	3.71E-01	9.45E-02
1392	0.286379784	1.85E-01	3.87E-01	0.101051852
1393	0.292544782	2.12E-01	3.73E-01	0.080334298
1394	0.295026273	2.22E-01	3.68E-01	7.28E-02
1395	0.289482862	2.15E-01	3.64E-01	7.44E-02
1396	0.288738519	2.06E-01	3.71E-01	8.24E-02
1397	0.285677612	2.06E-01	3.65E-01	7.97E-02
1398	0.280166894	2.01E-01	3.59E-01	7.88E-02
1399	0.26994282	1.89E-01	3.51E-01	8.09E-02
1400	0.264142394	1.81E-01	3.47E-01	8.30E-02
1401	0.26714015	1.86E-01	3.48E-01	8.07E-02
1402	0.268280625	1.87E-01	3.50E-01	8.14E-02
1403	0.268845975	1.88E-01	3.50E-01	8.10E-02
1404	0.270273954	1.90E-01	3.50E-01	8.01E-02
1405	0.265093178	1.94E-01	3.36E-01	7.10E-02
1406	0.259898424	1.96E-01	3.24E-01	0.064172164
1407	0.257174492	1.93E-01	3.21E-01	6.43E-02
1408	0.255324125	1.89E-01	3.21E-01	6.59E-02
1409	0.249174729	1.82E-01	3.16E-01	6.71E-02
1410	0.243921235	1.76E-01	3.12E-01	6.80E-02
1411	0.23950392	1.72E-01	3.07E-01	0.067193978
1412	0.23577027	1.70E-01	3.02E-01	6.62E-02
1413	0.233316153	1.67E-01	2.99E-01	6.60E-02
1414	0.231988803	1.66E-01	2.98E-01	6.58E-02
1415	0.230230644	1.66E-01	2.94E-01	6.39E-02
1416	0.228293076	1.66E-01	2.91E-01	6.22E-02
1417	0.227047145	1.65E-01	2.89E-01	6.17E-02
1418	0.225968108	1.64E-01	2.88E-01	0.061576571
1419	0.22320722	1.62E-01	2.84E-01	6.08E-02
1420	0.220038831	1.60E-01	2.80E-01	5.97E-02
1421	0.217764959	1.59E-01	2.77E-01	5.92E-02
1422	0.216084093	1.57E-01	2.75E-01	5.91E-02
1423	0.214364335	1.56E-01	2.73E-01	5.88E-02
1424	0.212485373	1.54E-01	2.71E-01	5.84E-02
1425	0.210846096	1.53E-01	2.69E-01	5.80E-02
1426	0.209439516	1.52E-01	2.67E-01	5.74E-02
1427	0.208252147	1.51E-01	2.65E-01	5.70E-02
1428	0.20729281	1.50E-01	2.64E-01	5.68E-02
1429	0.206368506	1.50E-01	2.63E-01	5.66E-02
1430	0.205463499	1.49E-01	2.62E-01	5.66E-02
1431	0.204579711	1.48E-01	2.61E-01	5.63E-02
1432	0.203662783	1.48E-01	2.60E-01	5.59E-02
1433	0.202928036	1.47E-01	2.59E-01	0.055785745
1434	0.202572122	1.46E-01	2.59E-01	5.61E-02
1435	0.202113599	1.46E-01	2.58E-01	5.63E-02
1436	0.201207072	1.45E-01	2.57E-01	0.055855606
1437	0.200432003	1.45E-01	2.56E-01	5.55E-02
1438	0.200037435	1.45E-01	2.55E-01	5.52E-02
1439	0.199789584	1.45E-01	2.55E-01	5.50E-02
1440	0.199763134	1.45E-01	2.54E-01	0.054721363
1441	0.199573636	1.45E-01	2.54E-01	5.45E-02
1442	0.198761329	1.44E-01	2.53E-01	5.46E-02
1443	0.197995409	1.43E-01	2.53E-01	5.47E-02
1444	0.197434515	1.42E-01	2.52E-01	5.50E-02
1445	0.197002649	1.42E-01	2.52E-01	5.52E-02
1446	0.19666633	1.42E-01	2.51E-01	5.48E-02
1447	0.196304753	1.42E-01	2.51E-01	5.45E-02
1448	0.195743456	1.41E-01	2.50E-01	5.43E-02
1449	0.195223525	1.41E-01	2.49E-01	5.43E-02
1450	0.194684923	1.41E-01	2.49E-01	5.41E-02
1451	0.194246277	1.40E-01	2.48E-01	0.053890586
1452	0.19413577	1.40E-01	2.48E-01	5.38E-02
1453	0.19407399	1.40E-01	2.48E-01	5.38E-02
1454	0.193855345	1.40E-01	2.48E-01	5.37E-02
1455	0.19363372	1.40E-01	2.47E-01	5.37E-02
1456	0.193349928	1.40E-01	2.47E-01	5.36E-02
1457	0.193103209	1.40E-01	2.47E-01	5.36E-02
1458	0.192896247	1.39E-01	2.46E-01	5.36E-02
1459	0.192657113	1.39E-01	2.46E-01	5.36E-02
1460	0.192574441	1.39E-01	2.46E-01	0.05370713
1461	0.192594111	1.39E-01	2.46E-01	5.39E-02
1462	0.192615271	1.39E-01	2.46E-01	5.38E-02
1463	0.192608371	1.39E-01	2.46E-01	5.36E-02
1464	0.192770556	1.39E-01	2.46E-01	5.36E-02
1465	0.193006977	1.39E-01	2.47E-01	5.37E-02
1466	0.193204343	1.40E-01	2.47E-01	5.37E-02
1467	0.193366826	1.40E-01	2.47E-01	0.053628646
1468	0.193520188	1.40E-01	2.47E-01	5.37E-02
1469	0.1937287	1.40E-01	2.47E-01	5.38E-02
1470	0.193988189	1.40E-01	2.48E-01	5.38E-02
1471	0.194290027	1.40E-01	2.48E-01	5.39E-02
1472	0.194453061	1.40E-01	2.48E-01	5.40E-02
1473	0.194511473	1.41E-01	2.48E-01	5.40E-02
1474	0.194430202	1.41E-01	2.48E-01	5.38E-02
1475	0.194306359	1.41E-01	2.48E-01	5.37E-02
1476	0.194311813	1.41E-01	2.48E-01	5.37E-02
1477	0.194383338	1.41E-01	2.48E-01	5.37E-02
1478	0.19439517	1.41E-01	2.48E-01	5.37E-02
1479	0.194367945	1.41E-01	2.48E-01	5.36E-02
1480	0.194431618	1.41E-01	2.48E-01	5.36E-02
1481	0.194511473	1.41E-01	2.48E-01	0.053590901
1482	0.194565848	1.41E-01	2.48E-01	5.36E-02
1483	0.194680601	1.41E-01	2.48E-01	5.36E-02
1484	0.194796428	1.41E-01	2.48E-01	5.36E-02
1485	0.194842622	1.41E-01	2.48E-01	5.36E-02
1486	0.194890559	1.41E-01	2.48E-01	0.053527582
1487	0.195000798	1.41E-01	2.49E-01	5.35E-02
1488	0.195138186	1.42E-01	2.49E-01	5.35E-02
1489	0.195374042	1.42E-01	2.49E-01	5.35E-02
1490	0.195528805	1.42E-01	2.49E-01	5.35E-02
1491	0.195610002	1.42E-01	2.49E-01	5.35E-02
1492	0.195662692	1.42E-01	2.49E-01	0.053450022
1493	0.195785463	1.42E-01	2.49E-01	5.35E-02
1494	0.195939168	1.42E-01	2.50E-01	5.36E-02
1495	0.196216166	1.43E-01	2.50E-01	5.36E-02
1496	0.196477085	1.43E-01	2.50E-01	5.36E-02
1497	0.19674246	1.43E-01	2.50E-01	5.37E-02
1498	0.197009742	1.43E-01	2.51E-01	5.38E-02
1499	0.19735989	1.44E-01	2.51E-01	5.38E-02
1500	0.197719961	1.44E-01	2.51E-01	5.38E-02
1501	0.198089585	1.44E-01	2.52E-01	5.39E-02
1502	0.198465988	1.44E-01	2.52E-01	5.40E-02
1503	0.198938593	1.45E-01	2.53E-01	0.054049939
1504	0.199387595	1.45E-01	2.54E-01	5.41E-02
1505	0.19990778	1.46E-01	2.54E-01	5.42E-02
1506	0.200436458	1.46E-01	2.55E-01	5.43E-02
1507	0.200892329	1.46E-01	2.55E-01	5.44E-02
1508	0.201331079	1.47E-01	2.56E-01	5.45E-02
1509	0.201841891	1.47E-01	2.56E-01	5.46E-02
1510	0.202334136	1.48E-01	2.57E-01	5.47E-02
1511	0.202860355	1.48E-01	2.58E-01	5.48E-02
1512	0.20334743	1.48E-01	2.58E-01	5.49E-02
1513	0.203750432	1.49E-01	2.59E-01	5.50E-02
1514	0.204162613	1.49E-01	2.59E-01	5.51E-02
1515	0.20464626	1.49E-01	2.60E-01	5.52E-02
1516	0.205147594	1.50E-01	2.60E-01	5.52E-02
1517	0.20555976	1.50E-01	2.61E-01	5.53E-02
1518	0.205971092	1.51E-01	2.61E-01	5.54E-02
1519	0.206459865	1.51E-01	2.62E-01	5.55E-02
1520	0.206962079	1.51E-01	2.63E-01	5.56E-02
1521	0.207351059	1.52E-01	2.63E-01	5.57E-02
1522	0.207722574	1.52E-01	2.63E-01	5.57E-02
1523	0.208153412	1.52E-01	2.64E-01	5.58E-02
1524	0.208590493	1.53E-01	2.64E-01	0.055852834
1525	0.208993107	1.53E-01	2.65E-01	5.59E-02
1526	0.209360167	1.53E-01	2.65E-01	5.59E-02
1527	0.209724993	1.54E-01	2.66E-01	5.60E-02
1528	0.210089728	1.54E-01	2.66E-01	5.60E-02
1529	0.210476354	1.54E-01	2.67E-01	5.61E-02
1530	0.210841805	1.55E-01	2.67E-01	5.61E-02
1531	0.211134955	1.55E-01	2.67E-01	5.61E-02
1532	0.211404622	1.55E-01	2.68E-01	5.62E-02
1533	0.211724162	1.56E-01	2.68E-01	5.62E-02
1534	0.212083399	1.56E-01	2.68E-01	5.63E-02
1535	0.212374985	1.56E-01	2.69E-01	5.63E-02
1536	0.212627932	1.56E-01	2.69E-01	5.64E-02
1537	0.212954208	1.57E-01	2.69E-01	5.64E-02
1538	0.213288039	1.57E-01	2.70E-01	5.64E-02
1539	0.21359387	1.57E-01	2.70E-01	5.64E-02
1540	0.21391657	1.57E-01	2.70E-01	5.65E-02
1541	0.214238688	1.58E-01	2.71E-01	5.65E-02
1542	0.214553714	1.58E-01	2.71E-01	5.65E-02
1543	0.214862511	1.58E-01	2.71E-01	5.65E-02
1544	0.215147436	1.59E-01	2.72E-01	5.66E-02
1545	0.215462685	1.59E-01	2.72E-01	5.66E-02
1546	0.215787202	1.59E-01	2.72E-01	0.056678981
1547	0.216111213	1.59E-01	2.73E-01	5.67E-02
1548	0.216445684	1.60E-01	2.73E-01	5.68E-02
1549	0.216740474	1.60E-01	2.74E-01	5.68E-02
1550	0.217023894	1.60E-01	2.74E-01	5.69E-02
1551	0.217376634	1.60E-01	2.74E-01	5.69E-02
1552	0.217762485	1.61E-01	2.75E-01	5.69E-02
1553	0.218115151	1.61E-01	2.75E-01	5.70E-02
1554	0.218450725	1.61E-01	2.75E-01	5.70E-02
1555	0.218712881	1.62E-01	2.76E-01	5.71E-02
1556	0.21893838	1.62E-01	2.76E-01	5.72E-02
1557	0.219270468	1.62E-01	2.76E-01	5.72E-02
1558	0.219664454	1.62E-01	2.77E-01	5.72E-02
1559	0.220034614	1.63E-01	2.77E-01	5.73E-02
1560	0.220417812	1.63E-01	2.78E-01	5.73E-02
1561	0.220744997	1.63E-01	2.78E-01	5.74E-02
1562	0.221035346	1.64E-01	2.78E-01	5.74E-02
1563	0.221403629	1.64E-01	2.79E-01	5.74E-02
1564	0.221774548	1.64E-01	2.79E-01	5.75E-02
1565	0.222140431	1.65E-01	2.80E-01	5.75E-02
1566	0.222466186	1.65E-01	2.80E-01	5.76E-02
1567	0.222793117	1.65E-01	2.80E-01	5.77E-02
1568	0.223091751	1.65E-01	2.81E-01	5.77E-02
1569	0.22347042	1.66E-01	2.81E-01	5.78E-02
1570	0.223860636	1.66E-01	2.82E-01	5.79E-02
1571	0.224250078	1.66E-01	2.82E-01	5.79E-02
1572	0.22467339	1.67E-01	2.83E-01	0.057980403
1573	0.22507368	1.67E-01	2.83E-01	5.81E-02
1574	0.225454524	1.67E-01	2.84E-01	5.81E-02
1575	0.225847691	1.68E-01	2.84E-01	5.82E-02
1576	0.226246059	1.68E-01	2.85E-01	5.83E-02
1577	0.226586789	1.68E-01	2.85E-01	5.83E-02
1578	0.226866499	1.69E-01	2.85E-01	5.83E-02
1579	0.227236792	1.69E-01	2.86E-01	5.84E-02
1580	0.227612659	1.69E-01	2.86E-01	5.84E-02
1581	0.228001162	1.69E-01	2.87E-01	0.058502585
1582	0.228362545	1.70E-01	2.87E-01	5.86E-02
1583	0.228748962	1.70E-01	2.87E-01	0.058670525
1584	0.229150265	1.70E-01	2.88E-01	5.88E-02
1585	0.229627565	1.71E-01	2.88E-01	5.89E-02
1586	0.230115786	1.71E-01	2.89E-01	5.89E-02
1587	0.230526298	1.72E-01	2.90E-01	5.90E-02
1588	0.230885386	1.72E-01	2.90E-01	5.91E-02
1589	0.231359348	1.72E-01	2.91E-01	5.92E-02
1590	0.231915116	1.73E-01	2.91E-01	5.93E-02
1591	0.232450128	1.73E-01	2.92E-01	5.95E-02
1592	0.232950702	1.73E-01	2.93E-01	5.96E-02
1593	0.233535007	1.74E-01	2.93E-01	5.97E-02
1594	0.234130472	1.74E-01	2.94E-01	5.98E-02
1595	0.234783947	1.75E-01	2.95E-01	6.00E-02
1596	0.23546584	1.75E-01	2.96E-01	6.01E-02
1597	0.236199751	1.76E-01	2.96E-01	0.060270369
1598	0.236933604	1.76E-01	2.97E-01	6.04E-02
1599	0.237704545	1.77E-01	2.98E-01	6.07E-02
1600	0.238474518	1.78E-01	2.99E-01	6.09E-02
1601	0.239276543	1.78E-01	3.00E-01	6.11E-02
1602	0.240065992	1.79E-01	3.01E-01	0.061270323
1603	0.240907624	1.79E-01	3.02E-01	6.15E-02
1604	0.241768196	1.80E-01	3.03E-01	6.17E-02
1605	0.242593497	1.81E-01	3.04E-01	6.19E-02
1606	0.24337095	1.81E-01	3.05E-01	6.20E-02
1607	0.244146526	1.82E-01	3.06E-01	6.22E-02
1608	0.244886786	1.82E-01	3.07E-01	6.24E-02
1609	0.245712742	1.83E-01	3.08E-01	6.27E-02
1610	0.246544108	1.84E-01	3.09E-01	6.29E-02
1611	0.247311443	1.84E-01	3.10E-01	6.31E-02
1612	0.248001516	1.85E-01	3.11E-01	6.33E-02
1613	0.248746142	1.85E-01	3.12E-01	6.35E-02
1614	0.249477819	1.86E-01	3.13E-01	6.37E-02
1615	0.250181794	1.86E-01	3.14E-01	6.38E-02
1616	0.250861377	1.87E-01	3.15E-01	6.40E-02
1617	0.251561403	1.87E-01	3.16E-01	6.41E-02
1618	0.252306849	1.88E-01	3.17E-01	6.43E-02
1619	0.252945811	1.89E-01	3.17E-01	6.44E-02
1620	0.253535181	1.89E-01	3.18E-01	6.46E-02
1621	0.254188329	1.89E-01	3.19E-01	6.48E-02
1622	0.254905641	1.90E-01	3.20E-01	6.49E-02
1623	0.255550981	1.90E-01	3.21E-01	6.51E-02
1624	0.256166935	1.91E-01	3.21E-01	0.065259613
1625	0.256738573	1.91E-01	3.22E-01	6.54E-02
1626	0.257329583	1.92E-01	3.23E-01	6.55E-02
1627	0.257886618	1.92E-01	3.23E-01	6.56E-02
1628	0.258468658	1.93E-01	3.24E-01	6.57E-02
1629	0.258953363	1.93E-01	3.25E-01	0.065825418
1630	0.259442449	1.93E-01	3.25E-01	6.60E-02
1631	0.259931296	1.94E-01	3.26E-01	6.61E-02
1632	0.260396361	1.94E-01	3.27E-01	6.62E-02
1633	0.260852218	1.95E-01	3.27E-01	6.63E-02
1634	0.261302441	1.95E-01	3.28E-01	6.65E-02
1635	0.261734128	1.95E-01	3.28E-01	6.66E-02
1636	0.262136191	1.96E-01	3.29E-01	6.66E-02
1637	0.262544692	1.96E-01	3.29E-01	6.67E-02
1638	0.262926251	1.96E-01	3.30E-01	6.69E-02
1639	0.263293922	1.96E-01	3.30E-01	0.066926584
1640	0.263627172	1.97E-01	3.31E-01	6.70E-02
1641	0.264071941	1.97E-01	3.31E-01	6.71E-02
1642	0.26454103	1.97E-01	3.32E-01	6.72E-02
1643	0.264897794	1.98E-01	3.32E-01	6.73E-02
1644	0.265207022	1.98E-01	3.33E-01	6.74E-02
1645	0.265513897	1.98E-01	3.33E-01	6.75E-02
1646	0.265787929	1.98E-01	3.33E-01	6.75E-02
1647	0.266077936	1.98E-01	3.34E-01	6.76E-02
1648	0.266372025	1.99E-01	3.34E-01	6.76E-02
1649	0.266679049	1.99E-01	3.34E-01	6.77E-02
1650	0.266955584	1.99E-01	3.35E-01	0.06782566
1651	0.267087549	1.99E-01	3.35E-01	6.79E-02
1652	0.267209947	1.99E-01	3.35E-01	6.80E-02
1653	0.267378628	1.99E-01	3.35E-01	6.80E-02
1654	0.267582566	2.00E-01	3.36E-01	6.80E-02
1655	0.267665654	2.00E-01	3.36E-01	6.81E-02
1656	0.267711282	2.00E-01	3.36E-01	6.81E-02
1657	0.267744809	2.00E-01	3.36E-01	6.81E-02
1658	0.267779619	2.00E-01	3.36E-01	6.82E-02
1659	0.267841369	2.00E-01	3.36E-01	6.81E-02
1660	0.267860234	2.00E-01	3.36E-01	6.81E-02
1661	0.267673165	2.00E-01	3.36E-01	6.81E-02
1662	0.267527491	1.99E-01	3.36E-01	6.81E-02
1663	0.267483711	1.99E-01	3.36E-01	6.81E-02
1664	0.267452121	1.99E-01	3.36E-01	6.81E-02
1665	0.267256826	1.99E-01	3.35E-01	6.80E-02
1666	0.267077982	1.99E-01	3.35E-01	6.80E-02
1667	0.266822159	1.99E-01	3.35E-01	6.79E-02
1668	0.266577184	1.99E-01	3.35E-01	6.79E-02
1669	0.266411304	1.99E-01	3.34E-01	6.79E-02
1670	0.266215891	1.98E-01	3.34E-01	6.79E-02
1671	0.265921235	1.98E-01	3.34E-01	0.067775697
1672	0.265643924	1.98E-01	3.33E-01	6.77E-02
1673	0.265428245	1.98E-01	3.33E-01	6.76E-02
1674	0.265181065	1.98E-01	3.33E-01	6.76E-02
1675	0.264905453	1.97E-01	3.32E-01	6.75E-02
1676	0.264615893	1.97E-01	3.32E-01	6.75E-02
1677	0.264274746	1.97E-01	3.32E-01	6.74E-02
1678	0.263915092	1.97E-01	3.31E-01	6.73E-02
1679	0.26353389	1.96E-01	3.31E-01	6.72E-02
1680	0.263132513	1.96E-01	3.30E-01	6.71E-02
1681	0.262750268	1.96E-01	3.30E-01	0.067037009
1682	0.262369514	1.95E-01	3.29E-01	6.70E-02
1683	0.262022734	1.95E-01	3.29E-01	6.69E-02
1684	0.26166141	1.95E-01	3.28E-01	6.68E-02
1685	0.26132825	1.95E-01	3.28E-01	6.67E-02
1686	0.261020392	1.94E-01	3.28E-01	0.066650428
1687	0.26075393	1.94E-01	3.27E-01	6.66E-02
1688	0.260459781	1.94E-01	3.27E-01	6.66E-02
1689	0.260155141	1.94E-01	3.27E-01	6.66E-02
1690	0.259821743	1.93E-01	3.26E-01	6.66E-02
1691	0.259496838	1.93E-01	3.26E-01	6.65E-02
1692	0.259074897	1.93E-01	3.25E-01	6.64E-02
1693	0.258595854	1.92E-01	3.25E-01	6.63E-02
1694	0.258137405	1.92E-01	3.24E-01	0.06623137
1695	0.257724792	1.92E-01	3.24E-01	6.61E-02
1696	0.257293254	1.91E-01	3.23E-01	6.60E-02
1697	0.25681293	1.91E-01	3.23E-01	6.59E-02
1698	0.256323069	1.90E-01	3.22E-01	6.59E-02
1699	0.255848169	1.90E-01	3.22E-01	6.58E-02
1700	0.25528729	1.90E-01	3.21E-01	6.57E-02
1701	0.254732549	1.89E-01	3.20E-01	6.55E-02
1702	0.254312843	1.89E-01	3.20E-01	6.54E-02
1703	0.253977984	1.89E-01	3.19E-01	6.54E-02
1704	0.253579438	1.88E-01	3.19E-01	0.065270685
1705	0.25312081	1.88E-01	3.18E-01	6.52E-02
1706	0.252701998	1.88E-01	3.18E-01	6.51E-02
1707	0.252257109	1.87E-01	3.17E-01	6.50E-02
1708	0.251902252	1.87E-01	3.17E-01	0.064972885
1709	0.251503199	1.87E-01	3.16E-01	6.49E-02
1710	0.251143336	1.86E-01	3.16E-01	6.48E-02
1711	0.250789493	1.86E-01	3.16E-01	6.47E-02
1712	0.250295311	1.86E-01	3.15E-01	6.47E-02
1713	0.249775976	1.85E-01	3.14E-01	6.47E-02
1714	0.249466553	1.85E-01	3.14E-01	6.46E-02
1715	0.249146834	1.85E-01	3.14E-01	6.44E-02
1716	0.248691887	1.84E-01	3.13E-01	6.44E-02
1717	0.248192787	1.84E-01	3.12E-01	6.43E-02
1718	0.247671664	1.83E-01	3.12E-01	6.42E-02
1719	0.247189671	1.83E-01	3.11E-01	6.41E-02
1720	0.246905506	1.83E-01	3.11E-01	6.41E-02
1721	0.246584684	1.83E-01	3.11E-01	0.06396196
1722	0.246330395	1.82E-01	3.10E-01	6.40E-02
1723	0.246107444	1.82E-01	3.10E-01	6.40E-02
1724	0.246083856	1.82E-01	3.10E-01	6.39E-02
1725	0.246117041	1.82E-01	3.10E-01	0.063869521
1726	0.246218622	1.82E-01	3.10E-01	6.40E-02
1727	0.246292531	1.82E-01	3.10E-01	6.41E-02
1728	0.246332914	1.82E-01	3.10E-01	6.41E-02
1729	0.246425405	1.82E-01	3.11E-01	6.42E-02
1730	0.246614918	1.82E-01	3.11E-01	6.42E-02
1731	0.246837869	1.83E-01	3.11E-01	6.43E-02
1732	0.247131452	1.83E-01	3.12E-01	6.44E-02
1733	0.247445211	1.83E-01	3.12E-01	6.46E-02
1734	0.247773781	1.83E-01	3.13E-01	6.47E-02
1735	0.248159826	1.83E-01	3.13E-01	6.49E-02
1736	0.248521864	1.83E-01	3.14E-01	6.51E-02
1737	0.248812214	1.84E-01	3.14E-01	6.52E-02
1738	0.249043748	1.84E-01	3.14E-01	6.53E-02
1739	0.249356821	1.84E-01	3.15E-01	6.54E-02
1740	0.249700844	1.84E-01	3.15E-01	6.56E-02
1741	0.249890313	1.84E-01	3.16E-01	6.57E-02
1742	0.249981925	1.84E-01	3.16E-01	6.58E-02
1743	0.250064135	1.84E-01	3.16E-01	6.59E-02
1744	0.250146538	1.84E-01	3.16E-01	6.59E-02
1745	0.250259936	1.84E-01	3.16E-01	6.60E-02
1746	0.250426829	1.84E-01	3.17E-01	6.61E-02
1747	0.250465095	1.84E-01	3.17E-01	6.61E-02
1748	0.250455081	1.84E-01	3.16E-01	6.60E-02
1749	0.250372827	1.84E-01	3.16E-01	6.61E-02
1750	0.250276893	1.84E-01	3.16E-01	6.61E-02
1751	0.250285119	1.84E-01	3.16E-01	6.62E-02
1752	0.250298589	1.84E-01	3.17E-01	6.63E-02
1753	0.25028792	1.84E-01	3.17E-01	6.64E-02
1754	0.250303715	1.84E-01	3.17E-01	6.65E-02
1755	0.250293732	1.84E-01	3.17E-01	6.64E-02
1756	0.25030911	1.84E-01	3.17E-01	6.64E-02
1757	0.250360399	1.84E-01	3.17E-01	6.65E-02
1758	0.250422597	1.84E-01	3.17E-01	6.66E-02
1759	0.250244915	1.84E-01	3.17E-01	6.66E-02
1760	0.250057429	1.83E-01	3.17E-01	6.66E-02
1761	0.250013024	1.83E-01	3.17E-01	6.66E-02
1762	0.24999997	1.83E-01	3.17E-01	6.66E-02
1763	0.250001222	1.83E-01	3.17E-01	6.66E-02
1764	0.249996483	1.83E-01	3.17E-01	6.67E-02
1765	0.249995157	1.83E-01	3.17E-01	6.68E-02
1766	0.250033915	1.83E-01	3.17E-01	6.68E-02
1767	0.250047237	1.83E-01	3.17E-01	6.68E-02
1768	0.250100195	1.83E-01	3.17E-01	0.066809207
1769	0.250304133	1.83E-01	3.17E-01	0.066932887
1770	0.250486106	1.83E-01	3.18E-01	6.70E-02
1771	0.250635594	1.84E-01	3.18E-01	6.71E-02
1772	0.250811458	1.84E-01	3.18E-01	6.71E-02
1773	0.250960261	1.84E-01	3.18E-01	6.71E-02
1774	0.251196206	1.84E-01	3.18E-01	6.72E-02
1775	0.251533568	1.84E-01	3.19E-01	6.74E-02
1776	0.251835465	1.84E-01	3.19E-01	6.76E-02
1777	0.252098322	1.84E-01	3.20E-01	0.067786381
1778	0.252267838	1.84E-01	3.20E-01	6.79E-02
1779	0.252405405	1.84E-01	3.20E-01	6.80E-02
1780	0.252767473	1.85E-01	3.21E-01	6.81E-02
1781	0.253211766	1.85E-01	3.21E-01	6.82E-02
1782	0.253394395	1.85E-01	3.22E-01	0.06818065
1783	0.253513873	1.85E-01	3.22E-01	6.82E-02
1784	0.253676891	1.85E-01	3.22E-01	6.83E-02
1785	0.253797859	1.85E-01	3.22E-01	6.85E-02
1786	0.254131079	1.86E-01	3.23E-01	6.85E-02
1787	0.254504353	1.86E-01	3.23E-01	6.86E-02
1788	0.255117923	1.86E-01	3.24E-01	6.87E-02
1789	0.255712777	1.87E-01	3.25E-01	6.88E-02
1790	0.255758107	1.87E-01	3.25E-01	6.89E-02
1791	0.255854547	1.87E-01	3.25E-01	6.90E-02
1792	0.256389022	1.87E-01	3.25E-01	6.91E-02
1793	0.256907344	1.88E-01	3.26E-01	6.92E-02
1794	0.257330596	1.88E-01	3.27E-01	6.95E-02
1795	0.257748991	1.88E-01	3.28E-01	6.98E-02
1796	0.258166134	1.88E-01	3.28E-01	6.99E-02
1797	0.258726895	1.89E-01	3.29E-01	7.00E-02
1798	0.259498894	1.89E-01	3.30E-01	7.01E-02
1799	0.26032567	1.90E-01	3.31E-01	7.02E-02
1800	0.260702938	1.90E-01	3.31E-01	7.07E-02
1801	0.248099342	1.74E-01	3.22E-01	7.42E-02
1802	0.248133183	1.71E-01	3.25E-01	7.67E-02
1803	0.247740775	1.72E-01	3.23E-01	7.54E-02
1804	0.247512802	1.75E-01	3.20E-01	0.072495624
1805	0.249487042	1.81E-01	3.18E-01	6.83E-02
1806	0.252504885	1.86E-01	3.19E-01	6.68E-02
1807	0.250755519	1.80E-01	3.21E-01	7.06E-02
1808	0.247404769	1.69E-01	3.26E-01	7.83E-02
1809	0.249032721	1.72E-01	3.26E-01	7.73E-02
1810	0.253388643	1.76E-01	3.31E-01	7.75E-02
1811	0.255837023	1.73E-01	3.39E-01	8.28E-02
1812	0.25297752	1.69E-01	3.37E-01	8.43E-02
1813	0.248572454	1.64E-01	3.33E-01	8.49E-02
1814	0.251037419	1.72E-01	3.30E-01	0.079259418
1815	0.261397362	1.77E-01	3.46E-01	8.42E-02
1816	0.254049122	1.43E-01	3.65E-01	0.110633247
1817	0.239005238	1.05E-01	3.73E-01	0.134098262
1818	0.236264735	9.89E-02	3.74E-01	0.137354985
1819	0.238273129	1.03E-01	3.73E-01	0.135032162
1820	0.25220111	1.07E-01	3.97E-01	0.144865721
1821	0.261477947	1.04E-01	4.19E-01	0.157147959
1822	0.264112383	9.96E-02	4.29E-01	0.164469421
1823	0.286144197	9.53E-02	4.77E-01	0.190850124
1824	0.34752962	8.29E-02	6.12E-01	0.264644206
1825	0.421324134	7.85E-02	7.64E-01	0.342779845
1826	0.437017947	5.31E-02	8.21E-01	0.383915126
1827	0.336639673	5.63E-02	6.17E-01	0.280359626
1828	0.323224187	6.66E-02	5.80E-01	0.256628543
1829	0.387320668	5.79E-02	7.17E-01	0.329465866
1830	0.46995616	2.52E-02	9.15E-01	0.444782227
1831	0.545346797	2.29E-02	1.07E+00	0.522479057
1832	0.87062335	6.30E-02	1.68E+00	0.807636321
1833	0.949637711	-4.21E-03	1.90E+00	0.953848541
1834	0.34951815	7.94E-02	6.20E-01	0.270157009
1835	0.337051332	8.50E-02	5.89E-01	0.252061218
1836	0.5271945	7.56E-02	9.79E-01	0.451601386
1837	1.075192809	-1.20E-01	2.27E+00	1.194964409
1838	0.93413204	-6.14E-02	1.93E+00	0.995550454
1839	0.559032023	7.56E-02	1.04E+00	0.483426154
1840	0.409608573	1.08E-01	7.11E-01	0.301461726
1841	0.434087008	5.96E-02	8.09E-01	0.374438375
1842	0.504707158	-5.28E-02	1.06E+00	0.557527065
1843	0.320121318	1.40E-02	6.26E-01	0.306084216
1844	0.168348745	3.17E-02	3.05E-01	0.136695549
1845	0.149101257	3.15E-02	2.67E-01	0.117574617
1846	0.169770613	1.74E-02	3.22E-01	0.152331531
1847	0.195142224	6.01E-03	3.84E-01	0.189128414
1848	0.225395858	1.15E-02	4.39E-01	0.2138533
1849	0.412523717	9.97E-02	7.25E-01	0.312858492
1850	1.82727623	2.36E-01	3.42E+00	1.590964913
1851	2.050401449	-9.17E-02	4.19E+00	2.142149448
1852	3.451520205	-3.69E-01	7.27E+00	3.820540905
1853	2.357262135	-3.32E-01	5.05E+00	2.689712286
1854	1.217504263	1.60E-01	2.28E+00	1.057522535
1855	0.640298665	1.11E-01	1.17E+00	0.529166043
1856	0.321733803	7.79E-02	5.66E-01	0.243830428
1857	0.213693172	3.89E-02	3.88E-01	0.174785525
1858	0.259634048	1.25E-02	5.07E-01	0.247123018
1859	0.549981773	-2.48E-02	1.12E+00	0.574760139
1860	1.448477983	5.70E-02	2.84E+00	1.391465187
1861	3.080715418	-2.32E-01	6.39E+00	3.312799454
1862	2.702306509	-6.96E-01	6.10E+00	3.397845745
1863	1.590296388	-2.42E-01	3.42E+00	1.832008004
1864	1.066232562	-2.42E-01	2.37E+00	1.308570266
1865	1.46562624	-3.94E-01	3.33E+00	1.85989666
1866	2.555058002	-9.41E-01	6.05E+00	3.495764017
1867	0.941582918	-2.91E-01	2.17E+00	1.232220173
1868	0.499903858	-1.76E-01	1.18E+00	0.676385403
1869	0.471739441	-9.17E-02	1.04E+00	0.563439846
1870	0.51392591	-8.12E-02	1.11E+00	0.59507829
1871	0.445485204	-1.19E-01	1.01E+00	0.56418246
1872	0.184369206	-4.57E-02	4.14E-01	0.230028808
1873	9.17E-02	-6.20E-02	2.45E-01	0.153737858
1874	0.100296505	-5.04E-02	2.51E-01	0.150669575
1875	0.143224955	-5.71E-02	3.44E-01	0.200285673
1876	0.207252488	-3.07E-02	4.45E-01	0.237913489
1877	0.255949944	-3.47E-02	5.47E-01	0.290660501
1878	0.282081366	-3.30E-04	5.64E-01	0.282411754
1879	0.269139349	8.55E-02	4.53E-01	0.183638752
1880	0.379858762	1.71E-01	5.89E-01	0.209159538
1881	0.761076033	2.72E-01	1.25E+00	0.488580197
1882	1.535096169	2.28E-01	2.84E+00	1.307306528
1883	0.788307011	3.89E-02	1.54E+00	0.749420226
1884	0.445328712	-4.68E-02	9.37E-01	0.492090195
1885	0.414042085	-1.79E-03	8.30E-01	0.415829301
1886	0.508268356	2.83E-02	9.88E-01	0.47993049
1887	0.688486695	8.28E-02	1.29E+00	0.605703354
1888	0.955964744	7.12E-02	1.84E+00	0.884762466
1889	0.725423753	4.79E-02	1.40E+00	0.677529991
1890	0.309581429	-4.21E-03	6.23E-01	0.313792825
1891	0.206014305	-2.12E-02	4.33E-01	0.22724086
1892	0.220771894	8.43E-03	4.33E-01	0.212339818
1893	0.242728263	1.98E-02	4.66E-01	0.222913772
1894	0.221304744	4.67E-02	3.96E-01	0.174631119
1895	0.184047431	5.18E-02	3.16E-01	0.132224172
1896	0.160563797	4.63E-02	2.75E-01	0.114248805
1897	0.142627507	3.28E-02	2.52E-01	0.109832741
1898	0.142607197	2.78E-02	2.57E-01	0.114763774
1899	0.188746229	3.25E-02	3.45E-01	0.15627493
1900	0.267748475	2.76E-02	5.08E-01	0.240128249
1901	0.319528133	3.67E-02	6.02E-01	0.282848895
1902	0.39917919	-1.55E-02	8.14E-01	0.414645582
1903	0.579060495	-5.65E-02	1.21E+00	0.635515571
1904	1.169124246	-3.23E-01	2.66E+00	1.492292523
1905	0.610632062	-1.56E-01	1.38E+00	0.766360939
1906	0.328806728	-1.06E-01	7.63E-01	0.434463918
1907	0.351345688	-6.58E-02	7.69E-01	0.417165697
1908	0.656694055	-6.15E-02	1.37E+00	0.718192577
1909	1.145666361	-2.58E-02	2.32E+00	1.171509862
1910	1.459881306	4.18E-02	2.88E+00	1.418034434
1911	1.497677684	-6.24E-02	3.06E+00	1.560057402
1912	0.485780597	6.80E-02	9.04E-01	0.417786926
1913	0.279893965	3.73E-02	5.23E-01	0.242622882
1914	0.20890002	2.52E-02	3.93E-01	0.183737427
1915	0.152522624	-1.67E-02	3.22E-01	0.16924721
1916	0.140147328	-1.01E-02	2.90E-01	0.150222063
1917	0.145268798	-6.07E-03	2.97E-01	0.15134345
1918	0.149705082	-5.70E-03	3.05E-01	0.155406117
1919	0.132632479	1.26E-03	2.64E-01	0.131374389
1920	0.112120219	2.40E-03	2.22E-01	0.109718308
1921	0.112661071	1.74E-02	2.08E-01	9.53E-02
1922	0.114867158	1.39E-02	2.16E-01	0.100970358
1923	0.138198882	5.88E-02	2.18E-01	7.94E-02
1924	0.165115073	7.35E-02	2.57E-01	9.16E-02
1925	0.167628855	6.83E-02	2.67E-01	9.94E-02
1926	0.163867339	5.50E-02	2.73E-01	0.108901143
1927	0.158903509	5.54E-02	2.62E-01	0.103511289
1928	0.153516635	5.10E-02	2.56E-01	0.102537893
1929	0.146861851	3.69E-02	2.57E-01	0.109934121
1930	0.14301905	4.45E-02	2.42E-01	9.85E-02
1931	0.144240856	5.49E-02	2.34E-01	0.089336671
1932	0.147726804	8.73E-02	2.08E-01	0.060476117
1933	0.150417	9.05E-02	2.10E-01	5.99E-02
1934	0.143195421	8.68E-02	2.00E-01	5.64E-02
1935	0.137572169	7.69E-02	1.98E-01	6.07E-02
1936	0.140410885	8.53E-02	1.96E-01	5.51E-02
1937	0.147177994	9.66E-02	1.98E-01	5.06E-02
1938	0.150187641	1.02E-01	1.98E-01	4.77E-02
1939	0.150269926	1.06E-01	1.95E-01	4.43E-02
1940	0.149398848	1.03E-01	1.96E-01	4.62E-02
1941	0.143968731	9.43E-02	1.94E-01	4.97E-02
1942	0.139824346	8.64E-02	1.93E-01	5.35E-02
1943	0.144134626	9.13E-02	1.97E-01	5.28E-02
1944	0.147960439	9.34E-02	2.02E-01	5.45E-02
1945	0.154880837	9.91E-02	2.11E-01	0.055758212
1946	0.162465736	1.05E-01	2.20E-01	5.76E-02
1947	0.164504573	1.07E-01	2.22E-01	5.71E-02
1948	0.163146704	1.08E-01	2.19E-01	5.54E-02
1949	0.160518363	1.05E-01	2.16E-01	0.055278193
1950	0.156068906	9.94E-02	2.13E-01	5.67E-02
1951	0.153092489	9.46E-02	2.12E-01	5.84E-02
1952	0.154613957	9.50E-02	2.14E-01	5.96E-02
1953	0.156010538	9.49E-02	2.17E-01	6.11E-02
1954	0.158360273	9.96E-02	2.17E-01	5.88E-02
1955	0.160540342	1.03E-01	2.18E-01	5.73E-02
1956	0.163121656	1.07E-01	2.19E-01	5.63E-02
1957	0.165504828	1.10E-01	2.21E-01	5.58E-02
1958	0.167545125	1.12E-01	2.23E-01	5.53E-02
1959	0.169231951	1.14E-01	2.24E-01	5.52E-02
1960	0.169762135	1.15E-01	2.25E-01	5.51E-02
1961	0.168745682	1.14E-01	2.24E-01	5.51E-02
1962	0.168296009	1.13E-01	2.24E-01	5.53E-02
1963	0.169951454	1.15E-01	2.25E-01	5.54E-02
1964	0.171327814	1.16E-01	2.27E-01	5.56E-02
1965	0.171336189	1.15E-01	2.28E-01	5.65E-02
1966	0.171287253	1.14E-01	2.29E-01	5.74E-02
1967	0.171556324	1.14E-01	2.30E-01	0.057980515
1968	0.171872467	1.13E-01	2.30E-01	5.85E-02
1969	0.172465473	1.14E-01	2.31E-01	5.89E-02
1970	0.173273787	1.14E-01	2.32E-01	5.91E-02
1971	0.174213514	1.15E-01	2.33E-01	5.92E-02
1972	0.175493822	1.16E-01	2.35E-01	5.94E-02
1973	0.176501065	1.17E-01	2.36E-01	5.97E-02
1974	0.176573649	1.17E-01	2.36E-01	5.99E-02
1975	0.176619828	1.17E-01	2.37E-01	6.00E-02
1976	0.177298501	1.17E-01	2.37E-01	6.00E-02
1977	0.177964255	1.18E-01	2.38E-01	5.99E-02
1978	0.17856212	1.19E-01	2.38E-01	5.98E-02
1979	0.179096162	1.19E-01	2.39E-01	5.99E-02
1980	0.179715365	1.20E-01	2.39E-01	0.059680987
1981	0.180343896	1.21E-01	2.40E-01	0.059343547
1982	0.180974215	1.22E-01	2.40E-01	5.91E-02
1983	0.18190752	1.23E-01	2.41E-01	5.92E-02
1984	0.182716489	1.23E-01	2.42E-01	5.93E-02
1985	0.182674885	1.23E-01	2.42E-01	5.96E-02
1986	0.182614595	1.23E-01	2.42E-01	5.99E-02
1987	0.183204189	1.23E-01	2.44E-01	0.060413696
1988	0.183942184	1.23E-01	2.45E-01	6.11E-02
1989	0.184795558	1.23E-01	2.46E-01	0.061436228
1990	0.185645103	1.24E-01	2.47E-01	6.17E-02
1991	0.185734183	1.24E-01	2.47E-01	6.16E-02
1992	0.185100466	1.24E-01	2.47E-01	0.061431136
1993	0.184631571	1.23E-01	2.46E-01	6.15E-02
1994	0.184636608	1.23E-01	2.47E-01	6.19E-02
1995	0.184868589	1.23E-01	2.47E-01	6.22E-02
1996	0.186231196	1.24E-01	2.48E-01	6.22E-02
1997	0.187688783	1.25E-01	2.50E-01	6.22E-02
1998	0.186881706	1.25E-01	2.49E-01	0.062331785
1999	0.185830921	1.23E-01	2.48E-01	6.25E-02
2000	0.186105207	1.24E-01	2.48E-01	6.24E-02
2001	0.186692834	1.24E-01	2.49E-01	6.22E-02
2002	0.187405035	1.25E-01	2.50E-01	6.26E-02
2003	0.187983215	1.25E-01	2.51E-01	6.33E-02
2004	0.188105881	1.24E-01	2.52E-01	6.39E-02
2005	0.187937528	1.24E-01	2.52E-01	6.38E-02
2006	0.187858865	1.24E-01	2.51E-01	6.36E-02
2007	0.188254476	1.25E-01	2.52E-01	6.37E-02
2008	0.188810229	1.25E-01	2.53E-01	0.063793771
2009	0.1910097	1.28E-01	2.54E-01	6.34E-02
2010	0.193228379	1.30E-01	2.56E-01	6.31E-02
2011	0.192850664	1.30E-01	2.56E-01	6.33E-02
2012	0.191939414	1.28E-01	2.56E-01	6.37E-02
2013	0.191064402	1.28E-01	2.54E-01	6.34E-02
2014	0.19025448	1.28E-01	2.53E-01	6.26E-02
2015	0.189345926	1.28E-01	2.51E-01	6.18E-02
2016	0.188300923	1.27E-01	2.49E-01	0.061162144
2017	0.186846763	1.26E-01	2.47E-01	6.04E-02
2018	0.184447333	1.25E-01	2.44E-01	5.92E-02
2019	0.182547823	1.24E-01	2.41E-01	5.83E-02
2020	0.181985334	1.24E-01	2.40E-01	5.78E-02
2021	0.181520462	1.24E-01	2.39E-01	5.74E-02
2022	0.180023998	1.23E-01	2.37E-01	5.72E-02
2023	0.178463414	1.21E-01	2.35E-01	0.056996789
2024	0.176819369	1.20E-01	2.34E-01	5.68E-02
2025	0.175254628	1.19E-01	2.32E-01	5.65E-02
2026	0.174029991	1.18E-01	2.30E-01	5.62E-02
2027	0.173194438	1.17E-01	2.29E-01	5.61E-02
2028	0.172310576	1.17E-01	2.28E-01	5.57E-02
2029	0.171316564	1.16E-01	2.26E-01	5.51E-02
2030	0.170356944	1.16E-01	2.25E-01	5.45E-02
2031	0.169671327	1.16E-01	2.23E-01	0.05379419
2032	0.168940291	1.16E-01	2.22E-01	5.32E-02
2033	0.167932346	1.15E-01	2.21E-01	5.28E-02
2034	0.166968524	1.15E-01	2.19E-01	5.24E-02
2035	0.165635481	1.14E-01	2.18E-01	5.19E-02
2036	0.164049402	1.13E-01	2.15E-01	5.14E-02
2037	0.162760079	1.12E-01	2.14E-01	5.09E-02
2038	0.161554024	1.11E-01	2.12E-01	5.03E-02
2039	0.160225049	1.10E-01	2.10E-01	4.98E-02
2040	0.159091145	1.10E-01	2.08E-01	4.92E-02
2041	0.157986939	1.09E-01	2.07E-01	4.87E-02
2042	0.157113805	1.09E-01	2.06E-01	4.85E-02
2043	0.156292737	1.08E-01	2.05E-01	4.84E-02
2044	0.155246407	1.07E-01	2.03E-01	4.82E-02
2045	0.154130682	1.06E-01	2.02E-01	4.81E-02
2046	0.153227389	1.05E-01	2.01E-01	0.04790476
2047	0.152342409	1.05E-01	2.00E-01	4.78E-02
2048	0.151544958	1.04E-01	1.99E-01	0.047455795
2049	0.150784582	1.04E-01	1.98E-01	0.047011424
2050	0.149569035	1.03E-01	1.96E-01	4.68E-02
2051	0.148261994	1.02E-01	1.95E-01	4.66E-02
2052	0.147177055	1.01E-01	1.93E-01	0.046297088
2053	0.146296605	1.00E-01	1.92E-01	4.60E-02
2054	0.145659953	1.00E-01	1.91E-01	4.55E-02
2055	0.145273417	1.00E-01	1.90E-01	4.50E-02
2056	0.144741654	1.00E-01	1.89E-01	4.46E-02
2057	0.144005015	9.97E-02	1.88E-01	4.43E-02
2058	0.143199056	9.92E-02	1.87E-01	4.40E-02
2059	0.141656995	9.83E-02	1.85E-01	4.33E-02
2060	0.140047491	9.73E-02	1.83E-01	4.27E-02
2061	0.139065146	9.65E-02	1.82E-01	4.26E-02
2062	0.138231397	9.58E-02	1.81E-01	4.24E-02
2063	0.137176529	9.49E-02	1.79E-01	4.22E-02
2064	0.135834396	9.40E-02	1.78E-01	4.19E-02
2065	0.134952307	9.34E-02	1.76E-01	4.15E-02
2066	0.134539902	9.31E-02	1.76E-01	4.14E-02
2067	0.134030491	9.27E-02	1.75E-01	4.13E-02
2068	0.133266702	9.26E-02	1.74E-01	4.07E-02
2069	0.132445842	9.24E-02	1.73E-01	4.01E-02
2070	0.131498888	9.19E-02	1.71E-01	3.96E-02
2071	0.130556107	9.14E-02	1.70E-01	3.92E-02
2072	0.12970762	9.09E-02	1.69E-01	3.88E-02
2073	0.128965706	9.05E-02	1.67E-01	3.85E-02
2074	0.128722087	9.03E-02	1.67E-01	3.84E-02
2075	0.12850523	9.00E-02	1.67E-01	3.85E-02
2076	0.128059581	8.95E-02	1.67E-01	3.86E-02
2077	0.127545759	8.91E-02	1.66E-01	3.85E-02
2078	0.126973331	8.85E-02	1.65E-01	0.038439792
2079	0.12626493	8.81E-02	1.64E-01	3.81E-02
2080	0.125661299	8.80E-02	1.63E-01	3.77E-02
2081	0.125293002	8.80E-02	1.63E-01	3.73E-02
2082	0.124945797	8.79E-02	1.62E-01	0.037036408
2083	0.12462429	8.75E-02	1.62E-01	3.71E-02
2084	0.124354586	8.71E-02	1.62E-01	3.72E-02
2085	0.124086648	8.69E-02	1.61E-01	0.037194088
2086	0.123743542	8.65E-02	1.61E-01	3.72E-02
2087	0.123292699	8.61E-02	1.60E-01	3.72E-02
2088	0.123006143	8.60E-02	1.60E-01	3.70E-02
2089	0.123036489	8.61E-02	1.60E-01	3.69E-02
2090	0.123136409	8.64E-02	1.60E-01	3.68E-02
2091	0.123448916	8.68E-02	1.60E-01	3.67E-02
2092	0.12354748	8.69E-02	1.60E-01	3.66E-02
2093	0.123372637	8.70E-02	1.60E-01	3.63E-02
2094	0.122962475	8.70E-02	1.59E-01	3.60E-02
2095	0.122605167	8.67E-02	1.59E-01	3.59E-02
2096	0.122469239	8.63E-02	1.59E-01	3.62E-02
2097	0.122283287	8.59E-02	1.59E-01	0.036413237
2098	0.121961772	8.54E-02	1.59E-01	3.65E-02
2099	0.121677473	8.50E-02	1.58E-01	3.67E-02
2100	0.121730529	8.53E-02	1.58E-01	3.64E-02
2101	0.121838406	8.58E-02	1.58E-01	3.61E-02
2102	0.121947952	8.60E-02	1.58E-01	3.59E-02
2103	0.122157969	8.65E-02	1.58E-01	3.57E-02
2104	0.122255407	8.66E-02	1.58E-01	3.56E-02
2105	0.122397617	8.66E-02	1.58E-01	3.58E-02
2106	0.122552954	8.66E-02	1.58E-01	3.59E-02
2107	0.122323193	8.62E-02	1.58E-01	3.61E-02
2108	0.122152172	8.60E-02	1.58E-01	3.62E-02
2109	0.122335844	8.61E-02	1.59E-01	3.63E-02
2110	0.122528188	8.60E-02	1.59E-01	3.65E-02
2111	0.122848347	8.59E-02	1.60E-01	3.69E-02
2112	0.123217382	8.60E-02	1.60E-01	3.73E-02
2113	0.123875827	8.66E-02	1.61E-01	3.73E-02
2114	0.124631181	8.73E-02	1.62E-01	3.73E-02
2115	0.12509045	8.78E-02	1.62E-01	3.73E-02
2116	0.125334829	8.80E-02	1.63E-01	3.73E-02
2117	0.125401378	8.80E-02	1.63E-01	0.037372962
2118	0.125452727	8.80E-02	1.63E-01	3.74E-02
2119	0.125811815	8.82E-02	1.63E-01	3.76E-02
2120	0.126478583	8.87E-02	1.64E-01	3.78E-02
2121	0.126938045	8.92E-02	1.65E-01	3.77E-02
2122	0.127180055	8.95E-02	1.65E-01	3.76E-02
2123	0.127388537	8.97E-02	1.65E-01	3.77E-02
2124	0.127740204	9.02E-02	1.65E-01	3.76E-02
2125	0.12813659	9.06E-02	1.66E-01	3.75E-02
2126	0.128374174	9.07E-02	1.66E-01	3.76E-02
2127	0.128596842	9.08E-02	1.66E-01	3.78E-02
2128	0.128894493	9.10E-02	1.67E-01	3.79E-02
2129	0.129163459	9.11E-02	1.67E-01	3.80E-02
2130	0.129653916	9.14E-02	1.68E-01	3.82E-02
2131	0.130293816	9.19E-02	1.69E-01	3.84E-02
2132	0.130756259	9.22E-02	1.69E-01	3.85E-02
2133	0.131300643	9.26E-02	1.70E-01	3.87E-02
2134	0.131835103	9.32E-02	1.70E-01	3.86E-02
2135	0.132270038	9.39E-02	1.71E-01	3.84E-02
2136	0.132811725	9.42E-02	1.71E-01	3.86E-02
2137	0.133259982	9.42E-02	1.72E-01	0.039038673
2138	0.133610994	9.43E-02	1.73E-01	3.93E-02
2139	0.133870453	9.44E-02	1.73E-01	3.94E-02
2140	0.134189546	9.46E-02	1.74E-01	3.96E-02
2141	0.13460879	9.49E-02	1.74E-01	3.97E-02
2142	0.134992614	9.52E-02	1.75E-01	3.98E-02
2143	0.135442853	9.58E-02	1.75E-01	0.039677158
2144	0.135989085	9.64E-02	1.76E-01	3.95E-02
2145	0.136785567	9.70E-02	1.77E-01	3.98E-02
2146	0.137616217	9.75E-02	1.78E-01	4.01E-02
2147	0.138142854	9.79E-02	1.78E-01	4.03E-02
2148	0.13855879	9.81E-02	1.79E-01	4.04E-02
2149	0.138930321	9.82E-02	1.80E-01	4.07E-02
2150	0.139367595	9.85E-02	1.80E-01	4.09E-02
2151	0.139768243	9.87E-02	1.81E-01	4.10E-02
2152	0.140490502	9.94E-02	1.82E-01	4.11E-02
2153	0.1412891	1.00E-01	1.82E-01	4.11E-02
2154	0.141731441	1.01E-01	1.83E-01	4.12E-02
2155	0.142200023	1.01E-01	1.84E-01	4.13E-02
2156	0.142536998	1.01E-01	1.84E-01	4.15E-02
2157	0.142864257	1.01E-01	1.85E-01	4.17E-02
2158	0.143026307	1.01E-01	1.85E-01	4.16E-02
2159	0.143259972	1.02E-01	1.85E-01	4.16E-02
2160	0.143885061	1.02E-01	1.86E-01	4.19E-02
2161	0.144493565	1.02E-01	1.87E-01	4.22E-02
2162	0.144849345	1.02E-01	1.87E-01	4.25E-02
2163	0.145327747	1.02E-01	1.88E-01	4.29E-02
2164	0.145850956	1.03E-01	1.89E-01	0.043103002
2165	0.146344453	1.03E-01	1.89E-01	4.31E-02
2166	0.146953836	1.04E-01	1.90E-01	4.31E-02
2167	0.147393793	1.04E-01	1.91E-01	4.32E-02
2168	0.147821829	1.04E-01	1.91E-01	0.043428574
2169	0.148318008	1.05E-01	1.92E-01	4.36E-02
2170	0.148860902	1.05E-01	1.93E-01	4.38E-02
2171	0.149468511	1.05E-01	1.94E-01	4.41E-02
2172	0.150050804	1.06E-01	1.94E-01	4.43E-02
2173	0.150649041	1.06E-01	1.95E-01	4.46E-02
2174	0.151219726	1.06E-01	1.96E-01	4.49E-02
2175	0.151605412	1.07E-01	1.97E-01	4.51E-02
2176	0.152012289	1.07E-01	1.97E-01	4.53E-02
2177	0.152524129	1.07E-01	1.98E-01	4.55E-02
2178	0.153018743	1.07E-01	1.99E-01	4.57E-02
2179	0.153323919	1.08E-01	1.99E-01	4.58E-02
2180	0.153556943	1.07E-01	2.00E-01	4.61E-02
2181	0.153962702	1.08E-01	2.00E-01	4.63E-02
2182	0.154436499	1.08E-01	2.01E-01	4.63E-02
2183	0.154982135	1.09E-01	2.01E-01	4.63E-02
2184	0.15548332	1.09E-01	2.02E-01	4.63E-02
2185	0.15587993	1.10E-01	2.02E-01	0.046343882
2186	0.156456739	1.10E-01	2.03E-01	4.65E-02
2187	0.157132581	1.10E-01	2.04E-01	4.67E-02
2188	0.157412529	1.10E-01	2.04E-01	4.70E-02
2189	0.157622531	1.10E-01	2.05E-01	4.73E-02
2190	0.157913983	1.11E-01	2.05E-01	4.74E-02
2191	0.15826638	1.11E-01	2.06E-01	4.73E-02
2192	0.158774331	1.12E-01	2.06E-01	0.047026303
2193	0.159291357	1.12E-01	2.06E-01	4.69E-02
2194	0.159544393	1.12E-01	2.07E-01	0.047118966
2195	0.159732282	1.12E-01	2.07E-01	4.74E-02
2196	0.16003105	1.13E-01	2.07E-01	4.74E-02
2197	0.160381377	1.13E-01	2.08E-01	4.74E-02
2198	0.16053991	1.13E-01	2.08E-01	4.76E-02
2199	0.160750449	1.13E-01	2.09E-01	0.047833014
2200	0.161272153	1.13E-01	2.09E-01	4.80E-02
2201	0.16188781	1.14E-01	2.10E-01	4.81E-02
2202	0.162353665	1.14E-01	2.10E-01	4.81E-02
2203	0.162472174	1.14E-01	2.11E-01	4.81E-02
2204	0.162629783	1.14E-01	2.11E-01	4.81E-02
2205	0.162962317	1.15E-01	2.11E-01	4.84E-02
2206	0.163382709	1.15E-01	2.12E-01	4.87E-02
2207	0.16380015	1.15E-01	2.13E-01	4.87E-02
2208	0.164018378	1.15E-01	2.13E-01	4.88E-02
2209	0.16380088	1.15E-01	2.13E-01	0.048956174
2210	0.163491413	1.14E-01	2.13E-01	4.91E-02
2211	0.163404524	1.14E-01	2.12E-01	4.90E-02
2212	0.163498729	1.14E-01	2.13E-01	4.90E-02
2213	0.163694039	1.15E-01	2.13E-01	0.049104493
2214	0.16372399	1.15E-01	2.13E-01	4.91E-02
2215	0.16348587	1.14E-01	2.13E-01	4.91E-02
2216	0.163255766	1.14E-01	2.12E-01	4.91E-02
2217	0.162784293	1.14E-01	2.12E-01	4.92E-02
2218	0.162148893	1.13E-01	2.11E-01	4.93E-02
2219	0.16176258	1.13E-01	2.11E-01	0.048979502
2220	0.161527053	1.13E-01	2.10E-01	4.87E-02
2221	0.161338076	1.13E-01	2.10E-01	4.85E-02
2222	0.161090076	1.13E-01	2.09E-01	4.84E-02
2223	0.160673514	1.12E-01	2.09E-01	4.85E-02
2224	0.160122067	1.12E-01	2.09E-01	4.85E-02
2225	0.159499153	1.11E-01	2.08E-01	4.85E-02
2226	0.158905551	1.10E-01	2.07E-01	4.84E-02
2227	0.158274829	1.10E-01	2.06E-01	4.81E-02
2228	0.157598227	1.10E-01	2.05E-01	4.75E-02
2229	0.156904191	1.10E-01	2.04E-01	4.69E-02
2230	0.156311527	1.10E-01	2.03E-01	4.66E-02
2231	0.155670404	1.09E-01	2.02E-01	4.64E-02
2232	0.154907361	1.09E-01	2.01E-01	4.62E-02
2233	0.154101327	1.08E-01	2.00E-01	4.60E-02
2234	0.152665049	1.07E-01	1.98E-01	4.55E-02
2235	0.151077062	1.06E-01	1.96E-01	4.48E-02
2236	0.14982146	1.05E-01	1.94E-01	4.44E-02
2237	0.14859876	1.05E-01	1.93E-01	4.40E-02
2238	0.147700608	1.04E-01	1.91E-01	4.38E-02
2239	0.146871626	1.03E-01	1.90E-01	4.36E-02
2240	0.14574948	1.03E-01	1.89E-01	4.31E-02
2241	0.144484282	1.02E-01	1.87E-01	4.27E-02
2242	0.143171787	1.01E-01	1.85E-01	4.22E-02
2243	0.141913459	1.00E-01	1.84E-01	4.17E-02
2244	0.140770659	9.95E-02	1.82E-01	4.13E-02
2245	0.139693633	9.86E-02	1.81E-01	4.10E-02
2246	0.138535157	9.79E-02	1.79E-01	4.06E-02
2247	0.137246132	9.71E-02	1.77E-01	4.01E-02
2248	0.135889709	9.62E-02	1.76E-01	0.039703693
2249	0.134470806	9.53E-02	1.74E-01	3.92E-02
2250	0.133205742	9.45E-02	1.72E-01	3.87E-02
2251	0.132023484	9.37E-02	1.70E-01	0.038373128
2252	0.130762294	9.28E-02	1.69E-01	3.79E-02
2253	0.129673973	9.23E-02	1.67E-01	3.73E-02
2254	0.128645867	9.18E-02	1.65E-01	3.68E-02
2255	0.127221152	9.08E-02	1.64E-01	3.64E-02
2256	0.125723064	8.97E-02	1.62E-01	0.036025446
2257	0.124738328	8.88E-02	1.61E-01	3.60E-02
2258	0.12392734	8.80E-02	1.60E-01	3.60E-02
2259	0.123121217	8.74E-02	1.59E-01	3.57E-02
2260	0.122470066	8.71E-02	1.58E-01	3.53E-02
2261	0.122140832	8.73E-02	1.57E-01	3.48E-02
2262	0.121499591	8.72E-02	1.56E-01	3.43E-02
2263	0.120329022	8.65E-02	1.54E-01	3.38E-02
2264	0.119065776	8.54E-02	1.53E-01	3.36E-02
2265	0.117841758	8.42E-02	1.51E-01	3.36E-02
2266	0.116919391	8.33E-02	1.51E-01	0.033633716
2267	0.116176628	8.25E-02	1.50E-01	3.37E-02
2268	0.115356356	8.17E-02	1.49E-01	3.36E-02
2269	0.114710823	8.13E-02	1.48E-01	3.35E-02
2270	0.114297308	8.09E-02	1.48E-01	3.34E-02
2271	0.11375811	8.04E-02	1.47E-01	3.34E-02
2272	0.113211811	8.03E-02	1.46E-01	3.29E-02
2273	0.112854153	8.04E-02	1.45E-01	3.25E-02
2274	0.112646542	8.02E-02	1.45E-01	3.24E-02
2275	0.112363003	7.99E-02	1.45E-01	3.25E-02
2276	0.112109683	7.94E-02	1.45E-01	3.27E-02
2277	0.111901499	7.90E-02	1.45E-01	3.29E-02
2278	0.111846507	7.93E-02	1.44E-01	3.25E-02
2279	0.111849666	7.97E-02	1.44E-01	3.22E-02
2280	0.112021297	7.95E-02	1.45E-01	3.25E-02
2281	0.112256296	7.94E-02	1.45E-01	3.29E-02
2282	0.112343401	7.96E-02	1.45E-01	3.27E-02
2283	0.11226216	7.97E-02	1.45E-01	3.26E-02
2284	0.112501077	8.00E-02	1.45E-01	3.25E-02
2285	0.112756789	8.03E-02	1.45E-01	3.25E-02
2286	0.112842999	8.01E-02	1.46E-01	0.03275476
2287	0.11284519	7.98E-02	1.46E-01	3.31E-02
2288	0.112517059	7.95E-02	1.46E-01	3.30E-02
2289	0.112130359	7.95E-02	1.45E-01	0.032628022
2290	0.112172648	7.98E-02	1.45E-01	3.24E-02
2291	0.112500489	8.01E-02	1.45E-01	3.24E-02
2292	0.112440683	8.01E-02	1.45E-01	3.23E-02
2293	0.112055659	7.97E-02	1.44E-01	3.23E-02
2294	0.111613192	7.91E-02	1.44E-01	3.25E-02
2295	0.111100584	7.84E-02	1.44E-01	3.27E-02
2296	0.110681862	7.80E-02	1.43E-01	3.27E-02
2297	0.110416196	7.79E-02	1.43E-01	3.25E-02
2298	0.1101707	7.79E-02	1.42E-01	3.23E-02
2299	0.109805219	7.73E-02	1.42E-01	0.032480065
2300	0.109284393	7.66E-02	1.42E-01	0.032713208
2301	0.108671181	7.60E-02	1.41E-01	3.27E-02
2302	0.10817676	7.56E-02	1.41E-01	3.26E-02
2303	0.10775426	7.54E-02	1.40E-01	3.24E-02
2304	0.107328959	7.52E-02	1.39E-01	3.22E-02
2305	0.106910832	7.53E-02	1.39E-01	0.031610083
2306	0.106431119	7.54E-02	1.37E-01	3.11E-02
2307	0.106017552	7.55E-02	1.37E-01	3.05E-02
2308	0.105715059	7.57E-02	1.36E-01	0.030008202
2309	0.105896637	7.60E-02	1.36E-01	2.99E-02
2310	0.106060706	7.59E-02	1.36E-01	3.01E-02
2311	0.105879083	7.53E-02	1.37E-01	3.06E-02
2312	0.105859123	7.45E-02	1.37E-01	3.14E-02
2313	0.105363049	7.38E-02	1.37E-01	3.16E-02
2314	0.10458719	7.32E-02	1.36E-01	3.14E-02
2315	0.103687175	7.23E-02	1.35E-01	3.14E-02
2316	0.102746867	7.16E-02	1.34E-01	3.12E-02
2317	0.102341942	7.14E-02	1.33E-01	3.10E-02
2318	0.102095209	7.13E-02	1.33E-01	3.08E-02
2319	0.101893455	7.13E-02	1.33E-01	3.06E-02
2320	0.10191635	7.14E-02	1.32E-01	0.030473793
2321	0.10194245	7.17E-02	1.32E-01	3.03E-02
2322	0.102064878	7.19E-02	1.32E-01	3.02E-02
2323	0.102015391	7.19E-02	1.32E-01	0.030102901
2324	0.101321876	7.15E-02	1.31E-01	2.99E-02
2325	0.100863107	7.11E-02	1.31E-01	0.029748198
2326	0.100846432	7.11E-02	1.31E-01	2.97E-02
2327	0.100532882	7.08E-02	1.30E-01	2.97E-02
2328	0.100029267	7.03E-02	1.30E-01	2.97E-02
2329	9.97E-02	7.01E-02	1.29E-01	2.97E-02
2330	9.98E-02	7.01E-02	1.29E-01	2.97E-02
2331	0.099853553	7.01E-02	1.30E-01	2.97E-02
2332	9.98E-02	7.04E-02	1.29E-01	2.94E-02
2333	9.96E-02	7.06E-02	1.29E-01	2.90E-02
2334	9.91E-02	7.05E-02	1.28E-01	2.86E-02
2335	9.88E-02	7.05E-02	1.27E-01	2.83E-02
2336	9.88E-02	7.08E-02	1.27E-01	2.80E-02
2337	9.88E-02	7.09E-02	1.27E-01	2.79E-02
2338	9.84E-02	7.05E-02	1.26E-01	2.78E-02
2339	9.79E-02	7.00E-02	1.26E-01	2.79E-02
2340	9.79E-02	6.96E-02	1.26E-01	2.83E-02
2341	9.79E-02	6.94E-02	1.26E-01	2.85E-02
2342	9.80E-02	6.97E-02	1.26E-01	2.83E-02
2343	9.80E-02	7.00E-02	1.26E-01	2.81E-02
2344	9.80E-02	6.97E-02	1.26E-01	2.83E-02
2345	9.79E-02	6.92E-02	1.27E-01	2.87E-02
2346	9.82E-02	6.95E-02	1.27E-01	2.87E-02
2347	9.91E-02	7.05E-02	1.28E-01	2.86E-02
2348	9.97E-02	7.07E-02	1.29E-01	2.91E-02
2349	0.100387022	7.03E-02	1.30E-01	3.00E-02
2350	0.100894764	7.06E-02	1.31E-01	3.03E-02
2351	0.100764893	7.11E-02	1.30E-01	2.97E-02
2352	0.100922428	7.16E-02	1.30E-01	2.93E-02
2353	0.101583242	7.21E-02	1.31E-01	2.94E-02
2354	0.102168828	7.31E-02	1.31E-01	2.90E-02
2355	0.102485396	7.39E-02	1.31E-01	2.86E-02
2356	0.102483466	7.42E-02	1.31E-01	2.83E-02
2357	0.102299221	7.44E-02	1.30E-01	2.79E-02
2358	0.102181025	7.41E-02	1.30E-01	2.80E-02
2359	0.101564489	7.32E-02	1.30E-01	2.83E-02
2360	0.100700714	7.20E-02	1.29E-01	2.87E-02
2361	0.100145087	7.10E-02	1.29E-01	0.029174056
2362	1.00E-01	7.05E-02	1.29E-01	2.94E-02
2363	0.100220576	7.11E-02	1.29E-01	0.029129671
2364	0.100401297	7.14E-02	1.29E-01	2.90E-02
2365	0.100305982	7.13E-02	1.29E-01	2.90E-02
2366	0.100201629	7.11E-02	1.29E-01	2.91E-02
2367	0.100780219	7.16E-02	1.30E-01	2.92E-02
2368	0.101510286	7.21E-02	1.31E-01	2.94E-02
2369	0.102148123	7.23E-02	1.32E-01	2.99E-02
2370	0.10290464	7.25E-02	1.33E-01	3.04E-02
2371	0.103216678	7.25E-02	1.34E-01	3.08E-02
2372	0.103232287	7.20E-02	1.34E-01	3.12E-02
2373	0.103807785	7.27E-02	1.35E-01	0.031131737
2374	0.104812458	7.40E-02	1.36E-01	3.08E-02
2375	0.105173036	7.42E-02	1.36E-01	3.10E-02
2376	0.104780056	7.32E-02	1.36E-01	0.031564012
2377	0.104214825	7.29E-02	1.36E-01	3.13E-02
2378	0.103916757	7.29E-02	1.35E-01	3.10E-02
2379	0.102751985	7.14E-02	1.34E-01	3.13E-02
2380	0.101226836	6.95E-02	1.33E-01	3.17E-02
2381	0.101003967	6.90E-02	1.33E-01	3.20E-02
2382	0.101715103	6.93E-02	1.34E-01	3.24E-02
2383	0.102316707	7.01E-02	1.35E-01	3.22E-02
2384	0.10251338	7.05E-02	1.34E-01	3.20E-02
2385	0.103489451	7.11E-02	1.36E-01	3.24E-02
2386	0.1049814	7.19E-02	1.38E-01	3.31E-02
2387	0.105994321	7.29E-02	1.39E-01	3.31E-02
2388	0.106733136	7.41E-02	1.39E-01	3.26E-02
2389	0.10616032	7.41E-02	1.38E-01	3.21E-02
2390	0.104323275	7.25E-02	1.36E-01	0.031830259
2391	0.103631184	7.19E-02	1.35E-01	3.17E-02
2392	0.103880748	7.21E-02	1.36E-01	3.18E-02
2393	0.103593431	7.16E-02	1.36E-01	3.20E-02
2394	0.103188016	7.09E-02	1.35E-01	3.22E-02
2395	0.102726825	7.03E-02	1.35E-01	3.24E-02
2396	0.101738125	6.93E-02	1.34E-01	3.25E-02
2397	0.101044655	6.84E-02	1.34E-01	3.27E-02
2398	0.101985455	6.98E-02	1.34E-01	0.032208901
2399	0.10335613	7.16E-02	1.35E-01	3.18E-02
2400	0.104095176	7.23E-02	1.36E-01	3.18E-02
2401	0.1045601	7.31E-02	1.36E-01	3.15E-02
2402	0.104287572	7.31E-02	1.35E-01	3.11E-02
2403	0.103591405	7.21E-02	1.35E-01	3.15E-02
2404	0.102990761	7.11E-02	1.35E-01	3.19E-02
2405	0.102745444	7.05E-02	1.35E-01	3.22E-02
2406	0.103444718	7.14E-02	1.35E-01	3.20E-02
2407	0.104111545	7.22E-02	1.36E-01	0.031908069
2408	0.104113944	7.25E-02	1.36E-01	3.16E-02
2409	0.104124501	7.32E-02	1.35E-01	3.09E-02
2410	0.104136936	7.45E-02	1.34E-01	2.96E-02
2411	0.104091614	7.51E-02	1.33E-01	2.90E-02
2412	0.104193628	7.49E-02	1.33E-01	0.029253177
2413	0.103870615	7.42E-02	1.34E-01	2.97E-02
2414	0.101851329	7.27E-02	1.31E-01	0.029154547
2415	0.10006319	7.16E-02	1.28E-01	2.84E-02
2416	9.91E-02	7.11E-02	1.27E-01	2.80E-02
2417	9.80E-02	6.99E-02	1.26E-01	2.80E-02
2418	9.72E-02	7.00E-02	1.24E-01	2.72E-02
2419	9.66E-02	7.03E-02	1.23E-01	2.62E-02
2420	9.58E-02	7.01E-02	1.22E-01	0.025758671
2421	9.47E-02	6.89E-02	1.20E-01	2.58E-02
2422	9.38E-02	6.68E-02	1.21E-01	2.70E-02
2423	9.34E-02	6.46E-02	1.22E-01	2.89E-02
2424	9.34E-02	6.46E-02	1.22E-01	2.87E-02
2425	9.36E-02	6.54E-02	1.22E-01	2.82E-02
2426	0.09365499	6.61E-02	1.21E-01	2.75E-02
2427	9.34E-02	6.65E-02	1.20E-01	2.69E-02
2428	9.24E-02	6.58E-02	1.19E-01	2.66E-02
2429	9.14E-02	6.49E-02	1.18E-01	2.65E-02
2430	9.14E-02	6.52E-02	1.18E-01	2.62E-02
2431	9.12E-02	6.49E-02	1.17E-01	2.63E-02
2432	9.03E-02	6.28E-02	1.18E-01	2.75E-02
2433	8.97E-02	6.01E-02	1.19E-01	2.96E-02
2434	8.97E-02	6.07E-02	1.19E-01	2.90E-02
2435	8.95E-02	6.20E-02	1.17E-01	2.75E-02
2436	8.94E-02	6.22E-02	1.17E-01	0.027206939
2437	8.94E-02	6.13E-02	1.17E-01	2.80E-02
2438	8.83E-02	5.92E-02	1.17E-01	0.029067961
2439	8.77E-02	5.79E-02	1.18E-01	2.98E-02
2440	8.69E-02	5.66E-02	1.17E-01	3.04E-02
2441	8.48E-02	5.43E-02	1.15E-01	3.05E-02
2442	8.23E-02	5.40E-02	1.10E-01	2.82E-02
2443	8.21E-02	5.74E-02	1.07E-01	2.47E-02
2444	8.43E-02	6.03E-02	1.08E-01	2.39E-02
2445	8.51E-02	6.00E-02	1.10E-01	2.52E-02
2446	8.56E-02	5.83E-02	1.13E-01	2.73E-02
2447	8.43E-02	5.36E-02	1.15E-01	3.07E-02
2448	8.22E-02	5.11E-02	1.13E-01	3.11E-02
2449	8.09E-02	5.49E-02	1.07E-01	2.60E-02
2450	7.92E-02	5.58E-02	1.03E-01	2.34E-02
2451	7.79E-02	5.28E-02	1.03E-01	2.51E-02
2452	0.077832893	5.17E-02	1.04E-01	2.61E-02
2453	0.078366295	5.26E-02	1.04E-01	2.57E-02
2454	7.77E-02	5.09E-02	1.04E-01	2.67E-02
2455	7.58E-02	5.19E-02	9.98E-02	2.40E-02
2456	7.37E-02	5.03E-02	9.72E-02	2.35E-02
2457	7.08E-02	4.67E-02	9.50E-02	2.41E-02
2458	6.86E-02	4.50E-02	9.23E-02	0.023660023
2459	6.93E-02	4.68E-02	9.17E-02	2.24E-02
2460	7.14E-02	4.89E-02	9.38E-02	2.25E-02
2461	7.34E-02	5.03E-02	9.65E-02	2.31E-02
2462	7.35E-02	4.88E-02	9.82E-02	2.47E-02
2463	7.13E-02	4.56E-02	9.69E-02	2.57E-02
2464	6.85E-02	4.33E-02	9.38E-02	0.025262926
2465	6.55E-02	4.36E-02	8.75E-02	2.19E-02
2466	6.46E-02	4.33E-02	8.58E-02	2.13E-02
2467	6.40E-02	3.94E-02	8.85E-02	2.46E-02
2468	6.17E-02	3.48E-02	8.85E-02	2.69E-02
2469	6.28E-02	3.81E-02	8.75E-02	2.47E-02
2470	6.54E-02	3.97E-02	9.10E-02	2.56E-02
2471	6.42E-02	3.58E-02	9.27E-02	2.84E-02
2472	6.08E-02	3.08E-02	9.08E-02	3.00E-02
2473	5.57E-02	2.63E-02	8.51E-02	2.94E-02
2474	5.25E-02	2.09E-02	8.41E-02	3.16E-02
2475	5.55E-02	2.58E-02	8.53E-02	2.98E-02
2476	5.82E-02	2.91E-02	8.74E-02	2.91E-02
2477	5.81E-02	3.12E-02	8.49E-02	2.68E-02
2478	5.83E-02	2.88E-02	8.77E-02	2.94E-02
2479	5.71E-02	2.37E-02	9.05E-02	3.34E-02
2480	5.57E-02	1.36E-02	9.79E-02	4.22E-02
2481	5.48E-02	1.35E-02	9.60E-02	4.12E-02
2482	5.32E-02	9.85E-03	9.65E-02	0.043303233
2483	5.95E-02	2.05E-02	9.85E-02	0.039004672
2484	7.12E-02	2.52E-02	1.17E-01	4.60E-02
2485	8.57E-02	3.22E-02	1.39E-01	5.35E-02
2486	0.106246814	4.55E-02	1.67E-01	6.08E-02
2487	0.122226357	5.02E-02	1.94E-01	7.20E-02
2488	0.134542242	1.21E-02	2.57E-01	0.12249098
2489	0.155113041	-6.90E-03	3.17E-01	0.162011787
2490	0.189640388	-1.05E-02	3.90E-01	0.200156331
2491	0.198809668	4.22E-02	3.55E-01	0.156625256
2492	0.178371817	5.37E-02	3.03E-01	0.124694623
2493	0.120682769	4.42E-02	1.97E-01	7.65E-02
2494	9.17E-02	2.84E-02	1.55E-01	6.33E-02
2495	9.18E-02	3.45E-02	1.49E-01	5.73E-02
2496	0.091392882	2.07E-02	1.62E-01	7.07E-02
2497	0.080904521	1.70E-02	1.45E-01	6.40E-02
2498	6.93E-02	1.10E-02	1.28E-01	5.83E-02
2499	6.81E-02	1.93E-02	1.17E-01	4.88E-02
2500	7.69E-02	2.19E-02	1.32E-01	5.50E-02
