Wavelength	Mean	Std+	Std-
350	0.0140252	0.015061066	0.012989334
351	0.014188	0.015271662	0.013104338
352	0.0139732	0.015072255	0.012874145
353	0.014203	0.015241147	0.013164853
354	0.0142998	0.015281154	0.013318446
355	0.014211	0.015150475	0.013271525
356	0.0138464	0.014854059	0.012838741
357	0.0141226	0.015141641	0.013103559
358	0.0145632	0.015578346	0.013548054
359	0.014229	0.015258458	0.013199542
360	0.0144218	0.015428202	0.013415398
361	0.0145998	0.015599149	0.013600451
362	0.014448	0.015475308	0.013420692
363	0.0141788	0.015226686	0.013130914
364	0.0141566	0.015232371	0.013080829
365	0.0144018	0.015503704	0.013299896
366	0.0143736	0.01550069	0.01324651
367	0.0140972	0.015218063	0.012976337
368	0.0138456	0.014934748	0.012756452
369	0.0144098	0.015470852	0.013348748
370	0.0142842	0.015396318	0.013172082
371	0.0140478	0.015189289	0.012906311
372	0.0140704	0.015142277	0.012998523
373	0.014234	0.015335017	0.013132983
374	0.014409	0.015515181	0.013302819
375	0.014568	0.015622245	0.013513755
376	0.0142952	0.015228583	0.013361817
377	0.014256	0.015256593	0.013255407
378	0.0143294	0.015489987	0.013168813
379	0.0141396	0.015240404	0.013038796
380	0.0142306	0.015329331	0.013131869
381	0.0142504	0.015340384	0.013160416
382	0.0138628	0.014880996	0.012844604
383	0.0140368	0.015038135	0.013035465
384	0.0141092	0.015169012	0.013049388
385	0.0139524	0.015154435	0.012750365
386	0.0139514	0.015035835	0.012866965
387	0.0142562	0.015371485	0.013140915
388	0.0146324	0.015845893	0.013418907
389	0.0141586	0.015274562	0.013042638
390	0.0143806	0.015453954	0.013307246
391	0.0146748	0.015742559	0.013607041
392	0.014488	0.015593492	0.013382508
393	0.0143496	0.015542178	0.013157022
394	0.014319	0.015544618	0.013093382
395	0.014412	0.015596869	0.013227131
396	0.0141268	0.015340823	0.012912777
397	0.0141998	0.015426275	0.012973325
398	0.0144368	0.015660488	0.013213112
399	0.0142586	0.015435162	0.013082038
400	0.0142566	0.015428152	0.013085048
401	0.0143418	0.015522229	0.013161371
402	0.0144786	0.015661905	0.013295295
403	0.01446	0.015652997	0.013267003
404	0.0144432	0.015645872	0.013240528
405	0.0144672	0.015678911	0.013255489
406	0.014459	0.015646062	0.013271938
407	0.0145024	0.015701868	0.013302932
408	0.014572	0.015801149	0.013342851
409	0.0145276	0.01571247	0.01334273
410	0.0144744	0.015658833	0.013289967
411	0.0144514	0.015654398	0.013248402
412	0.0145246	0.01574654	0.01330266
413	0.0144944	0.015716461	0.013272339
414	0.0144812	0.015699979	0.013262421
415	0.0145268	0.015741202	0.013312398
416	0.014526	0.015766791	0.013285209
417	0.0144944	0.01573437	0.01325443
418	0.0144522	0.015671743	0.013232657
419	0.0145408	0.015788743	0.013292857
420	0.0145222	0.015774573	0.013269827
421	0.0144752	0.015718829	0.013231571
422	0.0145084	0.015737797	0.013279003
423	0.0146162	0.015842317	0.013390083
424	0.014657	0.015887028	0.013426972
425	0.014554	0.015795503	0.013312497
426	0.0145546	0.015809916	0.013299284
427	0.0145738	0.015829037	0.013318563
428	0.0146018	0.015843129	0.013360471
429	0.0145792	0.015826956	0.013331444
430	0.0146192	0.015877935	0.013360465
431	0.0146756	0.015948035	0.013403165
432	0.0146688	0.01595826	0.01337934
433	0.0146716	0.01595162	0.01339158
434	0.0146646	0.015948574	0.013380626
435	0.0146354	0.015957478	0.013313322
436	0.0146518	0.015948715	0.013354885
437	0.0146676	0.01595646	0.01337874
438	0.0146794	0.015979873	0.013378927
439	0.0147076	0.015993834	0.013421366
440	0.0147206	0.016003501	0.013437699
441	0.014718	0.0160014	0.0134346
442	0.0146888	0.015963506	0.013414094
443	0.0147258	0.016015914	0.013435686
444	0.0147478	0.016050593	0.013445007
445	0.0146998	0.015993968	0.013405632
446	0.0147254	0.016014499	0.013436301
447	0.0147658	0.016058861	0.013472739
448	0.0148142	0.016120414	0.013507986
449	0.0148766	0.016187862	0.013565338
450	0.0148586	0.016167684	0.013549516
451	0.0148022	0.016107316	0.013497084
452	0.0148014	0.016111142	0.013491658
453	0.0148082	0.016117639	0.013498761
454	0.0148032	0.016111389	0.013495011
455	0.0147656	0.016074884	0.013456316
456	0.014862	0.016172827	0.013551173
457	0.0149066	0.016231776	0.013581424
458	0.0148666	0.016220199	0.013513001
459	0.0148976	0.016227662	0.013567538
460	0.014912	0.016227207	0.013596793
461	0.0149158	0.016226651	0.013604949
462	0.0149198	0.016247638	0.013591962
463	0.0149004	0.016237321	0.013563479
464	0.0148918	0.016228324	0.013555276
465	0.014929	0.016249182	0.013608818
466	0.0149524	0.016274559	0.013630241
467	0.0149888	0.016310838	0.013666762
468	0.0150472	0.016363949	0.013730451
469	0.0149778	0.016299912	0.013655688
470	0.0149936	0.016334359	0.013652841
471	0.01506	0.016421339	0.013698661
472	0.0150452	0.016379857	0.013710543
473	0.0150262	0.016369662	0.013682738
474	0.0150216	0.016380745	0.013662455
475	0.0150562	0.016412255	0.013700145
476	0.0150562	0.01640151	0.01371089
477	0.0150696	0.016403801	0.013735399
478	0.015108	0.016433359	0.013782641
479	0.0151134	0.016475017	0.013751783
480	0.015102	0.016471556	0.013732444
481	0.0150786	0.016434567	0.013722633
482	0.0150612	0.016409836	0.013712564
483	0.0151274	0.016467827	0.013786973
484	0.0152032	0.01654063	0.01386577
485	0.0151956	0.016544363	0.013846837
486	0.0151902	0.016548183	0.013832217
487	0.0152142	0.01657501	0.01385339
488	0.0152812	0.016636057	0.013926343
489	0.0152568	0.016609514	0.013904086
490	0.0152426	0.016597267	0.013887933
491	0.015235	0.016595044	0.013874956
492	0.0151952	0.016554995	0.013835405
493	0.015225	0.016591551	0.013858449
494	0.0152666	0.016638526	0.013894674
495	0.015241	0.016603517	0.013878483
496	0.0152844	0.016641026	0.013927774
497	0.0153114	0.016669171	0.013953629
498	0.0152866	0.016654231	0.013918969
499	0.015308	0.016673267	0.013942733
500	0.0153332	0.016701798	0.013964602
501	0.0153556	0.016731964	0.013979236
502	0.0153394	0.016707995	0.013970805
503	0.0153682	0.01673869	0.01399771
504	0.0154284	0.016804149	0.014052651
505	0.0155198	0.016893025	0.014146575
506	0.0154648	0.016833675	0.014095925
507	0.0154126	0.016782869	0.014042331
508	0.0154314	0.016815303	0.014047497
509	0.0154406	0.016819827	0.014061373
510	0.0154362	0.0168111	0.0140613
511	0.0154228	0.016795364	0.014050236
512	0.0154514	0.016835615	0.014067185
513	0.015474	0.016846955	0.014101045
514	0.015502	0.016859121	0.014144879
515	0.0155638	0.016936048	0.014191552
516	0.015584	0.016952661	0.014215339
517	0.015586	0.016954451	0.014217549
518	0.015574	0.016956753	0.014191247
519	0.0155822	0.016964094	0.014200306
520	0.0156036	0.016978984	0.014228216
521	0.0156348	0.017000863	0.014268737
522	0.01564	0.017019997	0.014260003
523	0.0156414	0.017024567	0.014258233
524	0.0156486	0.017026322	0.014270878
525	0.0156896	0.017054212	0.014324988
526	0.015682	0.017051877	0.014312123
527	0.0156718	0.017046073	0.014297527
528	0.0156858	0.017050956	0.014320644
529	0.0157162	0.017086398	0.014346002
530	0.0157274	0.017104159	0.014350641
531	0.0157156	0.017099233	0.014331967
532	0.0157582	0.017126831	0.014389569
533	0.0158034	0.017170333	0.014436467
534	0.015842	0.017212997	0.014471003
535	0.015842	0.017201581	0.014482419
536	0.015856	0.017215228	0.014496772
537	0.0158704	0.017233943	0.014506857
538	0.0158746	0.017242271	0.014506929
539	0.0158792	0.017252539	0.014505861
540	0.015917	0.017293774	0.014540226
541	0.015992	0.017370558	0.014613442
542	0.015944	0.017326645	0.014561355
543	0.0159376	0.017316644	0.014558556
544	0.0159584	0.017330328	0.014586472
545	0.0159688	0.017347994	0.014589606
546	0.016006	0.017373823	0.014638177
547	0.0160368	0.017395711	0.014677889
548	0.0160264	0.017399648	0.014653152
549	0.0160392	0.017406663	0.014671737
550	0.016054	0.017413123	0.014694877
551	0.0160662	0.017417999	0.014714401
552	0.0160628	0.01742093	0.01470467
553	0.0160776	0.017437813	0.014717387
554	0.0161122	0.01747227	0.01475213
555	0.016184	0.017543648	0.014824352
556	0.0162028	0.017560561	0.014845039
557	0.0162008	0.017556974	0.014844626
558	0.0161998	0.017555735	0.014843865
559	0.0161862	0.017550608	0.014821792
560	0.0161896	0.017554746	0.014824454
561	0.0162216	0.017573914	0.014869286
562	0.0162796	0.017628997	0.014930203
563	0.0162966	0.017648048	0.014945152
564	0.0162866	0.017643744	0.014929456
565	0.0163318	0.01769245	0.01497115
566	0.0163452	0.017704185	0.014986215
567	0.016347	0.017705064	0.014988936
568	0.0163592	0.01772584	0.01499256
569	0.0163956	0.017751112	0.015040088
570	0.016415	0.017765776	0.015064224
571	0.016399	0.017761149	0.015036851
572	0.0164182	0.017772746	0.015063654
573	0.0164322	0.017782632	0.015081768
574	0.0164424	0.017793129	0.015091671
575	0.0164672	0.017813624	0.015120776
576	0.0164978	0.017841265	0.015154335
577	0.0165298	0.017870017	0.015189583
578	0.0165582	0.017893566	0.015222834
579	0.0165814	0.017922429	0.015240371
580	0.0166024	0.017943241	0.015261559
581	0.016623	0.017950132	0.015295868
582	0.0166252	0.017956113	0.015294287
583	0.0166434	0.017978268	0.015308532
584	0.0166772	0.018015798	0.015338602
585	0.0167008	0.018038353	0.015363247
586	0.0167036	0.01802807	0.01537913
587	0.0167056	0.018016926	0.015394274
588	0.016748	0.018072584	0.015423416
589	0.0167344	0.018064454	0.015404346
590	0.0167306	0.01806096	0.01540024
591	0.0167726	0.018099067	0.015446133
592	0.0168184	0.018146708	0.015490092
593	0.0168392	0.018171337	0.015507063
594	0.0168382	0.018176434	0.015499966
595	0.0168666	0.018202633	0.015530567
596	0.0168768	0.018211062	0.015542538
597	0.0168796	0.018211423	0.015547777
598	0.0168988	0.018223467	0.015574133
599	0.0169726	0.018294152	0.015651048
600	0.0170154	0.018339373	0.015691427
601	0.016965	0.018302557	0.015627443
602	0.017052	0.018381783	0.015722217
603	0.0170972	0.018425587	0.015768813
604	0.0170826	0.018418174	0.015747026
605	0.0170938	0.018412042	0.015775558
606	0.017132	0.018455005	0.015808995
607	0.0171798	0.018516742	0.015842858
608	0.017194	0.01852299	0.01586501
609	0.0172004	0.018527792	0.015873008
610	0.017207	0.018537477	0.015876523
611	0.0172202	0.018560163	0.015880237
612	0.017257	0.018600078	0.015913922
613	0.0173004	0.018645093	0.015955707
614	0.0173474	0.018691913	0.016002887
615	0.0173678	0.018709157	0.016026443
616	0.01735	0.018690572	0.016009428
617	0.0173188	0.018656896	0.015980704
618	0.0173514	0.018674887	0.016027913
619	0.0174034	0.018738015	0.016068785
620	0.0174492	0.018794471	0.016103929
621	0.0174672	0.018800231	0.016134169
622	0.0174786	0.018781764	0.016175436
623	0.0174888	0.018781549	0.016196051
624	0.0174986	0.018808574	0.016188626
625	0.0175218	0.018815338	0.016228262
626	0.017573	0.018862282	0.016283718
627	0.017632	0.018927224	0.016336776
628	0.0176212	0.018921326	0.016321074
629	0.0176534	0.018941305	0.016365495
630	0.0176928	0.018968836	0.016416764
631	0.0177108	0.018992923	0.016428677
632	0.017676	0.018955659	0.016396341
633	0.0176756	0.018955436	0.016395764
634	0.0177302	0.019013301	0.016447099
635	0.017773	0.01905798	0.01648802
636	0.0177948	0.019074448	0.016515152
637	0.0178052	0.019077386	0.016533014
638	0.017846	0.019126682	0.016565318
639	0.017858	0.019143058	0.016572942
640	0.0178578	0.019143543	0.016572057
641	0.017856	0.019137579	0.016574421
642	0.0179244	0.019198459	0.016650341
643	0.017961	0.01922541	0.01669659
644	0.0179354	0.019188026	0.016682774
645	0.0179882	0.019265709	0.016710691
646	0.0180266	0.019301727	0.016751473
647	0.0180488	0.019302346	0.016795254
648	0.0180416	0.019304676	0.016778524
649	0.0180574	0.019328692	0.016786108
650	0.0180866	0.01936112	0.01681208
651	0.0181236	0.019390521	0.016856679
652	0.0181402	0.019415546	0.016864854
653	0.0181632	0.019437546	0.016888854
654	0.018204	0.019455232	0.016952768
655	0.0182042	0.019465636	0.016942764
656	0.0182406	0.019509007	0.016972193
657	0.0183048	0.019576707	0.017032893
658	0.0183384	0.019616429	0.017060371
659	0.0183516	0.019632415	0.017070785
660	0.0183708	0.019650249	0.017091351
661	0.0184416	0.019709204	0.017173996
662	0.0184634	0.019736248	0.017190552
663	0.0184804	0.01976034	0.01720046
664	0.018509	0.019791567	0.017226433
665	0.0185446	0.019830201	0.017258999
666	0.0185638	0.019851059	0.017276541
667	0.0185688	0.019855401	0.017282199
668	0.0186026	0.019881901	0.017323299
669	0.018611	0.019877961	0.017344039
670	0.0186268	0.019882894	0.017370706
671	0.0187162	0.019980599	0.017451801
672	0.018785	0.020044494	0.017525506
673	0.018823	0.0200778	0.0175682
674	0.0188134	0.020072532	0.017554268
675	0.018815	0.020072829	0.017557171
676	0.0188414	0.020097737	0.017585063
677	0.01889	0.020144533	0.017635467
678	0.0188844	0.020131447	0.017637353
679	0.0189122	0.0201594	0.017665
680	0.0189634	0.020215829	0.017710971
681	0.019028	0.020286493	0.017769507
682	0.0190238	0.020280062	0.017767538
683	0.0190284	0.020276943	0.017779857
684	0.0190914	0.02032623	0.01785657
685	0.0191062	0.020335186	0.017877214
686	0.0191028	0.020334335	0.017871265
687	0.0190868	0.020329256	0.017844344
688	0.019155	0.020407817	0.017902183
689	0.0192016	0.020454538	0.017948662
690	0.0192398	0.020485797	0.017993803
691	0.0193044	0.020541571	0.018067229
692	0.0193258	0.020558057	0.018093543
693	0.01935	0.020579265	0.018120735
694	0.01941	0.020637183	0.018182817
695	0.0194886	0.020707472	0.018269728
696	0.0195288	0.020744208	0.018313392
697	0.019524	0.020743009	0.018304991
698	0.0195684	0.020791493	0.018345307
699	0.0196324	0.020842406	0.018422394
700	0.0196918	0.020883596	0.018500004
701	0.0196608	0.020868476	0.018453124
702	0.0197348	0.020942659	0.018526941
703	0.019813	0.021014546	0.018611454
704	0.019814	0.021006839	0.018621161
705	0.0198474	0.021041964	0.018652836
706	0.0199058	0.021098819	0.018712781
707	0.0199894	0.021175316	0.018803484
708	0.0200208	0.021212744	0.018828856
709	0.0200522	0.02124294	0.01886146
710	0.0200874	0.021270855	0.018903945
711	0.020141	0.021310555	0.018971445
712	0.0202142	0.021389191	0.019039209
713	0.020268	0.021453057	0.019082943
714	0.020251	0.021437168	0.019064832
715	0.020255	0.021423295	0.019086705
716	0.020257	0.021406814	0.019107186
717	0.0202486	0.021385229	0.019111971
718	0.020305	0.021448985	0.019161015
719	0.0203636	0.021510894	0.019216306
720	0.0204174	0.021565627	0.019269173
721	0.0204588	0.021615825	0.019301775
722	0.0204802	0.021633625	0.019326775
723	0.0205026	0.021646646	0.019358554
724	0.020549	0.021682321	0.019415679
725	0.0206116	0.021730753	0.019492447
726	0.0206586	0.021775866	0.019541334
727	0.020679	0.021812451	0.019545549
728	0.0207226	0.021847241	0.019597959
729	0.020764	0.021882457	0.019645543
730	0.0208056	0.021920828	0.019690372
731	0.0208764	0.021984286	0.019768514
732	0.0209142	0.022024642	0.019803758
733	0.0209514	0.0220642	0.0198386
734	0.0210316	0.022133925	0.019929275
735	0.0211114	0.022216948	0.020005852
736	0.0211696	0.022276744	0.020062456
737	0.0211956	0.022298001	0.020093199
738	0.0212536	0.022356413	0.020150787
739	0.021308	0.022406272	0.020209728
740	0.0213588	0.022449142	0.020268458
741	0.0214144	0.022498087	0.020330713
742	0.0214658	0.022553193	0.020378407
743	0.0215088	0.022604953	0.020412647
744	0.021531	0.022638042	0.020423958
745	0.0215384	0.022646541	0.020430259
746	0.0215706	0.022679785	0.020461415
747	0.0216506	0.022764462	0.020536738
748	0.0216816	0.022789677	0.020573523
749	0.0217292	0.022824721	0.020633679
750	0.0217954	0.022874095	0.020716705
751	0.021858	0.022950801	0.020765199
752	0.0219026	0.022995478	0.020809722
753	0.0219256	0.023015059	0.020836141
754	0.0219054	0.023008697	0.020802103
755	0.0219612	0.023049676	0.020872724
756	0.0220074	0.023078788	0.020936012
757	0.021992	0.023058424	0.020925576
758	0.0219296	0.022992002	0.020867198
759	0.0218638	0.022923098	0.020804502
760	0.0218338	0.022900467	0.020767133
761	0.0217584	0.022857434	0.020659366
762	0.0218596	0.022939686	0.020779514
763	0.0220268	0.023077529	0.020976071
764	0.0221376	0.023198179	0.021077021
765	0.0222852	0.02333881	0.02123159
766	0.0224116	0.023465371	0.021357829
767	0.0225064	0.023580801	0.021431999
768	0.022616	0.023698289	0.021533711
769	0.0226616	0.023745334	0.021577866
770	0.0226374	0.02371768	0.02155712
771	0.0226674	0.023753019	0.021581781
772	0.0227458	0.023823032	0.021668568
773	0.022835	0.02390328	0.02176672
774	0.0228312	0.023924082	0.021738318
775	0.0228758	0.023965278	0.021786322
776	0.022932	0.024012482	0.021851518
777	0.0229794	0.02405943	0.02189937
778	0.0230232	0.024103318	0.021943082
779	0.0230806	0.024162207	0.021998993
780	0.0231548	0.024237904	0.022071696
781	0.0231794	0.0242685	0.0220903
782	0.0232128	0.024300048	0.022125552
783	0.0232552	0.024335442	0.022174958
784	0.0233142	0.024388078	0.022240322
785	0.0232994	0.024389594	0.022209206
786	0.023286	0.024393115	0.022178885
787	0.023343	0.024445043	0.022240957
788	0.02345	0.024536913	0.022363087
789	0.0235114	0.024586011	0.022436789
790	0.0235014	0.024570583	0.022432217
791	0.0235724	0.02465086	0.02249394
792	0.0236226	0.024715073	0.022530127
793	0.0236636	0.024769397	0.022557803
794	0.0237486	0.024837435	0.022659765
795	0.0237594	0.024848005	0.022670795
796	0.0237506	0.024842247	0.022658953
797	0.02377	0.024855833	0.022684167
798	0.0238776	0.024983773	0.022771427
799	0.0239748	0.025093261	0.022856339
800	0.0240342	0.025145438	0.022922962
801	0.0240436	0.025154239	0.022932961
802	0.0240602	0.02516422	0.02295618
803	0.0240814	0.025176009	0.022986791
804	0.0240902	0.025189427	0.022990973
805	0.0242158	0.025322089	0.023109511
806	0.0243416	0.025455109	0.023228091
807	0.0243146	0.025434075	0.023195125
808	0.0243292	0.025450687	0.023207713
809	0.0243438	0.025464102	0.023223498
810	0.0243446	0.025460691	0.023228509
811	0.024384	0.02549951	0.02326849
812	0.024404	0.025524646	0.023283354
813	0.0244162	0.025545793	0.023286607
814	0.024525	0.025651461	0.023398539
815	0.0245336	0.025656721	0.023410479
816	0.0245326	0.025653457	0.023411743
817	0.0246638	0.025785776	0.023541824
818	0.0247318	0.025868061	0.023595539
819	0.0248068	0.02596093	0.02365267
820	0.0249176	0.026091655	0.023743545
821	0.024858	0.025999513	0.023716487
822	0.0248512	0.02597037	0.02373203
823	0.0249208	0.02603335	0.02380825
824	0.0251336	0.026248632	0.024018568
825	0.025121	0.026247673	0.023994327
826	0.0250442	0.026186158	0.023902242
827	0.025135	0.026287196	0.023982804
828	0.025175	0.026328667	0.024021333
829	0.0252272	0.026385952	0.024068448
830	0.0253258	0.026499098	0.024152502
831	0.0253626	0.026517058	0.024208142
832	0.0254048	0.026561266	0.024248334
833	0.025458	0.026638361	0.024277639
834	0.0255322	0.026713017	0.024351383
835	0.0256254	0.026800272	0.024450528
836	0.0257224	0.026892822	0.024551978
837	0.0257912	0.026973694	0.024608706
838	0.025769	0.026955769	0.024582231
839	0.0257692	0.026952167	0.024586233
840	0.0258604	0.027027813	0.024692987
841	0.0259426	0.027106809	0.024778391
842	0.026011	0.027179251	0.024842749
843	0.0260672	0.027244647	0.024889753
844	0.0261562	0.027342726	0.024969674
845	0.026197	0.027388157	0.025005843
846	0.0262294	0.027423767	0.025035033
847	0.0263578	0.027558184	0.025157416
848	0.0263092	0.027506175	0.025112225
849	0.0262842	0.027484856	0.025083544
850	0.0264306	0.027654337	0.025206863
851	0.0264714	0.027683016	0.025259784
852	0.0265006	0.027710996	0.025290204
853	0.0265352	0.027762967	0.025307433
854	0.0266704	0.027907454	0.025433346
855	0.0267162	0.027934648	0.025497752
856	0.0267226	0.027916913	0.025528287
857	0.0268112	0.028032388	0.025590012
858	0.0268548	0.028112003	0.025597597
859	0.0268598	0.028140213	0.025579387
860	0.0268126	0.028079765	0.025545435
861	0.0270264	0.028272854	0.025779946
862	0.0271368	0.028385573	0.025888027
863	0.0270754	0.028357324	0.025793476
864	0.0270618	0.028324454	0.025799146
865	0.0271174	0.028377891	0.025856909
866	0.0272194	0.02849173	0.02594707
867	0.0272906	0.028582137	0.025999063
868	0.027394	0.02867745	0.02611055
869	0.0274864	0.028769134	0.026203666
870	0.0275242	0.028845281	0.026203119
871	0.027511	0.028799791	0.026222209
872	0.0275324	0.028789866	0.026274934
873	0.027614	0.028857866	0.026370134
874	0.0276674	0.028970832	0.026363968
875	0.0277414	0.029053376	0.026429424
876	0.0278204	0.029109749	0.026531051
877	0.0278352	0.029150206	0.026520194
878	0.0278684	0.029189323	0.026547477
879	0.0279454	0.029269079	0.026621721
880	0.0281138	0.029455086	0.026772514
881	0.0280938	0.029447271	0.026740329
882	0.0280648	0.029432346	0.026697254
883	0.0280716	0.029456414	0.026686786
884	0.0282336	0.029653718	0.026813482
885	0.0282848	0.029693944	0.026875656
886	0.0282662	0.029631667	0.026900733
887	0.0284448	0.029809785	0.027079815
888	0.0284996	0.029860842	0.027138358
889	0.0284958	0.029866553	0.027125047
890	0.02849	0.029913673	0.027066327
891	0.0285556	0.029959503	0.027151697
892	0.028609	0.030006552	0.027211448
893	0.028618	0.030056936	0.027179064
894	0.0286126	0.030035249	0.027189951
895	0.0285202	0.029932168	0.027108232
896	0.0283618	0.029772203	0.026951397
897	0.0284308	0.02985036	0.02701124
898	0.0286498	0.030082832	0.027216768
899	0.0288664	0.030328384	0.027404416
900	0.0288	0.030300228	0.027299772
901	0.0288862	0.030364814	0.027407586
902	0.0289232	0.030388824	0.027457576
903	0.0288272	0.030318671	0.027335729
904	0.0289674	0.030452792	0.027482008
905	0.0290832	0.030573783	0.027592617
906	0.0291704	0.03067893	0.02766187
907	0.029284	0.030838969	0.027729031
908	0.0293666	0.030904132	0.027829068
909	0.0294078	0.030909767	0.027905833
910	0.0293644	0.030910467	0.027818333
911	0.0293294	0.030893244	0.027765556
912	0.0293332	0.03088335	0.02778305
913	0.0294022	0.030896997	0.027907403
914	0.0294122	0.030941232	0.027883168
915	0.0294804	0.031068534	0.027892266
916	0.029619	0.031273347	0.027964653
917	0.029848	0.031517015	0.028178985
918	0.0300186	0.031627607	0.028409593
919	0.0300918	0.031634594	0.028549006
920	0.0299274	0.031534011	0.028320789
921	0.0299648	0.031588096	0.028341504
922	0.0300978	0.0317275	0.0284681
923	0.0303026	0.031939144	0.028666056
924	0.0301902	0.031847038	0.028533362
925	0.0301704	0.031822181	0.028518619
926	0.0302824	0.031907029	0.028657771
927	0.030074	0.031681268	0.028466732
928	0.0300518	0.031641684	0.028461916
929	0.0301028	0.031660754	0.028544846
930	0.0298484	0.031341203	0.028355597
931	0.029874	0.031426065	0.028321935
932	0.0299834	0.031658462	0.028308338
933	0.0300062	0.031857711	0.028154689
934	0.0298066	0.031678349	0.027934851
935	0.029663	0.031436231	0.027889769
936	0.0296772	0.031210636	0.028143764
937	0.030289	0.031965349	0.028612651
938	0.0300844	0.031868732	0.028300068
939	0.0295746	0.03138953	0.02775967
940	0.0299338	0.031584972	0.028282628
941	0.030083	0.031824966	0.028341034
942	0.0301444	0.031980427	0.028308373
943	0.0301692	0.031932759	0.028405641
944	0.0304496	0.03225448	0.02864472
945	0.0305532	0.03241151	0.02869489
946	0.0303796	0.032275353	0.028483847
947	0.030767	0.032644174	0.028889826
948	0.0311602	0.033083006	0.029237394
949	0.0313536	0.033307796	0.029399404
950	0.0304144	0.03205025	0.02877855
951	0.030447	0.032055917	0.028838083
952	0.0308074	0.032520745	0.029094055
953	0.0310512	0.032861497	0.029240903
954	0.0314888	0.03343461	0.02954299
955	0.0316764	0.033768127	0.029584673
956	0.0314904	0.033674562	0.029306238
957	0.0311318	0.033133729	0.029129871
958	0.0310724	0.033059251	0.029085549
959	0.0312154	0.033289143	0.029141657
960	0.0312224	0.033203987	0.029240813
961	0.0311752	0.033089596	0.029260804
962	0.0313528	0.033243948	0.029461652
963	0.0321842	0.034132179	0.030236221
964	0.032294	0.034338359	0.030249641
965	0.0322584	0.034362511	0.030154289
966	0.0322084	0.034318702	0.030098098
967	0.032531	0.034444634	0.030617366
968	0.032572	0.034394536	0.030749464
969	0.032407	0.034243961	0.030570039
970	0.0323724	0.034353679	0.030391121
971	0.033064	0.035059322	0.031068678
972	0.0336762	0.035626811	0.031725589
973	0.0330774	0.03499948	0.03115532
974	0.0329138	0.034790445	0.031037155
975	0.0327416	0.034650997	0.030832203
976	0.0323992	0.034459195	0.030339205
977	0.0331212	0.035181831	0.031060569
978	0.0333158	0.035374872	0.031256728
979	0.0331108	0.03516261	0.03105899
980	0.0340712	0.036014013	0.032128387
981	0.0339408	0.035979618	0.031901982
982	0.0334352	0.035588272	0.031282128
983	0.0334576	0.035435957	0.031479243
984	0.033973	0.036009245	0.031936755
985	0.0341592	0.036231925	0.032086475
986	0.0336104	0.035608077	0.031612723
987	0.0340086	0.035974815	0.032042385
988	0.034275	0.036268626	0.032281374
989	0.034326	0.036398533	0.032253467
990	0.0340438	0.036159641	0.031927959
991	0.0346004	0.036712541	0.032488259
992	0.0353552	0.037439616	0.033270784
993	0.0351304	0.037198441	0.033062359
994	0.0353132	0.037209794	0.033416606
995	0.0352214	0.037108996	0.033333804
996	0.0344134	0.036607804	0.032218996
997	0.0343256	0.036431078	0.032220122
998	0.0343652	0.03648311	0.03224729
999	0.0344762	0.036743174	0.032209226
1000	0.0345022	0.036728109	0.032276291
1001	0.0345446	0.036559921	0.032529279
1002	0.0346702	0.036733149	0.032607251
1003	0.0347034	0.036867652	0.032539148
1004	0.0346792	0.03703623	0.03232217
1005	0.0347202	0.037150129	0.032290271
1006	0.034883	0.037269582	0.032496418
1007	0.035067	0.037367069	0.032766931
1008	0.0352058	0.037498085	0.032913515
1009	0.0352554	0.037585492	0.032925308
1010	0.035231	0.037535569	0.032926431
1011	0.0352438	0.037491161	0.032996439
1012	0.0353896	0.037664365	0.033114835
1013	0.035546	0.037865342	0.033226658
1014	0.0355442	0.037902876	0.033185524
1015	0.0354544	0.037830706	0.033078094
1016	0.035514	0.037877816	0.033150184
1017	0.0357104	0.038097058	0.033323742
1018	0.0358046	0.038129087	0.033480113
1019	0.0358234	0.03819779	0.03344901
1020	0.0358568	0.038337047	0.033376553
1021	0.035903	0.038337784	0.033468216
1022	0.0360242	0.038364692	0.033683708
1023	0.0362256	0.03851869	0.03393251
1024	0.0363862	0.038709087	0.034063313
1025	0.0364624	0.038879242	0.034045558
1026	0.0365402	0.03904297	0.03403743
1027	0.0366156	0.03915751	0.03407369
1028	0.036624	0.039220743	0.034027257
1029	0.0366516	0.039315203	0.033987997
1030	0.0368086	0.039483093	0.034134107
1031	0.0369378	0.039608696	0.034266904
1032	0.0369428	0.039634723	0.034250877
1033	0.0369812	0.039608761	0.034353639
1034	0.0370388	0.039556552	0.034521048
1035	0.0371106	0.039624167	0.034597033
1036	0.0371892	0.039667322	0.034711078
1037	0.0372322	0.039643928	0.034820472
1038	0.0372982	0.039724028	0.034872372
1039	0.037393	0.039903781	0.034882219
1040	0.0374854	0.040078389	0.034892411
1041	0.0375944	0.040215185	0.034973615
1042	0.0377214	0.040320101	0.035122699
1043	0.0377726	0.040394661	0.035150539
1044	0.037779	0.040462752	0.035095248
1045	0.0378536	0.040530856	0.035176344
1046	0.0379464	0.040565114	0.035327686
1047	0.0380562	0.0406235	0.0354889
1048	0.0381838	0.040734465	0.035633135
1049	0.0382178	0.040772462	0.035663138
1050	0.0382202	0.04078643	0.03565397
1051	0.0382862	0.040867005	0.035705395
1052	0.0384076	0.041033292	0.035781908
1053	0.0385476	0.041332847	0.035762353
1054	0.0386726	0.041614404	0.035730796
1055	0.0387344	0.041639289	0.035829511
1056	0.0387446	0.041548811	0.035940389
1057	0.0387182	0.041521736	0.035914664
1058	0.0387362	0.041604956	0.035867444
1059	0.0388656	0.041806138	0.035925062
1060	0.0389986	0.041964829	0.036032371
1061	0.0390092	0.041919292	0.036099108
1062	0.038993	0.04185247	0.03613353
1063	0.0389966	0.041824615	0.036168585
1064	0.0390674	0.041915553	0.036219247
1065	0.039206	0.042127382	0.036284618
1066	0.0393158	0.042256126	0.036375474
1067	0.0393932	0.042284679	0.036501721
1068	0.0394728	0.042297394	0.036648206
1069	0.039561	0.042345317	0.036776683
1070	0.0396578	0.042396138	0.036919462
1071	0.039758	0.042454533	0.037061467
1072	0.0398888	0.042657752	0.037119848
1073	0.0400324	0.04290606	0.03715874
1074	0.0400862	0.04292211	0.03725029
1075	0.0400606	0.042822648	0.037298552
1076	0.0400378	0.042790168	0.037285432
1077	0.0400918	0.04282413	0.03735947
1078	0.0402552	0.043042005	0.037468395
1079	0.0403668	0.043279651	0.037453949
1080	0.0403908	0.043390803	0.037390797
1081	0.0405128	0.0435741	0.0374515
1082	0.0406652	0.043762635	0.037567765
1083	0.0406586	0.043716303	0.037600897
1084	0.0406274	0.043686891	0.037567909
1085	0.0407014	0.043790088	0.037612712
1086	0.0408164	0.043913607	0.037719193
1087	0.0410072	0.044151247	0.037863153
1088	0.0411996	0.04441449	0.03798471
1089	0.0412086	0.044375792	0.038041408
1090	0.0411366	0.044253755	0.038019445
1091	0.041166	0.04441446	0.03791754
1092	0.0412884	0.044625304	0.037951496
1093	0.0413986	0.044695006	0.038102194
1094	0.0414272	0.044689117	0.038165283
1095	0.0414606	0.044717225	0.038203975
1096	0.0415416	0.044735907	0.038347293
1097	0.0415974	0.044723436	0.038471364
1098	0.0416488	0.044847289	0.038450311
1099	0.0417058	0.0449806	0.038431
1100	0.041788	0.045087923	0.038488077
1101	0.0418902	0.045234547	0.038545853
1102	0.0420246	0.045323947	0.038725253
1103	0.0421324	0.045363718	0.038901082
1104	0.042045	0.045293236	0.038796764
1105	0.0419432	0.045253679	0.038632721
1106	0.0420448	0.045363649	0.038725951
1107	0.0421728	0.045473361	0.038872239
1108	0.0422464	0.0455696	0.0389232
1109	0.042324	0.045709464	0.038938536
1110	0.042334	0.045744441	0.038923559
1111	0.0422112	0.045578663	0.038843737
1112	0.0421318	0.045494228	0.038769372
1113	0.0422168	0.045621254	0.038812346
1114	0.042319	0.045754586	0.038883414
1115	0.0423576	0.045803191	0.038912009
1116	0.0423388	0.045767966	0.038909634
1117	0.042173	0.045312942	0.039033058
1118	0.0419904	0.044862132	0.039118668
1119	0.0419812	0.045167991	0.038794409
1120	0.0419896	0.045576157	0.038403043
1121	0.0420924	0.04550278	0.03868202
1122	0.042211	0.045422542	0.038999458
1123	0.0423352	0.04595872	0.03871168
1124	0.0424746	0.046741614	0.038207586
1125	0.042616	0.046670123	0.038561877
1126	0.0426784	0.046129957	0.039226843
1127	0.0426526	0.045855045	0.039450155
1128	0.0425952	0.045853566	0.039336834
1129	0.042805	0.046276136	0.039333864
1130	0.0433006	0.047070976	0.039530224
1131	0.0435544	0.047398262	0.039710538
1132	0.0434466	0.047180113	0.039713087
1133	0.0434572	0.047206283	0.039708117
1134	0.043715	0.047418515	0.040011485
1135	0.0439092	0.04758074	0.04023766
1136	0.0441016	0.047796311	0.040406889
1137	0.04429	0.048006531	0.040573469
1138	0.0442616	0.048058606	0.040464594
1139	0.0442058	0.048109469	0.040302131
1140	0.0443466	0.048310377	0.040382823
1141	0.0445306	0.048561516	0.040499684
1142	0.0445826	0.048661642	0.040503558
1143	0.0446018	0.04875684	0.04044676
1144	0.0446384	0.048713031	0.040563769
1145	0.044678	0.048565919	0.040790081
1146	0.044802	0.048569684	0.041034316
1147	0.0449644	0.048688107	0.041240693
1148	0.0450946	0.048835369	0.041353831
1149	0.045225	0.04905953	0.04139047
1150	0.0453382	0.049242829	0.041433571
1151	0.045403	0.04932336	0.04148264
1152	0.0454964	0.049436465	0.041556335
1153	0.045729	0.049678747	0.041779253
1154	0.045937	0.049906062	0.041967938
1155	0.0461772	0.050278079	0.042076321
1156	0.0463932	0.050612222	0.042174178
1157	0.0465338	0.050795914	0.042271686
1158	0.0466516	0.050959899	0.042343301
1159	0.0467706	0.051038695	0.042502505
1160	0.0468844	0.051105514	0.042663286
1161	0.0469562	0.051130722	0.042781678
1162	0.0470108	0.051137764	0.042883836
1163	0.0470798	0.051193466	0.042966134
1164	0.0471568	0.051281208	0.043032392
1165	0.0472934	0.051465112	0.043121688
1166	0.0474854	0.051731671	0.043239129
1167	0.0476498	0.051916686	0.043382914
1168	0.04778	0.051986631	0.043573369
1169	0.0478946	0.052052807	0.043736393
1170	0.047974	0.052113998	0.043834002
1171	0.0480508	0.052184799	0.043916801
1172	0.0481228	0.052303291	0.043942309
1173	0.0481944	0.052422585	0.043966215
1174	0.0482692	0.052566705	0.043971695
1175	0.0483438	0.05271036	0.04397724
1176	0.0485256	0.052896814	0.044154386
1177	0.0487142	0.053086653	0.044341747
1178	0.0487952	0.053170785	0.044419615
1179	0.0488552	0.053234702	0.044475698
1180	0.0489404	0.053299744	0.044581056
1181	0.0490344	0.053367776	0.044701024
1182	0.0491364	0.05344447	0.04482833
1183	0.0492436	0.053528318	0.044958882
1184	0.0493128	0.053628675	0.044996925
1185	0.0493458	0.053741282	0.044950318
1186	0.0494034	0.053853759	0.044953041
1187	0.0494942	0.053969343	0.045019057
1188	0.0495932	0.05410711	0.04507929
1189	0.0497106	0.054279498	0.045141702
1190	0.049832	0.054429318	0.045234682
1191	0.0499848	0.054507702	0.045461898
1192	0.0501286	0.054592054	0.045665146
1193	0.0501628	0.05471632	0.04560928
1194	0.0501972	0.054839857	0.045554543
1195	0.0503102	0.054957076	0.045663324
1196	0.0504272	0.055076837	0.045777563
1197	0.0505372	0.055203024	0.045871376
1198	0.0506484	0.055331949	0.045964851
1199	0.0507234	0.055421522	0.046025278
1200	0.0507854	0.055502872	0.046067928
1201	0.0508656	0.0556267	0.0461045
1202	0.0509526	0.055756461	0.046148739
1203	0.0510452	0.055867927	0.046222473
1204	0.0511412	0.05597874	0.04630366
1205	0.0512402	0.056075541	0.046404859
1206	0.0513474	0.056151303	0.046543497
1207	0.0514778	0.056272029	0.046683571
1208	0.0516354	0.056450479	0.046820321
1209	0.0517742	0.056616227	0.046932173
1210	0.0518858	0.056782309	0.046989291
1211	0.0520004	0.056937367	0.047063433
1212	0.0521018	0.05704256	0.04716104
1213	0.0522044	0.057153808	0.047254992
1214	0.0523636	0.057317122	0.047410078
1215	0.0525202	0.057478127	0.047562273
1216	0.0525656	0.057564209	0.047566991
1217	0.0526022	0.057646989	0.047557411
1218	0.0527452	0.057789986	0.047700414
1219	0.0529034	0.057935863	0.047870937
1220	0.0529832	0.058014468	0.047951932
1221	0.0530458	0.058079103	0.048012497
1222	0.0531664	0.058237598	0.048095202
1223	0.0533062	0.058438533	0.048173867
1224	0.0534432	0.058589441	0.048296959
1225	0.053581	0.058702669	0.048459331
1226	0.0537146	0.058805182	0.048624018
1227	0.05384	0.058885834	0.048794166
1228	0.0539518	0.058972494	0.048931106
1229	0.0540638	0.059095277	0.049032323
1230	0.054184	0.059244588	0.049123412
1231	0.0542936	0.059418716	0.049168484
1232	0.054386	0.059560344	0.049211656
1233	0.0544406	0.059635491	0.049245709
1234	0.0545012	0.059714277	0.049288123
1235	0.0546234	0.059821397	0.049425403
1236	0.0547498	0.059937725	0.049561875
1237	0.0549152	0.06014845	0.04968195
1238	0.055079	0.06035814	0.04979986
1239	0.0551658	0.06050077	0.04983083
1240	0.0552512	0.060655484	0.049846916
1241	0.0553168	0.060717722	0.049915878
1242	0.0553584	0.060727436	0.049989364
1243	0.0554352	0.060785981	0.050084419
1244	0.0555538	0.06089194	0.05021566
1245	0.0556666	0.061025125	0.050308075
1246	0.055753	0.06115771	0.05034829
1247	0.0558428	0.061276048	0.050409552
1248	0.0559516	0.061399781	0.050503419
1249	0.0560584	0.061506572	0.050610228
1250	0.0561626	0.061592265	0.050732935
1251	0.0562752	0.061690672	0.050859728
1252	0.0563902	0.061772314	0.051008086
1253	0.0564886	0.061866921	0.051110279
1254	0.0565606	0.062031053	0.051090147
1255	0.0566438	0.062180029	0.051107571
1256	0.0567034	0.062215851	0.051190949
1257	0.0567642	0.062260803	0.051267597
1258	0.0568996	0.062422563	0.051376637
1259	0.0570448	0.062596643	0.051492957
1260	0.0571312	0.062685854	0.051576546
1261	0.0572084	0.062757131	0.051659669
1262	0.0572592	0.06282107	0.05169733
1263	0.0573152	0.062909407	0.051720993
1264	0.0574072	0.063044845	0.051769555
1265	0.057504	0.06317682	0.05183118
1266	0.057592	0.063264346	0.051919654
1267	0.057663	0.063326477	0.051999523
1268	0.0578238	0.063471552	0.052176048
1269	0.0580788	0.063705363	0.052452237
1270	0.0582512	0.063887119	0.052615281
1271	0.058316	0.064021366	0.052610634
1272	0.0584032	0.064196353	0.052610047
1273	0.0585422	0.064396797	0.052687603
1274	0.0586836	0.064587234	0.052779966
1275	0.0588152	0.064731655	0.052898745
1276	0.0589414	0.064846445	0.053036355
1277	0.059042	0.064922839	0.053161161
1278	0.059149	0.065022222	0.053275778
1279	0.0593156	0.065212584	0.053418616
1280	0.0594696	0.065392151	0.053547049
1281	0.0595658	0.065504085	0.053627515
1282	0.0596636	0.065616368	0.053710832
1283	0.0597678	0.065747275	0.053788325
1284	0.059867	0.065873693	0.053860307
1285	0.0599358	0.065927932	0.053943668
1286	0.0600002	0.065979157	0.054021243
1287	0.0601352	0.06614996	0.05412044
1288	0.060287	0.066334432	0.054239568
1289	0.0603708	0.066451921	0.054289679
1290	0.060448	0.066592604	0.054303396
1291	0.0605568	0.066742852	0.054370748
1292	0.0606548	0.066833687	0.054475913
1293	0.0607382	0.066863105	0.054613295
1294	0.0608226	0.066892732	0.054752468
1295	0.0609296	0.067014551	0.054844649
1296	0.061052	0.067186027	0.054917973
1297	0.0611554	0.067309548	0.055001252
1298	0.0612292	0.067397107	0.055061293
1299	0.0613066	0.067500175	0.055113025
1300	0.0613822	0.067602837	0.055161563
1301	0.0614346	0.067687089	0.055182111
1302	0.0614292	0.067705109	0.055153291
1303	0.0614332	0.067708745	0.055157655
1304	0.0615448	0.067792945	0.055296655
1305	0.0616626	0.067888741	0.055436459
1306	0.0617608	0.067958116	0.055563484
1307	0.0618546	0.068025484	0.055683716
1308	0.0619548	0.0681665	0.0557431
1309	0.0620682	0.068339748	0.055796652
1310	0.0621422	0.068495087	0.055789313
1311	0.0621966	0.068622829	0.055770371
1312	0.0622652	0.068683785	0.055846615
1313	0.0623336	0.06874823	0.05591897
1314	0.0624168	0.068840182	0.055993418
1315	0.0625224	0.068942324	0.056102476
1316	0.0626006	0.068984287	0.056216913
1317	0.0626448	0.068991296	0.056298304
1318	0.0626858	0.069099764	0.056271836
1319	0.0627678	0.069292141	0.056243459
1320	0.0628438	0.069359007	0.056328593
1321	0.0629174	0.069343444	0.056491356
1322	0.0629548	0.069354952	0.056554648
1323	0.0629276	0.069332921	0.056522279
1324	0.0629676	0.069383138	0.056552062
1325	0.0630862	0.069601671	0.056570729
1326	0.063129	0.069712806	0.056545194
1327	0.0631106	0.069693466	0.056527734
1328	0.0631302	0.069749032	0.056511368
1329	0.06319	0.069847667	0.056532333
1330	0.0632962	0.069995992	0.056596408
1331	0.063431	0.070203016	0.056658984
1332	0.0635324	0.070335612	0.056729188
1333	0.0634252	0.070114789	0.056735611
1334	0.0633124	0.069950345	0.056674455
1335	0.0633998	0.070170586	0.056629014
1336	0.0635244	0.070407195	0.056641605
1337	0.0636308	0.070491524	0.056770076
1338	0.0637226	0.070576455	0.056868745
1339	0.0638566	0.070742973	0.056970227
1340	0.0640366	0.070932244	0.057140956
1341	0.0640368	0.070882901	0.057190699
1342	0.0639534	0.070801009	0.057105791
1343	0.0638402	0.070768941	0.056911459
1344	0.0636816	0.070725948	0.056637252
1345	0.0634982	0.070464887	0.056531513
1346	0.0632612	0.070022533	0.056499867
1347	0.0629784	0.069727912	0.056228888
1348	0.0627204	0.069567407	0.055873393
1349	0.0624458	0.069348656	0.055542944
1350	0.0620832	0.069064605	0.055101795
1351	0.0618534	0.068910486	0.054796314
1352	0.0615814	0.068732871	0.054429929
1353	0.061185	0.068097619	0.054272381
1354	0.0614112	0.067629505	0.055192895
1355	0.0619066	0.068440558	0.055372642
1356	0.0632094	0.06918825	0.05723055
1357	0.0663676	0.072224773	0.060510427
1358	0.0673198	0.07068627	0.06395333
1359	0.0666362	0.078982808	0.054289592
1360	0.0677344	0.073141692	0.062327108
1361	0.0692712	0.079003477	0.059538923
1362	0.0655296	0.072966798	0.058092402
1363	0.0616348	0.082136095	0.041133505
1364	0.0696806	0.101704966	0.037656234
1365	0.0760292	0.126089767	0.025968633
1366	0.0822322	0.112544419	0.051919981
1367	0.0982858	0.153966879	0.042604721
1368	0.1016048	0.123783003	0.079426597
1369	0.094305	0.166512563	0.022097437
1370	0.1123844	0.182598706	0.042170094
1371	0.1326164	0.211609423	0.053623377
1372	0.1127136	0.146602577	0.078824623
1373	0.092819	0.16594092	0.01969708
1374	0.1012952	0.159943749	0.042646651
1375	0.117368	0.156247512	0.078488488
1376	0.134589	0.175082069	0.094095931
1377	0.149538	0.234031796	0.065044204
1378	0.137672	0.2271912	0.0481528
1379	0.1005608	0.168713207	0.032408393
1380	0.0747768	0.124994755	0.024558845
1381	0.078949	0.12699907	0.03089893
1382	0.0828204	0.118319708	0.047321092
1383	0.0810354	0.102904872	0.059165928
1384	0.097711	0.136533262	0.058888738
1385	0.114337	0.163065583	0.065608417
1386	0.099534	0.137821774	0.061246226
1387	0.0648834	0.094035199	0.035731601
1388	0.0488294	0.082638893	0.015019907
1389	0.0445598	0.080458737	0.008660863
1390	0.0487048	0.08266597	0.01474363
1391	0.0715228	0.105726083	0.037319517
1392	0.0808898	0.121139532	0.040640068
1393	0.0663344	0.100390822	0.032277978
1394	0.0574652	0.087557477	0.027372923
1395	0.0558498	0.08163608	0.03006352
1396	0.0540876	0.080169519	0.028005681
1397	0.066522	0.081631582	0.051412418
1398	0.077626	0.097638164	0.057613836
1399	0.076511	0.088710594	0.064311406
1400	0.0735808	0.080586742	0.066574858
1401	0.0695944	0.077133801	0.062054999
1402	0.0678336	0.076078796	0.059588404
1403	0.0718388	0.078447069	0.065230531
1404	0.0741828	0.083589817	0.064775783
1405	0.0699168	0.078041382	0.061792218
1406	0.066411	0.072786828	0.060035172
1407	0.063502	0.069995553	0.057008447
1408	0.061006	0.067823076	0.054188924
1409	0.0617096	0.067794556	0.055624644
1410	0.0631208	0.070970813	0.055270787
1411	0.0648814	0.071289377	0.058473423
1412	0.066145	0.070782911	0.061507089
1413	0.0656754	0.071186509	0.060164291
1414	0.0651184	0.073146215	0.057090585
1415	0.0648644	0.073003742	0.056725058
1416	0.0646222	0.072079519	0.057164881
1417	0.0647752	0.072527839	0.057022561
1418	0.0651708	0.073115671	0.057225929
1419	0.0656292	0.073135733	0.058122667
1420	0.0657876	0.072908823	0.058666377
1421	0.065599	0.072880301	0.058317699
1422	0.065504	0.073400256	0.057607744
1423	0.0658612	0.074127199	0.057595201
1424	0.0663282	0.075085762	0.057570638
1425	0.066318	0.074941717	0.057694283
1426	0.065889	0.073723312	0.058054688
1427	0.0660082	0.073774545	0.058241855
1428	0.0668926	0.074985235	0.058799965
1429	0.0673638	0.075628448	0.059099152
1430	0.0673306	0.075681958	0.058979242
1431	0.067372	0.075598758	0.059145242
1432	0.0673834	0.075362099	0.059404701
1433	0.067383	0.075309158	0.059456842
1434	0.067651	0.075682014	0.059619986
1435	0.0679794	0.0762205	0.0597383
1436	0.0679064	0.076718178	0.059094622
1437	0.0678776	0.077149584	0.058605616
1438	0.0681124	0.076872481	0.059352319
1439	0.068247	0.076531458	0.059962542
1440	0.0682942	0.076477772	0.060110628
1441	0.0683374	0.076387221	0.060287579
1442	0.0685726	0.076207366	0.060937834
1443	0.0688906	0.076228055	0.061553145
1444	0.0692448	0.077084455	0.061405145
1445	0.069528	0.077931638	0.061124362
1446	0.0699816	0.078367618	0.061595582
1447	0.0703992	0.078654338	0.062144062
1448	0.0706524	0.079006282	0.062298518
1449	0.070884	0.079380086	0.062387914
1450	0.0709174	0.079337381	0.062497419
1451	0.0709206	0.079280176	0.062561024
1452	0.0712822	0.079831858	0.062732542
1453	0.0716386	0.080371807	0.062905393
1454	0.071872	0.080536785	0.063207215
1455	0.0720606	0.080610917	0.063510283
1456	0.0721928	0.080684267	0.063701333
1457	0.0723282	0.080839784	0.063816616
1458	0.0725228	0.081142491	0.063903109
1459	0.0727304	0.08142158	0.06403922
1460	0.0727874	0.081419936	0.064154864
1461	0.0727508	0.081354029	0.064147571
1462	0.072808	0.081328804	0.064287196
1463	0.0729372	0.081280088	0.064594312
1464	0.073032	0.081327746	0.064736254
1465	0.0731264	0.081494073	0.064758727
1466	0.0732566	0.081733501	0.064779699
1467	0.0734072	0.081972349	0.064842051
1468	0.0734112	0.081891166	0.064931234
1469	0.0733394	0.081605682	0.065073118
1470	0.0734948	0.081723194	0.065266406
1471	0.0737928	0.082162832	0.065422768
1472	0.0739308	0.082555197	0.065306403
1473	0.073926	0.08284777	0.06500423
1474	0.074079	0.083157607	0.065000393
1475	0.0743894	0.083502571	0.065276229
1476	0.0745808	0.083709319	0.065452281
1477	0.0746578	0.083811457	0.065504143
1478	0.0748132	0.083896826	0.065729574
1479	0.0750598	0.083974197	0.066145403
1480	0.0753128	0.084197914	0.066427686
1481	0.0755706	0.084598466	0.066542734
1482	0.0758196	0.084917001	0.066722199
1483	0.0760486	0.085070807	0.067026393
1484	0.0762634	0.08523942	0.06728738
1485	0.0764642	0.08542239	0.06750601
1486	0.0767168	0.085688185	0.067745415
1487	0.0770396	0.086144892	0.067934308
1488	0.077271	0.086431296	0.068110704
1489	0.0774672	0.086513482	0.068420918
1490	0.0776836	0.086702121	0.068665079
1491	0.0779634	0.087114032	0.068812768
1492	0.0782254	0.087465241	0.068985559
1493	0.0784126	0.087686518	0.069138682
1494	0.0786114	0.087903337	0.069319463
1495	0.0789048	0.088151584	0.069658016
1496	0.0791438	0.08837638	0.06991122
1497	0.0792266	0.08854458	0.06990862
1498	0.07933	0.088718974	0.069941026
1499	0.079512	0.088854952	0.070169048
1500	0.0796734	0.088975879	0.070370921
1501	0.0798352	0.08920005	0.07047035
1502	0.0800014	0.08942478	0.07057802
1503	0.0801926	0.089581359	0.070803841
1504	0.0803872	0.08973073	0.07104367
1505	0.0806156	0.089968013	0.071263187
1506	0.0808372	0.090217393	0.071457007
1507	0.081056	0.090513503	0.071598497
1508	0.0812686	0.090801439	0.071735761
1509	0.0813994	0.090986247	0.071812553
1510	0.0815178	0.091151773	0.071883827
1511	0.0816762	0.091298498	0.072053902
1512	0.0818404	0.091442019	0.072238781
1513	0.0819986	0.091552687	0.072444513
1514	0.0821488	0.091665193	0.072632407
1515	0.0822752	0.091854304	0.072696096
1516	0.082399	0.092046749	0.072751251
1517	0.0825268	0.092234041	0.072819559
1518	0.0826526	0.092412885	0.072892315
1519	0.082811	0.092584545	0.073037455
1520	0.082979	0.092768088	0.073189912
1521	0.0831198	0.092928728	0.073310872
1522	0.0832474	0.093077245	0.073417555
1523	0.083397	0.093221819	0.073572181
1524	0.0835546	0.09337019	0.07373901
1525	0.0837342	0.093558057	0.073910343
1526	0.0839058	0.093740836	0.074070764
1527	0.0840662	0.093974311	0.074158089
1528	0.0842298	0.094217229	0.074242371
1529	0.0843706	0.094327647	0.074413553
1530	0.084497	0.094405779	0.074588221
1531	0.0846066	0.094596808	0.074616392
1532	0.0847256	0.094821037	0.074630163
1533	0.0848494	0.094932815	0.074765985
1534	0.0849764	0.09503	0.0749228
1535	0.0851244	0.095203041	0.075045759
1536	0.0852706	0.095377185	0.075164015
1537	0.0854448	0.095584342	0.075305258
1538	0.0856272	0.095806886	0.075447514
1539	0.0857412	0.095946722	0.075535678
1540	0.085837	0.096065091	0.075608909
1541	0.0859386	0.096191294	0.075685906
1542	0.0860384	0.096310227	0.075766573
1543	0.0862002	0.096438605	0.075961795
1544	0.0863904	0.09658447	0.07619633
1545	0.0865514	0.096768471	0.076334329
1546	0.0866898	0.096959331	0.076420269
1547	0.0868436	0.097133019	0.076554181
1548	0.0870074	0.097300212	0.076714588
1549	0.0871708	0.09745884	0.07688276
1550	0.087338	0.09761467	0.07706133
1551	0.0874456	0.097735035	0.077156165
1552	0.0875248	0.097838524	0.077211076
1553	0.087647	0.097968062	0.077325938
1554	0.0877986	0.098119925	0.077477275
1555	0.0879552	0.098327673	0.077582727
1556	0.0881066	0.098545816	0.077667384
1557	0.0882268	0.098659009	0.077794591
1558	0.088338	0.098735823	0.077940177
1559	0.0884388	0.098887909	0.077989691
1560	0.0885224	0.099066508	0.077978292
1561	0.0886672	0.099242571	0.078091829
1562	0.0888604	0.099428686	0.078292114
1563	0.089013	0.099543133	0.078482867
1564	0.0891302	0.099618628	0.078641772
1565	0.0892462	0.099734847	0.078757553
1566	0.0893722	0.099875389	0.078869011
1567	0.0894986	0.100008391	0.078988809
1568	0.0896194	0.100130876	0.079107924
1569	0.0896768	0.100249337	0.079104263
1570	0.0897044	0.100377032	0.079031768
1571	0.0898354	0.100535015	0.079135785
1572	0.090025	0.100708478	0.079341522
1573	0.0901616	0.100822732	0.079500468
1574	0.0902742	0.100899907	0.079648493
1575	0.090429	0.101118781	0.079739219
1576	0.0906064	0.101434234	0.079778566
1577	0.090767	0.101634882	0.079899118
1578	0.0909156	0.101760172	0.080071028
1579	0.09106	0.101868676	0.080251324
1580	0.091205	0.101964898	0.080445102
1581	0.0913464	0.102135503	0.080557297
1582	0.0914782	0.10235198	0.08060442
1583	0.0916752	0.102575129	0.080775271
1584	0.091917	0.102805724	0.081028276
1585	0.0921196	0.103015222	0.081223978
1586	0.0922994	0.103213871	0.081384929
1587	0.0924026	0.103319973	0.081485227
1588	0.092454	0.10336008	0.08154792
1589	0.0925884	0.103508391	0.081668409
1590	0.0927748	0.103732384	0.081817216
1591	0.092942	0.103938563	0.081945437
1592	0.0931092	0.104136786	0.082081614
1593	0.0932298	0.104247817	0.082211783
1594	0.0933112	0.104301285	0.082321115
1595	0.0934488	0.104442542	0.082455058
1596	0.0936236	0.104637757	0.082609443
1597	0.0937404	0.104777654	0.082703146
1598	0.0938174	0.1048849	0.0827499
1599	0.093942	0.1050438	0.0828402
1600	0.0941016	0.105238461	0.082964739
1601	0.0942684	0.105401394	0.083135406
1602	0.0944426	0.105551068	0.083334132
1603	0.0946198	0.105749205	0.083490395
1604	0.094795	0.105971191	0.083618809
1605	0.094934	0.106136609	0.083731391
1606	0.0950536	0.106269383	0.083837817
1607	0.095162	0.106380606	0.083943394
1608	0.0952646	0.106483352	0.084045848
1609	0.0954026	0.106588048	0.084217152
1610	0.0955594	0.106693207	0.084425593
1611	0.0957288	0.10694769	0.08450991
1612	0.0959038	0.107280028	0.084527572
1613	0.0961012	0.107502823	0.084699577
1614	0.0963128	0.107671952	0.084953648
1615	0.096504	0.107870248	0.085137752
1616	0.0966832	0.108080082	0.085286318
1617	0.0968636	0.108301469	0.085425731
1618	0.0970428	0.108528661	0.085556939
1619	0.0972156	0.108674425	0.085756775
1620	0.0973868	0.10878406	0.08598954
1621	0.0974918	0.108902606	0.086080994
1622	0.0975664	0.10902293	0.08610987
1623	0.0977092	0.109188237	0.086230163
1624	0.0978806	0.10937461	0.08638659
1625	0.0980506	0.109518275	0.086582925
1626	0.09822	0.109645514	0.086794486
1627	0.0983382	0.109804094	0.086872306
1628	0.0984378	0.109973425	0.086902175
1629	0.0985976	0.110139685	0.087055515
1630	0.0987792	0.110306244	0.087252156
1631	0.0988784	0.110437931	0.087318869
1632	0.0989518	0.1105596	0.087344
1633	0.0991026	0.110781938	0.087423262
1634	0.0992784	0.111038158	0.087518642
1635	0.099429	0.111237795	0.087620205
1636	0.0995746	0.111423778	0.087725422
1637	0.099586	0.111427287	0.087744713
1638	0.099565	0.111387059	0.087742941
1639	0.0997406	0.111594255	0.087886945
1640	0.0999616	0.111859937	0.088063263
1641	0.1001514	0.112058355	0.088244445
1642	0.1003366	0.112244206	0.088428994
1643	0.1004446	0.112318242	0.088570958
1644	0.1005396	0.112375867	0.088703333
1645	0.100678	0.112542334	0.088813666
1646	0.1008232	0.112725252	0.088921148
1647	0.100923	0.112855274	0.088990726
1648	0.1010172	0.112978966	0.089055434
1649	0.101139	0.113103907	0.089174093
1650	0.1012632	0.113233267	0.089293133
1651	0.1013682	0.113299025	0.089437375
1652	0.1014722	0.113355516	0.089588884
1653	0.101556	0.113433799	0.089678201
1654	0.1016386	0.113515272	0.089761928
1655	0.1018114	0.113759962	0.089862838
1656	0.1019802	0.11400439	0.08995601
1657	0.1020688	0.114134847	0.090002753
1658	0.1021624	0.114264001	0.090060799
1659	0.102209	0.114304537	0.090113463
1660	0.1022604	0.114355987	0.090164813
1661	0.1024472	0.114582299	0.090312101
1662	0.1026258	0.114799304	0.090452296
1663	0.1026998	0.114869141	0.090530459
1664	0.10278	0.114950418	0.090609582
1665	0.1029122	0.115127927	0.090696473
1666	0.1030456	0.115292887	0.090798313
1667	0.103177	0.115372116	0.090981884
1668	0.1032986	0.115460492	0.091136708
1669	0.103368	0.115601094	0.091134906
1670	0.1034676	0.115751185	0.091184015
1671	0.1036632	0.115906127	0.091420273
1672	0.1038352	0.116072448	0.091597952
1673	0.1039558	0.11630411	0.09160749
1674	0.1040854	0.116511708	0.091659092
1675	0.1042384	0.116640669	0.091836131
1676	0.104392	0.11678712	0.09199688
1677	0.1045278	0.116966023	0.092089577
1678	0.1046668	0.117152372	0.092181228
1679	0.10483	0.117369893	0.092290107
1680	0.1049786	0.117555006	0.092402194
1681	0.1050844	0.117675719	0.092493081
1682	0.1052096	0.117800103	0.092619097
1683	0.1053698	0.117898015	0.092841585
1684	0.1054928	0.118021621	0.092963979
1685	0.1055604	0.118204331	0.092916469
1686	0.1056498	0.118344142	0.092955458
1687	0.1057654	0.118424335	0.093106465
1688	0.1058576	0.118503379	0.093211821
1689	0.1059148	0.118554671	0.093274929
1690	0.1060118	0.118678494	0.093345106
1691	0.1061648	0.118912641	0.093416959
1692	0.1063474	0.119127947	0.093566853
1693	0.1065586	0.119304369	0.093812831
1694	0.1066988	0.119429101	0.093968499
1695	0.1067806	0.119530531	0.094030669
1696	0.1068786	0.119664217	0.094092983
1697	0.1069706	0.119809062	0.094132138
1698	0.1070552	0.119951764	0.094158636
1699	0.107153	0.120106379	0.094199621
1700	0.1072008	0.120181136	0.094220464
1701	0.1072164	0.120205856	0.094226944
1702	0.1073242	0.120301203	0.094347197
1703	0.107482	0.120425464	0.094538536
1704	0.1075666	0.120533591	0.094599609
1705	0.1076068	0.120625858	0.094587742
1706	0.1077658	0.120840052	0.094691548
1707	0.1079728	0.121108117	0.094837483
1708	0.108067	0.121356134	0.094777866
1709	0.1081326	0.121605537	0.094659663
1710	0.1082252	0.121709337	0.094741063
1711	0.108325	0.12178327	0.09486673
1712	0.1085088	0.121906856	0.095110744
1713	0.1087098	0.122056837	0.095362763
1714	0.1087806	0.122109962	0.095451238
1715	0.1088358	0.122123549	0.095548051
1716	0.1089674	0.122215666	0.095719134
1717	0.1091266	0.122360094	0.095893106
1718	0.1093216	0.122569459	0.096073741
1719	0.1094762	0.122737268	0.096215132
1720	0.1095154	0.12287646	0.09615434
1721	0.1095656	0.123030737	0.096100463
1722	0.109578	0.123058008	0.096097992
1723	0.1096276	0.123098936	0.096156264
1724	0.1097852	0.123216264	0.096354136
1725	0.1098948	0.123318646	0.096470954
1726	0.1099282	0.123438486	0.096417914
1727	0.1100112	0.12357822	0.09644418
1728	0.110186	0.123670512	0.096701488
1729	0.110325	0.123767927	0.096882073
1730	0.1103826	0.123913498	0.096851702
1731	0.110428	0.124007331	0.096848669
1732	0.1104472	0.124044053	0.096850347
1733	0.1105722	0.1242154	0.096929
1734	0.1108912	0.124549975	0.097232425
1735	0.1110808	0.12470004	0.09746156
1736	0.1110484	0.124594005	0.097502795
1737	0.1111216	0.124681446	0.097561754
1738	0.111338	0.124966295	0.097709705
1739	0.1114604	0.125088632	0.097832168
1740	0.111483	0.12507516	0.09789084
1741	0.1115654	0.125217825	0.097912975
1742	0.1116998	0.125481837	0.097917763
1743	0.1118988	0.125637161	0.098160439
1744	0.1121442	0.125757843	0.098530557
1745	0.1122568	0.125877014	0.098636586
1746	0.1123198	0.125979647	0.098659953
1747	0.1123898	0.126097583	0.098682017
1748	0.1124506	0.126215441	0.098685759
1749	0.1125728	0.126416834	0.098728766
1750	0.1126948	0.126624417	0.098765183
1751	0.1128218	0.126857994	0.098785606
1752	0.1129668	0.127131894	0.098801706
1753	0.1130706	0.127196423	0.098944777
1754	0.1131798	0.127222205	0.099137395
1755	0.1132732	0.127377224	0.099169176
1756	0.113346	0.127548511	0.099143489
1757	0.1134548	0.127584317	0.099325283
1758	0.113584	0.12761864	0.09954936
1759	0.1138234	0.127675876	0.099970924
1760	0.1140434	0.127702981	0.100383819
1761	0.1139282	0.127687332	0.100169068
1762	0.1138226	0.127705401	0.099939799
1763	0.1139852	0.128003042	0.099967358
1764	0.114156	0.128252145	0.100059855
1765	0.114165	0.128128767	0.100201233
1766	0.1140962	0.12801391	0.10017849
1767	0.1138656	0.12792555	0.09980565
1768	0.1138384	0.128029451	0.099647349
1769	0.1142502	0.128552815	0.099947585
1770	0.1145632	0.128817849	0.100308551
1771	0.1147328	0.128727556	0.100738044
1772	0.114901	0.128861435	0.100940565
1773	0.1149786	0.129055585	0.100901615
1774	0.1149258	0.128921751	0.100929849
1775	0.1148466	0.128689752	0.101003448
1776	0.1149468	0.128867391	0.101026209
1777	0.115144	0.12928201	0.10100599
1778	0.1152148	0.129439072	0.100990528
1779	0.1151988	0.129428	0.1009696
1780	0.1151856	0.129200855	0.101170345
1781	0.1152116	0.128905306	0.101517894
1782	0.1151648	0.128892726	0.101436874
1783	0.115066	0.12896774	0.10116426
1784	0.1153428	0.129239887	0.101445713
1785	0.1157502	0.129619339	0.101881061
1786	0.1158902	0.129768283	0.102012117
1787	0.1159146	0.129864609	0.101964591
1788	0.115729	0.12984832	0.10160968
1789	0.1155352	0.129730259	0.101340141
1790	0.1155576	0.12931602	0.10179918
1791	0.1156582	0.129021931	0.102294469
1792	0.11557	0.129146707	0.101993293
1793	0.115368	0.129256391	0.101479609
1794	0.115365	0.129388224	0.101341776
1795	0.1154774	0.129502346	0.101452454
1796	0.1156648	0.129902502	0.101427098
1797	0.1156416	0.130064045	0.101219155
1798	0.1149706	0.128957834	0.100983366
1799	0.1143962	0.128055176	0.100737224
1800	0.1142984	0.128116329	0.100480471
1801	0.1019038	0.125354525	0.078453075
1802	0.1033432	0.122711001	0.083975399
1803	0.101788	0.12191308	0.08166292
1804	0.100868	0.124994574	0.076741426
1805	0.1017794	0.126989909	0.076568891
1806	0.1017858	0.126975435	0.076596165
1807	0.0997478	0.12470518	0.07479042
1808	0.1009912	0.126853622	0.075128778
1809	0.1027564	0.125845016	0.079667784
1810	0.1017582	0.124512798	0.079003602
1811	0.0989482	0.121416153	0.076480247
1812	0.0931174	0.112924229	0.073310571
1813	0.0897778	0.110111424	0.069444176
1814	0.0948008	0.116995003	0.072606597
1815	0.1	0.133608985	0.066391015
1816	0.0925872	0.135878542	0.049295858
1817	0.0976188	0.146867471	0.048370129
1818	0.120284	0.164255635	0.076312365
1819	0.1465016	0.179380921	0.113622279
1820	0.169914	0.214441622	0.125386378
1821	0.1732798	0.224136005	0.122423595
1822	0.1676432	0.228491541	0.106794859
1823	0.1725058	0.263545049	0.081466551
1824	0.1846476	0.305109045	0.064186155
1825	0.2024508	0.325484881	0.079416719
1826	0.222462	0.376273733	0.068650267
1827	0.1756306	0.330890518	0.020370682
1828	0.1275784	0.251033841	0.004122959
1829	0.1215848	0.253464773	-0.010295173
1830	0.1548918	0.346516878	-0.036733278
1831	0.1904616	0.444769162	-0.063845962
1832	0.1788792	0.420643242	-0.062884842
1833	0.1673004	0.406896769	-0.072295969
1834	0.335783	0.68227598	-0.01070998
1835	0.572499	0.991954077	0.153043923
1836	0.3717554	0.658141184	0.085369616
1837	0.3043132	0.744920027	-0.136293627
1838	0.5070494	1.273541333	-0.259442533
1839	0.9208506	2.181899155	-0.340197955
1840	1.1580714	2.875587058	-0.559444258
1841	1.2570006	3.220295941	-0.706294741
1842	0.6013018	1.421672266	-0.219068666
1843	0.2301848	0.511031081	-0.050661481
1844	0.1587402	0.354365805	-0.036885405
1845	0.1779688	0.363042205	-0.007104605
1846	0.3239042	0.685041056	-0.037232656
1847	0.4951966	0.984456166	0.005937034
1848	0.4349868	0.846406147	0.023567453
1849	0.3120102	0.6905818	-0.0665614
1850	0.2394038	0.644290952	-0.165483352
1851	0.2127422	0.440001492	-0.014517092
1852	0.5222646	1.071386408	-0.026857208
1853	1.144132	2.09834917	0.18991483
1854	1.0477138	1.622770928	0.472656672
1855	0.7558792	1.233370454	0.278387946
1856	0.6582072	1.178912634	0.137501766
1857	0.700103	1.471278376	-0.071072376
1858	0.8379334	1.799158884	-0.123292084
1859	0.9479728	1.710760312	0.185185288
1860	1.7383518	2.78222258	0.69448102
1861	3.8861654	6.108421695	1.663909105
1862	0.7603038	1.491653186	0.028954414
1863	0.2340572	0.456129276	0.011985124
1864	0.1404728	0.279506479	0.001439121
1865	0.2187828	0.416666355	0.020899245
1866	0.3396734	0.650591841	0.028754959
1867	0.557982	1.140751641	-0.024787641
1868	0.9063844	2.056903559	-0.244134759
1869	0.9150632	1.892316649	-0.062190249
1870	0.7132978	1.435480398	-0.008884798
1871	0.7705112	1.584198456	-0.043176056
1872	1.4198774	2.495535296	0.344219504
1873	1.7185558	3.307247668	0.129863932
1874	1.6543026	3.307742046	0.000863154
1875	1.6117888	3.357143507	-0.133565907
1876	0.9752386	1.938255076	0.012222124
1877	0.67792	1.292645615	0.063194385
1878	0.6303646	1.045178347	0.215550853
1879	0.6353182	0.961190325	0.309446075
1880	0.5258446	0.90497426	0.14671494
1881	0.36433	0.627322612	0.101337388
1882	0.2764626	0.476788122	0.076137078
1883	0.2343996	0.410424559	0.058374641
1884	0.1958156	0.362390396	0.029240804
1885	0.2013558	0.360151929	0.042559671
1886	0.2130554	0.379930589	0.046180211
1887	0.2488142	0.415299867	0.082328533
1888	0.3044608	0.537068692	0.071852908
1889	0.3495896	0.651349397	0.047829803
1890	0.3754706	0.672054744	0.078886456
1891	0.3716964	0.594764487	0.148628313
1892	0.2918866	0.39451271	0.18926049
1893	0.2314076	0.345341463	0.117473737
1894	0.1767492	0.268219304	0.085279096
1895	0.1171638	0.258849471	-0.024521871
1896	0.218669	0.500296861	-0.062958861
1897	0.7629992	1.733182261	-0.207183861
1898	2.211981	4.382611929	0.041350071
1899	1.5396328	2.394010966	0.685254634
1900	1.1608392	1.889563332	0.432115068
1901	0.762237	1.22872079	0.29575321
1902	0.5339576	0.941541698	0.126373502
1903	0.5445292	1.084896722	0.004161678
1904	0.5837568	1.296870153	-0.129356553
1905	0.4891366	1.100409791	-0.122136591
1906	0.36451	0.840232702	-0.111212702
1907	0.3501778	0.682332667	0.018022933
1908	0.4791886	0.811870491	0.146506709
1909	0.557762	0.977976056	0.137547944
1910	0.3337784	0.564550233	0.103006567
1911	0.2022784	0.388411557	0.016145243
1912	0.1990084	0.369133561	0.028883239
1913	0.1990432	0.361372853	0.036713547
1914	0.192438	0.373906901	0.010969099
1915	0.1959896	0.401773644	-0.009794444
1916	0.1869686	0.351258592	0.022678608
1917	0.1569246	0.26783815	0.04601105
1918	0.116881	0.200287505	0.033474495
1919	0.0794416	0.128576686	0.030306514
1920	0.062557	0.107928919	0.017185081
1921	0.0848824	0.105662581	0.064102219
1922	0.102574	0.135351856	0.069796144
1923	0.083526	0.112444958	0.054607042
1924	0.063591	0.119064224	0.008117776
1925	0.0544888	0.113136653	-0.004159053
1926	0.0469194	0.09865287	-0.00481407
1927	0.0561468	0.099791511	0.012502089
1928	0.0793054	0.11914014	0.03947066
1929	0.0874492	0.128215808	0.046682592
1930	0.0669374	0.104961811	0.028912989
1931	0.0525484	0.085323143	0.019773657
1932	0.0683282	0.094865311	0.041791089
1933	0.0809454	0.116703247	0.045187553
1934	0.0976864	0.131293516	0.064079284
1935	0.11034	0.156301653	0.064378347
1936	0.1137618	0.149633228	0.077890372
1937	0.1143416	0.132080345	0.096602855
1938	0.1110188	0.123021485	0.099016115
1939	0.105022	0.124507702	0.085536298
1940	0.1040114	0.128275114	0.079747686
1941	0.1135572	0.13497978	0.09213462
1942	0.1211902	0.141427044	0.100953356
1943	0.122296	0.137185201	0.107406799
1944	0.1232574	0.135193536	0.111321264
1945	0.119393	0.128964035	0.109821965
1946	0.1145032	0.122704846	0.106301554
1947	0.1132848	0.122910175	0.103659425
1948	0.1141796	0.128029684	0.100329516
1949	0.1152754	0.132592665	0.097958135
1950	0.11703	0.136899742	0.097160258
1951	0.118779	0.140645242	0.096912758
1952	0.1205176	0.142208519	0.098826681
1953	0.1221522	0.147290646	0.097013754
1954	0.1201554	0.144040014	0.096270786
1955	0.118203	0.141806842	0.094599158
1956	0.1210668	0.145961329	0.096172271
1957	0.124924	0.151601001	0.098246999
1958	0.126525	0.152025359	0.101024641
1959	0.1265872	0.149165139	0.104009261
1960	0.1263214	0.145323581	0.107319219
1961	0.1254896	0.140166828	0.110812372
1962	0.1249476	0.138082991	0.111812209
1963	0.1254742	0.139114468	0.111833932
1964	0.1259136	0.140139412	0.111687788
1965	0.1254826	0.139454739	0.111510461
1966	0.1250926	0.139510837	0.110674363
1967	0.12547	0.140216058	0.110723942
1968	0.1260088	0.14088369	0.11113391
1969	0.1271408	0.142307211	0.111974389
1970	0.128657	0.144276097	0.113037903
1971	0.1297728	0.145816379	0.113729221
1972	0.1303654	0.14681349	0.11391731
1973	0.1308754	0.147651245	0.114099555
1974	0.1312436	0.147782613	0.114704587
1975	0.1315814	0.147908062	0.115254738
1976	0.131107	0.146988159	0.115225841
1977	0.1305962	0.146245785	0.114946615
1978	0.1306842	0.146569938	0.114798462
1979	0.130969	0.14711282	0.11482518
1980	0.131594	0.147998545	0.115189455
1981	0.1324444	0.149176561	0.115712239
1982	0.132848	0.149957708	0.115738292
1983	0.1325608	0.15022803	0.11489357
1984	0.1324394	0.150642597	0.114236203
1985	0.1332484	0.151116106	0.115380694
1986	0.1340434	0.151651915	0.116434885
1987	0.13432	0.152096086	0.116543914
1988	0.1346024	0.152640441	0.116564359
1989	0.1349008	0.152539067	0.117262533
1990	0.135127	0.152299255	0.117954745
1991	0.1350962	0.152097786	0.118094614
1992	0.1349036	0.151937152	0.117870048
1993	0.1346722	0.151939751	0.117404649
1994	0.1341994	0.151864789	0.116534011
1995	0.1337584	0.15187695	0.11563985
1996	0.1339532	0.152320762	0.115585638
1997	0.1341776	0.15286098	0.11549422
1998	0.1344424	0.152446623	0.116438177
1999	0.1347744	0.15194915	0.11759965
2000	0.134654	0.150703767	0.118604233
2001	0.1343498	0.148988645	0.119710955
2002	0.1345452	0.148087144	0.121003256
2003	0.1349108	0.14849186	0.12132974
2004	0.134698	0.14873621	0.12065979
2005	0.134377	0.149084537	0.119669463
2006	0.1345062	0.150210944	0.118801456
2007	0.1348304	0.150944894	0.118715906
2008	0.1348254	0.15171596	0.11793484
2009	0.1331216	0.150267268	0.115975932
2010	0.1315654	0.149629003	0.113501797
2011	0.133419	0.152366694	0.114471306
2012	0.1355066	0.155412751	0.115600449
2013	0.136489	0.156549064	0.116428936
2014	0.1370562	0.15683347	0.11727893
2015	0.136886	0.156642762	0.117129238
2016	0.1361866	0.156593271	0.115779929
2017	0.1361176	0.156636664	0.115598536
2018	0.1365486	0.155619856	0.117477344
2019	0.136962	0.155106734	0.118817266
2020	0.138185	0.156084372	0.120285628
2021	0.1392954	0.157248763	0.121342037
2022	0.1401658	0.157234192	0.123097408
2023	0.140871	0.157073222	0.124668778
2024	0.1409946	0.157389643	0.124599557
2025	0.1409646	0.157721601	0.124207599
2026	0.1413042	0.15817968	0.12442872
2027	0.1418926	0.159153034	0.124632166
2028	0.142418	0.160037763	0.124798237
2029	0.1428722	0.160552372	0.125192028
2030	0.143227	0.161047476	0.125406524
2031	0.1431212	0.16093997	0.12530243
2032	0.1430398	0.160809492	0.125270108
2033	0.14301	0.160683761	0.125336239
2034	0.142967	0.160606586	0.125327414
2035	0.143369	0.16104615	0.12569185
2036	0.1439728	0.161572147	0.126373453
2037	0.1436454	0.161317563	0.125973237
2038	0.1428996	0.160827919	0.124971281
2039	0.1427636	0.160956837	0.124570363
2040	0.1430498	0.161301297	0.124798303
2041	0.1433798	0.161439065	0.125320535
2042	0.1437732	0.161268961	0.126277439
2043	0.1441114	0.161260727	0.126962073
2044	0.1441362	0.161850533	0.126421867
2045	0.1441264	0.16243489	0.12581791
2046	0.1439754	0.162270417	0.125680383
2047	0.1438076	0.162034659	0.125580541
2048	0.1436426	0.162251674	0.125033526
2049	0.143519	0.162515215	0.124522785
2050	0.143934	0.162612175	0.125255825
2051	0.1449766	0.163036908	0.126916292
2052	0.1457802	0.163583679	0.127976721
2053	0.1459358	0.16394719	0.12792441
2054	0.1459702	0.163730104	0.128210296
2055	0.1455742	0.162570718	0.128577682
2056	0.1453308	0.161801649	0.128859951
2057	0.1458502	0.16242976	0.12927064
2058	0.1463716	0.163228352	0.129514848
2059	0.1457936	0.163660675	0.127926525
2060	0.1449034	0.163723354	0.126083446
2061	0.1447304	0.162379957	0.127080843
2062	0.1451176	0.161632171	0.128603029
2063	0.1455478	0.162069502	0.129026098
2064	0.1459648	0.162856126	0.129073474
2065	0.1462314	0.163523924	0.128938876
2066	0.146266	0.164021832	0.128510168
2067	0.146517	0.164903499	0.128130501
2068	0.1468982	0.164845532	0.128950868
2069	0.147065	0.164596116	0.129533884
2070	0.1465468	0.163675916	0.129417684
2071	0.1460004	0.162680814	0.129319986
2072	0.145809	0.162034372	0.129583628
2073	0.1457864	0.161875155	0.129697645
2074	0.1461938	0.162303573	0.130084027
2075	0.1464834	0.162796473	0.130170327
2076	0.1466792	0.163680518	0.129677882
2077	0.1468922	0.164455869	0.129328531
2078	0.146997	0.165030526	0.128963474
2079	0.1470782	0.165383443	0.128772957
2080	0.147348	0.165921184	0.128774816
2081	0.1479726	0.167023838	0.128921362
2082	0.1486328	0.168045308	0.129220292
2083	0.1492008	0.167944173	0.130457427
2084	0.1497188	0.167737664	0.131699936
2085	0.150294	0.167939114	0.132648886
2086	0.1508944	0.168314066	0.133474734
2087	0.1508246	0.167933255	0.133715945
2088	0.1504612	0.167223991	0.133698409
2089	0.1503384	0.166978117	0.133698683
2090	0.1502964	0.167073051	0.133519749
2091	0.1501154	0.167074846	0.133155954
2092	0.1504	0.167301024	0.133498976
2093	0.150487	0.167439093	0.133534907
2094	0.1501512	0.167454475	0.132847925
2095	0.1501608	0.167622457	0.132699143
2096	0.150435	0.168100406	0.132769594
2097	0.1507008	0.16859016	0.13281144
2098	0.151098	0.168979339	0.133216661
2099	0.151483	0.169403297	0.133562703
2100	0.1515734	0.169478838	0.133667962
2101	0.151655	0.169469003	0.133840997
2102	0.1522346	0.169958918	0.134510282
2103	0.1529348	0.170534083	0.135335517
2104	0.1530966	0.170694524	0.135498676
2105	0.1531712	0.170841672	0.135500728
2106	0.1535016	0.171372066	0.135631134
2107	0.1534624	0.17159579	0.13532901
2108	0.1532866	0.171619785	0.134953415
2109	0.153056	0.171708169	0.134403831
2110	0.1529982	0.171832343	0.134164057
2111	0.1535638	0.172352924	0.134774676
2112	0.1539868	0.172800816	0.135172784
2113	0.1536546	0.172015928	0.135293272
2114	0.1533056	0.170945395	0.135665805
2115	0.1535364	0.170784257	0.136288543
2116	0.1539038	0.171062439	0.136745161
2117	0.1542358	0.171581238	0.136890362
2118	0.1543218	0.171845111	0.136798489
2119	0.1542434	0.171816051	0.136670749
2120	0.1544004	0.172320934	0.136479866
2121	0.1547662	0.1727931	0.1367393
2122	0.1553334	0.173000397	0.137666403
2123	0.15576	0.173194508	0.138325492
2124	0.1555284	0.17282665	0.13823015
2125	0.1553174	0.172646262	0.137988538
2126	0.1554032	0.173259197	0.137547203
2127	0.15555	0.173879115	0.137220885
2128	0.1557798	0.173987895	0.137571705
2129	0.1560406	0.174064839	0.138016361
2130	0.1562722	0.17421248	0.13833192
2131	0.1564298	0.174118355	0.138741245
2132	0.1569026	0.17430993	0.13949527
2133	0.1574392	0.174857203	0.140021197
2134	0.1575098	0.174953132	0.140066468
2135	0.1572502	0.17473042	0.13976998
2136	0.1570856	0.174793585	0.139377615
2137	0.15735	0.175525677	0.139174323
2138	0.1575364	0.175897181	0.139175619
2139	0.157255	0.175166362	0.139343638
2140	0.1568558	0.174566802	0.139144798
2141	0.1563544	0.17463298	0.13807582
2142	0.1559286	0.174713373	0.137143827
2143	0.155761	0.174102741	0.137419259
2144	0.1557124	0.173372881	0.138051919
2145	0.1561008	0.173170989	0.139030611
2146	0.1565228	0.173072941	0.139972659
2147	0.1570618	0.173939059	0.140184541
2148	0.157659	0.175313897	0.140004103
2149	0.1580456	0.176138044	0.139953156
2150	0.1582028	0.176287817	0.140117783
2151	0.1582404	0.176372383	0.140108417
2152	0.1586986	0.177243781	0.140153419
2153	0.159021	0.177770795	0.140271205
2154	0.1587734	0.17773639	0.13981041
2155	0.1586516	0.177893844	0.139409356
2156	0.158655	0.177552837	0.139757163
2157	0.158609	0.177006019	0.140211981
2158	0.158154	0.175974754	0.140333246
2159	0.1576278	0.174990286	0.140265314
2160	0.1576596	0.175159461	0.140159739
2161	0.1579594	0.175793905	0.140124895
2162	0.1583466	0.176476122	0.140217078
2163	0.1587808	0.17710048	0.14046112
2164	0.1589936	0.177037318	0.140949882
2165	0.1589682	0.176637216	0.141299184
2166	0.1586314	0.176327684	0.140935116
2167	0.1584242	0.176370435	0.140477965
2168	0.158419	0.176405087	0.140432913
2169	0.1585112	0.176313643	0.140708757
2170	0.1588874	0.176720271	0.141054529
2171	0.158895	0.176778192	0.141011808
2172	0.1589238	0.176719681	0.141127919
2173	0.1593954	0.17739724	0.14139356
2174	0.1598806	0.178200074	0.141561126
2175	0.1601642	0.178716179	0.141612221
2176	0.1603358	0.179142573	0.141529027
2177	0.1603012	0.179133497	0.141468903
2178	0.1602882	0.178861674	0.141714726
2179	0.160353	0.178578922	0.142127078
2180	0.1603754	0.178453872	0.142296928
2181	0.1604174	0.177951119	0.142883681
2182	0.160502	0.177660598	0.143343402
2183	0.1602204	0.177423549	0.143017251
2184	0.1599032	0.177286342	0.142520058
2185	0.1593168	0.17685917	0.14177443
2186	0.1584452	0.176046778	0.140843622
2187	0.1581448	0.175943308	0.140346292
2188	0.158808	0.176783113	0.140832887
2189	0.1594222	0.177717354	0.141127046
2190	0.1595968	0.178180535	0.141013065
2191	0.1597884	0.178440533	0.141136267
2192	0.1600858	0.178333144	0.141838456
2193	0.1604278	0.178190389	0.142665211
2194	0.1607358	0.17793382	0.14353778
2195	0.1608626	0.177673944	0.144051256
2196	0.1602786	0.177226344	0.143330856
2197	0.1596124	0.176661915	0.142562885
2198	0.159295	0.176447514	0.142142486
2199	0.1593418	0.176829095	0.141854505
2200	0.1596864	0.177254506	0.142118294
2201	0.1595434	0.177176953	0.141909847
2202	0.1596328	0.177610914	0.141654686
2203	0.1603576	0.178839013	0.141876187
2204	0.160855	0.179391794	0.142318206
2205	0.1610518	0.179041115	0.143062485
2206	0.1612874	0.178683494	0.143891306
2207	0.1613452	0.177889003	0.144801397
2208	0.161375	0.177329693	0.145420307
2209	0.1612376	0.177588959	0.144886241
2210	0.1611384	0.178017563	0.144259237
2211	0.1614944	0.178880645	0.144108155
2212	0.1618492	0.179683012	0.144015388
2213	0.1619644	0.179766845	0.144161955
2214	0.1621762	0.179838461	0.144513939
2215	0.162614	0.180255736	0.144972264
2216	0.1628926	0.180597113	0.145188087
2217	0.1628602	0.180620935	0.145099465
2218	0.1626532	0.180290395	0.145016005
2219	0.1622526	0.179565764	0.144939436
2220	0.1620174	0.179323013	0.144711787
2221	0.1620992	0.179387135	0.144811265
2222	0.1623164	0.179461437	0.145171363
2223	0.1623276	0.179259348	0.145395852
2224	0.1623302	0.178747638	0.145912762
2225	0.16252	0.178698239	0.146341761
2226	0.1626682	0.179452932	0.145883468
2227	0.1623846	0.179609661	0.145159539
2228	0.1621866	0.179449724	0.144923476
2229	0.1623756	0.179738242	0.145012958
2230	0.1628954	0.180495371	0.145295429
2231	0.1634284	0.181307045	0.145549755
2232	0.1635708	0.181783533	0.145358067
2233	0.1635602	0.182120404	0.144999996
2234	0.1638758	0.182645962	0.145105638
2235	0.1643088	0.183155957	0.145461643
2236	0.1643654	0.182698914	0.146031886
2237	0.1643172	0.182051793	0.146582607
2238	0.1638812	0.181119101	0.146643299
2239	0.1635568	0.180512118	0.146601482
2240	0.1635574	0.180733384	0.146381416
2241	0.1637944	0.180810563	0.146778237
2242	0.1640824	0.180941409	0.147223391
2243	0.1641292	0.181152988	0.147105412
2244	0.1641156	0.181034239	0.147196961
2245	0.1640354	0.18092779	0.14714301
2246	0.164253	0.181053806	0.147452194
2247	0.1645516	0.180906118	0.148197082
2248	0.1643786	0.180138027	0.148619173
2249	0.1638282	0.179001432	0.148654968
2250	0.1633986	0.178297689	0.148499511
2251	0.1630962	0.177921797	0.148270603
2252	0.162873	0.177744686	0.148001314
2253	0.1627772	0.177990991	0.147563409
2254	0.1626722	0.178197673	0.147146727
2255	0.1631562	0.178897409	0.147414991
2256	0.1639558	0.18001111	0.14790049
2257	0.1642566	0.180463024	0.148050176
2258	0.1641008	0.180402503	0.147799097
2259	0.1640024	0.180482554	0.147522246
2260	0.1641424	0.180804353	0.147480447
2261	0.1641018	0.180811536	0.147392064
2262	0.1637648	0.180462195	0.147067405
2263	0.1633978	0.180239803	0.146555797
2264	0.1632614	0.180207561	0.146315239
2265	0.1635378	0.18042297	0.14665263
2266	0.1638298	0.180209511	0.147450089
2267	0.1638564	0.179190849	0.148521951
2268	0.1640798	0.178404901	0.149754699
2269	0.1641994	0.178028485	0.150370315
2270	0.1641794	0.178587481	0.149771319
2271	0.1643564	0.179108034	0.149604766
2272	0.164742	0.179631753	0.149852247
2273	0.1650208	0.18016064	0.14988096
2274	0.1653932	0.180565687	0.150220713
2275	0.1658368	0.181155766	0.150517834
2276	0.1658408	0.181695694	0.149985906
2277	0.165773	0.182127716	0.149418284
2278	0.1659206	0.182888549	0.148952651
2279	0.166119	0.183708941	0.148529059
2280	0.166847	0.18386636	0.14982764
2281	0.1677508	0.183876314	0.151625286
2282	0.1678588	0.183471009	0.152246591
2283	0.1676206	0.182570811	0.152670389
2284	0.1668102	0.181086543	0.152533857
2285	0.1660282	0.179979431	0.152076969
2286	0.1657016	0.180426787	0.150976413
2287	0.165653	0.181444806	0.149861194
2288	0.1657236	0.182025649	0.149421551
2289	0.1658816	0.182635482	0.149127718
2290	0.1660082	0.183272718	0.148743682
2291	0.1662692	0.183752231	0.148786169
2292	0.1666534	0.183889682	0.149417118
2293	0.1665982	0.183760633	0.149435767
2294	0.1667664	0.184322982	0.149209818
2295	0.1671134	0.185166443	0.149060357
2296	0.1672788	0.18550278	0.14905482
2297	0.1674026	0.185189114	0.149616086
2298	0.1676046	0.185012598	0.150196602
2299	0.1675642	0.184518039	0.150610361
2300	0.1673286	0.183997166	0.150660034
2301	0.1668408	0.183630202	0.150051398
2302	0.1663304	0.183269261	0.149391539
2303	0.1661446	0.183420524	0.148868676
2304	0.166132	0.183885425	0.148378575
2305	0.1664224	0.184153435	0.148691365
2306	0.1667686	0.184243152	0.149294048
2307	0.1666448	0.183715874	0.149573726
2308	0.1664394	0.183260389	0.149618411
2309	0.1675414	0.184460675	0.150622125
2310	0.1688618	0.185924085	0.151799515
2311	0.1697396	0.186799211	0.152679989
2312	0.1704904	0.187399713	0.153581087
2313	0.1706122	0.187352993	0.153871407
2314	0.1703806	0.187106936	0.153654264
2315	0.1700674	0.1872953	0.1528395
2316	0.1693362	0.187179264	0.151493136
2317	0.16861	0.186160684	0.151059316
2318	0.1683592	0.185345182	0.151373218
2319	0.167855	0.18459273	0.15111727
2320	0.1679758	0.18465102	0.15130058
2321	0.1688196	0.185818198	0.151821002
2322	0.169526	0.187028231	0.152023769
2323	0.1700116	0.188285624	0.151737576
2324	0.1700616	0.189001298	0.151121902
2325	0.1701168	0.189232709	0.151000891
2326	0.170154	0.188860206	0.151447794
2327	0.1701216	0.188456831	0.151786369
2328	0.1707108	0.188809428	0.152612172
2329	0.1714716	0.189475526	0.153467674
2330	0.1722764	0.189783935	0.154768865
2331	0.1730246	0.1900344	0.1560148
2332	0.172869	0.190073866	0.155664134
2333	0.1723444	0.189760627	0.154928173
2334	0.171686	0.188971594	0.154400406
2335	0.1711266	0.188477258	0.153775942
2336	0.1708162	0.188260077	0.153372323
2337	0.1706776	0.187858253	0.153496947
2338	0.1708762	0.187073366	0.154679034
2339	0.1708192	0.18619436	0.15544404
2340	0.1715718	0.186653736	0.156489864
2341	0.1730194	0.187706132	0.158332668
2342	0.1732054	0.188046241	0.158364559
2343	0.1724246	0.187342184	0.157507016
2344	0.17221	0.187243212	0.157176788
2345	0.173112	0.188968619	0.157255381
2346	0.1738474	0.190108917	0.157585883
2347	0.1739124	0.189929569	0.157895231
2348	0.1740828	0.190142703	0.158022897
2349	0.1745942	0.190973363	0.158215037
2350	0.1750264	0.192393143	0.157659657
2351	0.1756538	0.194294903	0.157012697
2352	0.1761258	0.194833795	0.157417805
2353	0.1750434	0.192475567	0.157611233
2354	0.173983	0.190666059	0.157299941
2355	0.1738402	0.191068415	0.156611985
2356	0.1739686	0.191799968	0.156137232
2357	0.1741556	0.192807115	0.155504085
2358	0.1743112	0.193398582	0.155223818
2359	0.1742822	0.193199986	0.155364414
2360	0.1738474	0.192871933	0.154822867
2361	0.1741718	0.192018025	0.156325575
2362	0.1750646	0.191528159	0.158601041
2363	0.1751596	0.191310902	0.159008298
2364	0.1746534	0.191128008	0.158178792
2365	0.1747794	0.192292353	0.157266447
2366	0.1752308	0.193615477	0.156846123
2367	0.175029	0.192556721	0.157501279
2368	0.1748486	0.191241155	0.158456045
2369	0.175484	0.191998776	0.158969224
2370	0.176072	0.193351675	0.158792325
2371	0.176048	0.193331692	0.158764308
2372	0.1758218	0.192373176	0.159270424
2373	0.1756706	0.190002148	0.161339052
2374	0.1754146	0.1878925	0.1629367
2375	0.1746364	0.187057147	0.162215653
2376	0.1741116	0.187324798	0.160898402
2377	0.174045	0.189602116	0.158487884
2378	0.1742534	0.192751685	0.155755115
2379	0.1738892	0.192427304	0.155351096
2380	0.173331	0.190215942	0.156446058
2381	0.173252	0.189492605	0.157011395
2382	0.1734546	0.189988496	0.156920704
2383	0.175293	0.193814379	0.156771621
2384	0.1764978	0.196991281	0.156004319
2385	0.17689	0.197353575	0.156426425
2386	0.1782192	0.198931022	0.157507378
2387	0.1790004	0.200633998	0.157366802
2388	0.1793236	0.201083822	0.157563378
2389	0.179166	0.200150666	0.158181334
2390	0.1783826	0.198278039	0.158487161
2391	0.1782748	0.196989638	0.159559962
2392	0.1783668	0.195381466	0.161352134
2393	0.1777926	0.193016857	0.162568343
2394	0.1766628	0.19134043	0.16198517
2395	0.1756924	0.190398639	0.160986161
2396	0.1760558	0.191528313	0.160583287
2397	0.1761438	0.191967745	0.160319855
2398	0.1749022	0.191155867	0.158648533
2399	0.1741856	0.19174361	0.15662759
2400	0.1741374	0.191379696	0.156895104
2401	0.1740218	0.191405973	0.156637627
2402	0.1737066	0.191614438	0.155798762
2403	0.174034	0.191613069	0.156454931
2404	0.1748738	0.19263933	0.15710827
2405	0.1751932	0.193470838	0.156915562
2406	0.1764884	0.194426521	0.158550279
2407	0.177654	0.194931848	0.160376152
2408	0.1758264	0.191992549	0.159660251
2409	0.1737606	0.189725387	0.157795813
2410	0.1734854	0.19006824	0.15690256
2411	0.1740452	0.190775596	0.157314804
2412	0.177393	0.192607084	0.162178916
2413	0.1801598	0.193286058	0.167033542
2414	0.1768362	0.187386174	0.166286226
2415	0.1734848	0.182698391	0.164271209
2416	0.1736734	0.182879214	0.164467586
2417	0.173862	0.183633619	0.164090381
2418	0.1765298	0.187098882	0.165960718
2419	0.1796376	0.191176093	0.168099107
2420	0.179109	0.192542733	0.165675267
2421	0.178426	0.19402883	0.16282317
2422	0.178316	0.193294152	0.163337848
2423	0.1781246	0.193574434	0.162674766
2424	0.1779772	0.193915132	0.162039268
2425	0.1773616	0.193632598	0.161090602
2426	0.1773144	0.192581247	0.162047553
2427	0.1780568	0.191091184	0.165022416
2428	0.1785984	0.190422635	0.166774165
2429	0.1788206	0.19299058	0.16465062
2430	0.180161	0.196429749	0.163892251
2431	0.1823068	0.19946231	0.16515129
2432	0.1832156	0.201944906	0.164486294
2433	0.1823164	0.203456465	0.161176335
2434	0.1798912	0.200590303	0.159192097
2435	0.1767458	0.195375885	0.158115715
2436	0.1741424	0.191301778	0.156983022
2437	0.1722374	0.190042799	0.154432001
2438	0.1699668	0.190597881	0.149335719
2439	0.1689428	0.191968011	0.145917589
2440	0.1718164	0.19233908	0.15129372
2441	0.177208	0.19225511	0.16216089
2442	0.179257	0.194267929	0.164246071
2443	0.1780722	0.195933151	0.160211249
2444	0.1781884	0.198708788	0.157668012
2445	0.1808216	0.201334026	0.160309174
2446	0.185003	0.205376047	0.164629953
2447	0.1875432	0.213295422	0.161790978
2448	0.1846064	0.213246937	0.155965863
2449	0.1774968	0.203502383	0.151491217
2450	0.1763618	0.204884397	0.147839203
2451	0.1814874	0.210866988	0.152107812
2452	0.184245	0.214935643	0.153554357
2453	0.1824792	0.214509281	0.150449119
2454	0.1789802	0.203804272	0.154156128
2455	0.174214	0.189842379	0.158585621
2456	0.169683	0.181163583	0.158202417
2457	0.1681508	0.181486786	0.154814814
2458	0.1689084	0.183922904	0.153893896
2459	0.1679874	0.183426528	0.152548272
2460	0.167162	0.182952043	0.151371957
2461	0.1693028	0.190403438	0.148202162
2462	0.1716478	0.196925694	0.146369906
2463	0.1746484	0.194978479	0.154318321
2464	0.1766826	0.194283398	0.159081802
2465	0.1743248	0.193311063	0.155338537
2466	0.1713092	0.193982682	0.148635718
2467	0.1759266	0.196332967	0.155520233
2468	0.1824214	0.198491153	0.166351647
2469	0.1811434	0.193133359	0.169153441
2470	0.178855	0.192542944	0.165167056
2471	0.1807838	0.197327934	0.164239666
2472	0.1831364	0.203153212	0.163119588
2473	0.186153	0.207009722	0.165296278
2474	0.1893148	0.211141426	0.167488174
2475	0.1872922	0.210427737	0.164156663
2476	0.1860742	0.210524196	0.161624204
2477	0.187254	0.207664165	0.166843835
2478	0.185492	0.204404344	0.166579656
2479	0.1859736	0.206626886	0.165320314
2480	0.1873474	0.214867143	0.159827657
2481	0.1743612	0.214529374	0.134193026
2482	0.1561944	0.210407972	0.101980828
2483	0.1586696	0.224215224	0.093123976
2484	0.1702912	0.24956962	0.09101278
2485	0.189989	0.250257628	0.129720372
2486	0.2196644	0.264244542	0.175084258
2487	0.2305942	0.280680074	0.180508326
2488	0.2286174	0.306160277	0.151074523
2489	0.2187706	0.331288551	0.106252649
2490	0.2028292	0.331356794	0.074301606
2491	0.1745816	0.269246731	0.079916469
2492	0.15084	0.230324038	0.071355962
2493	0.1559832	0.223196225	0.088770175
2494	0.1562056	0.217841443	0.094569757
2495	0.146082	0.217456888	0.074707112
2496	0.143294	0.224247904	0.062340096
2497	0.1227782	0.176104937	0.069451463
2498	0.099798	0.138837639	0.060758361
2499	0.1265104	0.17831819	0.07470261
2500	0.1640248	0.23609595	0.09195365
