Wavelength	Mean	Std+	Std-
350	0.068202143	0.081732329	0.054671956
351	0.068372429	0.08197659	0.054768267
352	0.068188	0.0817996	0.0545764
353	0.068523286	0.082150041	0.05489653
354	0.068920143	0.082537027	0.055303258
355	0.069324143	0.082905432	0.055742854
356	0.069544857	0.083062271	0.056027443
357	0.069703714	0.083244885	0.056162544
358	0.069966571	0.083588034	0.056345108
359	0.070778714	0.084507095	0.057050333
360	0.071203571	0.085052553	0.05735459
361	0.071490714	0.085428016	0.057553413
362	0.071736	0.085691308	0.057780692
363	0.072192286	0.086185603	0.058198968
364	0.072667571	0.086683417	0.058651726
365	0.073125857	0.087149847	0.059101867
366	0.073360714	0.087510237	0.059211192
367	0.073586571	0.087834382	0.059338761
368	0.073849571	0.088151017	0.059548126
369	0.074301429	0.08852182	0.060081037
370	0.074689	0.088945238	0.060432762
371	0.075047429	0.089355588	0.060739269
372	0.075384714	0.089693031	0.061076398
373	0.075796143	0.090222557	0.061369728
374	0.076248571	0.090766343	0.0617308
375	0.076735429	0.091296473	0.062174384
376	0.077031143	0.09168201	0.062380276
377	0.077361714	0.09207102	0.062652409
378	0.077729286	0.092474545	0.062984026
379	0.078141857	0.092918203	0.063365511
380	0.078459857	0.093308349	0.063611365
381	0.078696429	0.093625991	0.063766867
382	0.078827286	0.093821637	0.063832934
383	0.079573286	0.094561339	0.064585233
384	0.080017571	0.095066177	0.064968966
385	0.079981429	0.09518599	0.064776867
386	0.080818286	0.096180925	0.065455646
387	0.081437571	0.096953385	0.065921758
388	0.081889857	0.097554315	0.066225399
389	0.082304143	0.098123536	0.066484749
390	0.082684571	0.098518002	0.066851141
391	0.083045571	0.098845099	0.067246044
392	0.083403714	0.099188316	0.067619113
393	0.083589714	0.099449521	0.067729907
394	0.083873857	0.099860761	0.067886954
395	0.084305857	0.100461634	0.06815008
396	0.085069429	0.101409505	0.068729352
397	0.085533714	0.102006247	0.069061181
398	0.085844286	0.102418887	0.069269685
399	0.086452286	0.103161653	0.069742919
400	0.086735143	0.103447122	0.070023164
401	0.086907857	0.103599051	0.070216663
402	0.087139143	0.103880497	0.070397788
403	0.087317857	0.10403274	0.070602974
404	0.087519857	0.104219708	0.070820006
405	0.087771571	0.104491415	0.071051728
406	0.088334429	0.105143824	0.071525034
407	0.088764143	0.105640704	0.071887582
408	0.089083571	0.106011322	0.072155821
409	0.089431	0.106436593	0.072425407
410	0.089742286	0.10683743	0.072647141
411	0.090044143	0.107222183	0.072866103
412	0.090375857	0.107606182	0.073145532
413	0.090797143	0.108047583	0.073546703
414	0.091151	0.108438599	0.073863401
415	0.091381143	0.108742818	0.074019468
416	0.091778857	0.109181264	0.074376451
417	0.092095571	0.109541192	0.074649951
418	0.092348714	0.109842238	0.074855191
419	0.092744429	0.110294875	0.075193982
420	0.093103429	0.110713731	0.075493126
421	0.093443143	0.111113195	0.075773091
422	0.093783143	0.111508857	0.076057429
423	0.094057571	0.111835083	0.07628006
424	0.094355143	0.112180437	0.076529849
425	0.094722571	0.112591119	0.076854024
426	0.094940714	0.112838649	0.077042779
427	0.095234286	0.113165232	0.07730334
428	0.095611143	0.113582111	0.077640175
429	0.095942143	0.113995471	0.077888814
430	0.096324571	0.114464264	0.078184879
431	0.096709	0.114945583	0.078472417
432	0.097007	0.115375739	0.078638261
433	0.097408571	0.115876489	0.078940654
434	0.097786571	0.11632706	0.079246083
435	0.098078429	0.116660812	0.079496045
436	0.098303571	0.116884272	0.079722871
437	0.098589143	0.117184895	0.07999339
438	0.098934	0.117566605	0.080301395
439	0.099160857	0.117841324	0.080480391
440	0.099462143	0.118194448	0.080729837
441	0.099787286	0.118575952	0.080998619
442	0.100032286	0.118885473	0.081179098
443	0.100319286	0.119230585	0.081407987
444	0.100606714	0.119570332	0.081643096
445	0.100869286	0.11987736	0.081861211
446	0.101160429	0.120208619	0.082112238
447	0.101437286	0.120539135	0.082335436
448	0.101699	0.120868081	0.082529919
449	0.101994571	0.121199957	0.082789186
450	0.102253143	0.121504794	0.083001492
451	0.102495	0.121791401	0.083198599
452	0.102766	0.122072251	0.083459749
453	0.103034857	0.122377797	0.083691917
454	0.103274429	0.122664393	0.083884464
455	0.103449429	0.122887534	0.084011323
456	0.103816143	0.123312543	0.084319743
457	0.104096	0.12365496	0.08453704
458	0.104237	0.123861338	0.084612662
459	0.104520571	0.124189702	0.084851441
460	0.104786714	0.124494818	0.085078611
461	0.105039143	0.124784713	0.085293573
462	0.105278571	0.125074382	0.085482761
463	0.105520571	0.125351601	0.085689542
464	0.105750571	0.125611499	0.085889644
465	0.105948286	0.12583909	0.086057481
466	0.106208	0.126148905	0.086267095
467	0.106475857	0.126471358	0.086480357
468	0.106740714	0.126792998	0.086688431
469	0.106961286	0.127077423	0.086845148
470	0.107214286	0.127376529	0.087052043
471	0.107482286	0.127678298	0.087286273
472	0.107697857	0.127940226	0.087455488
473	0.107894429	0.128184287	0.08760457
474	0.108087143	0.128424765	0.087749521
475	0.108289	0.128673785	0.087904215
476	0.108497714	0.128911556	0.088083873
477	0.108716857	0.129171448	0.088262266
478	0.108950429	0.129466151	0.088434706
479	0.109228	0.129760705	0.088695295
480	0.10948	0.130039369	0.088920631
481	0.109699143	0.130291895	0.089106391
482	0.109834286	0.130444237	0.089224335
483	0.110020857	0.130637893	0.089403822
484	0.110217286	0.130845186	0.089589385
485	0.110369714	0.131032927	0.089706502
486	0.110659714	0.131385201	0.089934227
487	0.110974857	0.131768501	0.090181213
488	0.111283429	0.132144684	0.090422173
489	0.111472429	0.132422898	0.09052196
490	0.111673429	0.132668603	0.090678254
491	0.11188	0.132884912	0.090875088
492	0.112047571	0.133082935	0.091012208
493	0.112310143	0.133381048	0.091239238
494	0.112585571	0.133693946	0.091477196
495	0.112761714	0.13390697	0.091616459
496	0.112947143	0.134125516	0.09176877
497	0.113146571	0.134355694	0.091937449
498	0.113366857	0.13460359	0.092130124
499	0.113653429	0.134922621	0.092384236
500	0.113907286	0.135215413	0.092599159
501	0.114128857	0.135484332	0.092773382
502	0.114368	0.135786974	0.092949026
503	0.114633429	0.136112965	0.093153892
504	0.114893143	0.13642718	0.093359106
505	0.115092714	0.136668438	0.09351699
506	0.115336143	0.136949069	0.093723217
507	0.115588	0.1372365	0.0939395
508	0.115837571	0.137520278	0.094154865
509	0.116120714	0.137831602	0.094409827
510	0.116382857	0.138134031	0.094631683
511	0.116621429	0.138423549	0.094819308
512	0.116831857	0.138670725	0.094992989
513	0.117060429	0.138939667	0.09518119
514	0.117306429	0.139225643	0.095387214
515	0.117576	0.139523944	0.095628056
516	0.117886429	0.139893274	0.095879584
517	0.118196	0.140279448	0.096112552
518	0.118478714	0.140655806	0.096301622
519	0.118787143	0.141056004	0.096518281
520	0.119077857	0.141417826	0.096737888
521	0.119348429	0.141736402	0.096960455
522	0.119680857	0.14208907	0.097272644
523	0.119961714	0.142403468	0.097519961
524	0.120214429	0.142696169	0.097732688
525	0.120469857	0.142986955	0.09795276
526	0.120771857	0.143350801	0.098192913
527	0.121089	0.143736712	0.098441288
528	0.121411571	0.144125613	0.098697529
529	0.121750429	0.144532014	0.098968843
530	0.122069857	0.144900508	0.099239207
531	0.122363857	0.145223541	0.099504174
532	0.122636143	0.145543935	0.09972835
533	0.122918714	0.14588465	0.099952779
534	0.123213571	0.146243728	0.100183415
535	0.123528857	0.146618643	0.100439071
536	0.123834571	0.146982006	0.100687137
537	0.124152	0.147348583	0.100955417
538	0.124504429	0.147734656	0.101274201
539	0.124767857	0.148063607	0.101472108
540	0.125052429	0.14841797	0.101686887
541	0.125375714	0.148811218	0.10194021
542	0.125709857	0.149222106	0.102197609
543	0.126020714	0.149595211	0.102446217
544	0.126318286	0.149941211	0.102695361
545	0.126640286	0.150299708	0.102980864
546	0.126942857	0.150660768	0.103224946
547	0.127253857	0.151036124	0.10347159
548	0.127604857	0.151445329	0.103764385
549	0.127926286	0.151823123	0.104029448
550	0.128215857	0.152171354	0.10426036
551	0.128468857	0.152485297	0.104452418
552	0.128785714	0.152849881	0.104721548
553	0.129092714	0.153209664	0.104975764
554	0.129391429	0.153563877	0.10521898
555	0.129679143	0.15389759	0.105460696
556	0.129968	0.154227952	0.105708048
557	0.130244714	0.154553061	0.105936368
558	0.130484857	0.154867252	0.106102462
559	0.130796	0.155237432	0.106354568
560	0.131085857	0.155581766	0.106589948
561	0.131323714	0.155871126	0.106776302
562	0.131615714	0.156220997	0.107010432
563	0.131871571	0.156524042	0.107219101
564	0.132092143	0.156783666	0.10740062
565	0.132272857	0.157015736	0.107529978
566	0.132526286	0.157320592	0.107731979
567	0.132808429	0.157652392	0.107964466
568	0.133077	0.15796473	0.10818927
569	0.133322	0.158267359	0.108376641
570	0.133587	0.158589802	0.108584198
571	0.133889714	0.158944881	0.108834548
572	0.134100571	0.159214879	0.108986264
573	0.134327857	0.159488156	0.109167558
574	0.134574286	0.159768934	0.109379637
575	0.134825857	0.160059941	0.109591774
576	0.135106286	0.1603925	0.109820071
577	0.135392	0.160736504	0.110047496
578	0.135646286	0.161048249	0.110244322
579	0.135923714	0.161382701	0.110464728
580	0.136189286	0.161702942	0.110675629
581	0.136426	0.161991306	0.110860694
582	0.136690286	0.16229232	0.111088252
583	0.136938	0.162573024	0.111302976
584	0.137172143	0.162838345	0.111505941
585	0.137435	0.163150099	0.111719901
586	0.137649857	0.163397726	0.111901988
587	0.137857571	0.163634147	0.112080996
588	0.138126286	0.163950403	0.112302168
589	0.138436429	0.16433538	0.112537477
590	0.138724571	0.164709373	0.11273977
591	0.138949	0.165024774	0.112873226
592	0.139238	0.165358181	0.113117819
593	0.139517	0.165671969	0.113362031
594	0.139783429	0.165970684	0.113596174
595	0.140056857	0.166318617	0.113795098
596	0.140337	0.166667775	0.114006225
597	0.140627	0.167021477	0.114232523
598	0.140937714	0.167389246	0.114486183
599	0.141212	0.167735509	0.114688491
600	0.141501714	0.168101674	0.114901754
601	0.141841429	0.16851636	0.115166497
602	0.142114714	0.16887856	0.115350868
603	0.142387571	0.169238177	0.115536966
604	0.142665857	0.169597237	0.115734477
605	0.142916143	0.169903159	0.115929126
606	0.143179143	0.170228357	0.116129929
607	0.143451857	0.170563349	0.116340365
608	0.143722857	0.170878601	0.116567113
609	0.143962714	0.17116267	0.116762758
610	0.144190143	0.171437397	0.116942888
611	0.144408714	0.171709401	0.117108027
612	0.144634714	0.171958012	0.117311417
613	0.144857429	0.172195631	0.117519226
614	0.145074857	0.172423631	0.117726083
615	0.145293857	0.172684789	0.117902925
616	0.145521	0.172941884	0.118100116
617	0.145751	0.1731959	0.1183061
618	0.145968	0.173452755	0.118483245
619	0.146186143	0.173702873	0.118669413
620	0.146411143	0.173950395	0.11887189
621	0.146650143	0.174196709	0.119103577
622	0.146891	0.174475456	0.119306544
623	0.147120143	0.174741021	0.119499265
624	0.147332286	0.174981579	0.119682992
625	0.147560714	0.175238026	0.119883403
626	0.147777571	0.175499959	0.120055183
627	0.147998	0.175773225	0.120222775
628	0.148288	0.176090254	0.120485746
629	0.148603714	0.17646572	0.120741709
630	0.148915	0.176840963	0.120989037
631	0.149195571	0.177166496	0.121224646
632	0.149419857	0.177441386	0.121398329
633	0.149644714	0.17771871	0.121570719
634	0.149882286	0.178009312	0.12175526
635	0.150168429	0.17835386	0.121982997
636	0.150436714	0.178684348	0.122189081
637	0.150684	0.178994628	0.122373372
638	0.150885714	0.179248359	0.12252307
639	0.151165857	0.179573102	0.122758612
640	0.151450143	0.179906182	0.122994104
641	0.151660143	0.180184576	0.123135709
642	0.151890857	0.180474676	0.123307039
643	0.152135857	0.180782796	0.123488918
644	0.152397	0.181115733	0.123678267
645	0.152641	0.18139798	0.12388402
646	0.152892714	0.181688298	0.124097131
647	0.153151	0.181989648	0.124312352
648	0.153403429	0.182313004	0.124493853
649	0.153653429	0.182651922	0.124654935
650	0.153895286	0.182979954	0.124810618
651	0.154120714	0.183261301	0.124980128
652	0.154348	0.183539358	0.125156642
653	0.154565571	0.18379615	0.125334993
654	0.154770571	0.18402463	0.125516513
655	0.155008429	0.184343242	0.125673615
656	0.155283571	0.18474251	0.125824633
657	0.155572571	0.185175844	0.125969299
658	0.155786429	0.185435089	0.126137768
659	0.155987857	0.18568437	0.126291345
660	0.156187	0.185931836	0.126442164
661	0.156398	0.186186732	0.126609268
662	0.156647143	0.186481309	0.126812976
663	0.156871714	0.18675522	0.126988209
664	0.157036571	0.186975789	0.127097354
665	0.157294714	0.187300085	0.127289344
666	0.157516857	0.187576294	0.12745742
667	0.157705143	0.187806399	0.127603887
668	0.157958286	0.188101346	0.127815226
669	0.158173714	0.188355645	0.127991783
670	0.158367714	0.188591071	0.128144357
671	0.158555429	0.188833579	0.128277278
672	0.158754286	0.189082571	0.128426
673	0.158963429	0.189339973	0.128586884
674	0.159186143	0.189608209	0.128764077
675	0.159403	0.189876167	0.128929833
676	0.159606429	0.190126566	0.129086291
677	0.1598	0.190363268	0.129236732
678	0.160037714	0.190658769	0.12941666
679	0.160234429	0.190911662	0.129557195
680	0.160412286	0.191141964	0.129682607
681	0.160611857	0.191381746	0.129841968
682	0.160802571	0.191611845	0.129993298
683	0.160991286	0.191826258	0.130156314
684	0.161182286	0.192016285	0.130348287
685	0.161300143	0.192130951	0.130469335
686	0.161465714	0.192351201	0.130580228
687	0.161695857	0.19270449	0.130687224
688	0.161935571	0.193021621	0.130849521
689	0.162145857	0.19329755	0.130994165
690	0.162334	0.193538456	0.131129544
691	0.162518	0.19375195	0.13128405
692	0.162718429	0.193971856	0.131465001
693	0.162937857	0.194220676	0.131655038
694	0.163185857	0.19452584	0.131845874
695	0.163385	0.194780902	0.131989098
696	0.163576143	0.195009875	0.132142411
697	0.163769	0.195220442	0.132317558
698	0.163994571	0.195477144	0.132511999
699	0.164203286	0.195730173	0.132676398
700	0.164406143	0.195984871	0.132827415
701	0.164636286	0.196260273	0.133012299
702	0.164878857	0.19654861	0.133209104
703	0.165115857	0.196828931	0.133402783
704	0.165334714	0.197084534	0.133584895
705	0.165567429	0.197347447	0.133787411
706	0.165790143	0.197602893	0.133977393
707	0.165997714	0.197847317	0.134148112
708	0.166230857	0.198120741	0.134340974
709	0.166464714	0.198395547	0.134533882
710	0.166691857	0.198661516	0.134722198
711	0.166878	0.198871822	0.134884178
712	0.167051143	0.199086006	0.135016279
713	0.167212857	0.199281912	0.135143803
714	0.167357857	0.199426258	0.135289456
715	0.167425143	0.199490252	0.135360034
716	0.167508286	0.199582377	0.135434195
717	0.167638	0.199740455	0.135535545
718	0.167862429	0.200069882	0.135654975
719	0.168143286	0.200440568	0.135846004
720	0.168431429	0.200790248	0.136072609
721	0.168611714	0.200956937	0.136266492
722	0.168763714	0.201116668	0.136410761
723	0.168908143	0.201286164	0.136530122
724	0.169049286	0.201474066	0.136624505
725	0.169262571	0.20173013	0.136795013
726	0.169468571	0.201983033	0.13695411
727	0.169645	0.202214686	0.137075314
728	0.169876	0.202510902	0.137241098
729	0.170155714	0.20284652	0.137464908
730	0.170455429	0.203195941	0.137714916
731	0.170634714	0.203441953	0.137827476
732	0.170866714	0.203709636	0.138023792
733	0.171093857	0.203963853	0.138223861
734	0.171243857	0.204156382	0.138331332
735	0.171461143	0.204425064	0.138497221
736	0.171680714	0.20469109	0.138670339
737	0.171880286	0.204926825	0.138833746
738	0.172128571	0.20522602	0.139031123
739	0.172330429	0.205476989	0.139183868
740	0.172491857	0.205685963	0.139297751
741	0.172711714	0.205954951	0.139468478
742	0.172914714	0.206209756	0.139619673
743	0.173117429	0.206460396	0.139774461
744	0.173348714	0.206725248	0.13997218
745	0.173538714	0.206950712	0.140126717
746	0.173733571	0.207180228	0.140286915
747	0.173955714	0.207434988	0.14047644
748	0.174122143	0.207624421	0.140619864
749	0.17428	0.207821065	0.140738935
750	0.174441714	0.208038821	0.140844608
751	0.174717714	0.208391672	0.141043757
752	0.174933286	0.208656275	0.141210297
753	0.175112143	0.208871329	0.141352957
754	0.175282714	0.209090128	0.1414753
755	0.175492143	0.209339456	0.14164483
756	0.175655429	0.209511482	0.141799375
757	0.175714143	0.20952077	0.141907516
758	0.175423857	0.209057523	0.141790192
759	0.175277714	0.208849699	0.14170573
760	0.175605286	0.209414269	0.141796302
761	0.175879857	0.209808231	0.141951483
762	0.176154143	0.210168844	0.142139442
763	0.17646	0.210566956	0.142353044
764	0.176824429	0.211077773	0.142571084
765	0.177147286	0.211468779	0.142825793
766	0.177411	0.211777922	0.143044078
767	0.177628857	0.212043171	0.143214543
768	0.177873143	0.212333114	0.143413171
769	0.178095714	0.212596557	0.143594871
770	0.178295143	0.212833486	0.1437568
771	0.178499429	0.213093187	0.14390567
772	0.178721	0.213361116	0.144080884
773	0.17895	0.213634966	0.144265034
774	0.179157857	0.213906375	0.14440934
775	0.179315857	0.214109481	0.144522233
776	0.179461143	0.214296542	0.144625744
777	0.179615	0.214497072	0.144732928
778	0.179833714	0.214775347	0.144892082
779	0.180027571	0.215021526	0.145033617
780	0.180179	0.21521356	0.14514444
781	0.180311	0.215385654	0.145236346
782	0.180516143	0.215633767	0.145398518
783	0.180764571	0.215928693	0.145600449
784	0.180962571	0.21618229	0.145742853
785	0.181115857	0.216376138	0.145855577
786	0.181255143	0.216557991	0.145952294
787	0.181399714	0.216762335	0.146037094
788	0.181574857	0.216992552	0.146157162
789	0.181748571	0.217216623	0.14628052
790	0.181913286	0.217425021	0.146401551
791	0.182164714	0.217724368	0.14660506
792	0.182365143	0.217981372	0.146748914
793	0.182525857	0.21820558	0.146846134
794	0.182691143	0.218432177	0.146950109
795	0.182841	0.218639211	0.147042789
796	0.183014286	0.218860023	0.147168548
797	0.183262714	0.219135404	0.147390024
798	0.183470143	0.219396724	0.147543562
799	0.183640286	0.219618521	0.14766205
800	0.183764286	0.219784257	0.147744314
801	0.183978143	0.220056489	0.147899797
802	0.184172429	0.220311347	0.14803351
803	0.184349429	0.220551537	0.148147321
804	0.184518143	0.220791406	0.14824488
805	0.184744429	0.221069666	0.148419191
806	0.184977714	0.221343416	0.148612013
807	0.185157143	0.221552815	0.148761471
808	0.185234714	0.221683003	0.148786426
809	0.185364	0.221876937	0.148851063
810	0.185604429	0.2221919	0.149016957
811	0.185647714	0.222264002	0.149031427
812	0.185691143	0.222348988	0.149033298
813	0.185743857	0.222451003	0.149036711
814	0.185814	0.222516067	0.149111933
815	0.185983	0.22271808	0.14924792
816	0.186206429	0.22300058	0.149412278
817	0.186440429	0.223314357	0.149566501
818	0.186674714	0.223608965	0.149740463
819	0.186908571	0.223912011	0.149905132
820	0.187148857	0.224243603	0.150054111
821	0.187193	0.224249137	0.150136863
822	0.187355857	0.224432219	0.150279495
823	0.187624143	0.224784366	0.150463919
824	0.187849143	0.225104284	0.150594001
825	0.188035714	0.225349373	0.150722055
826	0.188198857	0.225560362	0.150837352
827	0.188321286	0.225751267	0.150891305
828	0.188518857	0.225982396	0.151055318
829	0.188730571	0.226235188	0.151225955
830	0.188934714	0.226509366	0.151360062
831	0.189080714	0.226724688	0.15143674
832	0.189263143	0.226985873	0.151540412
833	0.189487143	0.227293655	0.151680631
834	0.189744857	0.227602765	0.15188695
835	0.189977143	0.227892985	0.1520613
836	0.190161286	0.228136445	0.152186127
837	0.190213	0.228239618	0.152186382
838	0.190444286	0.228518003	0.152370568
839	0.190667	0.228788499	0.152545501
840	0.190777714	0.228949786	0.152605643
841	0.191036	0.22927867	0.15279333
842	0.191249143	0.229563146	0.15293514
843	0.191402429	0.229784801	0.153020056
844	0.191604571	0.230023341	0.153185802
845	0.191778	0.230244972	0.153311028
846	0.191936286	0.230462513	0.153410059
847	0.192104286	0.230699703	0.153508868
848	0.192288286	0.230933964	0.153642608
849	0.192461571	0.231156825	0.153766318
850	0.192594	0.231348636	0.153839364
851	0.192800714	0.231609289	0.153992139
852	0.192919714	0.231768113	0.154071316
853	0.192934429	0.231809763	0.154059094
854	0.193165857	0.232102512	0.154229203
855	0.193408143	0.232420478	0.154395808
856	0.193637429	0.232726755	0.154548102
857	0.193815286	0.232960174	0.154670397
858	0.193992857	0.233175146	0.154810569
859	0.194209857	0.233440602	0.154979112
860	0.194511429	0.233828523	0.155194334
861	0.194630143	0.234040394	0.155219891
862	0.194745143	0.234227939	0.155262347
863	0.19489	0.234418464	0.155361536
864	0.195107857	0.234668375	0.155547339
865	0.195310857	0.234898993	0.155722722
866	0.195511	0.235137242	0.155884758
867	0.195749286	0.235481538	0.156017033
868	0.195938	0.235753359	0.156122641
869	0.196088143	0.235967934	0.156208351
870	0.196194429	0.236117987	0.15627087
871	0.196283286	0.236282284	0.156284288
872	0.196458286	0.236524018	0.156392553
873	0.196753857	0.236866119	0.156641596
874	0.196884714	0.237069973	0.156699456
875	0.197060571	0.237300035	0.156821108
876	0.197259143	0.23754621	0.156972076
877	0.197381286	0.23776132	0.157001251
878	0.197526	0.237948485	0.157103515
879	0.197661429	0.238115068	0.157207789
880	0.197745	0.238255019	0.157234981
881	0.197967571	0.238526418	0.157408725
882	0.198151571	0.238753594	0.157549549
883	0.198242286	0.2388811	0.157603471
884	0.198294857	0.239025785	0.157563929
885	0.198418714	0.23919382	0.157643609
886	0.198597857	0.239383336	0.157812378
887	0.198731429	0.239578742	0.157884115
888	0.198837429	0.239777849	0.157897008
889	0.198984571	0.240020462	0.157948681
890	0.199288857	0.240384641	0.158193074
891	0.199269857	0.240425567	0.158114148
892	0.199293571	0.240482506	0.158104637
893	0.199494714	0.24067306	0.158316368
894	0.199552857	0.240779902	0.158325812
895	0.199644143	0.240922153	0.158366133
896	0.199755571	0.241085328	0.158425815
897	0.199698857	0.241081331	0.158316383
898	0.199722429	0.241115208	0.158329649
899	0.199865	0.241274053	0.158455947
900	0.200249714	0.241771943	0.158727486
901	0.200255	0.241824506	0.158685494
902	0.200375571	0.241966385	0.158784758
903	0.200818857	0.242414704	0.15922301
904	0.201050143	0.242858616	0.15924167
905	0.201190857	0.24311001	0.159271704
906	0.201259429	0.243184809	0.159334049
907	0.201332143	0.243263744	0.159400541
908	0.201406143	0.243350045	0.15946224
909	0.201468571	0.243457953	0.15947919
910	0.201484	0.243628024	0.159339976
911	0.201638143	0.243864616	0.159411669
912	0.201840143	0.244126433	0.159553853
913	0.202059857	0.244400442	0.159719273
914	0.202047286	0.244377221	0.15971735
915	0.202174	0.244513569	0.159834431
916	0.202468429	0.244847596	0.160089261
917	0.202847857	0.245311951	0.160383763
918	0.202972857	0.245486165	0.160459549
919	0.203037571	0.24559808	0.160477063
920	0.203410286	0.246086775	0.160733796
921	0.203735429	0.246475558	0.160995299
922	0.203882571	0.246687039	0.161078104
923	0.203704143	0.246605514	0.160802772
924	0.203898714	0.246852236	0.160945193
925	0.204174857	0.247157765	0.161191949
926	0.204468286	0.247464301	0.16147227
927	0.204019286	0.247109471	0.160929101
928	0.20383	0.24698945	0.16067055
929	0.203830429	0.247024829	0.160636028
930	0.203890286	0.247026107	0.160754464
931	0.203695286	0.246686876	0.160703696
932	0.203351286	0.246191166	0.160511406
933	0.202917143	0.245693559	0.160140727
934	0.202765429	0.245480152	0.160050705
935	0.202731143	0.245368417	0.160093869
936	0.202808429	0.245360486	0.160256371
937	0.203081714	0.245844089	0.160319339
938	0.203443	0.246460898	0.160425102
939	0.203865571	0.247128547	0.160602596
940	0.204369714	0.247727483	0.161011945
941	0.204437143	0.247896008	0.160978278
942	0.204403143	0.247943159	0.160863126
943	0.204473286	0.248045982	0.160900589
944	0.204437286	0.247970325	0.160904246
945	0.204570286	0.248029464	0.161111107
946	0.204940571	0.248297154	0.161583989
947	0.204997286	0.24856222	0.161432352
948	0.205189714	0.248872896	0.161506533
949	0.205528286	0.249250133	0.161806438
950	0.206135	0.249834716	0.162435284
951	0.206240429	0.249997353	0.162483504
952	0.206046714	0.249831338	0.16226209
953	0.205594143	0.249257019	0.161931266
954	0.205655429	0.249572592	0.161738265
955	0.206005857	0.250059976	0.161951739
956	0.206628857	0.250582537	0.162675177
957	0.206781714	0.250993543	0.162569886
958	0.206944714	0.251267434	0.162621995
959	0.207125	0.251447922	0.162802078
960	0.207376286	0.251702215	0.163050356
961	0.207550571	0.251876617	0.163224526
962	0.207694857	0.25204532	0.163344394
963	0.207845857	0.252288897	0.163402818
964	0.208058571	0.252696021	0.163421122
965	0.208342143	0.253182629	0.163501656
966	0.208707143	0.253736908	0.163677378
967	0.208643571	0.25364083	0.163646312
968	0.209019	0.254086976	0.163951024
969	0.209667857	0.254882499	0.164453215
970	0.209726286	0.255019253	0.164433318
971	0.209606	0.25494242	0.16426958
972	0.209585714	0.25492674	0.164244688
973	0.210110571	0.255383983	0.16483716
974	0.210244571	0.255613058	0.164876085
975	0.210227143	0.255724152	0.164730134
976	0.210104286	0.255725833	0.164482739
977	0.210406714	0.256073193	0.164740236
978	0.210828	0.256536356	0.165119644
979	0.211252857	0.256995675	0.165510039
980	0.210875571	0.256566492	0.16518465
981	0.210913714	0.256601619	0.16522581
982	0.211223286	0.256976591	0.16546998
983	0.211736286	0.257695	0.165777571
984	0.211881143	0.257855054	0.165907232
985	0.211928857	0.257936967	0.165920747
986	0.211959571	0.258104601	0.165814542
987	0.212426857	0.258508301	0.166345413
988	0.212622857	0.258733895	0.166511819
989	0.212559286	0.258791813	0.166326758
990	0.212892286	0.259098338	0.166686233
991	0.212931571	0.259125455	0.166737688
992	0.212823	0.259064134	0.166581866
993	0.212772	0.259249128	0.166294872
994	0.212653857	0.259253088	0.166054626
995	0.212949857	0.259623063	0.166276652
996	0.214047	0.260759619	0.167334381
997	0.213484143	0.26014868	0.166819606
998	0.213683	0.260251665	0.167114335
999	0.214712143	0.261164594	0.168259692
1000	0.214022571	0.26073843	0.167306713
1001	0.219489286	0.267043661	0.17193491
1002	0.219426429	0.266909444	0.171943413
1003	0.219363429	0.266759273	0.171967584
1004	0.219409143	0.266829254	0.171989032
1005	0.219618143	0.26707566	0.172160625
1006	0.219866714	0.267397958	0.172335471
1007	0.219973714	0.267542345	0.172405083
1008	0.219978286	0.267545579	0.172410992
1009	0.220035429	0.267659675	0.172411182
1010	0.220203	0.267904073	0.172501927
1011	0.220403429	0.268108023	0.172698834
1012	0.220505571	0.268217211	0.172793932
1013	0.220458	0.26824655	0.17266945
1014	0.220459571	0.268296177	0.172622966
1015	0.220607143	0.268438807	0.172775479
1016	0.220688286	0.268522287	0.172854284
1017	0.220769571	0.268559256	0.172979886
1018	0.220896857	0.268658604	0.17313511
1019	0.221043857	0.268907449	0.173180265
1020	0.221211857	0.269206538	0.173217177
1021	0.221362286	0.26941262	0.173311952
1022	0.221450571	0.269471747	0.173429396
1023	0.221462286	0.269473565	0.173451007
1024	0.221485714	0.269548604	0.173422825
1025	0.221611857	0.269688969	0.173534745
1026	0.221805429	0.269842517	0.17376834
1027	0.221994	0.270067257	0.173920743
1028	0.222145143	0.270317903	0.173972383
1029	0.222195429	0.270494224	0.173896633
1030	0.222182143	0.270589449	0.173774837
1031	0.222190714	0.270572376	0.173809052
1032	0.222212143	0.270558155	0.17386613
1033	0.222294	0.270621576	0.173966424
1034	0.222471714	0.270861333	0.174082095
1035	0.222692143	0.271192918	0.174191368
1036	0.222867286	0.271370841	0.17436373
1037	0.222971429	0.271425286	0.174517571
1038	0.222991857	0.271465793	0.174517922
1039	0.222987429	0.271506671	0.174468186
1040	0.223034	0.271566573	0.174501427
1041	0.223137143	0.271696013	0.174578273
1042	0.223237714	0.271860374	0.174615054
1043	0.223300286	0.271966146	0.174634426
1044	0.223357143	0.272067562	0.174646723
1045	0.223473857	0.272258326	0.174689388
1046	0.223679	0.272469868	0.174888132
1047	0.223794571	0.272409068	0.175180075
1048	0.223831429	0.272311094	0.175351763
1049	0.223958429	0.272611324	0.175305534
1050	0.224139571	0.272967343	0.1753118
1051	0.224277	0.273151024	0.175402976
1052	0.224358857	0.273238958	0.175478756
1053	0.224460857	0.273337782	0.175583933
1054	0.224582429	0.273489637	0.17567522
1055	0.224638571	0.273649264	0.175627879
1056	0.224678429	0.27379347	0.175563387
1057	0.224815286	0.273984561	0.175646011
1058	0.224957143	0.274170965	0.17574332
1059	0.224966	0.274123088	0.175808912
1060	0.224999571	0.274011003	0.17598814
1061	0.225148857	0.27412295	0.176174764
1062	0.225325429	0.274380286	0.176270571
1063	0.225380857	0.274499125	0.17626259
1064	0.225338143	0.274481972	0.176194314
1065	0.225417286	0.274571592	0.176262979
1066	0.225594571	0.274827494	0.176361649
1067	0.225743286	0.275050406	0.176436166
1068	0.225810429	0.275097439	0.176523418
1069	0.225837	0.275118525	0.176555475
1070	0.225854143	0.27517189	0.176536396
1071	0.225901	0.275244345	0.176557655
1072	0.225998571	0.275377807	0.176619335
1073	0.226105286	0.275534944	0.176675628
1074	0.226255857	0.27564027	0.176871444
1075	0.226368857	0.275702282	0.177035433
1076	0.226365	0.275800217	0.176929783
1077	0.226398286	0.275964702	0.17683187
1078	0.226476143	0.276112618	0.176839667
1079	0.226570571	0.276275221	0.176865922
1080	0.226643	0.276396494	0.176889506
1081	0.226601429	0.276255596	0.176947261
1082	0.226591857	0.276147318	0.177036396
1083	0.226727714	0.276357207	0.177098222
1084	0.226858571	0.276577298	0.177139845
1085	0.227019143	0.27672128	0.177317006
1086	0.227177143	0.276846581	0.177507705
1087	0.227252571	0.277009941	0.177495202
1088	0.227313429	0.277194966	0.177431891
1089	0.227409571	0.27732723	0.177491913
1090	0.227499857	0.277415659	0.177584055
1091	0.227541857	0.277456801	0.177626913
1092	0.227592429	0.277530191	0.177654666
1093	0.227626	0.277582397	0.177669603
1094	0.227640429	0.277588422	0.177692435
1095	0.227691286	0.277615541	0.177767031
1096	0.227747	0.277648909	0.177845091
1097	0.227788	0.277729274	0.177846726
1098	0.227824714	0.277957527	0.177691902
1099	0.227841	0.278116856	0.177565144
1100	0.227887714	0.278038633	0.177736795
1101	0.227959429	0.278003119	0.177915738
1102	0.228028286	0.278116195	0.177940376
1103	0.228097429	0.278258182	0.177936676
1104	0.228236429	0.278477948	0.177994909
1105	0.228387143	0.278687411	0.178086875
1106	0.228546429	0.278945226	0.178147631
1107	0.228721286	0.279288182	0.178154389
1108	0.228759429	0.279425386	0.178093471
1109	0.228763	0.279448668	0.178077332
1110	0.228834143	0.279563309	0.178104977
1111	0.228966286	0.279776345	0.178156226
1112	0.229029429	0.279812057	0.1782468
1113	0.228912857	0.279549333	0.178276381
1114	0.228831	0.279381077	0.178280923
1115	0.228966429	0.279550041	0.178382816
1116	0.229075	0.27969308	0.17845692
1117	0.228964429	0.279672648	0.178256209
1118	0.228859571	0.27965168	0.178067463
1119	0.228941	0.279757212	0.178124788
1120	0.229022429	0.279869862	0.178174995
1121	0.228974429	0.279855532	0.178093325
1122	0.228924857	0.279835343	0.178014371
1123	0.228899571	0.279669614	0.178129529
1124	0.228823857	0.27942485	0.178222865
1125	0.228826	0.279412644	0.178239356
1126	0.228894714	0.27951334	0.178276089
1127	0.229033429	0.279682858	0.178384
1128	0.229213857	0.27991001	0.178517704
1129	0.229377	0.280022719	0.178731281
1130	0.229539143	0.279993941	0.179084345
1131	0.229780143	0.280169669	0.179390616
1132	0.230114857	0.280694935	0.179534779
1133	0.230406429	0.281168694	0.179644163
1134	0.230557286	0.281509024	0.179605547
1135	0.230705	0.281848155	0.179561845
1136	0.230963286	0.282156976	0.179769596
1137	0.231200286	0.282440151	0.179960421
1138	0.231335714	0.282630415	0.180041013
1139	0.231461286	0.282814007	0.180108565
1140	0.231627571	0.282973784	0.180281359
1141	0.231798571	0.283146924	0.180450219
1142	0.231921286	0.283272814	0.180569757
1143	0.232020571	0.283384258	0.180656885
1144	0.232129857	0.283474657	0.180785057
1145	0.232244571	0.283545565	0.180943578
1146	0.232332286	0.283640199	0.181024372
1147	0.232419571	0.283778923	0.18106022
1148	0.232484429	0.283882626	0.181086231
1149	0.232515714	0.283917664	0.181113764
1150	0.232604429	0.284009917	0.18119894
1151	0.232792286	0.284236444	0.181348127
1152	0.232961857	0.284430605	0.18149311
1153	0.233111286	0.284497869	0.181724703
1154	0.233253143	0.284574114	0.181932172
1155	0.233412	0.284867608	0.181956392
1156	0.233557429	0.285136449	0.181978408
1157	0.233800857	0.285445518	0.182156196
1158	0.234033429	0.285736331	0.182330526
1159	0.234162714	0.285931364	0.182394065
1160	0.234269571	0.286099322	0.182439821
1161	0.234427143	0.286280145	0.18257414
1162	0.234593857	0.286455048	0.182732667
1163	0.234731714	0.286642295	0.182821133
1164	0.234848857	0.286838933	0.182858782
1165	0.234985	0.287013331	0.182956669
1166	0.235143143	0.287169607	0.183116679
1167	0.235316571	0.287373381	0.183259762
1168	0.235510857	0.287644445	0.18337727
1169	0.235664429	0.28784607	0.183482787
1170	0.235726286	0.287884632	0.183567939
1171	0.235800143	0.287947135	0.183653151
1172	0.235938857	0.288132775	0.183744939
1173	0.236071714	0.288311619	0.18383181
1174	0.236109429	0.288394307	0.18382455
1175	0.236146857	0.288476605	0.18381711
1176	0.236295	0.288672958	0.183917042
1177	0.236449286	0.288875233	0.184023338
1178	0.236550571	0.289034188	0.184066955
1179	0.236640714	0.289183732	0.184097697
1180	0.236723	0.28927231	0.18417369
1181	0.236802	0.289337454	0.184266546
1182	0.236886143	0.289424358	0.184347928
1183	0.236977	0.289526964	0.184427036
1184	0.237078429	0.289652833	0.184504024
1185	0.237187857	0.28979801	0.184577704
1186	0.237316143	0.289959823	0.184672463
1187	0.237472	0.290150212	0.184793788
1188	0.237609286	0.290321341	0.184897231
1189	0.237706	0.290450294	0.184961706
1190	0.237808143	0.290594559	0.185021726
1191	0.237930429	0.29079213	0.185068727
1192	0.238045286	0.290974385	0.185116186
1193	0.238103571	0.291039274	0.185167869
1194	0.238162429	0.291105496	0.185219362
1195	0.238269429	0.291252089	0.185286768
1196	0.238375857	0.291396269	0.185355446
1197	0.238454143	0.291485825	0.185422461
1198	0.238531143	0.291570604	0.185491681
1199	0.238626143	0.291676841	0.185575445
1200	0.238726857	0.291792992	0.185660722
1201	0.238783571	0.291834608	0.185732535
1202	0.238812714	0.291825778	0.185799651
1203	0.238888714	0.29193522	0.185842209
1204	0.239008429	0.292156589	0.185860268
1205	0.239109429	0.292317866	0.185900992
1206	0.239181	0.292396406	0.185965594
1207	0.239248714	0.292487779	0.18600965
1208	0.239316429	0.292601208	0.186031649
1209	0.239402143	0.292721274	0.186083012
1210	0.239547429	0.292864651	0.186230207
1211	0.239678143	0.292994212	0.186362073
1212	0.239713143	0.293052563	0.186373723
1213	0.239752286	0.293116543	0.186388029
1214	0.239834286	0.293223072	0.1864455
1215	0.239915429	0.293327536	0.186503321
1216	0.240008714	0.29342474	0.186592689
1217	0.240106571	0.293527767	0.186685376
1218	0.240131286	0.293513559	0.186749013
1219	0.240142429	0.293474819	0.186810038
1220	0.240217143	0.293549115	0.186885171
1221	0.240311143	0.293671206	0.18695108
1222	0.240414857	0.293805851	0.187023864
1223	0.240516429	0.293925208	0.187107649
1224	0.240566857	0.293972008	0.187161707
1225	0.240588429	0.293984859	0.187191998
1226	0.240620429	0.294032204	0.187208653
1227	0.240665857	0.294100349	0.187231365
1228	0.240706	0.294172032	0.187239968
1229	0.240742	0.294284662	0.187199338
1230	0.240800143	0.294402964	0.187197322
1231	0.240882286	0.294489416	0.187275156
1232	0.240941	0.294550242	0.187331758
1233	0.240900857	0.294444528	0.187357186
1234	0.240862286	0.294344624	0.187379948
1235	0.240876286	0.29437556	0.187377012
1236	0.240896	0.294411896	0.187380104
1237	0.240997429	0.294524661	0.187470197
1238	0.241104286	0.294650838	0.187557733
1239	0.241140286	0.294690481	0.18759009
1240	0.241167857	0.294710378	0.187625336
1241	0.241249714	0.294828465	0.187670964
1242	0.241339286	0.294962346	0.187716225
1243	0.241401	0.295004488	0.187797512
1244	0.241448429	0.295001267	0.18789559
1245	0.241491286	0.295054651	0.18792792
1246	0.241548143	0.295180092	0.187916194
1247	0.241617857	0.295296688	0.187939026
1248	0.241688571	0.295378392	0.187998751
1249	0.241758429	0.295484318	0.188032539
1250	0.241834857	0.295633999	0.188035715
1251	0.241895	0.295747539	0.188042461
1252	0.241905143	0.295758824	0.188051461
1253	0.241935429	0.295779362	0.188091495
1254	0.242053	0.295903732	0.188202268
1255	0.242156857	0.296018654	0.188295061
1256	0.242184	0.29603772	0.18833028
1257	0.242216571	0.296057044	0.188376099
1258	0.242215857	0.296018878	0.188412836
1259	0.242209429	0.295976659	0.188442198
1260	0.242283571	0.2960922	0.188474943
1261	0.242375429	0.296239445	0.188511412
1262	0.242451857	0.296396225	0.188507489
1263	0.24253	0.296534217	0.188525783
1264	0.242569286	0.29652495	0.188613622
1265	0.242596286	0.296489937	0.188702634
1266	0.242671857	0.296564751	0.188778963
1267	0.242767571	0.296683282	0.188851861
1268	0.242844	0.296778724	0.188909276
1269	0.242910571	0.296864508	0.188956635
1270	0.242972714	0.296973835	0.188971593
1271	0.24301	0.297102769	0.188917231
1272	0.243069571	0.297232269	0.188906874
1273	0.243186857	0.297367578	0.189006136
1274	0.243305	0.297499128	0.189110872
1275	0.243428	0.297649844	0.189206156
1276	0.243534286	0.297788464	0.189280107
1277	0.243567714	0.297836249	0.189299179
1278	0.243609571	0.297888861	0.189330282
1279	0.243716286	0.298016477	0.189416094
1280	0.243801857	0.298120706	0.189483009
1281	0.243815857	0.298151211	0.189480503
1282	0.243844429	0.29820111	0.189487747
1283	0.243929714	0.298297779	0.189561649
1284	0.244005857	0.298375803	0.189635912
1285	0.244067857	0.298463702	0.189672013
1286	0.244135857	0.298575962	0.189695752
1287	0.244224429	0.298688613	0.189760244
1288	0.244320571	0.298782427	0.189858716
1289	0.244430286	0.298876722	0.189983849
1290	0.244545286	0.298990309	0.190100262
1291	0.244600571	0.299058459	0.190142684
1292	0.244636429	0.299095307	0.19017755
1293	0.244733857	0.29921589	0.190251824
1294	0.244862143	0.299422757	0.190301529
1295	0.244985714	0.299591526	0.190379903
1296	0.245084857	0.299673735	0.19049598
1297	0.245132857	0.299737046	0.190528668
1298	0.245150429	0.299802507	0.19049835
1299	0.245192571	0.299874557	0.190510586
1300	0.245267429	0.299964108	0.190570749
1301	0.245339286	0.300045722	0.19063285
1302	0.245365286	0.300097138	0.190633433
1303	0.245389857	0.300157528	0.190622186
1304	0.245451857	0.300226282	0.190677432
1305	0.245512	0.300301608	0.190722392
1306	0.24552	0.300370557	0.190669443
1307	0.245528429	0.300436164	0.190620693
1308	0.245596571	0.30050801	0.190685133
1309	0.245671571	0.300577653	0.190765489
1310	0.245718286	0.30060997	0.190826601
1311	0.245768571	0.300660751	0.190876392
1312	0.245815857	0.300770813	0.190860902
1313	0.245835143	0.300840652	0.190829633
1314	0.245789714	0.300781259	0.190798169
1315	0.245770857	0.300762068	0.190779646
1316	0.245851	0.300926626	0.190775374
1317	0.245926857	0.301071133	0.190782582
1318	0.245870714	0.30100654	0.190734889
1319	0.245778857	0.300908625	0.190649089
1320	0.245742714	0.300869864	0.190615564
1321	0.245753	0.300887589	0.190618411
1322	0.245814143	0.300973012	0.190655274
1323	0.245870714	0.301028557	0.190712872
1324	0.245883143	0.301074718	0.190691567
1325	0.245897286	0.30119705	0.190597521
1326	0.245902571	0.301240309	0.190564834
1327	0.245879571	0.301110508	0.190648635
1328	0.245884571	0.301045501	0.190723642
1329	0.245916143	0.301182998	0.190649287
1330	0.245971	0.301391581	0.190550419
1331	0.246064143	0.301577018	0.190551268
1332	0.246119571	0.301692489	0.190546653
1333	0.246105714	0.301722602	0.190488826
1334	0.246108143	0.301784781	0.190431505
1335	0.246117857	0.301871637	0.190364077
1336	0.246130571	0.301961409	0.190299734
1337	0.246275429	0.302194239	0.190356618
1338	0.246438286	0.30244348	0.190433091
1339	0.246443429	0.302433389	0.190453468
1340	0.246419429	0.302380065	0.190458792
1341	0.246302143	0.302241655	0.190362631
1342	0.246187	0.302104864	0.190269136
1343	0.246184286	0.302160888	0.190207683
1344	0.246186571	0.302242562	0.190130581
1345	0.246166143	0.302243311	0.190088975
1346	0.246093286	0.302196232	0.189990339
1347	0.245913429	0.301985235	0.189841622
1348	0.245674286	0.301728002	0.18962057
1349	0.245182429	0.301385804	0.188979053
1350	0.244282286	0.30064646	0.187918112
1351	0.243449429	0.299949313	0.186949544
1352	0.242870143	0.299542014	0.186198272
1353	0.242684	0.299505407	0.185862593
1354	0.243219714	0.299855844	0.186583585
1355	0.243194429	0.299369797	0.18701906
1356	0.241436	0.297267208	0.185604792
1357	0.239720286	0.294642209	0.184798362
1358	0.240128429	0.293392865	0.186863992
1359	0.238170286	0.290870714	0.185469857
1360	0.232166714	0.289257808	0.175075621
1361	0.225109714	0.291383179	0.158836249
1362	0.230312	0.300246172	0.160377828
1363	0.240986571	0.319164949	0.162808194
1364	0.250196714	0.321938763	0.178454665
1365	0.258013286	0.334815434	0.181211138
1366	0.253642143	0.327815774	0.179468511
1367	0.248287571	0.334948291	0.161626852
1368	0.237542143	0.310868161	0.164216125
1369	0.228692429	0.288328488	0.169056369
1370	0.223881286	0.279482789	0.168279783
1371	0.221240286	0.279013051	0.16346752
1372	0.235562571	0.289727573	0.18139757
1373	0.248114714	0.307144224	0.189085205
1374	0.245052714	0.295246766	0.194858663
1375	0.244319286	0.287680753	0.200957819
1376	0.246913429	0.292304652	0.201522205
1377	0.245183857	0.295478987	0.194888727
1378	0.235847	0.290387497	0.181306503
1379	0.225980143	0.284286549	0.167673737
1380	0.226888429	0.28262959	0.171147267
1381	0.233436571	0.289123116	0.177750027
1382	0.239438429	0.294954943	0.183921914
1383	0.242005857	0.295688374	0.18832334
1384	0.237326143	0.292901802	0.181750483
1385	0.232071571	0.289559762	0.174583381
1386	0.233841143	0.292801873	0.174880413
1387	0.240370429	0.304605755	0.176135103
1388	0.245724571	0.313456107	0.177993036
1389	0.248261714	0.313789177	0.182734252
1390	0.247111429	0.311880448	0.182342409
1391	0.242077857	0.307177098	0.176978616
1392	0.238045	0.300113439	0.175976561
1393	0.236070857	0.293216251	0.178925463
1394	0.235826	0.291552145	0.180099855
1395	0.237288857	0.291909071	0.182668643
1396	0.237491429	0.29162892	0.183353937
1397	0.236469571	0.29287134	0.180067803
1398	0.236194286	0.294807761	0.17758081
1399	0.237965429	0.295251311	0.180679546
1400	0.239614429	0.295819268	0.183409589
1401	0.240583857	0.297374528	0.183793187
1402	0.241305571	0.298838149	0.183772994
1403	0.241945571	0.300224482	0.183666661
1404	0.242622714	0.302014546	0.183230882
1405	0.243197714	0.302807981	0.183587448
1406	0.243596429	0.302925868	0.184266989
1407	0.243834429	0.303286591	0.184382266
1408	0.243923	0.303914228	0.183931772
1409	0.244485286	0.303991781	0.184978791
1410	0.245060429	0.303990935	0.186129922
1411	0.244177429	0.302839926	0.185514932
1412	0.243386571	0.301790519	0.184982624
1413	0.243880143	0.302497346	0.18526294
1414	0.244425143	0.303270286	0.18558
1415	0.245057286	0.303597384	0.186517188
1416	0.245878	0.304263525	0.187492475
1417	0.246262857	0.304660101	0.187865613
1418	0.246294286	0.304486952	0.18810162
1419	0.246443	0.30458272	0.18830328
1420	0.246663857	0.304901261	0.188426454
1421	0.246732429	0.305357758	0.188107099
1422	0.246665286	0.305773247	0.187557324
1423	0.246614	0.305695468	0.187532532
1424	0.246495143	0.305227704	0.187762581
1425	0.246689857	0.305281698	0.188098016
1426	0.247365286	0.305993627	0.188736944
1427	0.247741286	0.306285055	0.189197517
1428	0.247805714	0.306316142	0.189295287
1429	0.247934	0.306557969	0.189310031
1430	0.248031714	0.306755625	0.189307804
1431	0.248101286	0.306948057	0.189254515
1432	0.248062143	0.307023653	0.189100633
1433	0.247961857	0.306886488	0.189037226
1434	0.247915429	0.306710476	0.189120381
1435	0.247925571	0.306687237	0.189163905
1436	0.247915857	0.30673538	0.189096334
1437	0.247904429	0.306790914	0.189017943
1438	0.247832286	0.306828148	0.188836423
1439	0.247754857	0.306778466	0.188731249
1440	0.247929857	0.30676478	0.189094935
1441	0.248132	0.306875478	0.189388522
1442	0.248298857	0.307274284	0.18932343
1443	0.248455714	0.307627263	0.189284166
1444	0.248790571	0.308023718	0.189557425
1445	0.249106429	0.308372262	0.189840595
1446	0.24909	0.308267174	0.189912826
1447	0.249057286	0.308147687	0.189966884
1448	0.24942	0.308396851	0.190443149
1449	0.249796571	0.308712504	0.190880639
1450	0.249938857	0.30919564	0.190682074
1451	0.250032286	0.309567972	0.190496599
1452	0.250221143	0.309525775	0.190916511
1453	0.250435857	0.30954135	0.191330364
1454	0.250662	0.310002468	0.191321532
1455	0.250848143	0.310436762	0.191259524
1456	0.250994286	0.310537721	0.19145085
1457	0.251144857	0.310596499	0.191693216
1458	0.251244571	0.310785992	0.19170315
1459	0.251314571	0.311003769	0.191625374
1460	0.251317286	0.311050898	0.191583673
1461	0.251338857	0.311063583	0.191614131
1462	0.251399286	0.31112011	0.191678461
1463	0.251405714	0.311113455	0.191697973
1464	0.251500429	0.311221335	0.191779522
1465	0.25168	0.311472251	0.191887749
1466	0.251673286	0.311447352	0.191899219
1467	0.251555	0.311199353	0.191910647
1468	0.251435286	0.311078166	0.191792406
1469	0.251295286	0.311059211	0.19153136
1470	0.251403714	0.311186074	0.191621354
1471	0.251717143	0.311469362	0.191964923
1472	0.251897857	0.311703086	0.192092628
1473	0.251964714	0.311864836	0.192064592
1474	0.25216	0.312088769	0.192231231
1475	0.252434429	0.312294411	0.192574446
1476	0.252547857	0.312362304	0.19273341
1477	0.252531429	0.312364557	0.1926983
1478	0.252591714	0.312416443	0.192766985
1479	0.252711143	0.312472153	0.192950133
1480	0.252839429	0.312617611	0.193061246
1481	0.253031714	0.312955908	0.193107521
1482	0.253280714	0.313280039	0.19328139
1483	0.253608714	0.313575809	0.19364162
1484	0.253916	0.313873172	0.193958828
1485	0.254181286	0.314138127	0.194224444
1486	0.254337714	0.314269157	0.194406272
1487	0.254307714	0.314180221	0.194435207
1488	0.254413571	0.314277993	0.19454915
1489	0.254786429	0.314760296	0.194812561
1490	0.25507	0.315115362	0.195024638
1491	0.255238857	0.315298643	0.195179071
1492	0.255390286	0.315453493	0.195327079
1493	0.255496	0.315497358	0.195494642
1494	0.255614143	0.315586209	0.195642077
1495	0.255800714	0.315848882	0.195752547
1496	0.255965429	0.316075606	0.195855251
1497	0.256039429	0.316171656	0.195907201
1498	0.256125857	0.316292794	0.195958921
1499	0.256303857	0.316524896	0.196082818
1500	0.256474143	0.316723858	0.196224428
1501	0.256610857	0.31685618	0.196365534
1502	0.25675	0.317009641	0.196490359
1503	0.256865143	0.317155259	0.196575026
1504	0.256980714	0.317288186	0.196673242
1505	0.257134714	0.317417826	0.196851603
1506	0.25727	0.317535034	0.197004966
1507	0.257300857	0.31760518	0.196996534
1508	0.257343571	0.317686355	0.197000788
1509	0.257480286	0.317842864	0.197117707
1510	0.257610571	0.317995664	0.197225479
1511	0.257711429	0.318143246	0.197279611
1512	0.257812143	0.318285734	0.197338552
1513	0.257941714	0.318378071	0.197505358
1514	0.258075714	0.31847166	0.197679768
1515	0.258186857	0.318568404	0.19780531
1516	0.258282286	0.318650659	0.197913912
1517	0.258347143	0.318735473	0.197958812
1518	0.258419857	0.318834908	0.198004806
1519	0.258530143	0.318954412	0.198105874
1520	0.258643	0.319069994	0.198216006
1521	0.258717857	0.319143949	0.198291765
1522	0.258779143	0.319206755	0.198351531
1523	0.258912429	0.319387561	0.198437296
1524	0.259062143	0.319593718	0.198530568
1525	0.259182857	0.319721347	0.198644367
1526	0.259294143	0.3198295	0.198758786
1527	0.259367571	0.319903697	0.198831446
1528	0.259430571	0.31995986	0.198901283
1529	0.259508714	0.320042475	0.198974954
1530	0.259599857	0.320146132	0.199053582
1531	0.259693	0.320267213	0.199118787
1532	0.259782714	0.320389626	0.199175802
1533	0.259908571	0.320532449	0.199284694
1534	0.260041	0.320678095	0.199403905
1535	0.260139143	0.320811457	0.199466829
1536	0.260230286	0.320944345	0.199516227
1537	0.260311286	0.321000315	0.199622256
1538	0.260391857	0.321034405	0.199749309
1539	0.260495571	0.32114513	0.199846013
1540	0.260599286	0.32127459	0.199923981
1541	0.260655429	0.321356274	0.199954583
1542	0.260705286	0.321431032	0.199979539
1543	0.260766143	0.321515008	0.200017277
1544	0.260829143	0.321599452	0.200058834
1545	0.260946571	0.321687541	0.200205601
1546	0.261079429	0.321770422	0.200388435
1547	0.261174714	0.321902576	0.200446853
1548	0.261256714	0.322064832	0.200448597
1549	0.261349143	0.322156238	0.200542048
1550	0.261447571	0.32220889	0.200686253
1551	0.261551714	0.322326563	0.200776865
1552	0.261660857	0.322480357	0.200841357
1553	0.261779714	0.322606623	0.200952805
1554	0.261898571	0.322717082	0.201080061
1555	0.261932714	0.322749207	0.201116221
1556	0.261926571	0.322743862	0.201109281
1557	0.261965143	0.322821709	0.201108576
1558	0.262027714	0.322943862	0.201111567
1559	0.262083714	0.323026915	0.201140513
1560	0.262134857	0.323084991	0.201184723
1561	0.262254	0.32321192	0.20129608
1562	0.262411857	0.323382268	0.201441446
1563	0.262462571	0.323443222	0.201481921
1564	0.262455571	0.323442964	0.201468178
1565	0.262511143	0.323514777	0.201507509
1566	0.262603	0.323628939	0.201577061
1567	0.262673857	0.323697911	0.201649803
1568	0.262731286	0.323741135	0.201721436
1569	0.262834571	0.323838355	0.201830788
1570	0.262963286	0.323966346	0.201960225
1571	0.263040857	0.324086935	0.201994779
1572	0.263096714	0.324207613	0.201985815
1573	0.263176714	0.324274938	0.20207849
1574	0.263264286	0.324306527	0.202222044
1575	0.263289714	0.324318919	0.20226051
1576	0.263271286	0.324310672	0.202231899
1577	0.263373857	0.324442118	0.202305596
1578	0.263560857	0.324674408	0.202447307
1579	0.263710714	0.324839244	0.202582185
1580	0.263832143	0.324956547	0.202707739
1581	0.263903857	0.325043631	0.202764084
1582	0.263947857	0.32511351	0.202782205
1583	0.264008857	0.325188719	0.202828995
1584	0.264075286	0.325262166	0.202888405
1585	0.264153143	0.325365769	0.202940516
1586	0.264244571	0.325491578	0.202997565
1587	0.264334857	0.325610166	0.203059548
1588	0.264421714	0.325726843	0.203116585
1589	0.264531429	0.325845428	0.203217429
1590	0.264657	0.325962535	0.203351465
1591	0.264695286	0.326015979	0.203374592
1592	0.264674143	0.326025893	0.203322393
1593	0.264720143	0.326092618	0.203347668
1594	0.264819	0.326201266	0.203436734
1595	0.264915429	0.326324162	0.203506696
1596	0.265001143	0.326449946	0.203552339
1597	0.265068429	0.326517641	0.203619216
1598	0.265130714	0.326554254	0.203707174
1599	0.265209571	0.326625941	0.203793202
1600	0.265291571	0.326715193	0.20386795
1601	0.265383143	0.326842312	0.203923974
1602	0.265484714	0.326993048	0.20397638
1603	0.265593429	0.327122201	0.204064656
1604	0.265709714	0.327244057	0.204175372
1605	0.265827429	0.327344793	0.204310065
1606	0.265943286	0.327430765	0.204455806
1607	0.266024571	0.327531632	0.204517511
1608	0.266087	0.327640479	0.204533521
1609	0.266141429	0.32769674	0.204586117
1610	0.266188	0.327718352	0.204657648
1611	0.266325714	0.327846285	0.204805144
1612	0.266517286	0.32803886	0.204995712
1613	0.266600571	0.328108629	0.205092514
1614	0.266626	0.328113133	0.205138867
1615	0.266744571	0.328290132	0.20519901
1616	0.266907714	0.328554152	0.205261276
1617	0.267097143	0.328819433	0.205374853
1618	0.267300857	0.32908462	0.205517094
1619	0.267407714	0.329198097	0.205617332
1620	0.267472	0.329243937	0.205700063
1621	0.267564	0.329329626	0.205798374
1622	0.267666	0.32942971	0.20590229
1623	0.267778857	0.329616467	0.205941247
1624	0.267896286	0.329840005	0.205952567
1625	0.268005714	0.32999665	0.206014779
1626	0.268112571	0.330127303	0.20609784
1627	0.268222857	0.330235133	0.206210581
1628	0.268335	0.330334622	0.206335378
1629	0.268428	0.330435865	0.206420135
1630	0.268515143	0.330538261	0.206492025
1631	0.268652143	0.330741334	0.206562951
1632	0.268805857	0.330978818	0.206632897
1633	0.269001857	0.33119873	0.206804984
1634	0.269211857	0.331414917	0.207008797
1635	0.269267714	0.331475272	0.207060156
1636	0.269281429	0.331492894	0.207069963
1637	0.269402857	0.331663471	0.207142243
1638	0.269552857	0.331875789	0.207229926
1639	0.269694143	0.332018518	0.207369767
1640	0.269833714	0.332143816	0.207523613
1641	0.269938286	0.332230268	0.207646304
1642	0.270037286	0.332312318	0.207762254
1643	0.270111143	0.332442716	0.20777957
1644	0.270180286	0.332580576	0.207779995
1645	0.270189286	0.332536442	0.207842129
1646	0.270190857	0.332464157	0.207917558
1647	0.270399714	0.332768255	0.208031174
1648	0.270632714	0.333119648	0.20814578
1649	0.270621286	0.333114166	0.208128406
1650	0.270586143	0.333073363	0.208098922
1651	0.270647571	0.333175146	0.208119996
1652	0.270717143	0.333289911	0.208144375
1653	0.270854143	0.333472497	0.208235788
1654	0.270994	0.333656056	0.208331944
1655	0.271110429	0.333724609	0.208496248
1656	0.271225571	0.33379046	0.208660683
1657	0.271353429	0.334014562	0.208692295
1658	0.271487	0.334247251	0.208726749
1659	0.271668	0.334417439	0.208918561
1660	0.271846714	0.334583698	0.209109731
1661	0.272025857	0.334842313	0.209209402
1662	0.272199857	0.335093859	0.209305855
1663	0.272309429	0.335203788	0.209415069
1664	0.272418	0.335322	0.209514
1665	0.272524714	0.335510091	0.209539337
1666	0.272625	0.33568749	0.20956251
1667	0.272673714	0.335788487	0.209558942
1668	0.272745286	0.335890706	0.209599865
1669	0.272899571	0.335940715	0.209858428
1670	0.273045714	0.336014405	0.210077023
1671	0.273185571	0.336241006	0.210130136
1672	0.273306429	0.336435487	0.21017737
1673	0.273334	0.336492945	0.210175055
1674	0.273362429	0.33654828	0.210176577
1675	0.273410857	0.33658878	0.210232934
1676	0.273487857	0.336658008	0.210317707
1677	0.273636286	0.336809343	0.210463228
1678	0.273734143	0.336920016	0.210548269
1679	0.273721143	0.336966537	0.210475749
1680	0.273728714	0.337009868	0.210447561
1681	0.273755571	0.337008082	0.21050306
1682	0.273816571	0.337073347	0.210559796
1683	0.273955	0.337277382	0.210632618
1684	0.274047857	0.337432785	0.210662929
1685	0.274064714	0.337506077	0.210623351
1686	0.274127429	0.337581901	0.210672956
1687	0.274254143	0.337667571	0.210840715
1688	0.274312286	0.337734421	0.21089015
1689	0.274278857	0.33775614	0.210801574
1690	0.274285571	0.337789894	0.210781249
1691	0.274334571	0.337849279	0.210819864
1692	0.274404	0.337923111	0.210884889
1693	0.274502571	0.338020433	0.21098471
1694	0.274522571	0.338041871	0.211003271
1695	0.274468714	0.337981661	0.210955768
1696	0.274526857	0.338043797	0.211009917
1697	0.274675429	0.338219685	0.211131172
1698	0.274705429	0.338298462	0.211112395
1699	0.274655429	0.338287728	0.211023129
1700	0.274615	0.338259685	0.210970315
1701	0.274574714	0.338227996	0.210921433
1702	0.274710429	0.338369932	0.211050926
1703	0.274932429	0.338608534	0.211256323
1704	0.274899286	0.338631483	0.211167089
1705	0.274766	0.338559369	0.210972631
1706	0.274803143	0.338619166	0.21098712
1707	0.274893571	0.338717971	0.211069172
1708	0.275018571	0.338854623	0.211182519
1709	0.275153857	0.339010499	0.211297215
1710	0.275154714	0.338935948	0.211373481
1711	0.275134429	0.338814473	0.211454384
1712	0.275194	0.338933947	0.211454053
1713	0.275253286	0.339077127	0.211429444
1714	0.275264	0.339110109	0.211417891
1715	0.275280857	0.339150118	0.211411596
1716	0.275293429	0.339184939	0.211401918
1717	0.275307429	0.339222923	0.211391935
1718	0.275401	0.339268324	0.211533676
1719	0.275509857	0.339318249	0.211701465
1720	0.275516857	0.339401396	0.211632318
1721	0.275500714	0.339461776	0.211539653
1722	0.275461571	0.339404659	0.211518484
1723	0.275440857	0.339376831	0.211504883
1724	0.275514286	0.339493022	0.21153555
1725	0.275565286	0.33958638	0.211544191
1726	0.275541	0.339577063	0.211504937
1727	0.275533714	0.339600957	0.211466472
1728	0.275627	0.339773464	0.211480536
1729	0.275712429	0.339910219	0.211514638
1730	0.275686857	0.339878057	0.211495657
1731	0.275613286	0.339785321	0.21144125
1732	0.275502	0.339618565	0.211385435
1733	0.275434857	0.339449168	0.211420546
1734	0.27542	0.33927296	0.21156704
1735	0.275418	0.339228185	0.211607815
1736	0.27543	0.339322698	0.211537302
1737	0.275462714	0.339353047	0.211572382
1738	0.275516857	0.339362089	0.211671625
1739	0.275512714	0.339348769	0.211676659
1740	0.275462857	0.339307676	0.211618038
1741	0.275421857	0.33925608	0.211587634
1742	0.275389286	0.339172602	0.211605969
1743	0.275455571	0.3392425	0.211668643
1744	0.275589	0.33944021	0.21173779
1745	0.275551	0.339434293	0.211667707
1746	0.275419	0.339297509	0.211540491
1747	0.275453571	0.339314152	0.211592991
1748	0.275542714	0.339377092	0.211708336
1749	0.275567857	0.339450598	0.211685116
1750	0.275582714	0.339545798	0.211619631
1751	0.275596143	0.339473703	0.211718582
1752	0.275633571	0.339410802	0.211856341
1753	0.275691	0.339543419	0.211838581
1754	0.275702714	0.339585942	0.211819486
1755	0.275819429	0.339701202	0.211937655
1756	0.275979857	0.339923459	0.212036256
1757	0.276015286	0.33997265	0.212057921
1758	0.276035	0.339954919	0.212115081
1759	0.275977857	0.33982614	0.212129574
1760	0.275871571	0.33967425	0.212068893
1761	0.275745429	0.339462193	0.212028664
1762	0.275660429	0.339330788	0.211990069
1763	0.275725571	0.33956946	0.211881683
1764	0.275816714	0.3397753	0.211858129
1765	0.275855857	0.339733986	0.211977728
1766	0.275816	0.339643793	0.211988207
1767	0.275712429	0.339539747	0.211885111
1768	0.275643	0.339487679	0.211798321
1769	0.275597286	0.339510301	0.211684271
1770	0.275656286	0.339595607	0.211716964
1771	0.275814857	0.339731939	0.211897776
1772	0.275817429	0.339667064	0.211967794
1773	0.275717286	0.339410756	0.212023815
1774	0.275595286	0.339201619	0.211988953
1775	0.275388429	0.339029153	0.211747704
1776	0.275291857	0.33892691	0.211656804
1777	0.275316857	0.338859744	0.21177397
1778	0.275410429	0.338941897	0.21187896
1779	0.275522714	0.339106246	0.211939183
1780	0.275529286	0.339203332	0.21185524
1781	0.275505	0.339283391	0.211726609
1782	0.275438429	0.339200296	0.211676561
1783	0.275362857	0.339100442	0.211625272
1784	0.275608857	0.339255753	0.211961962
1785	0.275929143	0.339466578	0.212391708
1786	0.275809286	0.33944895	0.212169621
1787	0.275625571	0.339359565	0.211891578
1788	0.275598571	0.339181278	0.212015865
1789	0.275558714	0.338952536	0.212164892
1790	0.275275286	0.338641217	0.211909354
1791	0.274931429	0.338341746	0.211521111
1792	0.274752857	0.338169201	0.211336513
1793	0.274618714	0.337990729	0.211246699
1794	0.274677143	0.338002551	0.211351734
1795	0.274616286	0.337865405	0.211367166
1796	0.273839286	0.336696912	0.21098166
1797	0.273199286	0.335760333	0.210638238
1798	0.273130571	0.335878218	0.210382925
1799	0.272912143	0.335601834	0.210222452
1800	0.272553571	0.334835254	0.210271889
1801	0.272065429	0.337520387	0.206610471
1802	0.269404143	0.336551084	0.202257202
1803	0.273567	0.341014834	0.206119166
1804	0.277538143	0.344902643	0.210173642
1805	0.274350571	0.339750352	0.20895079
1806	0.267836429	0.330791506	0.204881351
1807	0.266495	0.331843223	0.201146777
1808	0.268911857	0.337443367	0.200380347
1809	0.272143143	0.340361737	0.203924549
1810	0.271391	0.34231119	0.20047081
1811	0.271638429	0.347636995	0.195639862
1812	0.275635857	0.357680476	0.193591239
1813	0.277207429	0.360932587	0.19348227
1814	0.270619429	0.345861448	0.195377409
1815	0.264736857	0.3313935	0.198080215
1816	0.274584571	0.344382638	0.204786505
1817	0.280501571	0.368230433	0.19277271
1818	0.276776714	0.375002888	0.178550541
1819	0.288867857	0.390361346	0.187374368
1820	0.297888714	0.403996948	0.191780481
1821	0.300718286	0.401810924	0.199625647
1822	0.307294857	0.397184471	0.217405243
1823	0.318863286	0.405471286	0.232255285
1824	0.315545143	0.421592658	0.209497628
1825	0.327405714	0.462180788	0.192630641
1826	0.352055571	0.518748374	0.185362769
1827	0.363452714	0.549485621	0.177419808
1828	0.355454714	0.543353194	0.167556234
1829	0.343802286	0.531935771	0.155668801
1830	0.346623429	0.554670323	0.138576534
1831	0.370661429	0.624227551	0.117095306
1832	0.413501714	0.680283303	0.146720126
1833	0.478040857	0.823976913	0.132104801
1834	0.408226	0.696867475	0.119584525
1835	0.469794143	0.777581391	0.162006895
1836	1.118507857	1.937634381	0.299381334
1837	6.185535857	12.27819255	0.092879159
1838	0	0	0
1839	4.346530857	8.169017208	0.524044506
1840	1.341097571	2.23359221	0.448602933
1841	0.883246857	1.396643992	0.369849722
1842	1.500903286	2.692436618	0.309369953
1843	6.648343143	11.53070972	1.765976564
1844	8.604611714	14.62647783	2.5827456
1845	13.35122171	21.7886993	4.913744129
1846	11.24868214	18.47232868	4.025035603
1847	5.414602143	8.755300795	2.073903491
1848	3.628730429	6.546321792	0.711139065
1849	3.425222857	6.386705116	0.463740599
1850	3.23589	5.458191403	1.013588597
1851	2.177686857	3.504554734	0.850818981
1852	0.979466143	1.528557845	0.43037444
1853	0.633531429	1.070679695	0.196383162
1854	0.714256143	1.189738399	0.238773887
1855	0.778153714	1.361567348	0.194740081
1856	0.677286	1.145221096	0.209350904
1857	0.567977286	0.966384544	0.169570027
1858	0.693661143	1.17131315	0.216009136
1859	1.075415571	1.875607453	0.27522369
1860	1.808712857	3.287770587	0.329655127
1861	1.534094571	2.801786649	0.266402494
1862	1.341563714	2.69447609	-0.011348662
1863	0.958319	1.743454526	0.173183474
1864	0.759173857	1.308924312	0.209423403
1865	0.746157571	1.214184804	0.278130339
1866	0.704171143	1.217340672	0.191001614
1867	0.647626714	1.145437747	0.149815682
1868	0.876716	1.544623438	0.208808562
1869	3.275990143	6.023523253	0.528457032
1870	11.78777114	21.52489332	2.050648964
1871	18.21253857	31.24419632	5.180880825
1872	6.290068857	10.08800969	2.492128022
1873	2.340406429	3.724327404	0.956485453
1874	0.878121	1.37673557	0.37950643
1875	0.565744857	0.98227236	0.149217354
1876	0.62638	1.11610898	0.13665102
1877	0.734575143	1.41013786	0.059012425
1878	0.550758	1.040154678	0.061361322
1879	0.425203571	0.752641834	0.097765309
1880	0.381255	0.654254949	0.108255051
1881	0.313220286	0.563337477	0.063103094
1882	0.285202	0.530218693	0.040185307
1883	0.317835143	0.562617878	0.073052408
1884	0.345346714	0.610821548	0.07987188
1885	0.375065714	0.647622828	0.102508601
1886	0.424031714	0.700891205	0.147172224
1887	0.425667857	0.626960446	0.224375268
1888	0.400368571	0.543364434	0.257372708
1889	0.414350286	0.53797699	0.290723581
1890	0.423121143	0.570384397	0.275857889
1891	0.380554286	0.56367712	0.197431452
1892	0.362340429	0.50666524	0.218015618
1893	0.354456714	0.492794518	0.21611891
1894	0.355361429	0.490616685	0.220106172
1895	0.350267714	0.526229395	0.174306033
1896	0.394364286	0.699493498	0.089235073
1897	0.432512571	0.861608533	0.00341661
1898	0.513127286	1.027303056	-0.001048484
1899	0.720901286	1.398766461	0.04303611
1900	0.779927143	1.46628008	0.093574206
1901	0.429678571	0.772154039	0.087203104
1902	0.320970714	0.566319635	0.075621794
1903	0.350515429	0.573912318	0.127118539
1904	0.389466857	0.634055147	0.144878567
1905	0.50626	0.860475949	0.152044051
1906	0.807201429	1.480254821	0.134148036
1907	0.674847286	1.281049425	0.068645147
1908	0.411944714	0.776970176	0.046919252
1909	0.313015714	0.585135335	0.040896094
1910	0.297840429	0.575365982	0.020314875
1911	0.300615714	0.625611809	-0.024380381
1912	0.281623714	0.526149351	0.037098078
1913	0.268616143	0.46842926	0.068803026
1914	0.265669714	0.393198925	0.138140503
1915	0.268978857	0.360218757	0.177738958
1916	0.258580286	0.351395132	0.16576544
1917	0.252641857	0.349636708	0.155647006
1918	0.262579714	0.358493207	0.166666221
1919	0.284535286	0.384309214	0.184761357
1920	0.299522571	0.407340365	0.191704778
1921	0.287601571	0.390634625	0.184568518
1922	0.278469429	0.383159436	0.173779421
1923	0.283953286	0.38774017	0.180166401
1924	0.289491571	0.393332187	0.185650956
1925	0.282659	0.376241618	0.189076382
1926	0.272653857	0.362004242	0.183303473
1927	0.268858	0.35924059	0.17847541
1928	0.270037857	0.358826031	0.181249683
1929	0.271705286	0.360101677	0.183308895
1930	0.276676429	0.36665952	0.186693337
1931	0.279201857	0.371222119	0.187181595
1932	0.270207714	0.361109261	0.179306167
1933	0.262637286	0.354592164	0.170682408
1934	0.256457143	0.337393586	0.175520699
1935	0.250729429	0.322636311	0.178822546
1936	0.250019429	0.319196686	0.180842171
1937	0.251468714	0.320363213	0.182574216
1938	0.255470286	0.326093574	0.184846998
1939	0.261888571	0.336033186	0.187743957
1940	0.266783286	0.343150775	0.190415796
1941	0.269624429	0.344755973	0.194492884
1942	0.272122429	0.346551517	0.19769334
1943	0.272312714	0.345634339	0.19899109
1944	0.272451143	0.344929243	0.199973043
1945	0.270356714	0.343784732	0.196928697
1946	0.267961429	0.342802928	0.193119929
1947	0.265172286	0.339252067	0.191092504
1948	0.262235	0.33461111	0.18985889
1949	0.261119	0.332962746	0.189275254
1950	0.262522	0.335264914	0.189779086
1951	0.263764857	0.337504846	0.190024868
1952	0.264278571	0.338845911	0.189711232
1953	0.264773714	0.340235433	0.189311996
1954	0.268464143	0.342776194	0.194152092
1955	0.272145714	0.345303359	0.19898807
1956	0.269837143	0.340932693	0.198741593
1957	0.266114143	0.335112353	0.197115933
1958	0.264704	0.333167843	0.196240157
1959	0.264900286	0.334172793	0.195627778
1960	0.265100143	0.334376811	0.195823475
1961	0.265283857	0.332990786	0.197576928
1962	0.265475429	0.332080674	0.198870183
1963	0.265761714	0.332321942	0.199201486
1964	0.266008714	0.332591457	0.199425972
1965	0.266327286	0.334185414	0.198469157
1966	0.266642714	0.335736757	0.197548671
1967	0.266474857	0.335916636	0.197033078
1968	0.266123714	0.335614222	0.196633206
1969	0.265946857	0.335439817	0.196453897
1970	0.265865	0.335310233	0.196419767
1971	0.265879571	0.335450227	0.196308915
1972	0.266249857	0.336307036	0.196192679
1973	0.266635286	0.337043862	0.196226709
1974	0.267079429	0.336789683	0.197369174
1975	0.267489571	0.336577063	0.19840208
1976	0.268237857	0.336531083	0.199944631
1977	0.268995429	0.336560243	0.201430614
1978	0.268983857	0.336349264	0.20161845
1979	0.268706714	0.336017211	0.201396218
1980	0.268584429	0.336188021	0.200980836
1981	0.268584714	0.336811659	0.20035777
1982	0.268736286	0.337650186	0.199822386
1983	0.269130286	0.338899363	0.199361208
1984	0.269533	0.339956463	0.199109537
1985	0.270232286	0.34006893	0.200395642
1986	0.270923286	0.340186647	0.201659924
1987	0.271046	0.340385883	0.201706117
1988	0.271109429	0.340568333	0.201650524
1989	0.271551571	0.340901843	0.2022013
1990	0.272145	0.341282069	0.203007931
1991	0.272477286	0.341318338	0.203636233
1992	0.272525714	0.341089968	0.203961461
1993	0.272722143	0.340851564	0.204592722
1994	0.273418857	0.340935797	0.205901917
1995	0.273993429	0.341172817	0.20681404
1996	0.273205857	0.340807154	0.20560456
1997	0.272368143	0.340430245	0.204306041
1998	0.272984714	0.340766058	0.205203371
1999	0.273761	0.341236497	0.206285503
2000	0.275514857	0.342952864	0.20807685
2001	0.278193857	0.345848165	0.210539549
2002	0.279311571	0.34772708	0.210896062
2003	0.278773143	0.348515841	0.209030445
2004	0.278824714	0.349852363	0.207797066
2005	0.279316714	0.350755104	0.207878324
2006	0.279802286	0.351448767	0.208155804
2007	0.281921857	0.353812484	0.21003123
2008	0.283770857	0.355909769	0.211631946
2009	0.282669	0.35562167	0.20971633
2010	0.281454286	0.355429917	0.207478655
2011	0.280917857	0.355241174	0.20659454
2012	0.280325143	0.354627165	0.206023121
2013	0.279439286	0.353531392	0.205347179
2014	0.278208	0.351964189	0.204451811
2015	0.278062714	0.351367919	0.20475751
2016	0.279219286	0.351497554	0.206941017
2017	0.280126286	0.351387931	0.20886464
2018	0.280897286	0.351394007	0.210400564
2019	0.281565286	0.351452835	0.211677736
2020	0.281594	0.351516451	0.211671549
2021	0.281574857	0.351600506	0.211549208
2022	0.282050571	0.352920617	0.211180526
2023	0.282622	0.354335175	0.210908825
2024	0.283098	0.355073615	0.211122385
2025	0.283589286	0.355676247	0.211502324
2026	0.283388429	0.355214789	0.211562068
2027	0.282681429	0.353863177	0.21149968
2028	0.28255	0.353236673	0.211863327
2029	0.283213	0.353574433	0.212851567
2030	0.283766286	0.3537951	0.213737471
2031	0.28419	0.354396861	0.213983139
2032	0.284624714	0.355029684	0.214219744
2033	0.285016714	0.355624428	0.214409
2034	0.285359714	0.356150155	0.214569274
2035	0.285552571	0.356643023	0.21446212
2036	0.285603	0.356933529	0.214272471
2037	0.285706857	0.357246816	0.214166899
2038	0.286049857	0.357888626	0.214211089
2039	0.286321286	0.357966963	0.214675609
2040	0.286521429	0.357378133	0.215664724
2041	0.286844429	0.357223171	0.216465686
2042	0.287293714	0.357445725	0.217141704
2043	0.287659143	0.35759191	0.217726376
2044	0.287523857	0.357672666	0.217375048
2045	0.287371	0.357766702	0.216975298
2046	0.287220857	0.357891231	0.216550483
2047	0.287024286	0.35808309	0.215965482
2048	0.287027857	0.357963144	0.21609257
2049	0.287192714	0.357723251	0.216662177
2050	0.287139571	0.35748847	0.216790673
2051	0.287111714	0.35724851	0.216974919
2052	0.287402286	0.357432237	0.217372334
2053	0.288030714	0.358161036	0.217900393
2054	0.288341286	0.358551922	0.218130649
2055	0.288161714	0.358626365	0.217697063
2056	0.288317143	0.359064498	0.217569787
2057	0.288434429	0.35962795	0.217240907
2058	0.288362	0.360018865	0.216705135
2059	0.288400429	0.360290172	0.216510685
2060	0.288653143	0.360703296	0.21660299
2061	0.289189571	0.360586914	0.217792229
2062	0.289939714	0.360549305	0.219330124
2063	0.290415571	0.360838685	0.219992458
2064	0.290419143	0.361047145	0.219791141
2065	0.290611286	0.361090345	0.220132227
2066	0.290844857	0.360789159	0.220900555
2067	0.290564	0.360220673	0.220907327
2068	0.290396	0.3606059	0.2201861
2069	0.290304	0.361225698	0.219382302
2070	0.289766429	0.361444472	0.218088385
2071	0.289228143	0.361488725	0.216967561
2072	0.289334143	0.36156573	0.217102556
2073	0.289525571	0.361698467	0.217352675
2074	0.290296571	0.362251888	0.218341255
2075	0.291256429	0.362868566	0.219644291
2076	0.291831	0.362943504	0.220718496
2077	0.292061857	0.362597427	0.221526287
2078	0.291960143	0.361886238	0.222034048
2079	0.29148	0.360998259	0.221961741
2080	0.291154571	0.360528155	0.221780988
2081	0.291673	0.361556802	0.221789198
2082	0.292172714	0.362599764	0.221745665
2083	0.292534714	0.363156946	0.221912482
2084	0.292894	0.363615136	0.222172864
2085	0.29312	0.36396282	0.22227718
2086	0.293254143	0.364301013	0.222207272
2087	0.293335	0.364697824	0.221972176
2088	0.293440429	0.364986715	0.221894142
2089	0.293573286	0.364940032	0.222206539
2090	0.293735857	0.365132485	0.222339229
2091	0.294180714	0.365504331	0.222857097
2092	0.294644571	0.365623219	0.223665923
2093	0.294899571	0.365681574	0.224117569
2094	0.295087286	0.365786364	0.224388207
2095	0.295263429	0.366086102	0.224440756
2096	0.295542571	0.366781487	0.224303656
2097	0.295847571	0.367379512	0.224315631
2098	0.296060429	0.367541463	0.224579394
2099	0.296211143	0.367623448	0.224798838
2100	0.296337714	0.367594469	0.22508096
2101	0.296529	0.367627923	0.225430077
2102	0.296928143	0.367861488	0.225994797
2103	0.297249429	0.368011179	0.226487679
2104	0.297466143	0.368325835	0.226606451
2105	0.297693	0.368917535	0.226468465
2106	0.297934429	0.369598212	0.226270645
2107	0.298128714	0.370291935	0.225965494
2108	0.298020286	0.370592856	0.225447715
2109	0.297432857	0.370015523	0.224850191
2110	0.297081286	0.369621198	0.224541373
2111	0.297396714	0.369410127	0.225383301
2112	0.297726	0.369135598	0.226316402
2113	0.297988714	0.369311175	0.226666253
2114	0.298321	0.369816787	0.226825213
2115	0.2989	0.370898396	0.226901604
2116	0.299388857	0.371989649	0.226788065
2117	0.299562	0.372485761	0.226638239
2118	0.299755714	0.372642003	0.226869426
2119	0.299807571	0.372796053	0.22681909
2120	0.299822429	0.373016506	0.226628351
2121	0.299922571	0.373107714	0.226737429
2122	0.300084714	0.373199966	0.226969462
2123	0.300294143	0.373292883	0.227295403
2124	0.300546714	0.373372884	0.227720544
2125	0.300854571	0.373657694	0.228051449
2126	0.301499429	0.374484168	0.22851469
2127	0.302197571	0.375368898	0.229026244
2128	0.302914143	0.376127265	0.229701021
2129	0.303589143	0.376752413	0.230425873
2130	0.303737	0.376681537	0.230792463
2131	0.303720714	0.376491146	0.230950283
2132	0.303558429	0.376153864	0.230962993
2133	0.303271429	0.375682613	0.230860244
2134	0.303310714	0.375604501	0.231016928
2135	0.303352857	0.375511794	0.23119392
2136	0.303298429	0.375389672	0.231207185
2137	0.303666	0.375997799	0.231334201
2138	0.30416	0.376860104	0.231459896
2139	0.304272714	0.377369985	0.231175443
2140	0.304229	0.377618615	0.230839385
2141	0.304196857	0.377611871	0.230781844
2142	0.304230571	0.37763562	0.230825523
2143	0.304094571	0.377349891	0.230839252
2144	0.303972	0.377027818	0.230916182
2145	0.304398714	0.377165285	0.231632143
2146	0.304799286	0.37726731	0.232331262
2147	0.304515286	0.377211499	0.231819073
2148	0.30435	0.377525489	0.231174511
2149	0.303773286	0.376951599	0.230594973
2150	0.303054286	0.375984821	0.23012375
2151	0.302631571	0.375536949	0.229726194
2152	0.302458286	0.375552393	0.229364178
2153	0.302559857	0.375863097	0.229256617
2154	0.302826714	0.376387096	0.229266333
2155	0.303052429	0.376818344	0.229286513
2156	0.303393714	0.376982463	0.229804966
2157	0.303567857	0.376902516	0.230233198
2158	0.303418	0.376486358	0.230349642
2159	0.303374857	0.376223361	0.230526353
2160	0.303369429	0.376089578	0.23064928
2161	0.303201143	0.375757318	0.230644968
2162	0.302872143	0.375097987	0.230646299
2163	0.302400286	0.374433826	0.230366745
2164	0.301762143	0.374046992	0.229477293
2165	0.301408857	0.373655176	0.229162539
2166	0.301046286	0.373046314	0.229046258
2167	0.300587	0.372566897	0.228607103
2168	0.299919714	0.371914102	0.227925327
2169	0.299220429	0.371191053	0.227249804
2170	0.299041571	0.370997168	0.227085975
2171	0.299193143	0.371076186	0.2273101
2172	0.299313286	0.371154082	0.227472489
2173	0.300045143	0.372235463	0.227854823
2174	0.300678429	0.373208704	0.228148153
2175	0.300518286	0.372697863	0.228338709
2176	0.300220143	0.371870255	0.228570031
2177	0.299874143	0.371306873	0.228441412
2178	0.299480286	0.37084727	0.228113301
2179	0.299198	0.370324521	0.228071479
2180	0.299024571	0.369946384	0.228102759
2181	0.298823714	0.369613547	0.228033882
2182	0.298637714	0.369113556	0.228161873
2183	0.298624286	0.369116762	0.228131809
2184	0.298331571	0.368904756	0.227758387
2185	0.298025857	0.368468039	0.227583675
2186	0.297852571	0.368208074	0.227497069
2187	0.297765143	0.368049824	0.227480462
2188	0.297839286	0.367871682	0.22780689
2189	0.297862714	0.367838314	0.227887114
2190	0.298124429	0.368609411	0.227639446
2191	0.298364571	0.369179546	0.227549597
2192	0.298728714	0.369310661	0.228146767
2193	0.299217	0.369534485	0.228899515
2194	0.299278	0.369533183	0.229022817
2195	0.298970286	0.369246991	0.22869358
2196	0.298297714	0.368636434	0.227958995
2197	0.297651143	0.368026488	0.227275797
2198	0.296971429	0.367509804	0.226433053
2199	0.296419571	0.367170929	0.225668214
2200	0.296628714	0.367250692	0.226006736
2201	0.297191571	0.367597809	0.226785334
2202	0.297325	0.367617173	0.227032827
2203	0.296851571	0.36702283	0.226680313
2204	0.296568429	0.36669392	0.226442938
2205	0.296473286	0.366381596	0.226564975
2206	0.296360286	0.366117057	0.226603514
2207	0.296739714	0.366566289	0.226913139
2208	0.297234286	0.367075952	0.227392619
2209	0.297712429	0.367495798	0.227929059
2210	0.298015429	0.36771666	0.228314197
2211	0.297926429	0.367645653	0.228207204
2212	0.297750857	0.367466961	0.228034753
2213	0.297373571	0.366857808	0.227889335
2214	0.297004143	0.366330259	0.227678027
2215	0.296749857	0.366543086	0.226956628
2216	0.296429	0.366753395	0.226104605
2217	0.296171714	0.366490936	0.225852493
2218	0.295941571	0.366089764	0.225793379
2219	0.295610143	0.36569732	0.225522966
2220	0.295444286	0.365733221	0.22515535
2221	0.295229714	0.365310312	0.225149117
2222	0.295335571	0.36478037	0.225890772
2223	0.295827714	0.365248509	0.226406919
2224	0.296252429	0.365976929	0.226527928
2225	0.296544286	0.366239779	0.226848793
2226	0.296271	0.366099015	0.226442985
2227	0.296073143	0.36596271	0.226183576
2228	0.296284429	0.366209389	0.226359468
2229	0.296449286	0.366474609	0.226423962
2230	0.296136	0.36597538	0.22629662
2231	0.295694286	0.365385482	0.22600309
2232	0.295220571	0.364936086	0.225505057
2233	0.294804	0.364513862	0.225094138
2234	0.294819	0.364583311	0.225054689
2235	0.295058143	0.364957736	0.225158549
2236	0.295424286	0.365586385	0.225262186
2237	0.295687857	0.366189756	0.225185958
2238	0.295615714	0.366175339	0.22505609
2239	0.295370857	0.365860089	0.224881626
2240	0.294909714	0.365309129	0.2245103
2241	0.294505143	0.364737871	0.224272415
2242	0.294451286	0.364795485	0.224107086
2243	0.294817143	0.365549983	0.224084303
2244	0.295256571	0.366324811	0.224188332
2245	0.295635143	0.367093004	0.224177282
2246	0.296031857	0.367500652	0.224563062
2247	0.296219714	0.367222046	0.225217383
2248	0.296455429	0.367198299	0.225712558
2249	0.297064571	0.367496516	0.226632627
2250	0.297593429	0.367722436	0.227464421
2251	0.297994857	0.36796636	0.228023354
2252	0.298413	0.368418796	0.228407204
2253	0.298326429	0.36878876	0.227864097
2254	0.298010429	0.368817169	0.227203688
2255	0.297555857	0.368187997	0.226923718
2256	0.297068429	0.367454947	0.226681911
2257	0.296690571	0.36652046	0.226860683
2258	0.296607571	0.365898298	0.227316845
2259	0.296819571	0.366282324	0.227356819
2260	0.297089571	0.366858769	0.227320374
2261	0.297514714	0.367568795	0.227460634
2262	0.297906857	0.368276287	0.227537427
2263	0.298506	0.369137273	0.227874727
2264	0.298768286	0.369461926	0.228074646
2265	0.298752429	0.368907462	0.228597395
2266	0.298440857	0.367901458	0.228980257
2267	0.297861	0.367251669	0.228470331
2268	0.297289714	0.367066559	0.22751287
2269	0.296765571	0.366914884	0.226616259
2270	0.296608429	0.366963886	0.226252971
2271	0.296666714	0.367142125	0.226191304
2272	0.297272286	0.367824232	0.226720339
2273	0.297867571	0.368490128	0.227245015
2274	0.297812429	0.368608804	0.227016053
2275	0.297596714	0.368538305	0.226655124
2276	0.297383286	0.368345731	0.22642084
2277	0.297267571	0.368270204	0.226264939
2278	0.297430571	0.368496891	0.226364252
2279	0.297596429	0.368702484	0.226490373
2280	0.297834	0.368996053	0.226671947
2281	0.298244571	0.369497282	0.226991861
2282	0.298492143	0.369478047	0.227506239
2283	0.298614286	0.369031619	0.228196952
2284	0.299144429	0.369427565	0.228861292
2285	0.299308429	0.369587125	0.229029732
2286	0.298670286	0.369077285	0.228263286
2287	0.298319143	0.369147169	0.227491116
2288	0.298241286	0.369467664	0.227014908
2289	0.298132857	0.36930892	0.226956794
2290	0.297884857	0.368634702	0.227135013
2291	0.297317714	0.368126525	0.226508903
2292	0.297368571	0.368635652	0.226101491
2293	0.298494571	0.370929193	0.22605995
2294	0.299354429	0.372893368	0.225815489
2295	0.299842571	0.373668627	0.226016516
2296	0.300440143	0.374403014	0.226477271
2297	0.300464571	0.373647395	0.227281748
2298	0.300087714	0.372603115	0.227572314
2299	0.300148571	0.372891857	0.227405286
2300	0.300573	0.37361889	0.22752711
2301	0.300673714	0.374081991	0.227265438
2302	0.300506286	0.374185472	0.226827099
2303	0.300012143	0.373219974	0.226804312
2304	0.299535714	0.372284514	0.226786914
2305	0.299241571	0.372332005	0.226151138
2306	0.298865714	0.372298244	0.225433184
2307	0.298477857	0.371367815	0.2255879
2308	0.298467857	0.37070502	0.226230694
2309	0.299003	0.37134369	0.22666231
2310	0.299522571	0.372297012	0.226748131
2311	0.299965286	0.373036088	0.226894484
2312	0.300110286	0.373504421	0.22671615
2313	0.299575429	0.372762785	0.226388072
2314	0.298533857	0.371214088	0.225853626
2315	0.298099429	0.370990714	0.225208143
2316	0.298537857	0.371490668	0.225585047
2317	0.298926143	0.371835662	0.226016624
2318	0.299586143	0.372851047	0.226321239
2319	0.299866857	0.373149136	0.226584578
2320	0.299126571	0.372439353	0.22581379
2321	0.298310714	0.371449629	0.2251718
2322	0.297462571	0.369745712	0.225179431
2323	0.297034286	0.368788214	0.225280357
2324	0.297644714	0.36967792	0.225611508
2325	0.298064714	0.370464816	0.225664612
2326	0.298142	0.371008919	0.225275081
2327	0.298533286	0.371829675	0.225236897
2328	0.299101	0.372282932	0.225919068
2329	0.299503	0.372412914	0.226593086
2330	0.299501857	0.372366337	0.226637378
2331	0.299239714	0.372190267	0.226289162
2332	0.298147	0.371202818	0.225091182
2333	0.297073571	0.370172409	0.223974734
2334	0.296840571	0.369711797	0.223969346
2335	0.296781571	0.369544054	0.224019089
2336	0.296882286	0.370307821	0.223456751
2337	0.297106286	0.371084561	0.22312801
2338	0.297137571	0.370766637	0.223508506
2339	0.297118429	0.370255394	0.223981463
2340	0.297225857	0.37016141	0.224290305
2341	0.297428429	0.370567267	0.22428959
2342	0.298216571	0.371451789	0.224981353
2343	0.298912714	0.372255852	0.225569577
2344	0.298819286	0.372200582	0.22543799
2345	0.298632714	0.371939939	0.225325489
2346	0.298908429	0.372006338	0.225810519
2347	0.299364429	0.372020868	0.22670799
2348	0.299869	0.372360042	0.227377958
2349	0.300313571	0.373008466	0.227618677
2350	0.300316429	0.374024298	0.226608559
2351	0.299656143	0.374784969	0.224527317
2352	0.299029857	0.374946367	0.223113348
2353	0.298622857	0.374833612	0.222412102
2354	0.298730714	0.3748663	0.222595128
2355	0.300233286	0.375245062	0.225221509
2356	0.301577714	0.37559562	0.227559809
2357	0.302118571	0.376364724	0.227872419
2358	0.302232571	0.376773317	0.227691825
2359	0.301018714	0.375164137	0.226873292
2360	0.300080143	0.373724464	0.226435822
2361	0.300306429	0.372963933	0.227648924
2362	0.300794857	0.372384304	0.229205411
2363	0.301126714	0.372108556	0.230144873
2364	0.301022	0.371659059	0.230384941
2365	0.301334286	0.372645512	0.23002306
2366	0.302078143	0.374288904	0.229867382
2367	0.302445286	0.375380507	0.229510064
2368	0.302497286	0.376159066	0.228835505
2369	0.301631286	0.375398677	0.227863894
2370	0.300318429	0.373816801	0.226820056
2371	0.298841571	0.372102985	0.225580158
2372	0.297873286	0.371196487	0.224550084
2373	0.297718	0.370755105	0.224680895
2374	0.297221143	0.36997142	0.224470866
2375	0.297516714	0.370318349	0.224715079
2376	0.297693429	0.370274807	0.22511205
2377	0.297905714	0.370021451	0.225789978
2378	0.298477	0.370405417	0.226548583
2379	0.298659	0.370120742	0.227197258
2380	0.298788571	0.369968807	0.227608336
2381	0.297922857	0.369384298	0.226461416
2382	0.296905143	0.368448544	0.225361742
2383	0.297475286	0.369045857	0.225904714
2384	0.298431286	0.370563179	0.226299392
2385	0.298466	0.371046915	0.225885085
2386	0.298741571	0.371455844	0.226027299
2387	0.298623	0.371361949	0.225884051
2388	0.298416	0.370811619	0.226020381
2389	0.298266429	0.371258169	0.225274689
2390	0.297156	0.370949123	0.223362877
2391	0.296496286	0.370315844	0.222676728
2392	0.296470571	0.370805044	0.222136099
2393	0.297331857	0.372363383	0.222300331
2394	0.298984286	0.374393853	0.223574719
2395	0.299571143	0.374901042	0.224241244
2396	0.298571143	0.373435328	0.223706958
2397	0.297639714	0.372615957	0.222663472
2398	0.296522857	0.37162586	0.221419854
2399	0.295891	0.370768317	0.221013683
2400	0.297737429	0.372407295	0.223067562
2401	0.298825	0.373710638	0.223939362
2402	0.298573714	0.373331875	0.223815553
2403	0.298437286	0.372721838	0.224152733
2404	0.298480143	0.373602008	0.223358278
2405	0.298368571	0.37482793	0.221909213
2406	0.297261143	0.373495605	0.221026681
2407	0.296524571	0.371618976	0.221430167
2408	0.295430714	0.36986806	0.220993369
2409	0.294420143	0.369231569	0.219608716
2410	0.296394	0.372918573	0.219869427
2411	0.298620429	0.376778675	0.220462182
2412	0.299737857	0.377705861	0.221769853
2413	0.300538571	0.37779009	0.223287053
2414	0.298846429	0.374921001	0.222771856
2415	0.296946143	0.372221209	0.221671077
2416	0.296476857	0.370153328	0.222800387
2417	0.295853143	0.367053028	0.224653258
2418	0.294809143	0.365254506	0.22436378
2419	0.294489857	0.36612596	0.222853755
2420	0.294444	0.367874433	0.221013567
2421	0.294401286	0.368971657	0.219830915
2422	0.294543571	0.370416005	0.218671138
2423	0.294159143	0.370779072	0.217539213
2424	0.294379857	0.36843321	0.220326504
2425	0.294512143	0.365761862	0.223262424
2426	0.293826429	0.363613647	0.22403921
2427	0.294030714	0.363694861	0.224366568
2428	0.293723714	0.364699465	0.222747964
2429	0.291588571	0.363660557	0.219516586
2430	0.290383857	0.363863098	0.216904616
2431	0.289832143	0.364446708	0.215217578
2432	0.291299143	0.365930635	0.216667651
2433	0.294444429	0.369837136	0.219051722
2434	0.294963429	0.370215727	0.21971113
2435	0.294556143	0.368576113	0.220536173
2436	0.294853429	0.368555245	0.221151612
2437	0.295363	0.369305769	0.221420231
2438	0.295775	0.37054872	0.22100128
2439	0.294827714	0.370263697	0.219391731
2440	0.293107	0.370397417	0.215816583
2441	0.292422714	0.372519329	0.2123261
2442	0.293264714	0.373602811	0.212926617
2443	0.294122571	0.372797973	0.21544717
2444	0.293016714	0.370309094	0.215724334
2445	0.289182857	0.365530492	0.212835223
2446	0.287837	0.363632753	0.212041247
2447	0.289899714	0.365304677	0.214494751
2448	0.291877714	0.365815534	0.217939895
2449	0.296525429	0.370140621	0.222910236
2450	0.298184714	0.374165077	0.222204352
2451	0.294398	0.371596516	0.217199484
2452	0.290181571	0.366855287	0.213507855
2453	0.285246714	0.36008637	0.210407058
2454	0.282542143	0.355702504	0.209381782
2455	0.284872286	0.357976501	0.211768071
2456	0.287580429	0.360540989	0.214619868
2457	0.29041	0.361732216	0.219087784
2458	0.293016429	0.364288519	0.221744338
2459	0.290204143	0.363341744	0.217066541
2460	0.286398714	0.360825375	0.211972054
2461	0.285014714	0.359823316	0.210206112
2462	0.283378429	0.358243097	0.20851376
2463	0.283341	0.358121894	0.208560106
2464	0.283730286	0.360867187	0.206593384
2465	0.281487571	0.359316429	0.203658714
2466	0.280463571	0.356170012	0.204757131
2467	0.279962571	0.355709678	0.204215465
2468	0.278953571	0.354970953	0.20293619
2469	0.282413429	0.354258657	0.2105682
2470	0.285918286	0.355180846	0.216655726
2471	0.285075429	0.354253895	0.215896963
2472	0.284289714	0.35491785	0.213661578
2473	0.286148	0.360335172	0.211960828
2474	0.287390429	0.364137177	0.21064368
2475	0.286493857	0.365256857	0.207730858
2476	0.286991714	0.368003853	0.205979576
2477	0.288827714	0.369012529	0.208642899
2478	0.290610143	0.371162202	0.210058083
2479	0.296928286	0.378708224	0.215148348
2480	0.306844714	0.3909384	0.222751029
2481	0.313074286	0.394688773	0.231459798
2482	0.319542	0.399703104	0.239380896
2483	0.331215857	0.411288641	0.251143073
2484	0.337444714	0.421004167	0.253885262
2485	0.328193	0.409006211	0.247379789
2486	0.320794	0.39868465	0.24290335
2487	0.314245429	0.387647751	0.240843107
2488	0.300792714	0.374399883	0.227185546
2489	0.289816429	0.368937651	0.210695206
2490	0.277934	0.375633171	0.180234829
2491	0.260099	0.378945531	0.141252469
2492	0.254654286	0.384619335	0.124689236
2493	0.254733143	0.366896663	0.142569622
2494	0.245707714	0.347006173	0.144409256
2495	0.248936	0.340826703	0.157045297
2496	0.249442429	0.331850521	0.167034336
2497	0.225161429	0.310032187	0.14029067
2498	0.212542571	0.304217461	0.120867682
2499	0.232257	0.322678512	0.141835488
2500	0.248903286	0.332369134	0.165437437
