Wavelength	Mean	Std+	Std-
350	0.0254134	0.032124797	0.018702003
351	0.0253012	0.031990341	0.018612059
352	0.0249354	0.031733265	0.018137535
353	0.0251948	0.032031058	0.018358542
354	0.025388	0.032216725	0.018559275
355	0.025465	0.032250699	0.018679301
356	0.0255608	0.032293994	0.018827606
357	0.0255	0.032219821	0.018780179
358	0.0254174	0.032155188	0.018679612
359	0.0255958	0.032384509	0.018807091
360	0.025636	0.032505718	0.018766282
361	0.0256834	0.032568445	0.018798355
362	0.0258238	0.032578239	0.019069361
363	0.0259474	0.032774133	0.019120667
364	0.0261134	0.033009849	0.019216951
365	0.026304	0.033244049	0.019363951
366	0.0260146	0.033020018	0.019009182
367	0.0260488	0.033053037	0.019044563
368	0.0262452	0.033204117	0.019286283
369	0.026274	0.03316847	0.01937953
370	0.0263868	0.033277934	0.019495666
371	0.0265584	0.033446429	0.019670371
372	0.026795	0.033633832	0.019956168
373	0.0266652	0.03359036	0.01974004
374	0.0266576	0.033666396	0.019648804
375	0.0268492	0.033918161	0.019780239
376	0.0268568	0.033916814	0.019796786
377	0.0269172	0.033986601	0.019847799
378	0.027011	0.034120783	0.019901217
379	0.0270794	0.034330629	0.019828171
380	0.027135	0.034381829	0.019888171
381	0.0272042	0.034409478	0.019998922
382	0.0273158	0.034517771	0.020113829
383	0.0272126	0.03441508	0.02001012
384	0.0272252	0.03443139	0.02001901
385	0.0274212	0.034636237	0.020206163
386	0.0275386	0.034897695	0.020179505
387	0.0276758	0.035151996	0.020199604
388	0.0277948	0.035359135	0.020230465
389	0.027724	0.035324416	0.020123584
390	0.0277306	0.035258877	0.020202323
391	0.0277814	0.035233943	0.020328857
392	0.027867	0.035334811	0.020399189
393	0.0281044	0.035650779	0.020558021
394	0.0282786	0.035887449	0.020669751
395	0.0283392	0.035975958	0.020702442
396	0.0285124	0.036252221	0.020772579
397	0.0286082	0.036465771	0.020750629
398	0.0286546	0.036618031	0.020691169
399	0.0287096	0.036661489	0.020757711
400	0.0287056	0.036679797	0.020731403
401	0.0287234	0.036715521	0.020731279
402	0.0288542	0.036822401	0.020885999
403	0.0287934	0.036733611	0.020853189
404	0.0287602	0.036660275	0.020860125
405	0.0288108	0.036653252	0.020968348
406	0.0288802	0.036725919	0.021034481
407	0.0289354	0.036793479	0.021077321
408	0.028987	0.036865967	0.021108033
409	0.0290972	0.037021009	0.021173391
410	0.0291696	0.037134947	0.021204253
411	0.0292248	0.037223791	0.021225809
412	0.0292804	0.037295802	0.021264998
413	0.0293316	0.037323651	0.021339549
414	0.0293728	0.03736185	0.02138375
415	0.0294004	0.037428253	0.021372547
416	0.0294	0.037411598	0.021388402
417	0.0294464	0.037450055	0.021442745
418	0.029531	0.037539534	0.021522466
419	0.0295942	0.037635709	0.021552691
420	0.0297002	0.037747341	0.021653059
421	0.0297962	0.037840181	0.021752219
422	0.0297884	0.037844355	0.021732445
423	0.0298268	0.037905767	0.021747833
424	0.029877	0.037978788	0.021775212
425	0.0299286	0.038048691	0.021808509
426	0.029979	0.038097908	0.021860092
427	0.0300266	0.038138703	0.021914497
428	0.0300728	0.03817553	0.02197007
429	0.0301426	0.03825843	0.02202677
430	0.0302344	0.038394727	0.022074073
431	0.0303288	0.038547527	0.022110073
432	0.0303912	0.03865459	0.02212781
433	0.030511	0.038820188	0.022201812
434	0.0306102	0.038961121	0.022259279
435	0.0306468	0.039032187	0.022261413
436	0.0306522	0.039003282	0.022301118
437	0.0306586	0.038987746	0.022329454
438	0.0306748	0.039001394	0.022348206
439	0.030789	0.039138543	0.022439457
440	0.0308728	0.039250848	0.022494752
441	0.0309332	0.03934257	0.02252383
442	0.0309736	0.039410364	0.022536836
443	0.0310332	0.039468284	0.022598116
444	0.0310856	0.039521112	0.022650088
445	0.0311124	0.039569751	0.022655049
446	0.031181	0.039650331	0.022711669
447	0.0312408	0.039723484	0.022758116
448	0.0312856	0.039783761	0.022787439
449	0.031329	0.039852478	0.022805522
450	0.0314066	0.039927817	0.022885383
451	0.0314916	0.039996436	0.022986764
452	0.031513	0.040021102	0.023004898
453	0.0315488	0.040079243	0.023018357
454	0.0316052	0.040165999	0.023044401
455	0.031696	0.040290948	0.023101052
456	0.0317642	0.040374494	0.023153906
457	0.031821	0.040447782	0.023194218
458	0.031868	0.040516058	0.023219942
459	0.0319356	0.040600662	0.023270538
460	0.031977	0.040642184	0.023311816
461	0.0320114	0.040675872	0.023346928
462	0.0321076	0.040823324	0.023391876
463	0.0321812	0.040907188	0.023455212
464	0.0322366	0.040956775	0.023516425
465	0.032267	0.040979945	0.023554055
466	0.0323026	0.041036241	0.023568959
467	0.0323592	0.041123899	0.023594501
468	0.0324424	0.041244398	0.023640402
469	0.032538	0.041354842	0.023721158
470	0.0326008	0.041453097	0.023748503
471	0.0326408	0.041539091	0.023742509
472	0.032697	0.04160818	0.02378582
473	0.0327578	0.041690196	0.023825404
474	0.0328138	0.041770026	0.023857574
475	0.0328526	0.041830546	0.023874654
476	0.032937	0.041926345	0.023947655
477	0.0330188	0.042027287	0.024010313
478	0.0330868	0.042128191	0.024045409
479	0.0331202	0.042173565	0.024066835
480	0.0331716	0.042234628	0.024108572
481	0.0332362	0.042305895	0.024166505
482	0.0332928	0.042362592	0.024223008
483	0.033326	0.042392852	0.024259148
484	0.033348	0.04241031	0.02428569
485	0.033368	0.042426133	0.024309867
486	0.0334262	0.042527292	0.024325108
487	0.0335072	0.042660684	0.024353716
488	0.0336098	0.042814915	0.024404685
489	0.033699	0.042942052	0.024455948
490	0.033772	0.043042619	0.024501381
491	0.0338278	0.043114446	0.024541154
492	0.0338662	0.043137519	0.024594881
493	0.0339302	0.043215695	0.024644705
494	0.0340048	0.043313839	0.024695761
495	0.0340726	0.043391546	0.024753654
496	0.0341104	0.043438945	0.024781855
497	0.03414	0.043474138	0.024805862
498	0.0341674	0.043502072	0.024832728
499	0.0342596	0.043607264	0.024911936
500	0.034347	0.043716588	0.024977412
501	0.0344212	0.043819664	0.025022736
502	0.0344328	0.043865068	0.025000532
503	0.0345068	0.043978971	0.025034629
504	0.0345972	0.044103807	0.025090593
505	0.034637	0.044148046	0.025125954
506	0.034712	0.044245167	0.025178833
507	0.0347808	0.044326649	0.025234951
508	0.0348242	0.044358669	0.025289731
509	0.0348732	0.044435322	0.025311078
510	0.0349212	0.044504292	0.025338108
511	0.034969	0.044563222	0.025374778
512	0.0350246	0.044637318	0.025411882
513	0.0350978	0.044711208	0.025484392
514	0.0351698	0.044777393	0.025562207
515	0.0351982	0.044810743	0.025585657
516	0.035262	0.044902352	0.025621648
517	0.0353412	0.045018647	0.025663753
518	0.0354308	0.04515102	0.02571058
519	0.0355084	0.045283535	0.025733265
520	0.0355786	0.045396872	0.025760328
521	0.035642	0.045487411	0.025796589
522	0.0357126	0.045552583	0.025872617
523	0.0357696	0.04560901	0.02593019
524	0.0358174	0.045657926	0.025976874
525	0.0358624	0.045699316	0.026025484
526	0.0359358	0.045786361	0.026085239
527	0.0360156	0.045894691	0.026136509
528	0.0360948	0.04602214	0.02616746
529	0.0361574	0.046102152	0.026212648
530	0.0362138	0.046166779	0.026260821
531	0.0362652	0.046220208	0.026310192
532	0.0362934	0.046255941	0.026330859
533	0.0363828	0.04636581	0.02639979
534	0.0364946	0.046505196	0.026484004
535	0.0365162	0.046545553	0.026486847
536	0.0365854	0.046623227	0.026547573
537	0.0366498	0.046692275	0.026607325
538	0.0366686	0.046714811	0.026622389
539	0.0367488	0.046805912	0.026691688
540	0.0368288	0.046910619	0.026746981
541	0.0368988	0.047021137	0.026776463
542	0.036991	0.047155703	0.026826297
543	0.0370726	0.04725884	0.02688636
544	0.0371354	0.047327423	0.026943377
545	0.037135	0.04733418	0.02693582
546	0.037202	0.047409036	0.026994964
547	0.0372882	0.047503848	0.027072552
548	0.0373592	0.047586577	0.027131823
549	0.037435	0.047692946	0.027177054
550	0.0374984	0.047780556	0.027216244
551	0.0375456	0.047839092	0.027252108
552	0.0376016	0.047913356	0.027289844
553	0.0376522	0.04797914	0.02732526
554	0.037703	0.048041335	0.027364665
555	0.0377794	0.048119155	0.027439645
556	0.0378406	0.048178083	0.027503117
557	0.0378992	0.048240934	0.027557466
558	0.0379652	0.048330828	0.027599572
559	0.0380276	0.048431257	0.027623943
560	0.0380994	0.048534215	0.027664585
561	0.0381844	0.048636816	0.027731984
562	0.0382334	0.048700145	0.027766655
563	0.0382856	0.048765084	0.027806116
564	0.0383426	0.048832804	0.027852396
565	0.0384062	0.048904478	0.027907922
566	0.0384768	0.048996524	0.027957076
567	0.0385434	0.049084346	0.028002454
568	0.0385894	0.049132163	0.028046637
569	0.0386612	0.049225227	0.028097173
570	0.038734	0.049327179	0.028140821
571	0.0387998	0.049427769	0.028171831
572	0.0388818	0.049528583	0.028235017
573	0.0389308	0.049586146	0.028275454
574	0.038954	0.049611223	0.028296777
575	0.039014	0.049694943	0.028333057
576	0.0390854	0.049789646	0.028381154
577	0.0391624	0.049890232	0.028434568
578	0.0392376	0.049990414	0.028484786
579	0.0392914	0.050075926	0.028506874
580	0.0393436	0.050152925	0.028534275
581	0.0394032	0.050222105	0.028584295
582	0.0394842	0.050315668	0.028652732
583	0.039557	0.050396306	0.028717694
584	0.0396198	0.050463447	0.028776153
585	0.0396728	0.050531482	0.028814118
586	0.0397248	0.050594023	0.028855577
587	0.039773	0.050651668	0.028894332
588	0.0398082	0.050704083	0.028912317
589	0.0399152	0.050849792	0.028980608
590	0.0400234	0.050999566	0.029047234
591	0.0400968	0.051107137	0.029086463
592	0.040147	0.051167988	0.029126012
593	0.0401912	0.051224194	0.029158206
594	0.0402342	0.051284005	0.029184395
595	0.0403088	0.051401406	0.029216194
596	0.0403956	0.051515113	0.029276087
597	0.0404866	0.051627223	0.029345977
598	0.0405616	0.05174178	0.02938142
599	0.040656	0.05187723	0.02943477
600	0.0407558	0.052020605	0.029490995
601	0.0408534	0.052163529	0.029543271
602	0.0409552	0.052333109	0.029577291
603	0.0410524	0.052487246	0.029617554
604	0.0411416	0.052619778	0.029663422
605	0.0412094	0.052708627	0.029710173
606	0.0412756	0.052804778	0.029746422
607	0.0413482	0.052910079	0.029786321
608	0.0414524	0.053033465	0.029871335
609	0.0415052	0.053107369	0.029903031
610	0.0415586	0.053182791	0.029934409
611	0.0416522	0.053299749	0.030004651
612	0.0416856	0.053334979	0.030036221
613	0.0417126	0.053353412	0.030071788
614	0.0417428	0.053365387	0.030120213
615	0.041806	0.053410772	0.030201228
616	0.0418774	0.053494287	0.030260513
617	0.0419532	0.053599991	0.030306409
618	0.0420214	0.053686647	0.030356153
619	0.0420396	0.053707495	0.030371705
620	0.042074	0.053735803	0.030412197
621	0.0421846	0.053833657	0.030535543
622	0.0421868	0.053825117	0.030548483
623	0.0422084	0.053842224	0.030574576
624	0.042277	0.053914109	0.030639891
625	0.0423444	0.053994672	0.030694128
626	0.0423878	0.054032272	0.030743328
627	0.042417	0.054046431	0.030787569
628	0.0424658	0.054106969	0.030824631
629	0.0425024	0.054152439	0.030852361
630	0.0425402	0.054200186	0.030880214
631	0.0425928	0.054270408	0.030915192
632	0.0426608	0.05436911	0.03095249
633	0.0427346	0.054472448	0.030996752
634	0.0428122	0.054575929	0.031048471
635	0.0428532	0.054636642	0.031069758
636	0.0428948	0.054699295	0.031090305
637	0.0429378	0.054765367	0.031110233
638	0.042987	0.054838346	0.031135654
639	0.0431036	0.054963391	0.031243809
640	0.0432104	0.055085855	0.031334945
641	0.0432164	0.055145273	0.031287527
642	0.0432738	0.055247191	0.031300409
643	0.0433378	0.055339326	0.031336274
644	0.0433988	0.05540749	0.03139011
645	0.0435114	0.055546681	0.031476119
646	0.0436002	0.05566225	0.03153815
647	0.0436738	0.055765581	0.031582019
648	0.0437848	0.055926896	0.031642704
649	0.0438594	0.056055955	0.031662845
650	0.0439296	0.056175878	0.031683322
651	0.0440388	0.056315799	0.031761801
652	0.0441362	0.056439758	0.031832642
653	0.0442138	0.056535242	0.031892358
654	0.0442666	0.056592791	0.031940409
655	0.0443706	0.05675888	0.03198232
656	0.0445072	0.056989722	0.032024678
657	0.044654	0.057245408	0.032062592
658	0.0447002	0.057323001	0.032077399
659	0.044754	0.0573777	0.0321303
660	0.0448208	0.057436575	0.032205025
661	0.0449198	0.057544981	0.032294619
662	0.0450086	0.0576591	0.0323581
663	0.0450898	0.057767871	0.032411729
664	0.0451616	0.057864638	0.032458562
665	0.0452062	0.057948251	0.032464149
666	0.0452702	0.058042737	0.032497663
667	0.0453536	0.058146779	0.032560421
668	0.04543	0.058234783	0.032625217
669	0.0455124	0.05833197	0.03269283
670	0.0455928	0.05843432	0.03275128
671	0.0456524	0.05853763	0.03276717
672	0.0457276	0.058644766	0.032810434
673	0.0457996	0.058749761	0.032849439
674	0.0458596	0.058850543	0.032868657
675	0.0459234	0.058939361	0.032907439
676	0.046001	0.059045276	0.032956724
677	0.046092	0.059168195	0.033015805
678	0.046185	0.059278188	0.033091812
679	0.0462534	0.059380078	0.033126722
680	0.0463092	0.059473825	0.033144575
681	0.0463704	0.059550731	0.033190069
682	0.0464436	0.059636504	0.033250696
683	0.046509	0.059704514	0.033313486
684	0.0465516	0.059732203	0.033370997
685	0.0465488	0.059698677	0.033398923
686	0.046634	0.059822602	0.033445398
687	0.0468302	0.060143937	0.033516463
688	0.046938	0.060314401	0.033561599
689	0.0470214	0.060448365	0.033594435
690	0.0470874	0.060548898	0.033625902
691	0.0471454	0.060607528	0.033683272
692	0.0471988	0.060668675	0.033728925
693	0.0472666	0.060757162	0.033776038
694	0.0473684	0.060901931	0.033834869
695	0.047467	0.061030536	0.033903464
696	0.0475612	0.061144061	0.033978339
697	0.0476502	0.061241392	0.034059008
698	0.047693	0.061312812	0.034073188
699	0.0477672	0.061416844	0.034117556
700	0.0478642	0.06154445	0.03418395
701	0.0479688	0.061681323	0.034256277
702	0.0480554	0.061794773	0.034316027
703	0.0481412	0.061907771	0.034374629
704	0.0482412	0.062042748	0.034439652
705	0.048323	0.062137223	0.034508777
706	0.0483986	0.06222974	0.03456746
707	0.0484694	0.06232661	0.03461219
708	0.048564	0.062457829	0.034670171
709	0.0486484	0.062569659	0.034727141
710	0.0487266	0.062669722	0.034783478
711	0.0488098	0.062782803	0.034836797
712	0.0488912	0.062890074	0.034892326
713	0.0489674	0.062986274	0.034948526
714	0.0490302	0.063059171	0.035001229
715	0.0490772	0.063107469	0.035046931
716	0.0491326	0.063172715	0.035092485
717	0.0492072	0.063272142	0.035142258
718	0.0493164	0.063450248	0.035182552
719	0.049441	0.063644564	0.035237436
720	0.0495576	0.063813333	0.035301867
721	0.0496006	0.063824031	0.035377169
722	0.0496762	0.063898161	0.035454239
723	0.0497618	0.064011294	0.035512306
724	0.0498282	0.064148032	0.035508368
725	0.049918	0.064249411	0.035586589
726	0.0499992	0.064340114	0.035658286
727	0.0500612	0.064423233	0.035699167
728	0.050166	0.064569145	0.035762855
729	0.0502674	0.064704415	0.035830385
730	0.0503652	0.064831222	0.035899178
731	0.0504754	0.064985168	0.035965632
732	0.0505528	0.065082644	0.036022956
733	0.0506256	0.065167495	0.036083705
734	0.0507312	0.065295519	0.036166881
735	0.0508474	0.065442555	0.036252245
736	0.0509528	0.065574999	0.036330601
737	0.051038	0.065678802	0.036397198
738	0.051065	0.065754266	0.036375734
739	0.0511374	0.065859578	0.036415222
740	0.0512524	0.06599253	0.03651227
741	0.0513498	0.066120207	0.036579393
742	0.0514456	0.066235861	0.036655339
743	0.0515364	0.066346093	0.036726707
744	0.0516148	0.066460052	0.036769548
745	0.0517092	0.066589157	0.036829243
746	0.0517952	0.066699828	0.036890572
747	0.051862	0.066774318	0.036949682
748	0.0519352	0.066880867	0.036989533
749	0.0520108	0.066988581	0.037033019
750	0.0520902	0.067097572	0.037082828
751	0.0521998	0.067240714	0.037158886
752	0.0522864	0.067364711	0.037208089
753	0.052359	0.067474652	0.037243348
754	0.0524266	0.067571142	0.037282058
755	0.0525208	0.067687309	0.037354291
756	0.0525788	0.067744199	0.037413401
757	0.052551	0.067673504	0.037428496
758	0.0523238	0.067228899	0.037418701
759	0.0522886	0.067136308	0.037440892
760	0.0527486	0.0679704	0.0375268
761	0.052769	0.068056231	0.037481769
762	0.0528494	0.068208005	0.037490795
763	0.0529886	0.068422817	0.037554383
764	0.0532082	0.068712994	0.037703406
765	0.0533416	0.068882875	0.037800325
766	0.0534378	0.069000394	0.037875206
767	0.0535198	0.069095751	0.037943849
768	0.0536256	0.069205012	0.038046188
769	0.0537154	0.069312993	0.038117807
770	0.0537874	0.069421978	0.038152822
771	0.0538748	0.069559136	0.038190464
772	0.0539592	0.069680882	0.038237518
773	0.054041	0.069791555	0.038290445
774	0.0541204	0.069903894	0.038336906
775	0.0541748	0.069991835	0.038357765
776	0.0542418	0.070088209	0.038395391
777	0.0543542	0.070219076	0.038489324
778	0.05446	0.070356524	0.038563476
779	0.0545642	0.070492869	0.038635531
780	0.0546652	0.070624691	0.038705709
781	0.0547192	0.070705176	0.038733224
782	0.0547786	0.070804453	0.038752747
783	0.0548526	0.070921085	0.038784115
784	0.0549848	0.071064483	0.038905117
785	0.0550664	0.071195632	0.038937168
786	0.0551404	0.071319176	0.038961624
787	0.0552406	0.071434078	0.039047122
788	0.0552982	0.071530062	0.039066338
789	0.0553544	0.071617006	0.039091794
790	0.055417	0.071695578	0.039138422
791	0.0555204	0.071862231	0.039178569
792	0.0556298	0.072017882	0.039241718
793	0.0557366	0.072156986	0.039316214
794	0.055799	0.072244466	0.039353534
795	0.0558942	0.072372897	0.039415503
796	0.0559868	0.072495255	0.039478345
797	0.0560378	0.072558805	0.039516795
798	0.0561332	0.072674462	0.039591938
799	0.056239	0.072805188	0.039672812
800	0.0563456	0.072939961	0.039751239
801	0.0563882	0.073032009	0.039744391
802	0.0564476	0.073129907	0.039765293
803	0.056522	0.073236367	0.039807633
804	0.0565952	0.073358821	0.039831579
805	0.0566758	0.073473562	0.039878038
806	0.0567644	0.073589554	0.039939246
807	0.0568658	0.073716496	0.040015104
808	0.0569498	0.073837115	0.040062485
809	0.0570412	0.073963565	0.040118835
810	0.057148	0.074097701	0.040198299
811	0.0571998	0.074187681	0.040211919
812	0.057253	0.074269829	0.040236171
813	0.0573128	0.074350872	0.040274728
814	0.0573888	0.074459684	0.040317916
815	0.0574572	0.074563967	0.040350433
816	0.0575354	0.074681126	0.040389674
817	0.0576544	0.074841612	0.040467188
818	0.0577766	0.075000977	0.040552223
819	0.0578868	0.07516127	0.04061233
820	0.0579794	0.075328662	0.040630138
821	0.0580116	0.075368594	0.040654606
822	0.058061	0.075437683	0.040684317
823	0.0581348	0.075545349	0.040724251
824	0.0582886	0.075747123	0.040830077
825	0.0583934	0.075878973	0.040907827
826	0.0584662	0.075973754	0.040958646
827	0.0585016	0.076041887	0.040961313
828	0.0586132	0.076183924	0.041042476
829	0.0587336	0.076343219	0.041123981
830	0.0588356	0.076502309	0.041168891
831	0.0588966	0.076585713	0.041207487
832	0.0590136	0.076732151	0.041295049
833	0.0591762	0.07693626	0.04141614
834	0.0591778	0.077018886	0.041336714
835	0.059276	0.077143657	0.041408343
836	0.0594088	0.077281418	0.041536182
837	0.059468	0.07738043	0.04155557
838	0.0595918	0.077561844	0.041621756
839	0.0597162	0.077730159	0.041702241
840	0.0598084	0.077830634	0.041786166
841	0.0598502	0.077888433	0.041811967
842	0.0599228	0.078002687	0.041842913
843	0.0600338	0.07818062	0.04188698
844	0.0601738	0.078358555	0.041989045
845	0.0602858	0.078523693	0.042047907
846	0.0603752	0.078669203	0.042081197
847	0.0604378	0.078758524	0.042117076
848	0.0605066	0.078832184	0.042181016
849	0.0605568	0.07888513	0.04222847
850	0.060562	0.078901416	0.042222584
851	0.0607786	0.079204804	0.042352396
852	0.060881	0.079350555	0.042411445
853	0.0608256	0.079279014	0.042372186
854	0.0609318	0.079402689	0.042460911
855	0.0610288	0.079554781	0.042502819
856	0.061126	0.079720143	0.042531857
857	0.0612714	0.07989872	0.04264408
858	0.0614056	0.08007435	0.04273685
859	0.0615082	0.080216058	0.042800342
860	0.0615452	0.080280987	0.042809413
861	0.061611	0.080381044	0.042840956
862	0.0617136	0.080527132	0.042900068
863	0.0618576	0.080726022	0.042989178
864	0.0619146	0.080869281	0.042959919
865	0.0619814	0.08092316	0.04303964
866	0.0620598	0.080947899	0.043171701
867	0.0621558	0.081163017	0.043148583
868	0.0622776	0.081361382	0.043193818
869	0.062402	0.081535013	0.043268987
870	0.062515	0.081670698	0.043359302
871	0.0625758	0.081781613	0.043369987
872	0.0626634	0.081909538	0.043417262
873	0.0628002	0.082066653	0.043533747
874	0.0629296	0.082245301	0.043613899
875	0.0629794	0.082347476	0.043611324
876	0.0629982	0.082420222	0.043576178
877	0.0632076	0.082680629	0.043734571
878	0.0632732	0.082751276	0.043795124
879	0.0633272	0.082805218	0.043849182
880	0.063507	0.083018045	0.043995955
881	0.0635996	0.083159268	0.044039932
882	0.0636518	0.083266967	0.044036633
883	0.0636682	0.083342771	0.043993629
884	0.0637934	0.083475883	0.044110917
885	0.0639086	0.083628743	0.044188457
886	0.0640082	0.083787169	0.044229231
887	0.0640652	0.083869142	0.044261258
888	0.0640864	0.083925592	0.044247208
889	0.0641262	0.084004034	0.044248366
890	0.064271	0.084185918	0.044356082
891	0.0643492	0.084321864	0.044376536
892	0.0644304	0.084464582	0.044396218
893	0.0645392	0.084634283	0.044444117
894	0.0645798	0.084673819	0.044485781
895	0.064676	0.084782292	0.044569708
896	0.0648116	0.084947425	0.044675775
897	0.0647606	0.084948372	0.044572828
898	0.0647912	0.084982258	0.044600142
899	0.0648686	0.085041962	0.044695238
900	0.0649512	0.085126635	0.044775765
901	0.0651	0.085296054	0.044903946
902	0.0652126	0.085476223	0.044948977
903	0.0652438	0.085643591	0.044844009
904	0.0653084	0.085769938	0.044846862
905	0.065446	0.085942986	0.044949014
906	0.0656432	0.08615806	0.04512834
907	0.0657198	0.086289117	0.045150483
908	0.0657336	0.086288802	0.045178398
909	0.0657496	0.08627653	0.04522267
910	0.0659074	0.086500674	0.045314126
911	0.065926	0.086590082	0.045261918
912	0.0659526	0.086691234	0.045213966
913	0.0660624	0.086879908	0.045244892
914	0.0661636	0.087004667	0.045322533
915	0.0662936	0.087147984	0.045439216
916	0.0664552	0.087313946	0.045596454
917	0.0666414	0.087471464	0.045811336
918	0.0667044	0.08763503	0.04577377
919	0.0667094	0.087789142	0.045629658
920	0.0667556	0.087891048	0.045620152
921	0.0669412	0.088176451	0.045705949
922	0.0671498	0.088452677	0.045846923
923	0.067322	0.088603119	0.046040881
924	0.0672844	0.088633961	0.045934839
925	0.0673604	0.088763735	0.045957065
926	0.06758	0.089014682	0.046145318
927	0.0675486	0.089103507	0.045993693
928	0.0675548	0.089194629	0.045914971
929	0.0675796	0.089278232	0.045880968
930	0.0675674	0.089305584	0.045829216
931	0.0675952	0.08928198	0.04590842
932	0.06755	0.08911212	0.04598788
933	0.0672824	0.088628137	0.045936663
934	0.0671466	0.08840408	0.04588912
935	0.0670028	0.088171044	0.045834556
936	0.0668548	0.087924295	0.045785305
937	0.0673178	0.088482064	0.046153536
938	0.0675772	0.08887147	0.04628293
939	0.067734	0.089201108	0.046266892
940	0.0680364	0.08978208	0.04629072
941	0.0682516	0.090101804	0.046401396
942	0.068365	0.090251114	0.046478886
943	0.0683176	0.090223561	0.046411639
944	0.068371	0.090307746	0.046434254
945	0.0683202	0.090220632	0.046419768
946	0.0681164	0.089888567	0.046344233
947	0.0680796	0.089938664	0.046220536
948	0.0682402	0.090123377	0.046357023
949	0.0685338	0.090424841	0.046642759
950	0.068761	0.090827671	0.046694329
951	0.0688286	0.090957	0.0467002
952	0.0688584	0.090986103	0.046730697
953	0.0689488	0.091033876	0.046863724
954	0.0691914	0.091368635	0.047014165
955	0.0692126	0.091411504	0.047013696
956	0.068904	0.091001079	0.046806921
957	0.0693882	0.091648025	0.047128375
958	0.0696144	0.091919372	0.047309428
959	0.0696176	0.091914439	0.047320761
960	0.0694296	0.091944397	0.046914803
961	0.069792	0.092436659	0.047147341
962	0.0701562	0.092868819	0.047443581
963	0.0699044	0.092619183	0.047189617
964	0.069958	0.09263756	0.04727844
965	0.0703058	0.093043194	0.047568406
966	0.0709816	0.093913082	0.048050118
967	0.070808	0.09373029	0.04788571
968	0.0709394	0.093867212	0.048011588
969	0.0712866	0.094234181	0.048339019
970	0.071333	0.094303234	0.048362766
971	0.0713156	0.094443332	0.048187868
972	0.071324	0.094613011	0.048034989
973	0.071499	0.094778735	0.048219265
974	0.071587	0.094854762	0.048319238
975	0.0715358	0.094838112	0.048233488
976	0.0712904	0.09470647	0.04787433
977	0.0716796	0.095093372	0.048265828
978	0.0718514	0.095339119	0.048363681
979	0.071849	0.09545824	0.04823976
980	0.0723204	0.095798072	0.048842728
981	0.072357	0.095946499	0.048767501
982	0.0722842	0.096071114	0.048497286
983	0.072557	0.096423979	0.048690021
984	0.072432	0.096275233	0.048588767
985	0.0723914	0.096163835	0.048618965
986	0.0726484	0.096312753	0.048984047
987	0.0728622	0.096711777	0.049012623
988	0.0730146	0.096984785	0.049044415
989	0.0731178	0.0971279	0.0491077
990	0.0733176	0.097362783	0.049272417
991	0.0733148	0.097487122	0.049142478
992	0.0732976	0.097575161	0.049020039
993	0.0736404	0.097759216	0.049521584
994	0.0738568	0.098168153	0.049545447
995	0.0737836	0.098273315	0.049293885
996	0.073237	0.097698398	0.048775602
997	0.0736426	0.098093862	0.049191338
998	0.0739002	0.098359834	0.049440566
999	0.0739294	0.098414284	0.049444516
1000	0.0740388	0.098514491	0.049563109
1001	0.0772634	0.105535826	0.048990974
1002	0.0771078	0.105410507	0.048805093
1003	0.0772604	0.105873463	0.048647337
1004	0.0775222	0.10645286	0.04859154
1005	0.077736	0.106565815	0.048906185
1006	0.0779356	0.106487577	0.049383623
1007	0.0780544	0.106529486	0.049579314
1008	0.0781236	0.106693816	0.049553384
1009	0.0781934	0.106832205	0.049554595
1010	0.0782476	0.10691562	0.04957958
1011	0.0782512	0.107048337	0.049454063
1012	0.0782812	0.107244653	0.049317747
1013	0.0784166	0.10741242	0.04942078
1014	0.0785564	0.107528838	0.049583962
1015	0.0786436	0.107709763	0.049577437
1016	0.0787688	0.107939733	0.049597867
1017	0.0788882	0.108114947	0.049661453
1018	0.0789486	0.108226965	0.049670235
1019	0.0790376	0.108228377	0.049846823
1020	0.0791956	0.108239534	0.050151666
1021	0.079346	0.108387039	0.050304961
1022	0.0794022	0.108627006	0.050177394
1023	0.079421	0.108880469	0.049961531
1024	0.0795208	0.10910386	0.04993774
1025	0.0797204	0.10931925	0.05012155
1026	0.0799226	0.109572062	0.050273138
1027	0.0800284	0.109783167	0.050273633
1028	0.0800332	0.109804458	0.050261942
1029	0.0800988	0.109813383	0.050384217
1030	0.0802758	0.110025775	0.050525825
1031	0.0804112	0.110215533	0.050606867
1032	0.0805504	0.110384742	0.050716058
1033	0.0806982	0.110642247	0.050754153
1034	0.0807916	0.110843337	0.050739863
1035	0.080861	0.110938828	0.050783172
1036	0.0809916	0.111053697	0.050929503
1037	0.0811696	0.111218208	0.051120992
1038	0.0813176	0.111474331	0.051160869
1039	0.0814144	0.111776945	0.051051855
1040	0.081497	0.111959833	0.051034167
1041	0.0815918	0.111989135	0.051194465
1042	0.081673	0.112023087	0.051322913
1043	0.0817658	0.112204367	0.051327233
1044	0.0819148	0.112465422	0.051364178
1045	0.0820208	0.112606563	0.051435037
1046	0.082085	0.112615792	0.051554208
1047	0.0821066	0.112651443	0.051561757
1048	0.0821258	0.112854359	0.051397241
1049	0.0822612	0.11308626	0.05143614
1050	0.0823552	0.11317225	0.05153815
1051	0.082396	0.113291978	0.051500022
1052	0.0825006	0.113462879	0.051538321
1053	0.0826416	0.113572273	0.051710927
1054	0.0827762	0.11373599	0.05181641
1055	0.0829382	0.114065186	0.051811214
1056	0.0830942	0.11433473	0.05185367
1057	0.0831822	0.114357602	0.052006798
1058	0.0832576	0.114377252	0.052137948
1059	0.08327	0.114455567	0.052084433
1060	0.0833098	0.114574074	0.052045526
1061	0.0835158	0.114811619	0.052219981
1062	0.0837418	0.11503639	0.05244721
1063	0.083945	0.115236089	0.052653911
1064	0.084151	0.115451324	0.052850676
1065	0.0842896	0.115578083	0.053001117
1066	0.0843182	0.115655646	0.052980754
1067	0.0843846	0.115837554	0.052931646
1068	0.0844972	0.116088186	0.052906214
1069	0.084585	0.116299092	0.052870908
1070	0.0846512	0.116463263	0.052839137
1071	0.0847294	0.11660913	0.05284967
1072	0.0848018	0.116679178	0.052924422
1073	0.0848674	0.116758525	0.052976275
1074	0.0850076	0.116852588	0.053162612
1075	0.0851494	0.116881316	0.053417484
1076	0.085262	0.116972414	0.053551586
1077	0.0853768	0.117211602	0.053541998
1078	0.0854902	0.117527339	0.053453061
1079	0.085603	0.1177237	0.0534823
1080	0.0856954	0.117803268	0.053587532
1081	0.0858198	0.117896023	0.053743577
1082	0.085937	0.1180278	0.0538462
1083	0.0859714	0.118130955	0.053811845
1084	0.0860044	0.118217723	0.053791077
1085	0.0860062	0.118363474	0.053648926
1086	0.0860304	0.118560513	0.053500287
1087	0.0862638	0.11889592	0.05363168
1088	0.08653	0.119223522	0.053836478
1089	0.086644	0.119361626	0.053926374
1090	0.0867258	0.119477627	0.053973973
1091	0.0868716	0.119661756	0.054081444
1092	0.0870568	0.11987639	0.05423721
1093	0.087141	0.119932099	0.054349901
1094	0.0870816	0.119804281	0.054358919
1095	0.0870592	0.119821594	0.054296806
1096	0.087096	0.11998715	0.05420485
1097	0.0871836	0.120122321	0.054244879
1098	0.0873692	0.120263267	0.054475133
1099	0.0874806	0.120413468	0.054547732
1100	0.0875178	0.120617517	0.054418083
1101	0.0875916	0.120821323	0.054361877
1102	0.0877186	0.120992019	0.054445181
1103	0.0878362	0.121149804	0.054522596
1104	0.0879248	0.121342096	0.054507504
1105	0.0880178	0.121564395	0.054471205
1106	0.0882626	0.121705951	0.054819249
1107	0.0885412	0.121819746	0.055262654
1108	0.0885614	0.122011631	0.055111169
1109	0.088489	0.122211111	0.054766889
1110	0.0885066	0.122358382	0.054654818
1111	0.0885892	0.122478353	0.054700047
1112	0.0888132	0.122740937	0.054885463
1113	0.0891568	0.123101145	0.055212455
1114	0.0893484	0.123267041	0.055429759
1115	0.0892832	0.123196632	0.055369768
1116	0.0892282	0.123184526	0.055271874
1117	0.0892078	0.123286192	0.055129408
1118	0.0892444	0.123447446	0.055041354
1119	0.089618	0.123788597	0.055447403
1120	0.089982	0.124115033	0.055848967
1121	0.0898184	0.124079088	0.055557712
1122	0.0896214	0.124049932	0.055192868
1123	0.0900958	0.124566011	0.055625589
1124	0.090653	0.125187271	0.056118729
1125	0.0907922	0.125396335	0.056188065
1126	0.0907772	0.125426347	0.056128053
1127	0.0907318	0.125381058	0.056082542
1128	0.0906568	0.125271127	0.056042473
1129	0.0907746	0.125410556	0.056138644
1130	0.0911068	0.125824142	0.056389458
1131	0.0913482	0.126189412	0.056506988
1132	0.0914578	0.126434321	0.056481279
1133	0.0915606	0.126623101	0.056498099
1134	0.0916282	0.126751003	0.056505397
1135	0.0916796	0.126857878	0.056501322
1136	0.09176	0.126887781	0.056632219
1137	0.0918494	0.126941203	0.056757597
1138	0.0920278	0.127185985	0.056869615
1139	0.0921944	0.127417333	0.056971467
1140	0.0923398	0.127655455	0.057024145
1141	0.0924872	0.127898687	0.057075713
1142	0.0926718	0.128176668	0.057166932
1143	0.0928724	0.12847247	0.05727233
1144	0.0929412	0.128520361	0.057362039
1145	0.0929212	0.128431838	0.057410562
1146	0.0929932	0.128467608	0.057518792
1147	0.0931646	0.128622449	0.057706751
1148	0.0933252	0.128772649	0.057877751
1149	0.0934578	0.128902165	0.058013435
1150	0.0935532	0.129042755	0.058063645
1151	0.0935802	0.129213277	0.057947123
1152	0.093616	0.129370221	0.057861779
1153	0.0937118	0.12952374	0.05789986
1154	0.0938108	0.129666343	0.057955257
1155	0.0939814	0.129720508	0.058242292
1156	0.0941382	0.129770568	0.058505832
1157	0.0943082	0.130101591	0.058514809
1158	0.0944666	0.130431305	0.058501895
1159	0.0945164	0.130540693	0.058492107
1160	0.0945474	0.130605007	0.058489793
1161	0.0946572	0.130684685	0.058629715
1162	0.0947872	0.130762738	0.058811662
1163	0.0949178	0.130993343	0.058842257
1164	0.0950474	0.1313097	0.0587851
1165	0.0951862	0.131529169	0.058843231
1166	0.0953388	0.131668002	0.059009598
1167	0.0954648	0.131826562	0.059103038
1168	0.0955478	0.132008491	0.059087109
1169	0.0956724	0.132233342	0.059111458
1170	0.0959078	0.132578934	0.059236666
1171	0.0961158	0.132865857	0.059365743
1172	0.0962	0.132877386	0.059522614
1173	0.0962794	0.132898493	0.059660307
1174	0.0962846	0.133098793	0.059470407
1175	0.0962896	0.133298073	0.059281127
1176	0.0964454	0.133490912	0.059399888
1177	0.0966106	0.133683531	0.059537669
1178	0.0967522	0.133830651	0.059673749
1179	0.0968894	0.13396988	0.05980892
1180	0.0969968	0.134141272	0.059852328
1181	0.0970916	0.134324519	0.059858681
1182	0.0972038	0.134495514	0.059912086
1183	0.0973292	0.134660617	0.059997783
1184	0.0974714	0.134895335	0.060047465
1185	0.0976254	0.135188901	0.060061899
1186	0.097797	0.135472418	0.060121582
1187	0.0979936	0.135745586	0.060241614
1188	0.0981686	0.135988992	0.060348208
1189	0.0983018	0.136157932	0.060445668
1190	0.0984248	0.136304666	0.060544934
1191	0.0984988	0.136365008	0.060632592
1192	0.0985792	0.136445706	0.060712694
1193	0.0987674	0.136803665	0.060731135
1194	0.0989544	0.137158956	0.060749844
1195	0.0990766	0.137302603	0.060850597
1196	0.0991966	0.137439279	0.060953921
1197	0.0992756	0.137574089	0.060977111
1198	0.0993446	0.137706974	0.060982226
1199	0.0994394	0.137821715	0.061057085
1200	0.099548	0.137927634	0.061168366
1201	0.0996556	0.138066864	0.061244336
1202	0.0997672	0.138238284	0.061296116
1203	0.0998798	0.138451537	0.061308063
1204	0.099982	0.138680754	0.061283246
1205	0.1000838	0.138820768	0.061346832
1206	0.100183	0.138861956	0.061504044
1207	0.1002946	0.13897147	0.06161773
1208	0.1004344	0.139196744	0.061672056
1209	0.1005802	0.139428609	0.061731791
1210	0.1007438	0.139658968	0.061828632
1211	0.1008862	0.139848849	0.061923551
1212	0.1009308	0.139917177	0.061944423
1213	0.1009796	0.139989108	0.061970092
1214	0.101098	0.140093605	0.062102395
1215	0.1012162	0.140198266	0.062234134
1216	0.1012952	0.140390333	0.062200067
1217	0.1013684	0.140582345	0.062154455
1218	0.1014552	0.14069946	0.06221094
1219	0.1015492	0.14080254	0.06229586
1220	0.1016862	0.141012473	0.062359927
1221	0.1018206	0.141251272	0.062389928
1222	0.1019514	0.14142602	0.06247678
1223	0.1020914	0.141570043	0.062612757
1224	0.102212	0.141735527	0.062688473
1225	0.102338	0.141924774	0.062751226
1226	0.102455	0.142071468	0.062838532
1227	0.102521	0.142147517	0.062894483
1228	0.102593	0.142248036	0.062937964
1229	0.102699	0.142419921	0.062978079
1230	0.1027956	0.142571597	0.063019603
1231	0.1028648	0.142660984	0.063068616
1232	0.1029514	0.142778147	0.063124653
1233	0.1031298	0.142990207	0.063269393
1234	0.1032886	0.14319186	0.06338534
1235	0.1033206	0.143359478	0.063281722
1236	0.103356	0.143524837	0.063187163
1237	0.1034678	0.143631591	0.063304009
1238	0.1035792	0.143734959	0.063423441
1239	0.1037236	0.143925426	0.063521774
1240	0.1038718	0.144126373	0.063617227
1241	0.1039516	0.144270204	0.063632996
1242	0.104009	0.144386459	0.063631541
1243	0.1041034	0.144477785	0.063729015
1244	0.104222	0.144571697	0.063872303
1245	0.1043318	0.14470497	0.06395863
1246	0.1044348	0.144847509	0.064022091
1247	0.1045436	0.144996508	0.064090692
1248	0.1046788	0.145201627	0.064155973
1249	0.1047902	0.145385792	0.064194608
1250	0.1048492	0.145498065	0.064200335
1251	0.104922	0.145601555	0.064242445
1252	0.1050048	0.14570536	0.06430424
1253	0.1050702	0.145815877	0.064324523
1254	0.1051108	0.145903405	0.064318195
1255	0.1051872	0.146013981	0.064360419
1256	0.105361	0.146239238	0.064482762
1257	0.1055214	0.146458491	0.064584309
1258	0.1056276	0.146654651	0.064600549
1259	0.105738	0.146854581	0.064621419
1260	0.1058658	0.147003717	0.064727883
1261	0.1060074	0.147157725	0.064857075
1262	0.106129	0.147244733	0.065013267
1263	0.1062238	0.147310322	0.065137278
1264	0.1062336	0.147372521	0.065094679
1265	0.1062228	0.147424784	0.065020816
1266	0.1063176	0.147588749	0.065046451
1267	0.1064616	0.147789361	0.065133839
1268	0.1065594	0.147931206	0.065187594
1269	0.1066376	0.148066116	0.065209084
1270	0.1067356	0.148200752	0.065270448
1271	0.1068432	0.148334908	0.065351492
1272	0.106971	0.148493637	0.065448363
1273	0.1071248	0.148707238	0.065542362
1274	0.107242	0.148918649	0.065565351
1275	0.107315	0.149074199	0.065555801
1276	0.1074066	0.149239945	0.065573255
1277	0.1075234	0.149425804	0.065620996
1278	0.1076634	0.149618681	0.065708119
1279	0.1079236	0.149940088	0.065907112
1280	0.108149	0.150227227	0.066070773
1281	0.1082268	0.150331844	0.066121756
1282	0.1083124	0.150440452	0.066184348
1283	0.108472	0.150672626	0.066271374
1284	0.1086288	0.150915929	0.066341671
1285	0.108709	0.151163901	0.066254099
1286	0.1087758	0.151404936	0.066146664
1287	0.108917	0.15159386	0.06624014
1288	0.1090796	0.151774704	0.066384496
1289	0.1092374	0.151987628	0.066487172
1290	0.109403	0.152212678	0.066593322
1291	0.1095766	0.152426702	0.066726498
1292	0.109712	0.152612163	0.066811837
1293	0.1097566	0.152711914	0.066801286
1294	0.1097926	0.152801567	0.066783633
1295	0.1099186	0.153032206	0.066804994
1296	0.1100964	0.153363066	0.066829734
1297	0.110258	0.153625053	0.066890947
1298	0.1104104	0.15381059	0.06701021
1299	0.110548	0.153997255	0.067098745
1300	0.1106574	0.154172971	0.067141829
1301	0.110773	0.154352095	0.067193905
1302	0.110911	0.154582089	0.067239911
1303	0.1110444	0.154819595	0.067269205
1304	0.1111642	0.154974381	0.067354019
1305	0.1113008	0.155140976	0.067460624
1306	0.111469	0.1553974	0.0675406
1307	0.1116378	0.155664473	0.067611127
1308	0.1117168	0.155821462	0.067612138
1309	0.1117802	0.15595719	0.06760321
1310	0.111869	0.156083126	0.067654874
1311	0.111976	0.15623047	0.06772153
1312	0.1120964	0.15639552	0.06779728
1313	0.1122348	0.156551158	0.067918442
1314	0.1123184	0.156630531	0.068006269
1315	0.1123798	0.156702032	0.068057568
1316	0.1124926	0.156829185	0.068156015
1317	0.1126122	0.156974527	0.068249873
1318	0.1127512	0.15716973	0.06833267
1319	0.112882	0.157379773	0.068384227
1320	0.112895	0.157479882	0.068310118
1321	0.1128786	0.157533582	0.068223618
1322	0.1129398	0.157652325	0.068227275
1323	0.1130454	0.157801481	0.068289319
1324	0.1131112	0.157892245	0.068330155
1325	0.113156	0.15800625	0.06830575
1326	0.1132448	0.15820635	0.06828325
1327	0.1133536	0.158353168	0.068354032
1328	0.1134702	0.158412575	0.068527825
1329	0.1135812	0.158344908	0.068817492
1330	0.1136398	0.158311808	0.068967792
1331	0.113617	0.158533437	0.068700563
1332	0.1136212	0.158739694	0.068502706
1333	0.1136928	0.158862389	0.068523211
1334	0.1137652	0.158988297	0.068542103
1335	0.1137716	0.158938966	0.068604234
1336	0.113769	0.158871518	0.068666482
1337	0.1139396	0.15921259	0.06866661
1338	0.1141644	0.159659048	0.068669752
1339	0.114334	0.159859658	0.068808342
1340	0.1144688	0.159965617	0.068971983
1341	0.1146748	0.160141139	0.069208461
1342	0.1149474	0.160379882	0.069514918
1343	0.1149926	0.160657971	0.069327229
1344	0.1149244	0.1609736	0.0688752
1345	0.1150092	0.161039111	0.068979289
1346	0.11516	0.160930944	0.069389056
1347	0.1152556	0.160969397	0.069541803
1348	0.115429	0.16123804	0.06961996
1349	0.1156948	0.161563079	0.069826521
1350	0.1160738	0.162061541	0.070086059
1351	0.1161618	0.162283657	0.070039943
1352	0.1157208	0.161919817	0.069521783
1353	0.1154364	0.16188354	0.06898926
1354	0.1154626	0.162537528	0.068387672
1355	0.1155086	0.163188498	0.067828702
1356	0.1152292	0.16224766	0.06821074
1357	0.1150016	0.161368882	0.068634318
1358	0.1140446	0.15989422	0.06819498
1359	0.1108126	0.155138569	0.066486631
1360	0.1114432	0.153137414	0.069748986
1361	0.1136292	0.153418632	0.073839768
1362	0.1136772	0.152500911	0.074853489
1363	0.1150862	0.164049442	0.066122958
1364	0.114148	0.170439796	0.057856204
1365	0.1123502	0.177888185	0.046812215
1366	0.1224992	0.193703998	0.051294402
1367	0.1330396	0.212684464	0.053394736
1368	0.120233	0.176718731	0.063747269
1369	0.1079274	0.165286329	0.050568471
1370	0.1042022	0.153007366	0.055397034
1371	0.1028066	0.142371573	0.063241627
1372	0.110191	0.151046152	0.069335848
1373	0.1178868	0.160111904	0.075661696
1374	0.1237306	0.15814441	0.08931679
1375	0.126427	0.156616482	0.096237518
1376	0.1243056	0.163995639	0.084615561
1377	0.1246332	0.178360748	0.070905652
1378	0.119655	0.172224949	0.067085051
1379	0.1110144	0.157554626	0.064474174
1380	0.108279	0.155122678	0.061435322
1381	0.1087854	0.156413981	0.061156819
1382	0.1147562	0.164102328	0.065410072
1383	0.1205562	0.180495292	0.060617108
1384	0.1173942	0.181138686	0.053649714
1385	0.1109756	0.167782896	0.054168304
1386	0.1116284	0.164188816	0.059067984
1387	0.1197156	0.172747667	0.066683533
1388	0.1244056	0.178024717	0.070786483
1389	0.1246884	0.177434664	0.071942136
1390	0.1231018	0.173537302	0.072666298
1391	0.1198822	0.168947666	0.070816734
1392	0.11803	0.16804747	0.06801253
1393	0.1151588	0.16678989	0.06352771
1394	0.113984	0.166666212	0.061301788
1395	0.1193614	0.170105856	0.068616944
1396	0.1230484	0.171674607	0.074422193
1397	0.1198586	0.167204415	0.072512785
1398	0.1175116	0.164871635	0.070151565
1399	0.1206852	0.167728958	0.073641442
1400	0.1229678	0.16976997	0.07616563
1401	0.120089	0.169120849	0.071057151
1402	0.118028	0.169169728	0.066886272
1403	0.1194298	0.168835345	0.070024255
1404	0.1203134	0.167904262	0.072722538
1405	0.1199038	0.166588997	0.073218603
1406	0.1198256	0.165640406	0.074010794
1407	0.1208308	0.166321951	0.075339649
1408	0.12176	0.167446332	0.076073668
1409	0.121667	0.170086758	0.073247242
1410	0.121305	0.172114843	0.070495157
1411	0.1223884	0.17358612	0.07119068
1412	0.123493	0.17481714	0.07216886
1413	0.1239898	0.174989253	0.072990347
1414	0.1245896	0.175224307	0.073954893
1415	0.1246744	0.175447067	0.073901733
1416	0.1245774	0.175544465	0.073610335
1417	0.124571	0.175332327	0.073809673
1418	0.124295	0.174722992	0.073867008
1419	0.1242524	0.174826338	0.073678462
1420	0.1245886	0.175508245	0.073668955
1421	0.1249132	0.175910468	0.073915932
1422	0.125074	0.176153863	0.073994137
1423	0.1251662	0.176218018	0.074114382
1424	0.1253012	0.176104037	0.074498363
1425	0.125419	0.176035363	0.074802637
1426	0.1255534	0.175923363	0.075183437
1427	0.1256482	0.176018149	0.075278251
1428	0.1256526	0.176661287	0.074643913
1429	0.1256426	0.176984279	0.074300921
1430	0.125669	0.17678546	0.07455254
1431	0.1258956	0.176971626	0.074819574
1432	0.1263432	0.177494456	0.075191944
1433	0.1265992	0.177729108	0.075469292
1434	0.126576	0.177660436	0.075491564
1435	0.1266748	0.177771049	0.075578551
1436	0.1269326	0.17820083	0.07566437
1437	0.1271214	0.178639551	0.075603249
1438	0.1270536	0.178841816	0.075265384
1439	0.1269256	0.178883366	0.074967834
1440	0.1270686	0.178721003	0.075416197
1441	0.1273066	0.178660597	0.075952603
1442	0.1273396	0.178936377	0.075742823
1443	0.1273086	0.17920343	0.07541377
1444	0.1273206	0.179309561	0.075331639
1445	0.1273496	0.179404305	0.075294895
1446	0.1275596	0.17975083	0.07536837
1447	0.1277964	0.180092855	0.075499945
1448	0.128025	0.180290028	0.075759972
1449	0.1282198	0.180474699	0.075964901
1450	0.1284272	0.18075104	0.07610336
1451	0.1286242	0.180994452	0.076253948
1452	0.1287702	0.181095696	0.076444704
1453	0.1288824	0.181186832	0.076577968
1454	0.1290192	0.181572663	0.076465737
1455	0.1291756	0.181970084	0.076381116
1456	0.129399	0.182143617	0.076654383
1457	0.1296214	0.182280243	0.076962557
1458	0.1297194	0.182361976	0.077076824
1459	0.1297972	0.18245449	0.07713991
1460	0.1298764	0.182561607	0.077191193
1461	0.1299148	0.18261413	0.07721547
1462	0.1298934	0.182645635	0.077141165
1463	0.1298896	0.182712246	0.077066954
1464	0.130051	0.182951374	0.077150626
1465	0.1302786	0.183298198	0.077259002
1466	0.1303742	0.183583682	0.077164718
1467	0.13043	0.18384028	0.07701972
1468	0.1305336	0.184025088	0.077042112
1469	0.1306154	0.184137283	0.077093517
1470	0.1308062	0.184448675	0.077163725
1471	0.1311052	0.184835174	0.077375226
1472	0.1313464	0.184905981	0.077786819
1473	0.1314788	0.184731486	0.078226114
1474	0.1314868	0.184715701	0.078257899
1475	0.1314372	0.184948658	0.077925742
1476	0.1315608	0.185266503	0.077855097
1477	0.1318802	0.185655944	0.078104456
1478	0.1321058	0.185938153	0.078273447
1479	0.1321692	0.185988075	0.078350325
1480	0.1321842	0.186061218	0.078307182
1481	0.132175	0.186288174	0.078061826
1482	0.1322472	0.186462122	0.078032278
1483	0.1324138	0.186469708	0.078357892
1484	0.1325584	0.186553932	0.078562868
1485	0.1327154	0.186865422	0.078565378
1486	0.1328904	0.187161674	0.078619126
1487	0.1330488	0.18732102	0.07877658
1488	0.1332228	0.187504605	0.078940995
1489	0.1334364	0.187769461	0.079103339
1490	0.133605	0.188001314	0.079208686
1491	0.133743	0.188210434	0.079275566
1492	0.133897	0.188442211	0.079351789
1493	0.1341254	0.188797721	0.079453079
1494	0.1342996	0.189055103	0.079544097
1495	0.1343574	0.189109371	0.079605429
1496	0.1344452	0.189212825	0.079677575
1497	0.134614	0.189500523	0.079727477
1498	0.1347698	0.189771383	0.079768217
1499	0.1348378	0.189865706	0.079809894
1500	0.1348904	0.189921813	0.079858987
1501	0.1349536	0.189916155	0.079991045
1502	0.1350322	0.189961447	0.080102953
1503	0.1352124	0.19025051	0.08017429
1504	0.1353934	0.190531839	0.080254961
1505	0.1354668	0.190690201	0.080243399
1506	0.1355318	0.190828256	0.080235344
1507	0.135678	0.190964713	0.080391287
1508	0.1358332	0.191115625	0.080550775
1509	0.1360202	0.191360977	0.080679423
1510	0.136202	0.19160018	0.08080382
1511	0.136329	0.19177323	0.08088477
1512	0.1364528	0.191945214	0.080960386
1513	0.136602	0.192171306	0.081032694
1514	0.1367432	0.192387283	0.081099117
1515	0.1368738	0.192499384	0.081248216
1516	0.1370104	0.192608213	0.081412587
1517	0.1371002	0.192812195	0.081388205
1518	0.1371874	0.19303441	0.08134039
1519	0.1373716	0.193244495	0.081498705
1520	0.1375574	0.193441224	0.081673576
1521	0.137651	0.193599034	0.081702966
1522	0.1377282	0.193740851	0.081715549
1523	0.1378812	0.193927008	0.081835392
1524	0.138057	0.194138112	0.081975888
1525	0.1382106	0.19443735	0.08198385
1526	0.1383536	0.194744147	0.081963053
1527	0.1385262	0.194909354	0.082143046
1528	0.13871	0.195049689	0.082370311
1529	0.1388666	0.19530644	0.08242676
1530	0.1390136	0.195592663	0.082434537
1531	0.139138	0.195785751	0.082490249
1532	0.1392504	0.195940115	0.082560685
1533	0.1394092	0.196159453	0.082658947
1534	0.1395814	0.1964057	0.0827571
1535	0.1396856	0.196519462	0.082851738
1536	0.1397738	0.196593488	0.082954112
1537	0.1398938	0.196779771	0.083007829
1538	0.1400226	0.196999909	0.083045291
1539	0.1401362	0.197211784	0.083060616
1540	0.1402478	0.197414679	0.083080921
1541	0.1403642	0.197601993	0.083126407
1542	0.1404892	0.197803881	0.083174519
1543	0.1406584	0.197995444	0.083321356
1544	0.14083	0.19817663	0.08348337
1545	0.1409174	0.198292738	0.083542062
1546	0.1409804	0.198377435	0.083583365
1547	0.1410966	0.198550894	0.083642306
1548	0.1412312	0.198755015	0.083707385
1549	0.1413716	0.198976393	0.083766807
1550	0.1415172	0.199223684	0.083810716
1551	0.1416832	0.199458771	0.083907629
1552	0.1418518	0.199685782	0.084017818
1553	0.141978	0.19988303	0.08407297
1554	0.1420894	0.200061755	0.084117045
1555	0.142237	0.200246652	0.084227348
1556	0.1423962	0.200426066	0.084366334
1557	0.1425162	0.200610691	0.084421709
1558	0.1426282	0.200808636	0.084447764
1559	0.1427194	0.200994034	0.084444766
1560	0.1427898	0.20116999	0.08440961
1561	0.1429354	0.201413841	0.084456959
1562	0.143134	0.201695437	0.084572563
1563	0.1433434	0.201919289	0.084767511
1564	0.1435554	0.202125494	0.084985306
1565	0.1437214	0.202320645	0.085122155
1566	0.1438562	0.202483178	0.085229222
1567	0.1440082	0.202688583	0.085327817
1568	0.1441762	0.20294831	0.08540409
1569	0.1442716	0.203123689	0.085419511
1570	0.144329	0.203242626	0.085415374
1571	0.1444976	0.203543329	0.085451871
1572	0.1447268	0.203955358	0.085498242
1573	0.1449292	0.204242381	0.085616019
1574	0.1451204	0.20445218	0.08578862
1575	0.1452912	0.204632978	0.085949422
1576	0.1454412	0.204783303	0.086099097
1577	0.145531	0.204895329	0.086166671
1578	0.145594	0.204996135	0.086191865
1579	0.1457232	0.205237463	0.086208937
1580	0.1458862	0.205572793	0.086199607
1581	0.1460222	0.205768124	0.086276276
1582	0.1461446	0.205870938	0.086418262
1583	0.1462304	0.205921606	0.086539194
1584	0.1462892	0.205934856	0.086643544
1585	0.1464326	0.206131953	0.086733247
1586	0.1466314	0.206444419	0.086818381
1587	0.1467634	0.206637416	0.086889384
1588	0.1468466	0.206755827	0.086937373
1589	0.1470358	0.207029323	0.087042277
1590	0.147309	0.207406988	0.087211012
1591	0.1475364	0.207679163	0.087393637
1592	0.1477306	0.207890743	0.087570457
1593	0.1478726	0.208105335	0.087639865
1594	0.1479718	0.208309107	0.087634493
1595	0.1481026	0.208495446	0.087709754
1596	0.148264	0.208684422	0.087843578
1597	0.1484222	0.2088753	0.0879691
1598	0.1485714	0.209057605	0.088085195
1599	0.1486828	0.20924265	0.08812295
1600	0.1487784	0.209434392	0.088122408
1601	0.1489198	0.209671041	0.088168559
1602	0.149083	0.209932954	0.088233046
1603	0.1492442	0.210130251	0.088358149
1604	0.1494112	0.210290119	0.088532281
1605	0.1495858	0.21051939	0.08865221
1606	0.1497616	0.210792554	0.088730646
1607	0.1498536	0.210969791	0.088737409
1608	0.149895	0.211084131	0.088705869
1609	0.1501208	0.211412093	0.088829507
1610	0.1504486	0.211859876	0.089037324
1611	0.1506504	0.212132135	0.089168665
1612	0.1507884	0.212316266	0.089260534
1613	0.1508482	0.212477764	0.089218636
1614	0.1508676	0.212624349	0.089110851
1615	0.1510372	0.212861289	0.089213111
1616	0.1512776	0.213137534	0.089417666
1617	0.15151	0.213462401	0.089557599
1618	0.151739	0.2138138	0.0896642
1619	0.1518704	0.214006954	0.089733846
1620	0.1519566	0.214125948	0.089787252
1621	0.1521748	0.214371038	0.089978562
1622	0.1524516	0.214671674	0.090231526
1623	0.1526112	0.214927056	0.090295344
1624	0.1527218	0.215163857	0.090279743
1625	0.1529002	0.215296963	0.090503437
1626	0.1531062	0.215390129	0.090822271
1627	0.1532826	0.215761447	0.090803753
1628	0.1534486	0.216237542	0.090659658
1629	0.1536704	0.216559075	0.090781725
1630	0.1539128	0.216829175	0.090996425
1631	0.154098	0.217035082	0.091160918
1632	0.1542662	0.217222263	0.091310137
1633	0.1543558	0.21730898	0.09140262
1634	0.154423	0.217367004	0.091478996
1635	0.1545382	0.217642067	0.091434333
1636	0.1546658	0.217980631	0.091350969
1637	0.1549176	0.218276881	0.091558319
1638	0.1552036	0.218561966	0.091845234
1639	0.1554202	0.218800965	0.092039435
1640	0.155625	0.219038895	0.092211105
1641	0.155776	0.21932401	0.09222799
1642	0.1559178	0.219616201	0.092219399
1643	0.1561062	0.219832908	0.092379492
1644	0.1563034	0.220040886	0.092565914
1645	0.1564492	0.220323957	0.092574443
1646	0.1565852	0.220614305	0.092556095
1647	0.1568534	0.221039868	0.092666932
1648	0.1571406	0.221486207	0.092794993
1649	0.1572726	0.221707138	0.092838062
1650	0.1573886	0.221906392	0.092870808
1651	0.1574	0.221967318	0.092832682
1652	0.157403	0.222013417	0.092792583
1653	0.157589	0.222263321	0.092914679
1654	0.1577822	0.222524011	0.093040389
1655	0.1579818	0.222707677	0.093255923
1656	0.1581896	0.22289736	0.09348184
1657	0.158476	0.223297981	0.093654019
1658	0.1587546	0.223695229	0.093813971
1659	0.1587508	0.223782915	0.093718685
1660	0.1587556	0.223882354	0.093628846
1661	0.1590062	0.224303686	0.093708714
1662	0.1592584	0.22470771	0.09380909
1663	0.1594896	0.224903633	0.094075567
1664	0.1597128	0.225102832	0.094322768
1665	0.1598086	0.225197224	0.094419976
1666	0.1599022	0.225303469	0.094500931
1667	0.1599776	0.225557715	0.094397485
1668	0.1600842	0.225829116	0.094339284
1669	0.1603992	0.226177941	0.094620459
1670	0.1606998	0.226500513	0.094899087
1671	0.1609428	0.22672329	0.09516231
1672	0.1612018	0.226994662	0.095408938
1673	0.1614784	0.227422198	0.095534602
1674	0.1617286	0.227804743	0.095652457
1675	0.1619134	0.228055963	0.095770837
1676	0.162097	0.228314086	0.095879914
1677	0.162258	0.228583157	0.095932843
1678	0.1624456	0.228907103	0.095984097
1679	0.1626936	0.229342585	0.096044615
1680	0.1628854	0.229657183	0.096113617
1681	0.162974	0.229714566	0.096233434
1682	0.1630838	0.229807425	0.096360175
1683	0.1632066	0.229935774	0.096477426
1684	0.1633482	0.230161944	0.096534456
1685	0.163555	0.230600369	0.096509631
1686	0.1637498	0.230913807	0.096585793
1687	0.1639126	0.231046666	0.096778534
1688	0.1641144	0.231328629	0.096900171
1689	0.1643524	0.231765922	0.096938878
1690	0.164566	0.232096977	0.097035023
1691	0.1647628	0.232318211	0.097207389
1692	0.1649046	0.232542473	0.097266727
1693	0.164984	0.232746154	0.097221846
1694	0.1650976	0.232959181	0.097236019
1695	0.1652586	0.233230124	0.097287076
1696	0.1653848	0.23341998	0.09734962
1697	0.16546	0.23351675	0.09740325
1698	0.1655938	0.233675436	0.097512164
1699	0.1657822	0.233881472	0.097682928
1700	0.1658624	0.234064044	0.097660756
1701	0.1658858	0.234243544	0.097528056
1702	0.1660768	0.234461437	0.097692163
1703	0.166333	0.234683556	0.097982444
1704	0.1665156	0.234834974	0.098196226
1705	0.166674	0.2349532	0.0983948
1706	0.1667492	0.235091878	0.098406522
1707	0.1668042	0.235263015	0.098345385
1708	0.1669044	0.235399263	0.098409537
1709	0.1670168	0.235518474	0.098515126
1710	0.167204	0.235766221	0.098641779
1711	0.1673996	0.236040881	0.098758319
1712	0.167559	0.236293544	0.098824456
1713	0.1677204	0.236541785	0.098899015
1714	0.1678576	0.236745187	0.098970013
1715	0.167995	0.23695653	0.09903347
1716	0.1681032	0.237219157	0.098987243
1717	0.1682164	0.23748745	0.09894535
1718	0.1684562	0.237801736	0.099110664
1719	0.1686968	0.238114992	0.099278608
1720	0.1687476	0.238192067	0.099303133
1721	0.1687848	0.238246765	0.099322835
1722	0.1690394	0.238513584	0.099565216
1723	0.1692666	0.238785932	0.099747268
1724	0.1692798	0.238997212	0.099562388
1725	0.1693616	0.239238487	0.099484713
1726	0.1696142	0.239483666	0.099744734
1727	0.169814	0.239679405	0.099948595
1728	0.169877	0.239728276	0.100025724
1729	0.1699386	0.23977508	0.10010212
1730	0.169974	0.239876473	0.100071527
1731	0.1700402	0.240009416	0.100070984
1732	0.170207	0.240209388	0.100204612
1733	0.1702838	0.240373058	0.100194542
1734	0.1701884	0.240418466	0.099958334
1735	0.1702052	0.240515296	0.099895104
1736	0.1703872	0.240745267	0.100029133
1737	0.1704858	0.240881912	0.100089688
1738	0.170481	0.24088634	0.10007566
1739	0.1705978	0.241101064	0.100094536
1740	0.1708386	0.241487552	0.100189648
1741	0.1710438	0.241706348	0.100381252
1742	0.1711846	0.241793784	0.100575416
1743	0.171286	0.241929857	0.100642143
1744	0.1713996	0.242117955	0.100681245
1745	0.1715522	0.24233804	0.10076636
1746	0.1717304	0.242559311	0.100901489
1747	0.1718622	0.242762429	0.100961971
1748	0.1719456	0.242960245	0.100930955
1749	0.1721462	0.243230548	0.101061852
1750	0.172392	0.243527018	0.101256982
1751	0.1726666	0.244036732	0.101296468
1752	0.1729706	0.244627692	0.101313508
1753	0.1729022	0.244574122	0.101230278
1754	0.172779	0.244404702	0.101153298
1755	0.1728986	0.244502559	0.101294641
1756	0.1730244	0.24461813	0.10143067
1757	0.1731284	0.244612899	0.101643901
1758	0.1732462	0.244654698	0.101837702
1759	0.1735884	0.24519866	0.10197814
1760	0.1739158	0.245697493	0.102134107
1761	0.1739226	0.245576825	0.102268375
1762	0.173951	0.245533322	0.102368678
1763	0.1740266	0.245838696	0.102214504
1764	0.1741322	0.24611467	0.10214973
1765	0.1743588	0.246349158	0.102368442
1766	0.1745078	0.246594512	0.102421088
1767	0.1745134	0.246853961	0.102172839
1768	0.1746094	0.247089635	0.102129165
1769	0.1747564	0.247153871	0.102358929
1770	0.1748376	0.24719533	0.10247987
1771	0.1749434	0.247374123	0.102512677
1772	0.1751412	0.247654734	0.102627666
1773	0.1753848	0.247932344	0.102837256
1774	0.1755054	0.248109724	0.102901076
1775	0.1756	0.248292018	0.102907982
1776	0.1757454	0.248567818	0.102922982
1777	0.1758036	0.248810146	0.102797054
1778	0.1758968	0.24876318	0.10303042
1779	0.1760846	0.248625795	0.103543405
1780	0.176327	0.248904214	0.103749786
1781	0.1765588	0.249328827	0.103788773
1782	0.1765982	0.249449376	0.103747024
1783	0.1765838	0.249524029	0.103643571
1784	0.1767328	0.249819275	0.103646325
1785	0.1769184	0.250103356	0.103733444
1786	0.177047	0.250312226	0.103781774
1787	0.1771778	0.250529793	0.103825807
1788	0.1773592	0.250687748	0.104030652
1789	0.1774848	0.25078378	0.10418582
1790	0.1773166	0.250740275	0.103892925
1791	0.1772454	0.250820076	0.103670724
1792	0.177605	0.251175312	0.104034688
1793	0.1778832	0.251483646	0.104282754
1794	0.1774744	0.251359731	0.103589069
1795	0.177237	0.251347455	0.103126545
1796	0.1775076	0.251477057	0.103538143
1797	0.1777084	0.251498883	0.103917917
1798	0.1779346	0.251547616	0.104321584
1799	0.1783078	0.251789136	0.104826464
1800	0.1789446	0.252354564	0.105534636
1801	0.1902178	0.263657371	0.116778229
1802	0.1912672	0.264339817	0.118194583
1803	0.1891376	0.26540259	0.11287261
1804	0.185469	0.266104719	0.104833281
1805	0.1811942	0.266731956	0.095656444
1806	0.1786992	0.269269331	0.088129069
1807	0.1834206	0.271758363	0.095082837
1808	0.1854142	0.267859152	0.102969248
1809	0.1797124	0.259973341	0.099451459
1810	0.1768876	0.253567262	0.100207938
1811	0.1778618	0.248814064	0.106909536
1812	0.1847372	0.255263386	0.114211014
1813	0.1925946	0.268935412	0.116253788
1814	0.1913892	0.270603414	0.112174986
1815	0.1796414	0.249778101	0.109504699
1816	0.173118	0.232664465	0.113571535
1817	0.1768466	0.23252511	0.12116809
1818	0.1723786	0.211640936	0.133116264
1819	0.1738138	0.2146296	0.132998
1820	0.1776824	0.228821847	0.126542953
1821	0.1770856	0.245042949	0.109128251
1822	0.1729228	0.256025133	0.089820467
1823	0.1644906	0.236609571	0.092371629
1824	0.1400158	0.198915261	0.081116339
1825	0.1142628	0.193305194	0.035220406
1826	0.1193904	0.23709183	0.00168897
1827	0.1316632	0.267797175	-0.004470775
1828	0.130096	0.261663677	-0.001471677
1829	0.1236584	0.208333579	0.038983221
1830	0.1201356	0.165259628	0.075011572
1831	0.1208082	0.204632805	0.036983595
1832	0.1271574	0.241554418	0.012760382
1833	0.1471986	0.305805103	-0.011407903
1834	0.151688	0.273610428	0.029765572
1835	0.2278742	0.36944792	0.08630048
1836	0.311374	0.506657823	0.116090177
1837	0.2593074	0.496132118	0.022482682
1838	0.3033926	0.599209172	0.007576028
1839	0.8932886	1.71347633	0.07310087
1840	0.8263176	1.566688551	0.085946649
1841	0.4522256	0.9192287	-0.0147775
1842	0.2437488	0.442593771	0.044903829
1843	0.2424854	0.323345929	0.161624871
1844	0.423098	0.659873842	0.186322158
1845	0.5937022	0.950420027	0.236984373
1846	0.7543588	1.041594586	0.467123014
1847	0.927345	1.481550905	0.373139095
1848	0.982484	1.698018586	0.266949414
1849	0.8129914	1.348609932	0.277372868
1850	0.7037258	1.269106591	0.138345009
1851	1.3560712	2.51908791	0.19305449
1852	4.1879378	7.709691762	0.666183838
1853	2.5864606	4.779228701	0.393692499
1854	1.4317126	2.297463759	0.565961441
1855	0.9276822	1.35526167	0.50010273
1856	0.6025812	0.903260621	0.301901779
1857	0.4477228	0.736598912	0.158846688
1858	0.5315584	0.959826615	0.103290185
1859	0.5682858	1.209422278	-0.072850678
1860	0.3066426	0.622175711	-0.008890511
1861	0.3036346	0.651263195	-0.043993995
1862	0.573861	1.345559315	-0.197837315
1863	0.9986308	1.790495143	0.206766457
1864	1.3005572	2.080839564	0.520274836
1865	1.028505	1.612792545	0.444217455
1866	0.9010908	1.327866183	0.474315417
1867	0.8829348	1.169552985	0.596316615
1868	0.7229074	1.079383604	0.366431196
1869	0.4525098	0.882551535	0.022468065
1870	0.514562	1.084453434	-0.055329434
1871	0.612014	1.265896497	-0.041868497
1872	0.7828548	1.396099614	0.169609986
1873	0.9400666	1.467527228	0.412605972
1874	0.6170332	0.882538686	0.351527714
1875	0.4449308	0.633480903	0.256380697
1876	0.340312	0.507705274	0.172918726
1877	0.3013094	0.480794354	0.121824446
1878	0.2727814	0.404655579	0.140907221
1879	0.2271476	0.403533723	0.050761477
1880	0.241033	0.514634891	-0.032568891
1881	0.3010996	0.589441124	0.012758076
1882	0.35396	0.678521775	0.029398225
1883	0.28019	0.543766222	0.016613778
1884	0.2029112	0.421171575	-0.015349175
1885	0.1991228	0.352987648	0.045257952
1886	0.224138	0.380854062	0.067421938
1887	0.2309226	0.385818645	0.076026555
1888	0.2106454	0.366095453	0.055195347
1889	0.1864896	0.306526465	0.066452735
1890	0.163238	0.221381513	0.105094487
1891	0.1446854	0.256924977	0.032445823
1892	0.1540238	0.255299632	0.052747968
1893	0.1667824	0.286604973	0.046959827
1894	0.1867556	0.309832241	0.063678959
1895	0.2155918	0.382272551	0.048911049
1896	0.2662498	0.487429728	0.045069872
1897	0.3446966	0.574115682	0.115277518
1898	0.3957836	0.624457294	0.167109906
1899	0.3842836	0.575920652	0.192646548
1900	0.3926512	0.598966839	0.186335561
1901	0.312554	0.526482126	0.098625874
1902	0.2034734	0.410417897	-0.003471097
1903	0.1982126	0.391765519	0.004659681
1904	0.213084	0.463530555	-0.037362555
1905	0.1616116	0.314229928	0.008993272
1906	0.1063894	0.192758296	0.020020504
1907	0.0958054	0.209359985	-0.017749185
1908	0.1420764	0.334564008	-0.050411208
1909	0.2441198	0.523626353	-0.035386753
1910	0.3540158	0.66242691	0.04560469
1911	0.4343542	0.735426044	0.133282356
1912	0.4217002	0.586245396	0.257155004
1913	0.408166	0.527894665	0.288437335
1914	0.3683978	0.468275722	0.268519878
1915	0.3419796	0.470810607	0.213148593
1916	0.300013	0.408719503	0.191306497
1917	0.2593172	0.331003013	0.187631387
1918	0.231536	0.288795312	0.174276688
1919	0.2207522	0.285019926	0.156484474
1920	0.210563	0.27750169	0.14362431
1921	0.2149852	0.269813661	0.160156739
1922	0.2198698	0.286297105	0.153442495
1923	0.2169344	0.283237674	0.150631126
1924	0.2124354	0.283012309	0.141858491
1925	0.2120396	0.285463469	0.138615731
1926	0.2077148	0.286141201	0.129288399
1927	0.2100512	0.288949329	0.131153071
1928	0.221345	0.292989058	0.149700942
1929	0.2211136	0.288743264	0.153483936
1930	0.2047466	0.272934104	0.136559096
1931	0.1946924	0.264602703	0.124782097
1932	0.1968242	0.275875194	0.117773206
1933	0.198647	0.285888517	0.111405483
1934	0.1997876	0.287533682	0.112041518
1935	0.2019096	0.291211869	0.112607331
1936	0.2038534	0.293784255	0.113922545
1937	0.2053354	0.296234712	0.114436088
1938	0.207994	0.298597028	0.117390972
1939	0.211981	0.299968482	0.123993518
1940	0.2134186	0.299274068	0.127563132
1941	0.2080628	0.291686839	0.124438761
1942	0.2032922	0.285103928	0.121480472
1943	0.2005674	0.288992023	0.112142777
1944	0.1981412	0.292699644	0.103582756
1945	0.1992118	0.295121263	0.103302337
1946	0.2007806	0.296809738	0.104751462
1947	0.2015124	0.296737554	0.106287246
1948	0.2017418	0.295589049	0.107894551
1949	0.2025234	0.294689133	0.110357667
1950	0.2039634	0.293975819	0.113950981
1951	0.2054216	0.294170282	0.116672918
1952	0.2075976	0.298733699	0.116461501
1953	0.2097382	0.303437879	0.116038521
1954	0.2097502	0.299461585	0.120038815
1955	0.2097062	0.295477719	0.123934681
1956	0.209892	0.296286488	0.123497512
1957	0.2101138	0.298384598	0.121843002
1958	0.210087	0.29906398	0.12111002
1959	0.2098916	0.298801577	0.120981623
1960	0.2100554	0.299518456	0.120592344
1961	0.210808	0.301711523	0.119904477
1962	0.211778	0.303598424	0.119957576
1963	0.2144214	0.305029481	0.123813319
1964	0.2167108	0.306376653	0.127044947
1965	0.216743	0.306050109	0.127435891
1966	0.216611	0.305652302	0.127569698
1967	0.2151906	0.303710873	0.126670327
1968	0.213505	0.30136962	0.12564038
1969	0.212945	0.301000019	0.124889981
1970	0.2132672	0.3023165	0.1242179
1971	0.2134104	0.303371816	0.123448984
1972	0.2132228	0.304062791	0.122382809
1973	0.2130924	0.304680199	0.121504601
1974	0.2130444	0.304165603	0.121923197
1975	0.2130002	0.303704781	0.122295619
1976	0.2131506	0.304145118	0.122156082
1977	0.2132968	0.304622473	0.121971127
1978	0.2134744	0.304747563	0.122201237
1979	0.2137512	0.304912711	0.122589689
1980	0.2139522	0.305129787	0.122774613
1981	0.2140214	0.305307869	0.122734931
1982	0.2143196	0.305858513	0.122780687
1983	0.2153132	0.307334979	0.123291421
1984	0.2162464	0.308774329	0.123718471
1985	0.2162018	0.309316528	0.123087072
1986	0.2161566	0.309854968	0.122458232
1987	0.21603	0.309621666	0.122438334
1988	0.21593	0.309409199	0.122450801
1989	0.2159992	0.309085059	0.122913341
1990	0.2161546	0.308647029	0.123662171
1991	0.2168434	0.308634914	0.125051886
1992	0.2179736	0.309135729	0.126811471
1993	0.2187174	0.309401778	0.128033022
1994	0.218583	0.309199151	0.127966849
1995	0.218257	0.309111208	0.127402792
1996	0.2171588	0.310166459	0.124151141
1997	0.2159548	0.311390128	0.120519472
1998	0.2163304	0.310503176	0.122157624
1999	0.2168744	0.3090781	0.1246707
2000	0.2172104	0.30877487	0.12564593
2001	0.2177452	0.30886506	0.12662534
2002	0.2177778	0.308693363	0.126862237
2003	0.2165434	0.30800211	0.12508469
2004	0.2147906	0.306713642	0.122867558
2005	0.2141276	0.306964274	0.121290926
2006	0.2142106	0.308119561	0.120301639
2007	0.2162498	0.311214676	0.121284924
2008	0.2186166	0.314675777	0.122557423
2009	0.2207662	0.317251846	0.124280554
2010	0.2225022	0.319342457	0.125661943
2011	0.2219714	0.31923006	0.12471274
2012	0.221874	0.319065333	0.124682667
2013	0.2216334	0.318627304	0.124639496
2014	0.2210552	0.318586472	0.123523928
2015	0.2211222	0.318854576	0.123389824
2016	0.2219014	0.319872102	0.123930698
2017	0.2229762	0.321138704	0.124813696
2018	0.2245746	0.322417579	0.126731621
2019	0.2260446	0.323986457	0.128102743
2020	0.2269066	0.325483905	0.128329295
2021	0.227557	0.326646505	0.128467495
2022	0.2274666	0.326405589	0.128527611
2023	0.2273688	0.326197855	0.128539745
2024	0.2271594	0.32563994	0.12867886
2025	0.2273748	0.325319942	0.129429658
2026	0.2278336	0.325064681	0.130602519
2027	0.2279822	0.324602414	0.131361986
2028	0.2281648	0.324455893	0.131873707
2029	0.2282934	0.324565345	0.132021455
2030	0.2282488	0.324505163	0.131992437
2031	0.2282156	0.3245052	0.131926
2032	0.2281766	0.324570885	0.131782315
2033	0.2282098	0.324923073	0.131496527
2034	0.2282696	0.325282367	0.131256833
2035	0.2288662	0.326115413	0.131616987
2036	0.2294554	0.327100339	0.131810461
2037	0.2290156	0.327254569	0.130776631
2038	0.2281798	0.327000011	0.129359589
2039	0.2281606	0.327068143	0.129253057
2040	0.2286816	0.327404171	0.129959029
2041	0.2289624	0.327712916	0.130211884
2042	0.2286014	0.32758216	0.12962064
2043	0.2282308	0.327424643	0.129036957
2044	0.2283088	0.32735512	0.12926248
2045	0.2284072	0.327395023	0.129419377
2046	0.2283596	0.32832014	0.12839906
2047	0.2283258	0.329440635	0.127210965
2048	0.2288016	0.330980237	0.126622963
2049	0.2296064	0.333186751	0.126026049
2050	0.2297942	0.333074562	0.126513838
2051	0.2293214	0.33112855	0.12751425
2052	0.2294778	0.330411675	0.128543925
2053	0.2304968	0.331076668	0.129916932
2054	0.2315362	0.332274957	0.130797443
2055	0.2315128	0.332815745	0.130209855
2056	0.2312662	0.332934436	0.129597964
2057	0.23151	0.333487499	0.129532501
2058	0.2320636	0.33429342	0.12983378
2059	0.2329	0.33444408	0.13135592
2060	0.2334248	0.334278671	0.132570929
2061	0.2333648	0.333368089	0.133361511
2062	0.2332552	0.331885383	0.134625017
2063	0.2331868	0.331225537	0.135148063
2064	0.2336358	0.332395137	0.134876463
2065	0.2334172	0.33320167	0.13363273
2066	0.2326836	0.333100415	0.132266785
2067	0.232112	0.332582833	0.131641167
2068	0.2317986	0.331873532	0.131723668
2069	0.2319382	0.331832541	0.132043859
2070	0.232647	0.332289241	0.133004759
2071	0.2332294	0.332601435	0.133857365
2072	0.2337522	0.332861582	0.134642818
2073	0.2343204	0.333077592	0.135563208
2074	0.2350394	0.333902852	0.136175948
2075	0.2356162	0.334897822	0.136334578
2076	0.2360488	0.335623434	0.136474166
2077	0.236462	0.336455987	0.136468013
2078	0.2364718	0.336981181	0.135962419
2079	0.2369586	0.337534843	0.136382357
2080	0.2374986	0.338096247	0.136900953
2081	0.2377318	0.338781648	0.136681952
2082	0.2381568	0.339704597	0.136609003
2083	0.238565	0.340497354	0.136632646
2084	0.2388504	0.341082052	0.136618748
2085	0.2387334	0.340833599	0.136633201
2086	0.2385504	0.340394227	0.136706573
2087	0.2386196	0.339795803	0.137443397
2088	0.238863	0.339578259	0.138147741
2089	0.2386268	0.3395085	0.1377451
2090	0.2384254	0.339581777	0.137269023
2091	0.2386882	0.339825732	0.137550668
2092	0.23859	0.339604021	0.137575979
2093	0.2384682	0.339625153	0.137311247
2094	0.2387194	0.340623807	0.136814993
2095	0.2387812	0.341426456	0.136135944
2096	0.2389666	0.341172589	0.136760611
2097	0.2393638	0.34101732	0.13771028
2098	0.2403024	0.341921545	0.138683255
2099	0.241262	0.343061452	0.139462548
2100	0.2417926	0.344413853	0.139171347
2101	0.2421	0.345801444	0.138398556
2102	0.2419584	0.345945558	0.137971242
2103	0.242114	0.345566498	0.138661502
2104	0.2423156	0.345155133	0.139476067
2105	0.242387	0.345310028	0.139463972
2106	0.2429244	0.34570878	0.14014002
2107	0.243455	0.345692541	0.141217459
2108	0.2438478	0.346185363	0.141510237
2109	0.2440962	0.347128443	0.141063957
2110	0.2439824	0.347438591	0.140526209
2111	0.2428954	0.346216842	0.139573958
2112	0.2420268	0.345193292	0.138860308
2113	0.2426088	0.345939423	0.139278177
2114	0.2434518	0.347086703	0.139816897
2115	0.2442734	0.348192414	0.140354386
2116	0.245056	0.349246225	0.140865775
2117	0.2455136	0.350225271	0.140801929
2118	0.246051	0.351278909	0.140823091
2119	0.2462766	0.352118947	0.140434253
2120	0.2463002	0.352320069	0.140280331
2121	0.24641	0.351796143	0.141023857
2122	0.2463436	0.35124877	0.14143843
2123	0.2462544	0.350909947	0.141598853
2124	0.2461734	0.350882674	0.141464126
2125	0.2462932	0.351530371	0.141056029
2126	0.246763	0.35268584	0.14084016
2127	0.2472048	0.353441653	0.140967947
2128	0.2475418	0.353810471	0.141273129
2129	0.2478698	0.354388623	0.141350977
2130	0.2482238	0.354732433	0.141715167
2131	0.2486552	0.354908508	0.142401892
2132	0.248639	0.354715378	0.142562622
2133	0.2486474	0.35451166	0.14278314
2134	0.248733	0.354729114	0.142736886
2135	0.2488106	0.355132013	0.142489187
2136	0.2492336	0.355759985	0.142707215
2137	0.2497946	0.356798747	0.142790453
2138	0.250178	0.357500798	0.142855202
2139	0.2501626	0.358063756	0.142261444
2140	0.2503484	0.35906123	0.14163557
2141	0.2510946	0.360680406	0.141508794
2142	0.2517742	0.362094413	0.141453987
2143	0.251939	0.361947414	0.141930586
2144	0.2519634	0.361284034	0.142642766
2145	0.2517274	0.36034217	0.14311263
2146	0.2514946	0.359648199	0.143341001
2147	0.2520826	0.359721873	0.144443327
2148	0.2528164	0.359887063	0.145745737
2149	0.2531302	0.360110837	0.146149563
2150	0.253425	0.360322249	0.146527751
2151	0.2533342	0.359900875	0.146767525
2152	0.2528822	0.359286733	0.146477667
2153	0.2524596	0.359083402	0.145835798
2154	0.2521752	0.359533808	0.144816592
2155	0.2520716	0.359949935	0.144193265
2156	0.2519744	0.35959251	0.14435629
2157	0.2517702	0.359307361	0.144233039
2158	0.2510084	0.358847422	0.143169378
2159	0.2502314	0.358088608	0.142374192
2160	0.2501018	0.357358292	0.142845308
2161	0.2501518	0.357040105	0.143263495
2162	0.2505534	0.357822705	0.143284095
2163	0.2512932	0.358942518	0.143643882
2164	0.2518904	0.359731994	0.144048806
2165	0.2523732	0.360254152	0.144492248
2166	0.2524706	0.360368528	0.144572672
2167	0.252153	0.35981671	0.14448929
2168	0.2519678	0.35911423	0.14482137
2169	0.2519092	0.358928127	0.144890273
2170	0.2518212	0.359070424	0.144571976
2171	0.251272	0.358945154	0.143598846
2172	0.2506334	0.358465	0.1428018
2173	0.2510008	0.35869672	0.14330488
2174	0.2516616	0.359280617	0.144042583
2175	0.2519028	0.359556049	0.144249551
2176	0.251913	0.359585315	0.144240685
2177	0.2517828	0.3592941	0.1442715
2178	0.2515794	0.3588394	0.1443194
2179	0.251342	0.358364774	0.144319226
2180	0.2512712	0.358209846	0.144332554
2181	0.251065	0.358336212	0.143793788
2182	0.2507268	0.357994528	0.143459072
2183	0.2510928	0.358530992	0.143654608
2184	0.252009	0.359775534	0.144242466
2185	0.2526462	0.36067994	0.14461246
2186	0.2533066	0.361587337	0.145025863
2187	0.2537362	0.361965607	0.145506793
2188	0.2530584	0.361284119	0.144832681
2189	0.2524836	0.360582978	0.144384222
2190	0.2520996	0.359897573	0.144301627
2191	0.251832	0.359302241	0.144361759
2192	0.25175	0.359099881	0.144400119
2193	0.251667	0.358938946	0.144395054
2194	0.2521226	0.358726998	0.145518202
2195	0.2527476	0.358538662	0.146956538
2196	0.2524484	0.358218908	0.146677892
2197	0.2518126	0.357775231	0.145849969
2198	0.252167	0.358252956	0.146081044
2199	0.2527796	0.3592134	0.1463458
2200	0.2528946	0.360143941	0.145645259
2201	0.2527102	0.360649046	0.144771354
2202	0.2522978	0.360916594	0.143679006
2203	0.2520538	0.361051259	0.143056341
2204	0.2519346	0.360823473	0.143045727
2205	0.2518376	0.360513389	0.143161811
2206	0.2517276	0.36034378	0.14311142
2207	0.2521188	0.360977227	0.143260373
2208	0.2530498	0.361824675	0.144274925
2209	0.2537848	0.361875049	0.145694551
2210	0.2539498	0.36144011	0.14645949
2211	0.253626	0.360474827	0.146777173
2212	0.2534728	0.359748623	0.147196977
2213	0.2541782	0.360718554	0.147637846
2214	0.2550184	0.362134417	0.147902383
2215	0.2549014	0.362809992	0.146992808
2216	0.2546794	0.36331738	0.14604142
2217	0.2551432	0.363723483	0.146562917
2218	0.2551954	0.363515133	0.146875667
2219	0.2553014	0.363506679	0.147096121
2220	0.2551398	0.36341855	0.14686105
2221	0.2547776	0.36309665	0.14645855
2222	0.255238	0.363558203	0.146917797
2223	0.2553306	0.36384019	0.14682101
2224	0.2548284	0.363556655	0.146100145
2225	0.2544254	0.363097329	0.145753471
2226	0.254064	0.36246228	0.14566572
2227	0.2537524	0.362045702	0.145459098
2228	0.2536936	0.36227383	0.14511337
2229	0.253688	0.362422077	0.144953923
2230	0.2537206	0.36205765	0.14538355
2231	0.2539126	0.36194603	0.14587917
2232	0.2543884	0.362951769	0.145825031
2233	0.2546436	0.363893958	0.145393242
2234	0.2541008	0.363225809	0.144975791
2235	0.2535426	0.362198636	0.144886564
2236	0.2535052	0.362133968	0.144876432
2237	0.253665	0.36238683	0.14494317
2238	0.2543186	0.362545632	0.146091568
2239	0.2550296	0.362676153	0.147383047
2240	0.2553808	0.362769824	0.147991776
2241	0.2557718	0.363013044	0.148530556
2242	0.256559	0.363526606	0.149591394
2243	0.2569822	0.363871817	0.150092583
2244	0.2571988	0.364148343	0.150249257
2245	0.2573024	0.364485118	0.150119682
2246	0.257216	0.364789518	0.149642482
2247	0.2575044	0.365092598	0.149916202
2248	0.2575094	0.365000178	0.150018622
2249	0.2564952	0.364018641	0.148971759
2250	0.255691	0.36350082	0.14788118
2251	0.2560904	0.364313731	0.147867069
2252	0.2567434	0.365029677	0.148457123
2253	0.2574214	0.365415249	0.149427551
2254	0.2579216	0.365677128	0.150166072
2255	0.2576716	0.365162502	0.150180698
2256	0.2573414	0.364547924	0.150134876
2257	0.2577978	0.364505501	0.151090099
2258	0.2583812	0.364744019	0.152018381
2259	0.2581194	0.365398686	0.150840114
2260	0.2577092	0.365722802	0.149695598
2261	0.2584308	0.367363263	0.149498337
2262	0.25959	0.36936582	0.14981418
2263	0.2603724	0.370642691	0.150102109
2264	0.2605476	0.371384383	0.149710817
2265	0.2601388	0.370696585	0.149581015
2266	0.2596418	0.36934694	0.14993666
2267	0.2592296	0.368389704	0.150069496
2268	0.2586132	0.367394349	0.149832051
2269	0.2580478	0.366077176	0.150018424
2270	0.2586646	0.366135382	0.151193818
2271	0.259149	0.366507925	0.151790075
2272	0.258352	0.366316041	0.150387959
2273	0.2574842	0.366151271	0.148817129
2274	0.2570896	0.366329727	0.147849473
2275	0.257048	0.366736884	0.147359116
2276	0.2575928	0.367613098	0.147572502
2277	0.2579794	0.368332453	0.147626347
2278	0.258099	0.368135448	0.148062552
2279	0.2584752	0.367938877	0.149011523
2280	0.2593652	0.368562368	0.150168032
2281	0.260174	0.369383539	0.150964461
2282	0.2610248	0.37100577	0.15104383
2283	0.261637	0.372757371	0.150516629
2284	0.261805	0.373969992	0.149640008
2285	0.2625186	0.375394988	0.149642212
2286	0.2627236	0.374873586	0.150573614
2287	0.2622824	0.373268283	0.151296517
2288	0.2627342	0.373198929	0.152269471
2289	0.2639892	0.37394015	0.15403825
2290	0.2642926	0.374117932	0.154467268
2291	0.2631864	0.373286142	0.153086658
2292	0.2625302	0.372256217	0.152804183
2293	0.2624994	0.37209068	0.15290812
2294	0.262333	0.372268741	0.152397259
2295	0.2624096	0.371892317	0.152926883
2296	0.2626592	0.371768602	0.153549798
2297	0.2634778	0.372737798	0.154217802
2298	0.2642168	0.373700704	0.154732896
2299	0.264668	0.374522473	0.154813527
2300	0.2649756	0.375073965	0.154877235
2301	0.2644922	0.375096041	0.153888359
2302	0.2639596	0.375096417	0.152822783
2303	0.2642326	0.375439931	0.153025269
2304	0.2647	0.375966447	0.153433553
2305	0.2653914	0.3772707	0.1535121
2306	0.2661754	0.378780915	0.153569885
2307	0.2663482	0.379332669	0.153363731
2308	0.2663682	0.37971432	0.15302208
2309	0.2666102	0.380092726	0.153127674
2310	0.2666884	0.379851929	0.153524871
2311	0.2667012	0.379589289	0.153813111
2312	0.2664888	0.378963878	0.154013722
2313	0.2663128	0.37815652	0.15446908
2314	0.2662954	0.377813955	0.154776845
2315	0.2670328	0.378584535	0.155481065
2316	0.2677586	0.380058191	0.155459009
2317	0.2673174	0.380715945	0.153918855
2318	0.2671468	0.381168531	0.153125069
2319	0.2668092	0.380577545	0.153040855
2320	0.2660664	0.378414086	0.153718714
2321	0.2656898	0.376753434	0.154626166
2322	0.2657304	0.375622298	0.155838502
2323	0.26664	0.375944323	0.157335677
2324	0.2677976	0.378353392	0.157241808
2325	0.2683048	0.380005888	0.156603712
2326	0.268701	0.380908928	0.156493072
2327	0.2693484	0.382153976	0.156542824
2328	0.2694064	0.383581456	0.155231344
2329	0.2689418	0.384103179	0.153780421
2330	0.2681302	0.383176912	0.153083488
2331	0.2675724	0.382405193	0.152739607
2332	0.2679636	0.382044942	0.153882258
2333	0.2686044	0.381978604	0.155230196
2334	0.2700012	0.383410387	0.156592013
2335	0.2716612	0.385362745	0.157959655
2336	0.2723378	0.386297502	0.158378098
2337	0.2724486	0.385987578	0.158909622
2338	0.2727516	0.385812027	0.159691173
2339	0.2731142	0.386487219	0.159741181
2340	0.2737474	0.387195448	0.160299352
2341	0.274269	0.387943619	0.160594381
2342	0.2741036	0.38932117	0.15888603
2343	0.2745012	0.391235509	0.157766891
2344	0.275083	0.392087242	0.158078758
2345	0.2755458	0.391763675	0.159327925
2346	0.2760644	0.391140242	0.160988558
2347	0.2760334	0.390403029	0.161663771
2348	0.275825	0.389580889	0.162069111
2349	0.275367	0.387708627	0.163025373
2350	0.2754216	0.387043725	0.163799475
2351	0.276264	0.388029048	0.164498952
2352	0.2761268	0.387808265	0.164445335
2353	0.274733	0.387127317	0.162338683
2354	0.2738186	0.386578446	0.161058754
2355	0.2747292	0.388230642	0.161227758
2356	0.275139	0.389590001	0.160687999
2357	0.274146	0.389580586	0.158711414
2358	0.2738526	0.389889001	0.157816199
2359	0.2737114	0.389222752	0.158200048
2360	0.273436	0.388970089	0.157901911
2361	0.2741982	0.390635009	0.157761391
2362	0.2751688	0.39287845	0.15745915
2363	0.2765218	0.395025935	0.158017665
2364	0.277944	0.396261767	0.159626233
2365	0.278637	0.395015911	0.162258089
2366	0.278825	0.393411964	0.164238036
2367	0.2781096	0.392649321	0.163569879
2368	0.2777514	0.392971124	0.162531676
2369	0.2790162	0.394646865	0.163385535
2370	0.2803442	0.395937789	0.164750611
2371	0.281064	0.398764766	0.163363234
2372	0.2816532	0.402592467	0.160713933
2373	0.280405	0.40300521	0.15780479
2374	0.2783878	0.40176128	0.15501432
2375	0.2788732	0.401872233	0.155874167
2376	0.2799426	0.402259165	0.157626035
2377	0.279072	0.401899601	0.156244399
2378	0.2784664	0.40186228	0.15507052
2379	0.2783336	0.402389552	0.154277648
2380	0.2782078	0.40308549	0.15333011
2381	0.2783118	0.402294526	0.154329074
2382	0.2786802	0.400698998	0.156661402
2383	0.2784218	0.398196284	0.158647316
2384	0.2783214	0.39684644	0.15979636
2385	0.279535	0.398367474	0.160702526
2386	0.2810152	0.400371689	0.161658711
2387	0.2822376	0.40142382	0.16305138
2388	0.2816318	0.400469227	0.162794373
2389	0.2814302	0.400602956	0.162257444
2390	0.2828266	0.402887872	0.162765328
2391	0.2828514	0.403351095	0.162351705
2392	0.2822846	0.402473483	0.162095717
2393	0.281033	0.399171047	0.162894953
2394	0.2790024	0.393898589	0.164106211
2395	0.2778916	0.39041388	0.16536932
2396	0.2787208	0.390598946	0.166842654
2397	0.2801488	0.39249466	0.16780294
2398	0.2799886	0.3937295	0.1662477
2399	0.2797436	0.395375796	0.164111404
2400	0.2794988	0.397709322	0.161288278
2401	0.2791798	0.398918129	0.159441471
2402	0.2794456	0.39801528	0.16087592
2403	0.2802786	0.39957216	0.16098504
2404	0.28221	0.404551754	0.159868246
2405	0.2833672	0.407415578	0.159318822
2406	0.283995	0.409341512	0.158648488
2407	0.285576	0.412015647	0.159136353
2408	0.2890216	0.414794679	0.163248521
2409	0.2915384	0.416784176	0.166292624
2410	0.2882778	0.411381441	0.165174159
2411	0.2842918	0.405122318	0.163461282
2412	0.2826686	0.401638936	0.163698264
2413	0.2818612	0.399144499	0.164577901
2414	0.2804658	0.397721431	0.163210169
2415	0.2783662	0.396112796	0.160619604
2416	0.2785972	0.397781501	0.159412899
2417	0.2796132	0.400034935	0.159191465
2418	0.278014	0.398056324	0.157971676
2419	0.2759252	0.395452477	0.156397923
2420	0.2782188	0.394525162	0.161912438
2421	0.2823032	0.396231628	0.168374772
2422	0.2837382	0.398518033	0.168958367
2423	0.2827728	0.397357417	0.168188183
2424	0.2822172	0.398339507	0.166094893
2425	0.2823232	0.4017271	0.1629193
2426	0.2834026	0.405951191	0.160854009
2427	0.2857172	0.40998658	0.16144782
2428	0.2841226	0.406893669	0.161351531
2429	0.2818706	0.403740457	0.160000743
2430	0.2850546	0.405077922	0.165031278
2431	0.2870118	0.40527932	0.16874428
2432	0.2867038	0.403202509	0.170205091
2433	0.2874808	0.402740291	0.172221309
2434	0.2887172	0.404066113	0.173368287
2435	0.2913534	0.406445125	0.176261675
2436	0.292551	0.406655326	0.178446674
2437	0.292527	0.404647196	0.180406804
2438	0.2905226	0.403638493	0.177406707
2439	0.2880854	0.405051146	0.171119654
2440	0.2881548	0.40684489	0.16946471
2441	0.285306	0.403935098	0.166676902
2442	0.281601	0.401959548	0.161242452
2443	0.2819138	0.404151385	0.159676215
2444	0.2825626	0.403147749	0.161977451
2445	0.282033	0.401698406	0.162367594
2446	0.2813332	0.405244429	0.157421971
2447	0.2818376	0.412731307	0.150943893
2448	0.2829744	0.41835425	0.14759455
2449	0.2840396	0.42111987	0.14695933
2450	0.2868722	0.421878011	0.151866389
2451	0.2901252	0.419511338	0.160739062
2452	0.291708	0.417193951	0.166222049
2453	0.2905774	0.412231109	0.168923691
2454	0.2870598	0.405082877	0.169036723
2455	0.2817258	0.398681442	0.164770158
2456	0.2798334	0.398753366	0.160913434
2457	0.2834662	0.403058077	0.163874323
2458	0.2853514	0.406758078	0.163944722
2459	0.2848984	0.408028422	0.161768378
2460	0.2859	0.407585084	0.164214916
2461	0.28795	0.408332794	0.167567206
2462	0.2915792	0.412176056	0.170982344
2463	0.2927966	0.413275631	0.172317569
2464	0.2925998	0.413801259	0.171398341
2465	0.2952244	0.418389651	0.172059149
2466	0.2944064	0.415666139	0.173146661
2467	0.2875338	0.402294872	0.172772728
2468	0.2789586	0.390755164	0.167162036
2469	0.2679808	0.383888974	0.152072626
2470	0.2640138	0.38455965	0.14346795
2471	0.2750686	0.391278753	0.158858447
2472	0.2841118	0.394085047	0.174138553
2473	0.287902	0.397473123	0.178330877
2474	0.2940118	0.403324779	0.184698821
2475	0.2981668	0.412388194	0.183945406
2476	0.2961616	0.416061414	0.176261786
2477	0.2835482	0.40355515	0.16354125
2478	0.2723982	0.395718766	0.149077634
2479	0.2662618	0.388145813	0.144377787
2480	0.2593336	0.376797772	0.141869428
2481	0.2568234	0.372882917	0.140763883
2482	0.2531822	0.367518558	0.138845842
2483	0.2339174	0.342053656	0.125781144
2484	0.2154976	0.31683802	0.11415718
2485	0.2184	0.311048156	0.125751844
2486	0.2214114	0.316311607	0.126511193
2487	0.2259208	0.346444878	0.105396722
2488	0.2398044	0.387902821	0.091705979
2489	0.2560742	0.417409183	0.094739217
2490	0.2593462	0.442965048	0.075727352
2491	0.2407978	0.430848921	0.050746679
2492	0.2301064	0.40547137	0.05474143
2493	0.2426384	0.376133862	0.109142938
2494	0.2585604	0.359038254	0.158082546
2495	0.265498	0.341985078	0.189010922
2496	0.269184	0.331107682	0.207260318
2497	0.2775614	0.357140685	0.197982115
2498	0.2927822	0.400013754	0.185550646
2499	0.3214324	0.425373457	0.217491343
2500	0.3375446	0.423655253	0.251433947
