Wavelength	Mean	Std+	Std-
350	0.0103687	0.017280004	0.003457396
351	0.0105008	0.017402734	0.003598866
352	0.0105407	0.017410937	0.003670463
353	0.0105316	0.017361641	0.003701559
354	0.0104305	0.017237998	0.003623002
355	0.0102605	0.01706256	0.00345844
356	0.0103809	0.017158302	0.003603498
357	0.0104611	0.017251279	0.003670921
358	0.010463	0.017288478	0.003637522
359	0.0102508	0.017115763	0.003385837
360	0.0103744	0.017224048	0.003524752
361	0.010521	0.017325706	0.003716294
362	0.0105203	0.017251475	0.003789125
363	0.0104635	0.017207518	0.003719482
364	0.0103801	0.017129881	0.003630319
365	0.0102776	0.017015488	0.003539712
366	0.0102212	0.016932881	0.003509519
367	0.0102559	0.01698258	0.00352922
368	0.0103297	0.017080697	0.003578703
369	0.0103226	0.017022386	0.003622814
370	0.010434	0.017141735	0.003726265
371	0.0104653	0.017179669	0.003750931
372	0.0102383	0.016914348	0.003562252
373	0.0102785	0.01696355	0.00359345
374	0.0103823	0.017061024	0.003703576
375	0.0105176	0.017163973	0.003871227
376	0.0103678	0.016986216	0.003749384
377	0.0102504	0.016835913	0.003664887
378	0.0101737	0.016730437	0.003616963
379	0.0102004	0.016771098	0.003629702
380	0.0101447	0.016719065	0.003570335
381	0.0102099	0.016786147	0.003633653
382	0.0106263	0.017210586	0.004042014
383	0.0105382	0.017105168	0.003971232
384	0.0104341	0.016974461	0.003893739
385	0.0104042	0.016912167	0.003896233
386	0.0104388	0.016959382	0.003918218
387	0.0103207	0.016845552	0.003795848
388	0.0101172	0.016637267	0.003597133
389	0.0100531	0.016554661	0.003551539
390	0.0100848	0.016585797	0.003583803
391	0.0102133	0.016711235	0.003715365
392	0.0104908	0.016960128	0.004021472
393	0.0103703	0.016841844	0.003898756
394	0.0102168	0.016687119	0.003746481
395	0.0101098	0.016567917	0.003651683
396	0.0100442	0.016479001	0.003609399
397	0.010063	0.016478137	0.003647863
398	0.01013	0.016530104	0.003729896
399	0.0101616	0.016559502	0.003763698
400	0.0100808	0.016475686	0.003685914
401	0.010019	0.016409113	0.003628887
402	0.0101098	0.01649101	0.00372859
403	0.010201	0.016578387	0.003823613
404	0.0102246	0.016601125	0.003848075
405	0.0101577	0.016536361	0.003779039
406	0.0101602	0.016540342	0.003780058
407	0.0101401	0.016518629	0.003761571
408	0.0101087	0.016482459	0.003734941
409	0.0101399	0.016506236	0.003773564
410	0.0101533	0.016513911	0.003792689
411	0.0101711	0.016525637	0.003816563
412	0.010224	0.016569061	0.003878939
413	0.0102093	0.016539207	0.003879393
414	0.0101712	0.016490413	0.003851987
415	0.0101188	0.01643519	0.00380241
416	0.0101563	0.016475214	0.003837386
417	0.0101784	0.016493894	0.003862906
418	0.0101784	0.016484352	0.003872448
419	0.0101353	0.016430878	0.003839722
420	0.0101714	0.016460121	0.003882679
421	0.0102182	0.016505422	0.003930978
422	0.010171	0.016468146	0.003873854
423	0.0101773	0.016461811	0.003892789
424	0.0101629	0.016432449	0.003893351
425	0.0100909	0.016349929	0.003831871
426	0.0101198	0.016387104	0.003852496
427	0.0101722	0.016436943	0.003907457
428	0.0102343	0.016484706	0.003983894
429	0.0101916	0.016428553	0.003954647
430	0.0101693	0.016405108	0.003933492
431	0.0101562	0.016394081	0.003918319
432	0.0101328	0.016360016	0.003905584
433	0.0101451	0.016364355	0.003925845
434	0.0101596	0.016371612	0.003947588
435	0.0101616	0.016366879	0.003956321
436	0.0101547	0.016361889	0.003947511
437	0.0101448	0.01634855	0.00394105
438	0.0101324	0.0163264	0.0039384
439	0.010121	0.016303343	0.003938657
440	0.0101333	0.016316839	0.003949761
441	0.0101632	0.016350867	0.003975533
442	0.0102075	0.016381325	0.004033675
443	0.0101367	0.016301788	0.003971612
444	0.0100786	0.016241139	0.003916061
445	0.010116	0.016284225	0.003947775
446	0.01012	0.016275485	0.003964515
447	0.0101342	0.016283677	0.003984723
448	0.0101618	0.016313672	0.004009928
449	0.0101581	0.016297159	0.004019041
450	0.0101359	0.01626851	0.00400329
451	0.0101109	0.016242952	0.003978848
452	0.0101274	0.016266619	0.003988181
453	0.0101109	0.016242414	0.003979386
454	0.010089	0.016211767	0.003966233
455	0.0100808	0.016205083	0.003956517
456	0.0100986	0.01621273	0.00398447
457	0.0101006	0.016204468	0.003996732
458	0.0100804	0.016175086	0.003985714
459	0.0101139	0.016211008	0.004016792
460	0.0101065	0.016203587	0.004009413
461	0.0100814	0.016175249	0.003987551
462	0.0101097	0.016193493	0.004025907
463	0.0101155	0.016195161	0.004035839
464	0.0101133	0.016187887	0.004038713
465	0.0101118	0.016174792	0.004048808
466	0.010115	0.016170655	0.004059345
467	0.0100964	0.01614939	0.00404341
468	0.0100475	0.016102641	0.003992359
469	0.0100745	0.016122787	0.004026213
470	0.01009	0.016131489	0.004048511
471	0.010092	0.016126958	0.004057042
472	0.0100667	0.016097917	0.004035483
473	0.010078	0.016101273	0.004054727
474	0.0100717	0.016088073	0.004055327
475	0.0099844	0.016000698	0.003968102
476	0.0100298	0.016036494	0.004023106
477	0.0100542	0.016053017	0.004055383
478	0.0100192	0.016015031	0.004023369
479	0.0100164	0.016004523	0.004028277
480	0.0100203	0.016006546	0.004034054
481	0.0100274	0.016015964	0.004038836
482	0.0100215	0.016006018	0.004036982
483	0.0100212	0.016003348	0.004039052
484	0.0100275	0.016007643	0.004047357
485	0.0100461	0.016025513	0.004066687
486	0.0100444	0.016016095	0.004072705
487	0.0100453	0.016009999	0.004080601
488	0.0100556	0.01601758	0.00409362
489	0.0099882	0.015938186	0.004038214
490	0.0099493	0.015893502	0.004005098
491	0.0099416	0.015885419	0.003997781
492	0.0099774	0.015923161	0.004031639
493	0.0100068	0.015944414	0.004069186
494	0.010029	0.015956485	0.004101515
495	0.0100389	0.015964583	0.004113217
496	0.0100018	0.015928846	0.004074754
497	0.0099708	0.015895705	0.004045895
498	0.009968	0.015883985	0.004052015
499	0.0099801	0.01589422	0.00406598
500	0.0099687	0.015880424	0.004056976
501	0.0099411	0.015849242	0.004032958
502	0.0099775	0.015875021	0.004079979
503	0.0099707	0.015860607	0.004080793
504	0.0099499	0.015834616	0.004065184
505	0.0099546	0.015838437	0.004070763
506	0.0099674	0.015846884	0.004087916
507	0.0099813	0.015857049	0.004105551
508	0.0099925	0.015866233	0.004118767
509	0.0099778	0.015849858	0.004105742
510	0.0099749	0.015848265	0.004101535
511	0.0099829	0.015859493	0.004106307
512	0.0099615	0.015827909	0.004095091
513	0.009976	0.01584069	0.00411131
514	0.0099975	0.015864194	0.004130806
515	0.0099693	0.01583288	0.00410572
516	0.0099995	0.015859204	0.004139796
517	0.0100175	0.015870652	0.004164348
518	0.0099791	0.015820381	0.004137819
519	0.009957	0.01579575	0.00411825
520	0.0099543	0.015792293	0.004116307
521	0.0099679	0.015805918	0.004129882
522	0.0099562	0.01578421	0.00412819
523	0.0099606	0.015785805	0.004135395
524	0.0099705	0.015796035	0.004144965
525	0.0099622	0.015785226	0.004139174
526	0.0099965	0.015816275	0.004176725
527	0.0100266	0.015843216	0.004209984
528	0.0100221	0.015835207	0.004208993
529	0.0099955	0.015801582	0.004189418
530	0.0099808	0.015783603	0.004177997
531	0.009983	0.015787079	0.004178921
532	0.0100019	0.015799831	0.004203969
533	0.0100082	0.015802877	0.004213523
534	0.010007	0.015800019	0.004213981
535	0.0100129	0.015801631	0.004224169
536	0.0100169	0.01580504	0.00422876
537	0.0100195	0.015806387	0.004232613
538	0.01002	0.015800667	0.004239333
539	0.0100214	0.015793915	0.004248885
540	0.0100159	0.015782588	0.004249212
541	0.0100035	0.015767058	0.004239942
542	0.0100356	0.015801098	0.004270102
543	0.0100261	0.015791538	0.004260662
544	0.0099958	0.015759154	0.004232446
545	0.0100139	0.015769387	0.004258413
546	0.0100262	0.015778909	0.004273491
547	0.0100259	0.015776875	0.004274925
548	0.0100004	0.015749253	0.004251547
549	0.010007	0.015753637	0.004260363
550	0.0100217	0.015765572	0.004277828
551	0.01004	0.015780208	0.004299792
552	0.0100198	0.015755496	0.004284104
553	0.0100208	0.015752695	0.004288905
554	0.0100357	0.015763844	0.004307556
555	0.010041	0.015768212	0.004313788
556	0.010047	0.015767882	0.004326118
557	0.0100498	0.015764203	0.004335397
558	0.0100432	0.015755956	0.004330444
559	0.010041	0.015751482	0.004330518
560	0.0100473	0.015754038	0.004340562
561	0.0100652	0.015766272	0.004364128
562	0.0100476	0.015744046	0.004351154
563	0.0100457	0.015741412	0.004349988
564	0.0100573	0.015753991	0.004360609
565	0.0100682	0.015756022	0.004380378
566	0.0100705	0.015752953	0.004388047
567	0.0100646	0.01574326	0.00438594
568	0.0100469	0.015722037	0.004371763
569	0.0100575	0.015723768	0.004391232
570	0.0100656	0.015724128	0.004407072
571	0.0100611	0.015715516	0.004406684
572	0.0100121	0.015661521	0.004362679
573	0.0100049	0.015650502	0.004359298
574	0.0100333	0.015677266	0.004389334
575	0.0100313	0.015678298	0.004384302
576	0.0100377	0.015682051	0.004393349
577	0.0100515	0.015689739	0.004413261
578	0.010074	0.015704768	0.004443232
579	0.0100518	0.015684466	0.004419134
580	0.0100318	0.015667203	0.004396397
581	0.0100329	0.015668572	0.004397228
582	0.0100682	0.015700083	0.004436317
583	0.010076	0.015705133	0.004446867
584	0.0100592	0.015686279	0.004432121
585	0.0100771	0.015698745	0.004455455
586	0.0100695	0.015686529	0.004452471
587	0.0100562	0.015666276	0.004446124
588	0.0100751	0.015669458	0.004480742
589	0.0100642	0.015652817	0.004475583
590	0.0100442	0.015626662	0.004461738
591	0.0100223	0.015593703	0.004450897
592	0.010046	0.015622841	0.004469159
593	0.010051	0.015629105	0.004472895
594	0.0100395	0.015613381	0.004465619
595	0.0100997	0.015668812	0.004530588
596	0.0101044	0.015674905	0.004533895
597	0.0100797	0.01565436	0.00450504
598	0.0100692	0.01564371	0.00449469
599	0.0100632	0.015634619	0.004491781
600	0.0100565	0.015625863	0.004487137
601	0.0100463	0.015617681	0.004474919
602	0.0100229	0.01559494	0.00445086
603	0.01002	0.015590193	0.004449807
604	0.01004	0.015604941	0.004475059
605	0.0100304	0.015585371	0.004475429
606	0.0100278	0.015579682	0.004475918
607	0.0100282	0.015582127	0.004474273
608	0.0100238	0.015583281	0.004464319
609	0.0100489	0.015602771	0.004495029
610	0.0100697	0.015616379	0.004523021
611	0.0100582	0.015603228	0.004513172
612	0.0100872	0.015632477	0.004541923
613	0.0101146	0.015661143	0.004568057
614	0.0101327	0.015681405	0.004583995
615	0.0101207	0.015659409	0.004581991
616	0.0101198	0.015653839	0.004585761
617	0.0101224	0.015655369	0.004589431
618	0.0101018	0.015633731	0.004569869
619	0.0100984	0.015631216	0.004565584
620	0.0101187	0.015653154	0.004584246
621	0.0101812	0.015716405	0.004645995
622	0.0101678	0.015698084	0.004637516
623	0.0101482	0.015670332	0.004626068
624	0.0101355	0.015647111	0.004623889
625	0.0101355	0.015645727	0.004625273
626	0.0101592	0.015667023	0.004651377
627	0.010191	0.015694714	0.004687286
628	0.010176	0.01566824	0.00468376
629	0.010185	0.015679582	0.004690418
630	0.0102099	0.015708358	0.004711442
631	0.0102512	0.015746156	0.004756244
632	0.0101977	0.015683311	0.004712089
633	0.0101793	0.015660576	0.004698024
634	0.010225	0.015709474	0.004740526
635	0.0102567	0.015731589	0.004781811
636	0.0102411	0.015712012	0.004770188
637	0.0102012	0.015674105	0.004728295
638	0.0102394	0.015722023	0.004756777
639	0.0102377	0.015717307	0.004758093
640	0.0102257	0.015698241	0.004753159
641	0.010228	0.01569756	0.00475844
642	0.0102393	0.01570589	0.00477271
643	0.0102184	0.015680108	0.004756692
644	0.0101505	0.015604867	0.004696133
645	0.0101952	0.015643461	0.004746939
646	0.0101942	0.015639197	0.004749203
647	0.0101616	0.015605586	0.004717614
648	0.0101814	0.015619325	0.004743475
649	0.0101677	0.01559891	0.00473649
650	0.0101516	0.015578395	0.004724805
651	0.0101738	0.015602697	0.004744903
652	0.0101713	0.015603653	0.004738947
653	0.0101732	0.015607351	0.004739049
654	0.0101896	0.015622779	0.004756421
655	0.010154	0.015585539	0.004722461
656	0.0101506	0.015577547	0.004723653
657	0.0101742	0.015594597	0.004753803
658	0.0101693	0.015583965	0.004754635
659	0.0101722	0.015588064	0.004756336
660	0.0101877	0.015605513	0.004769887
661	0.0102342	0.015647584	0.004820816
662	0.0102169	0.015630789	0.004803011
663	0.0102186	0.01563347	0.00480373
664	0.0102786	0.015693039	0.004864161
665	0.0102488	0.015664509	0.004833091
666	0.0102264	0.015642459	0.004810341
667	0.0102223	0.015637678	0.004806922
668	0.010287	0.015701942	0.004872058
669	0.0102986	0.015709796	0.004887404
670	0.0102915	0.015697901	0.004885099
671	0.0103212	0.015724584	0.004917816
672	0.0103059	0.015709555	0.004902245
673	0.0102833	0.015685569	0.004881031
674	0.0102704	0.015666185	0.004874615
675	0.0102874	0.015685366	0.004889434
676	0.0102881	0.015686153	0.004890047
677	0.010273	0.015667784	0.004878216
678	0.010317	0.015706179	0.004927821
679	0.010325	0.015709806	0.004940194
680	0.0103147	0.015696831	0.004932569
681	0.0103163	0.015697876	0.004934724
682	0.0103295	0.015714594	0.004944406
683	0.0103478	0.015732424	0.004963176
684	0.0103684	0.015743542	0.004993258
685	0.0103637	0.015728987	0.004998413
686	0.0103539	0.015710532	0.004997268
687	0.0103419	0.015691852	0.004991948
688	0.0103349	0.015685151	0.004984649
689	0.0103522	0.015705383	0.004999017
690	0.0103761	0.015730982	0.005021218
691	0.0103639	0.015709326	0.005018474
692	0.0103937	0.015735104	0.005052296
693	0.0104319	0.015773161	0.005090639
694	0.0104569	0.015801906	0.005111894
695	0.010449	0.015799568	0.005098432
696	0.0104575	0.015814005	0.005100995
697	0.0104888	0.015851506	0.005126094
698	0.0104895	0.015847341	0.005131659
699	0.0105318	0.015882421	0.005181179
700	0.0105847	0.015929319	0.005240081
701	0.0105453	0.015898805	0.005191795
702	0.0105628	0.015918783	0.005206817
703	0.0105936	0.015951395	0.005235805
704	0.0106075	0.015970786	0.005244214
705	0.0106032	0.015972459	0.005233941
706	0.0106199	0.015992475	0.005247325
707	0.0106659	0.016038053	0.005293747
708	0.0107018	0.01607309	0.00533051
709	0.0107254	0.016095297	0.005355503
710	0.0107378	0.016106473	0.005369127
711	0.0107367	0.0161086	0.0053648
712	0.0107564	0.016126635	0.005386165
713	0.0107781	0.016145158	0.005411042
714	0.0107845	0.016151304	0.005417696
715	0.0107759	0.016123947	0.005427853
716	0.0107798	0.016108225	0.005451375
717	0.0108082	0.016120729	0.005495671
718	0.0107506	0.016064184	0.005437016
719	0.0107567	0.016075141	0.005438259
720	0.0108035	0.016131337	0.005475663
721	0.0108024	0.016150876	0.005453924
722	0.0108339	0.016176798	0.005491002
723	0.0108715	0.016199845	0.005543155
724	0.0108837	0.016204837	0.005562563
725	0.0109111	0.016233765	0.005588435
726	0.0109208	0.01624805	0.00559355
727	0.0108993	0.016232774	0.005565826
728	0.0109241	0.016259495	0.005588705
729	0.0109414	0.016280096	0.005602704
730	0.0109599	0.016304606	0.005615194
731	0.0110443	0.016400622	0.005687978
732	0.0110797	0.016446032	0.005713368
733	0.0110862	0.016460671	0.005711729
734	0.0110729	0.016453562	0.005692238
735	0.0110793	0.016460757	0.005697843
736	0.0110968	0.016478639	0.005714961
737	0.0111243	0.016507374	0.005741226
738	0.0111385	0.016523422	0.005753578
739	0.0111561	0.016546484	0.005765716
740	0.0111777	0.016576178	0.005779222
741	0.0112036	0.016602599	0.005804601
742	0.0112255	0.016627848	0.005823152
743	0.0112434	0.016649347	0.005837453
744	0.0112555	0.016662451	0.005848549
745	0.0112601	0.01666288	0.00585732
746	0.0112721	0.016671856	0.005872344
747	0.0112993	0.016701104	0.005897496
748	0.0113215	0.016726309	0.005916691
749	0.0113456	0.016751041	0.005940159
750	0.0113692	0.016772848	0.005965552
751	0.0113677	0.016773307	0.005962093
752	0.0113646	0.016768868	0.005960332
753	0.0113692	0.01677049	0.00596791
754	0.0114062	0.016805658	0.006006742
755	0.0113978	0.016798272	0.005997328
756	0.0113867	0.016785197	0.005988203
757	0.0113954	0.01678407	0.00600673
758	0.0113947	0.016762977	0.006026423
759	0.0113584	0.016697348	0.006019452
760	0.0112681	0.016573928	0.005962272
761	0.011206	0.016494731	0.005917269
762	0.0112309	0.016523806	0.005937994
763	0.0112876	0.016596947	0.005978253
764	0.011308	0.016638271	0.005977729
765	0.0113372	0.016691812	0.005982588
766	0.0113774	0.016747287	0.006007513
767	0.0114368	0.016806849	0.006066751
768	0.011463	0.016846205	0.006079795
769	0.0114781	0.01686878	0.00608742
770	0.0114871	0.016878109	0.006096091
771	0.011525	0.016912594	0.006137406
772	0.0115158	0.016902732	0.006128868
773	0.0114925	0.016881066	0.006103934
774	0.0115464	0.016939581	0.006153219
775	0.0115342	0.016922357	0.006146043
776	0.0115203	0.016905421	0.006135179
777	0.0115485	0.016941413	0.006155587
778	0.0115485	0.016936246	0.006160754
779	0.0115569	0.01693921	0.00617459
780	0.0115801	0.016958774	0.006201426
781	0.0115548	0.016931053	0.006178547
782	0.011572	0.016949289	0.006194711
783	0.0116096	0.016987923	0.006231277
784	0.0115936	0.016963458	0.006223742
785	0.0115901	0.016958218	0.006221982
786	0.0115885	0.016956154	0.006220846
787	0.0115812	0.016944921	0.006217479
788	0.0116028	0.016962979	0.006242621
789	0.0116251	0.016987157	0.006263043
790	0.0116414	0.017013335	0.006269465
791	0.0116208	0.016988253	0.006253347
792	0.0116315	0.016997768	0.006265232
793	0.0116603	0.01702701	0.00629359
794	0.011652	0.01701357	0.00629043
795	0.0116719	0.017032644	0.006311156
796	0.0116802	0.017041611	0.006318789
797	0.0116279	0.016989503	0.006266297
798	0.0116525	0.017010692	0.006294308
799	0.0116794	0.017031063	0.006327737
800	0.01169	0.017030908	0.006349092
801	0.0116758	0.017024516	0.006327084
802	0.0116797	0.017033083	0.006326317
803	0.0116997	0.017054757	0.006344643
804	0.0117318	0.017080802	0.006382798
805	0.0117421	0.017093171	0.006391029
806	0.0117482	0.017103905	0.006392495
807	0.0117705	0.017127097	0.006413903
808	0.0117467	0.017095508	0.006397892
809	0.0117274	0.017068249	0.006386551
810	0.0117303	0.017066355	0.006394245
811	0.0116793	0.017004075	0.006354525
812	0.0116764	0.016991481	0.006361319
813	0.0117212	0.017028486	0.006413914
814	0.0117711	0.017071174	0.006471026
815	0.0117514	0.017049422	0.006453378
816	0.01172	0.017018931	0.006421069
817	0.0117642	0.017064508	0.006463892
818	0.0117564	0.017063133	0.006449667
819	0.0117421	0.01705708	0.00642712
820	0.011736	0.017060954	0.006411046
821	0.0117762	0.017084095	0.006468305
822	0.0117887	0.017093612	0.006483788
823	0.0117766	0.01709264	0.00646056
824	0.0118188	0.017137104	0.006500496
825	0.0118395	0.017150508	0.006528492
826	0.0118446	0.01714992	0.00653928
827	0.0118298	0.017153546	0.006506054
828	0.0118413	0.017158819	0.006523781
829	0.0118689	0.017182311	0.006555489
830	0.0119127	0.017237105	0.006588295
831	0.0119101	0.017234244	0.006585956
832	0.0119015	0.017224238	0.006578762
833	0.0118955	0.017217042	0.006573958
834	0.0119534	0.017285608	0.006621192
835	0.0119795	0.01731493	0.00664407
836	0.0119897	0.017324817	0.006654583
837	0.0120053	0.017344445	0.006666155
838	0.0120218	0.017366627	0.006676973
839	0.0120227	0.0173734	0.006672
840	0.0119938	0.017350039	0.006637561
841	0.0119387	0.01728944	0.00658796
842	0.0119797	0.017328222	0.006631178
843	0.0121155	0.017465909	0.006765091
844	0.01206	0.017412235	0.006707765
845	0.0120599	0.017406832	0.006712968
846	0.0120848	0.017422849	0.006746751
847	0.0120697	0.017407189	0.006732211
848	0.0120365	0.017378897	0.006694103
849	0.0120306	0.017376382	0.006684818
850	0.0120945	0.017436881	0.006752119
851	0.0120904	0.017444783	0.006736017
852	0.0120848	0.017444526	0.006725074
853	0.0120887	0.017443321	0.006734079
854	0.0121415	0.017495415	0.006787585
855	0.0121626	0.01750754	0.00681766
856	0.0121645	0.017500022	0.006828978
857	0.0121747	0.017521902	0.006827498
858	0.0121834	0.017529932	0.006836868
859	0.0122123	0.017556513	0.006868087
860	0.012288	0.017635686	0.006940314
861	0.0122512	0.017595503	0.006906897
862	0.0121794	0.017517597	0.006841203
863	0.0120864	0.017416392	0.006756408
864	0.0122118	0.017550662	0.006872938
865	0.0122392	0.017585462	0.006892938
866	0.012213	0.017562709	0.006863291
867	0.0122897	0.017631207	0.006948193
868	0.0123131	0.017655998	0.006970202
869	0.0122974	0.017641892	0.006952908
870	0.0122345	0.017572256	0.006896744
871	0.0122236	0.017567381	0.006879819
872	0.0122094	0.017560141	0.006858659
873	0.0121789	0.017534195	0.006823605
874	0.0122509	0.017586741	0.006915059
875	0.0123608	0.017698279	0.007023321
876	0.0124606	0.017811734	0.007109466
877	0.0123171	0.01765653	0.00697767
878	0.012278	0.017615059	0.006940941
879	0.012292	0.017629671	0.006954329
880	0.0123312	0.017667679	0.006994721
881	0.0123377	0.017685084	0.006990316
882	0.0123619	0.017712465	0.007011335
883	0.0124214	0.017761004	0.007081796
884	0.0123658	0.017694808	0.007036792
885	0.0123667	0.017702083	0.007031317
886	0.0124208	0.01777254	0.00706906
887	0.0125005	0.017837003	0.007163997
888	0.0125062	0.017845897	0.007166503
889	0.0124909	0.017834763	0.007147037
890	0.0125135	0.017840723	0.007186277
891	0.0124348	0.01774626	0.00712334
892	0.0123936	0.017691813	0.007095387
893	0.0124463	0.017734636	0.007157964
894	0.0124653	0.017766705	0.007163895
895	0.0123896	0.01769568	0.00708352
896	0.012249	0.01754925	0.00694875
897	0.0123802	0.017662361	0.007098039
898	0.0123814	0.017654386	0.007108414
899	0.0123359	0.017606351	0.007065449
900	0.0123676	0.017640197	0.007095003
901	0.0123974	0.017685044	0.007109756
902	0.012447	0.01774317	0.00715083
903	0.0125288	0.017817721	0.007239879
904	0.0125156	0.017821248	0.007209952
905	0.0124984	0.017809166	0.007187634
906	0.0124765	0.017778021	0.007174979
907	0.0124007	0.017671405	0.007129995
908	0.0124238	0.017700265	0.007147335
909	0.0124932	0.017783866	0.007202534
910	0.0125194	0.017776557	0.007262243
911	0.0125306	0.017778725	0.007282475
912	0.0125196	0.017772988	0.007266212
913	0.0124753	0.017749162	0.007201438
914	0.0124055	0.017663401	0.007147599
915	0.0124262	0.017686594	0.007165806
916	0.0125378	0.017819962	0.007255638
917	0.0125986	0.01785431	0.00734289
918	0.0126232	0.017888274	0.007358126
919	0.0126297	0.017926979	0.007332421
920	0.0126456	0.017987608	0.007303592
921	0.0125764	0.017886078	0.007266722
922	0.0125213	0.01779594	0.00724666
923	0.0125451	0.017823288	0.007266912
924	0.0126946	0.017990209	0.007398991
925	0.0127877	0.018068354	0.007507046
926	0.0127914	0.018019778	0.007563022
927	0.0125941	0.017816186	0.007372014
928	0.0124948	0.017735301	0.007254299
929	0.0124996	0.017769251	0.007229949
930	0.012689	0.01794458	0.00743342
931	0.0127974	0.018030818	0.007563982
932	0.0127976	0.018001497	0.007593703
933	0.0125932	0.017759231	0.007427169
934	0.0125545	0.017790752	0.007318248
935	0.0124573	0.017719321	0.007195279
936	0.0122747	0.017485249	0.007064151
937	0.0126048	0.017836551	0.007373049
938	0.0127486	0.017988142	0.007509058
939	0.0127625	0.017995579	0.007529421
940	0.012732	0.017926479	0.007537521
941	0.0126791	0.017869851	0.007488349
942	0.0125877	0.017783541	0.007391859
943	0.012427	0.017618269	0.007235731
944	0.0124883	0.017682448	0.007294152
945	0.0124665	0.01769332	0.00723968
946	0.0123043	0.017600554	0.007008046
947	0.0129506	0.018158419	0.007742781
948	0.0129703	0.018147742	0.007792858
949	0.0126167	0.017810496	0.007422904
950	0.0127918	0.018003306	0.007580294
951	0.0125964	0.017840224	0.007352576
952	0.0123218	0.017597238	0.007046362
953	0.0122088	0.017502646	0.006914954
954	0.0124554	0.017694587	0.007216213
955	0.0125867	0.017775593	0.007397807
956	0.0124839	0.017643164	0.007324636
957	0.0125647	0.017780119	0.007349281
958	0.0126177	0.017853317	0.007382083
959	0.0126318	0.017862457	0.007401143
960	0.0125241	0.01776496	0.00728324
961	0.0127152	0.017956056	0.007474344
962	0.013005	0.018236079	0.007773921
963	0.0132235	0.01842962	0.00801738
964	0.012911	0.018116477	0.007705523
965	0.0127663	0.017966623	0.007565977
966	0.0129909	0.01817122	0.00781058
967	0.0130858	0.018341536	0.007830064
968	0.0130832	0.018347207	0.007819193
969	0.0130029	0.018230732	0.007775068
970	0.0129006	0.018156685	0.007644515
971	0.012949	0.018220822	0.007677178
972	0.0130027	0.018279545	0.007725855
973	0.0128679	0.018135172	0.007600628
974	0.0130597	0.018324475	0.007794925
975	0.0132266	0.018509557	0.007943643
976	0.0132358	0.018567553	0.007904047
977	0.0132044	0.018482563	0.007926237
978	0.0131557	0.018429213	0.007882187
979	0.0130927	0.018407657	0.007777743
980	0.0130309	0.018344003	0.007717797
981	0.0129737	0.018281455	0.007665945
982	0.012957	0.018259698	0.007654302
983	0.0130613	0.01836524	0.00775736
984	0.0134069	0.018715963	0.008097837
985	0.0136018	0.018909729	0.008293871
986	0.0134535	0.018748008	0.008158992
987	0.0131021	0.018439763	0.007764437
988	0.0130081	0.018357134	0.007659066
989	0.0131939	0.018526474	0.007861326
990	0.0135534	0.018919968	0.008186832
991	0.013667	0.019024533	0.008309467
992	0.0136414	0.018969434	0.008313366
993	0.0136015	0.01891425	0.00828875
994	0.0134855	0.018787981	0.008183019
995	0.0133883	0.018699854	0.008076746
996	0.0133661	0.018720444	0.008011756
997	0.0136602	0.018937191	0.008383209
998	0.0137346	0.019017757	0.008451443
999	0.0135427	0.01892779	0.00815761
1000	0.0132031	0.018581298	0.007824902
1001	0.0129545	0.018298359	0.007610641
1002	0.0129557	0.018303195	0.007608205
1003	0.0129516	0.018326598	0.007576602
1004	0.0129808	0.018338432	0.007623168
1005	0.0130062	0.018303337	0.007709063
1006	0.0129911	0.018236858	0.007745342
1007	0.0129779	0.018211201	0.007744599
1008	0.0130006	0.018292503	0.007708697
1009	0.0130394	0.018419036	0.007659764
1010	0.0130504	0.018443877	0.007656923
1011	0.0130371	0.018368535	0.007705665
1012	0.013045	0.018334878	0.007755122
1013	0.0130894	0.018349587	0.007829213
1014	0.0131281	0.018381622	0.007874578
1015	0.0131361	0.01845533	0.00781687
1016	0.0131394	0.018501021	0.007777779
1017	0.0131448	0.018509262	0.007780338
1018	0.0131723	0.018542527	0.007802073
1019	0.0132629	0.018620205	0.007905595
1020	0.0133568	0.018728035	0.007985565
1021	0.0133874	0.018803753	0.007971047
1022	0.0133744	0.018811765	0.007937035
1023	0.0133533	0.018786958	0.007919642
1024	0.0133208	0.018736557	0.007905043
1025	0.013276	0.018651908	0.007900092
1026	0.0132577	0.018589562	0.007925838
1027	0.0132978	0.018604979	0.007990621
1028	0.0133459	0.018649011	0.008042789
1029	0.0133565	0.018672906	0.008040094
1030	0.0133652	0.018684587	0.008045813
1031	0.0133807	0.018721405	0.008039995
1032	0.0133665	0.01874632	0.00798668
1033	0.0133759	0.018785281	0.007966519
1034	0.0134369	0.018880173	0.007993627
1035	0.0134776	0.018910964	0.008044236
1036	0.0134798	0.018818746	0.008140854
1037	0.0134597	0.018723882	0.008195518
1038	0.013417	0.018694088	0.008139912
1039	0.0133925	0.018714495	0.008070505
1040	0.013435	0.018801824	0.008068176
1041	0.0135007	0.018902476	0.008098924
1042	0.0135299	0.018916186	0.008143614
1043	0.0135329	0.018877634	0.008188166
1044	0.0135669	0.018923208	0.008210592
1045	0.013602	0.018984986	0.008219014
1046	0.0135804	0.018994267	0.008166533
1047	0.0135985	0.019053443	0.008143557
1048	0.0136288	0.019080486	0.008177114
1049	0.0135745	0.018993837	0.008155163
1050	0.0135586	0.018950341	0.008166859
1051	0.0136208	0.018983903	0.008257697
1052	0.01367	0.019028895	0.008311105
1053	0.0136974	0.019061951	0.008332849
1054	0.0137234	0.019080663	0.008366137
1055	0.0137384	0.019094458	0.008382342
1056	0.0137489	0.019119339	0.008378461
1057	0.0137641	0.019145117	0.008383083
1058	0.0137762	0.019157819	0.008394581
1059	0.0137725	0.019150069	0.008394931
1060	0.0137681	0.019150317	0.008385883
1061	0.0137835	0.019167215	0.008399785
1062	0.0138	0.019198097	0.008401903
1063	0.0138051	0.019232536	0.008377664
1064	0.0138144	0.019256412	0.008372388
1065	0.0138279	0.019272192	0.008383608
1066	0.0138471	0.019288053	0.008406147
1067	0.0138633	0.019295807	0.008430793
1068	0.0138637	0.019257226	0.008470174
1069	0.0138612	0.019227569	0.008494831
1070	0.013872	0.019265492	0.008478508
1071	0.0138954	0.019319249	0.008471551
1072	0.0139479	0.019362511	0.008533289
1073	0.0140002	0.0194044	0.008596
1074	0.0140094	0.019434835	0.008583965
1075	0.0139993	0.019440494	0.008558106
1076	0.0139835	0.019411387	0.008555613
1077	0.0139664	0.019396967	0.008535833
1078	0.013993	0.019435147	0.008550853
1079	0.014066	0.019500967	0.008631033
1080	0.0141143	0.019556526	0.008672074
1081	0.0141525	0.019623253	0.008681747
1082	0.0141863	0.019678061	0.008694539
1083	0.014184	0.019683274	0.008684726
1084	0.014187	0.01968134	0.00869266
1085	0.0142017	0.01967714	0.00872626
1086	0.0142225	0.019686711	0.008758289
1087	0.0142531	0.019712863	0.008793337
1088	0.0142782	0.019729358	0.008827042
1089	0.0142827	0.01971753	0.00884787
1090	0.0142897	0.019707611	0.008871789
1091	0.0142764	0.019708903	0.008843897
1092	0.014268	0.019723007	0.008812993
1093	0.0142715	0.019695789	0.008847211
1094	0.0142663	0.019630058	0.008902542
1095	0.0142743	0.019609393	0.008939207
1096	0.0142916	0.019651861	0.008931339
1097	0.0143319	0.019722527	0.008941273
1098	0.0144149	0.019817829	0.009011971
1099	0.0144626	0.019875079	0.009050121
1100	0.0144344	0.01987649	0.00899231
1101	0.014416	0.019893259	0.008938741
1102	0.0144229	0.019910536	0.008935264
1103	0.014437	0.019926415	0.008947585
1104	0.0144733	0.019903694	0.009042906
1105	0.0145044	0.019864933	0.009143867
1106	0.0145194	0.019881374	0.009157426
1107	0.014551	0.019942594	0.009159406
1108	0.0145704	0.019983011	0.009157789
1109	0.0145653	0.020005499	0.009125101
1110	0.0145319	0.019987933	0.009075867
1111	0.0145002	0.019952767	0.009047633
1112	0.0145011	0.019946418	0.009055782
1113	0.0145289	0.019952986	0.009104814
1114	0.0145423	0.019940163	0.009144437
1115	0.0145297	0.019885392	0.009174008
1116	0.0145374	0.019848034	0.009226766
1117	0.0145555	0.019902806	0.009208194
1118	0.0145553	0.019939341	0.009171259
1119	0.0145753	0.019924536	0.009226064
1120	0.0146075	0.019924586	0.009290414
1121	0.0146531	0.019973466	0.009332734
1122	0.0146944	0.0200168	0.009372
1123	0.0146671	0.020023996	0.009310204
1124	0.0146229	0.020039607	0.009206193
1125	0.0146374	0.020087113	0.009187687
1126	0.0146847	0.020142172	0.009227228
1127	0.0147148	0.020125146	0.009304454
1128	0.014719	0.020059011	0.009378989
1129	0.0146833	0.020007243	0.009359357
1130	0.0146133	0.01996356	0.00926304
1131	0.0145977	0.019985006	0.009210394
1132	0.0146704	0.020111532	0.009229268
1133	0.0147203	0.020197534	0.009243066
1134	0.0147111	0.020209928	0.009212272
1135	0.0147054	0.020225249	0.009185551
1136	0.0147436	0.020277674	0.009209526
1137	0.0147746	0.020324947	0.009224253
1138	0.0147729	0.020339855	0.009205945
1139	0.014773	0.020355502	0.009190498
1140	0.0148103	0.020324525	0.009296075
1141	0.0148391	0.0202804	0.0093978
1142	0.0148554	0.020292045	0.009418755
1143	0.0148715	0.020327556	0.009415444
1144	0.0148834	0.02031691	0.00944989
1145	0.014898	0.020285413	0.009510587
1146	0.0149178	0.020310644	0.009524956
1147	0.0149377	0.020373357	0.009502043
1148	0.0149487	0.020408294	0.009489106
1149	0.014955	0.020422582	0.009487418
1150	0.0149672	0.020449518	0.009484882
1151	0.0149797	0.020485707	0.009473693
1152	0.0149969	0.02052266	0.00947114
1153	0.0150556	0.02058191	0.00952929
1154	0.0151101	0.020635372	0.009584828
1155	0.015138	0.020671399	0.009604601
1156	0.0151633	0.020705908	0.009620692
1157	0.0151701	0.020751597	0.009588603
1158	0.0151761	0.020794139	0.009558061
1159	0.0152103	0.020820687	0.009599913
1160	0.0152478	0.02084316	0.00965244
1161	0.0152568	0.02084121	0.00967239
1162	0.0152562	0.020833431	0.009678969
1163	0.015265	0.020872642	0.009657358
1164	0.0152819	0.020938945	0.009624855
1165	0.0153289	0.021020056	0.009637744
1166	0.0154004	0.021111632	0.009689168
1167	0.0154496	0.021179345	0.009719855
1168	0.0154695	0.021217211	0.009721789
1169	0.0154755	0.021229051	0.009721949
1170	0.0154428	0.021167602	0.009717998
1171	0.0154204	0.021126706	0.009714094
1172	0.0154516	0.021188561	0.009714639
1173	0.0154815	0.021247244	0.009715756
1174	0.0154981	0.021261604	0.009734596
1175	0.0155147	0.021276712	0.009752688
1176	0.0155482	0.02128861	0.00980779
1177	0.0155826	0.02130068	0.00986452
1178	0.0155858	0.021299057	0.009872543
1179	0.015583	0.021295137	0.009870863
1180	0.0156028	0.02132127	0.00988433
1181	0.0156313	0.021359049	0.009903551
1182	0.0156503	0.021401975	0.009898625
1183	0.0156633	0.021448826	0.009877774
1184	0.0156907	0.021483022	0.009898378
1185	0.0157312	0.021504182	0.009958218
1186	0.0157675	0.021546979	0.009988021
1187	0.0157958	0.0216181	0.0099735
1188	0.0158247	0.021670588	0.009978812
1189	0.0158551	0.02168078	0.01002942
1190	0.0158822	0.021695651	0.010068749
1191	0.0159002	0.021734085	0.010066315
1192	0.0159173	0.021769623	0.010064977
1193	0.0159251	0.021768469	0.010081731
1194	0.0159332	0.02176795	0.01009845
1195	0.0159521	0.021800695	0.010103505
1196	0.015971	0.02183468	0.01010732
1197	0.0159722	0.021823661	0.010120739
1198	0.0159698	0.021804681	0.010134919
1199	0.0160079	0.02186382	0.01015198
1200	0.0160595	0.021949548	0.010169452
1201	0.0160745	0.02197216	0.01017684
1202	0.0160722	0.021962129	0.010182271
1203	0.0160886	0.021979448	0.010197752
1204	0.016121	0.022019728	0.010222272
1205	0.0161402	0.022038177	0.010242223
1206	0.0161371	0.02202646	0.01024774
1207	0.0161514	0.022046273	0.010256527
1208	0.0162022	0.022130398	0.010274002
1209	0.0162448	0.022199006	0.010290594
1210	0.0162677	0.022222057	0.010313343
1211	0.0162933	0.022249246	0.010337354
1212	0.0163268	0.022283679	0.010369921
1213	0.0163588	0.022314629	0.010402971
1214	0.0163804	0.022328079	0.010432721
1215	0.0164021	0.022343114	0.010461086
1216	0.0164259	0.022379695	0.010472105
1217	0.016448	0.022412137	0.010483863
1218	0.0164737	0.022443067	0.010504333
1219	0.0165043	0.022483326	0.010525274
1220	0.0165269	0.022514662	0.010539138
1221	0.0165428	0.02253696	0.01054864
1222	0.0165714	0.022583899	0.010558901
1223	0.0166059	0.022638603	0.010573197
1224	0.0166257	0.022670429	0.010580971
1225	0.0166387	0.02269337	0.01058403
1226	0.0166591	0.022714263	0.010603937
1227	0.0166875	0.022736739	0.010638261
1228	0.016717	0.022768846	0.010665154
1229	0.016743	0.022797103	0.010688897
1230	0.0167785	0.022834699	0.010722301
1231	0.0168375	0.022909685	0.010765315
1232	0.0168893	0.022974948	0.010803652
1233	0.0169113	0.022999441	0.010823159
1234	0.0169317	0.023021672	0.010841728
1235	0.0169384	0.023020431	0.010856369
1236	0.0169455	0.023020358	0.010870642
1237	0.0169692	0.023053473	0.010884927
1238	0.0169953	0.023089171	0.010901429
1239	0.0170138	0.02312411	0.01090349
1240	0.0170318	0.023159088	0.010904512
1241	0.0170557	0.023204378	0.010907022
1242	0.0170759	0.023250047	0.010901753
1243	0.0170936	0.023265975	0.010921225
1244	0.0171164	0.023273707	0.010959093
1245	0.0171469	0.023309737	0.010984063
1246	0.0171806	0.023362003	0.010999197
1247	0.0172103	0.023392564	0.011028036
1248	0.017241	0.023415721	0.011066279
1249	0.017266	0.02344156	0.01109044
1250	0.0172701	0.023447238	0.011092962
1251	0.0172838	0.023459008	0.011108592
1252	0.0173254	0.023492464	0.011158336
1253	0.0173604	0.023526307	0.011194493
1254	0.0173859	0.023568605	0.011203195
1255	0.0174163	0.023611733	0.011220867
1256	0.0174261	0.023619066	0.011233134
1257	0.0174344	0.023625223	0.011243577
1258	0.0174621	0.023670599	0.011253601
1259	0.0174932	0.023721981	0.011264419
1260	0.0174976	0.023738875	0.011256325
1261	0.0174951	0.02374704	0.01124316
1262	0.0174873	0.023740665	0.011233935
1263	0.0174889	0.023742027	0.011235773
1264	0.0175319	0.023802224	0.011261576
1265	0.0175863	0.023872804	0.011299796
1266	0.0176162	0.023906294	0.011326106
1267	0.017625	0.023922365	0.011327635
1268	0.0176562	0.023946366	0.011366034
1269	0.0177093	0.023986906	0.011431694
1270	0.0177381	0.024011419	0.011464781
1271	0.0177443	0.024012513	0.011476087
1272	0.0177707	0.02403538	0.01150602
1273	0.0178184	0.024084626	0.011552174
1274	0.0178548	0.024134856	0.011574744
1275	0.0178775	0.024191484	0.011563516
1276	0.0178963	0.024233037	0.011559563
1277	0.017909	0.024255506	0.011562494
1278	0.0179261	0.024294013	0.011558187
1279	0.0179557	0.024338818	0.011572582
1280	0.0179858	0.024373985	0.011597615
1281	0.0180238	0.024390178	0.011657422
1282	0.0180613	0.024414992	0.011707608
1283	0.0180743	0.024469142	0.011679458
1284	0.018082	0.024515782	0.011648218
1285	0.0180797	0.024495811	0.011663589
1286	0.018077	0.024473216	0.011680784
1287	0.0180784	0.024482	0.0116748
1288	0.0180855	0.02450018	0.01167082
1289	0.0181293	0.024553539	0.011705061
1290	0.0181796	0.024613644	0.011745556
1291	0.018218	0.024670038	0.011765962
1292	0.0182493	0.024722795	0.011775805
1293	0.0182699	0.024751853	0.011787947
1294	0.0182855	0.024769161	0.011801839
1295	0.0182926	0.02478198	0.01180322
1296	0.0182963	0.024798245	0.011794355
1297	0.0183137	0.024833444	0.011793956
1298	0.0183325	0.024865745	0.011799255
1299	0.0183407	0.024877099	0.011804301
1300	0.0183588	0.024891271	0.011826329
1301	0.0183834	0.024916622	0.011850178
1302	0.0184085	0.024951958	0.011865042
1303	0.0184354	0.024995842	0.011874958
1304	0.0184493	0.025023834	0.011874766
1305	0.0184647	0.025051505	0.011877895
1306	0.0184976	0.025080229	0.011914971
1307	0.0185293	0.025109256	0.011949344
1308	0.0185423	0.025141239	0.011943361
1309	0.0185556	0.025172383	0.011938817
1310	0.0185782	0.025199097	0.011957303
1311	0.0186043	0.025238228	0.011970372
1312	0.0186379	0.025264103	0.012011697
1313	0.0186664	0.02527468	0.01205812
1314	0.018703	0.025302371	0.012103629
1315	0.0187401	0.025328185	0.012152015
1316	0.0187635	0.025403643	0.012123357
1317	0.0187986	0.025510476	0.012086724
1318	0.0187929	0.025502576	0.012083224
1319	0.0187536	0.025432278	0.012074922
1320	0.0187834	0.025446614	0.012120186
1321	0.018857	0.025521109	0.012192891
1322	0.0189172	0.025590494	0.012243906
1323	0.0189804	0.025668297	0.012292503
1324	0.0190254	0.025726725	0.012324075
1325	0.0190108	0.025711464	0.012310136
1326	0.0189932	0.025693353	0.012293047
1327	0.019018	0.025746947	0.012289053
1328	0.0190455	0.025805124	0.012285876
1329	0.0190908	0.025851598	0.012330002
1330	0.0191281	0.025898432	0.012357768
1331	0.0190973	0.025888162	0.012306438
1332	0.0190865	0.025890572	0.012282428
1333	0.0191402	0.025928162	0.012352238
1334	0.0191876	0.025961797	0.012413403
1335	0.0192015	0.025976802	0.012426198
1336	0.0192163	0.025991667	0.012440933
1337	0.0192437	0.026003652	0.012483748
1338	0.0192698	0.026019777	0.012519823
1339	0.0192921	0.026083379	0.012500821
1340	0.0193235	0.026165943	0.012481057
1341	0.0192925	0.026128266	0.012456734
1342	0.0192359	0.026045205	0.012426595
1343	0.0192313	0.026072291	0.012390309
1344	0.0192443	0.026159031	0.012329569
1345	0.0192273	0.02611406	0.01234054
1346	0.0191857	0.02598963	0.01238177
1347	0.0191205	0.025883316	0.012357684
1348	0.019034	0.025778007	0.012289993
1349	0.0189417	0.025770008	0.012113392
1350	0.0188618	0.025858953	0.011864647
1351	0.0187962	0.025840003	0.011752397
1352	0.0185926	0.025478484	0.011706716
1353	0.018391	0.025228833	0.011553167
1354	0.0185616	0.025625861	0.011497339
1355	0.0186146	0.025868878	0.011360322
1356	0.0181231	0.025665207	0.010580993
1357	0.0176676	0.025864018	0.009471182
1358	0.0184643	0.026954995	0.009973605
1359	0.0200202	0.030033454	0.010006946
1360	0.02015	0.028652871	0.011647129
1361	0.0207679	0.028887618	0.012648182
1362	0.0273055	0.043035451	0.011575549
1363	0.0371374	0.068649336	0.005625464
1364	0.0352131	0.065201678	0.005224522
1365	0.0309706	0.062076585	-0.000135385
1366	0.0255855	0.047706704	0.003464296
1367	0.0202678	0.036991383	0.003544217
1368	0.0136781	0.021142455	0.006213745
1369	0.0089689	0.015288056	0.002649744
1370	0.011002	0.019941856	0.002062144
1371	0.0130717	0.025471062	0.000672338
1372	0.0171075	0.029711817	0.004503183
1373	0.0207695	0.035885333	0.005653667
1374	0.0215896	0.033732415	0.009446785
1375	0.0213556	0.030827274	0.011883926
1376	0.0216397	0.030337253	0.012942147
1377	0.0230367	0.033404512	0.012668888
1378	0.0223803	0.030940823	0.013819777
1379	0.0204696	0.029739185	0.011200015
1380	0.0190294	0.028149109	0.009909691
1381	0.0180419	0.027930855	0.008152945
1382	0.0167391	0.026376374	0.007101826
1383	0.0155069	0.022594107	0.008419693
1384	0.0164261	0.024736284	0.008115916
1385	0.0176574	0.027291548	0.008023252
1386	0.0172326	0.026898831	0.007566369
1387	0.0168303	0.025119841	0.008540759
1388	0.0169235	0.02609012	0.00775688
1389	0.0169924	0.027696092	0.006288708
1390	0.0172785	0.028522361	0.006034639
1391	0.0177034	0.028242093	0.007164707
1392	0.0181515	0.028784685	0.007518315
1393	0.0179258	0.028375414	0.007476186
1394	0.0168091	0.026663863	0.006954337
1395	0.0158047	0.024536042	0.007073358
1396	0.0159424	0.02479277	0.00709203
1397	0.0179765	0.027068932	0.008884068
1398	0.0195357	0.02850755	0.01056385
1399	0.0199109	0.027961063	0.011860737
1400	0.0200873	0.027890671	0.012283929
1401	0.0200212	0.028515924	0.011526476
1402	0.020006	0.029273472	0.010738528
1403	0.0200209	0.029186881	0.010854919
1404	0.0199387	0.028934	0.0109434
1405	0.0194527	0.02815598	0.01074942
1406	0.0191278	0.027663858	0.010591742
1407	0.0190961	0.027114073	0.011078127
1408	0.0188968	0.026463844	0.011329756
1409	0.0190157	0.02618105	0.01185035
1410	0.0193079	0.026224213	0.012391587
1411	0.0192116	0.026274199	0.012149001
1412	0.0191264	0.026503894	0.011748906
1413	0.0194149	0.026942164	0.011887636
1414	0.019572	0.027126842	0.012017158
1415	0.0194943	0.027158543	0.011830057
1416	0.0194946	0.02739617	0.01159303
1417	0.0194896	0.027446343	0.011532857
1418	0.0194399	0.027383228	0.011496572
1419	0.0195134	0.027609967	0.011416833
1420	0.019672	0.027946904	0.011397096
1421	0.0197885	0.027922132	0.011654868
1422	0.019853	0.027716842	0.011989158
1423	0.0198108	0.027620992	0.012000608
1424	0.0196521	0.027531377	0.011772823
1425	0.019592	0.027474898	0.011709102
1426	0.0196018	0.027516643	0.011686957
1427	0.0196201	0.027631146	0.011609054
1428	0.0197308	0.027771887	0.011689713
1429	0.0197968	0.027772428	0.011821172
1430	0.0197944	0.027682971	0.011905829
1431	0.0198099	0.027672651	0.011947149
1432	0.0198097	0.027681327	0.011938073
1433	0.019806	0.027727157	0.011884843
1434	0.0198366	0.027860447	0.011812753
1435	0.019859	0.027931196	0.011786804
1436	0.0198537	0.027917867	0.011789533
1437	0.0198811	0.027946069	0.011816131
1438	0.0200215	0.028018326	0.012024674
1439	0.020152	0.02810604	0.01219796
1440	0.0202088	0.028308556	0.012109044
1441	0.0202405	0.028462074	0.012018926
1442	0.0201995	0.028362928	0.012036072
1443	0.0201605	0.028270762	0.012050238
1444	0.0200993	0.028184381	0.012014219
1445	0.0200556	0.028113539	0.011997661
1446	0.0201754	0.028225471	0.012125329
1447	0.020294	0.028354802	0.012233198
1448	0.0203694	0.02844234	0.01229646
1449	0.0204358	0.028504901	0.012366699
1450	0.0204546	0.028542208	0.012366992
1451	0.0204674	0.028591131	0.012343669
1452	0.020511	0.028644729	0.012377271
1453	0.0205497	0.028691148	0.012408252
1454	0.0206116	0.028776424	0.012446776
1455	0.0206777	0.028857575	0.012497825
1456	0.0206983	0.028898239	0.012498361
1457	0.0207153	0.0289353	0.0124953
1458	0.0207352	0.028980559	0.012489841
1459	0.0207535	0.029040299	0.012466701
1460	0.0207717	0.029064488	0.012478912
1461	0.0207777	0.029071673	0.012483727
1462	0.0207685	0.029128794	0.012408206
1463	0.0207734	0.029199804	0.012346996
1464	0.020807	0.029229743	0.012384257
1465	0.0208322	0.029241073	0.012423327
1466	0.0209065	0.029297055	0.012515945
1467	0.0210263	0.029393573	0.012659027
1468	0.021074	0.029467202	0.012680798
1469	0.0210552	0.029495585	0.012614815
1470	0.0210568	0.029504598	0.012609002
1471	0.0210812	0.029529528	0.012632872
1472	0.0211391	0.029601328	0.012676872
1473	0.0212328	0.029685143	0.012780457
1474	0.0212849	0.029739634	0.012830166
1475	0.0213002	0.029783761	0.012816639
1476	0.0213358	0.029834772	0.012836828
1477	0.0213896	0.029898547	0.012880653
1478	0.0214282	0.029948673	0.012907727
1479	0.0214513	0.02997759	0.01292501
1480	0.0214515	0.029987964	0.012915036
1481	0.0214403	0.029998938	0.012881662
1482	0.0214758	0.030066807	0.012884793
1483	0.0215563	0.030189617	0.012922983
1484	0.021628	0.030285035	0.012970965
1485	0.0216822	0.030324023	0.013040377
1486	0.0217262	0.030360971	0.013091429
1487	0.0217771	0.030444251	0.013109949
1488	0.0218076	0.030526103	0.013089097
1489	0.0217975	0.030600135	0.012994865
1490	0.0218118	0.030668257	0.012955343
1491	0.0218775	0.030682974	0.013072026
1492	0.0219314	0.030693656	0.013169144
1493	0.0219755	0.030755776	0.013195224
1494	0.0220282	0.03082822	0.01322818
1495	0.022089	0.030908321	0.013269679
1496	0.0221437	0.030977209	0.013310191
1497	0.0222094	0.031048015	0.013370785
1498	0.0222702	0.03112209	0.01341831
1499	0.0223059	0.031186395	0.013425405
1500	0.0223369	0.031241577	0.013432223
1501	0.022355	0.031273887	0.013436113
1502	0.022385	0.031319456	0.013450544
1503	0.0224502	0.03139719	0.01350321
1504	0.0225059	0.031468387	0.013543413
1505	0.0225427	0.031540773	0.013544627
1506	0.0225798	0.031606589	0.013553011
1507	0.0225972	0.031621608	0.013572792
1508	0.0226175	0.031642258	0.013592742
1509	0.0226896	0.031710392	0.013668808
1510	0.0227593	0.031778195	0.013740405
1511	0.0227956	0.031854152	0.013737048
1512	0.0228288	0.031927068	0.013730532
1513	0.0228508	0.031964396	0.013737204
1514	0.0228718	0.032000623	0.013742977
1515	0.0229109	0.032058276	0.013763524
1516	0.0229528	0.032120519	0.013785081
1517	0.0230204	0.032203866	0.013836934
1518	0.0230893	0.032283706	0.013894894
1519	0.0231384	0.032333993	0.013942807
1520	0.0231842	0.032383926	0.013984474
1521	0.0232039	0.032407994	0.013999806
1522	0.02322	0.032426722	0.014013278
1523	0.0232517	0.032479936	0.014023464
1524	0.0232851	0.032536178	0.014034022
1525	0.0233229	0.03258558	0.01406022
1526	0.0233594	0.032629392	0.014089408
1527	0.023407	0.032691896	0.014122104
1528	0.0234561	0.032761454	0.014150746
1529	0.0234643	0.03281112	0.01411748
1530	0.0234685	0.032858545	0.014078455
1531	0.0235092	0.032899189	0.014119211
1532	0.023552	0.032936283	0.014167717
1533	0.0235805	0.03299501	0.01416599
1534	0.0236105	0.033060135	0.014160865
1535	0.0236667	0.033128946	0.014204454
1536	0.02373	0.033199954	0.014260046
1537	0.0237781	0.033261014	0.014295186
1538	0.0238203	0.03331866	0.01432194
1539	0.0238622	0.033380351	0.014344049
1540	0.0239042	0.033444159	0.014364241
1541	0.02395	0.03350882	0.01439118
1542	0.0239985	0.033572609	0.014424391
1543	0.0240346	0.033618953	0.014450247
1544	0.0240648	0.03365824	0.01447136
1545	0.0240791	0.033659715	0.014498485
1546	0.024087	0.033651026	0.014522974
1547	0.0241324	0.03372067	0.01454413
1548	0.0241934	0.033815623	0.014571177
1549	0.02423	0.033865049	0.014594951
1550	0.0242567	0.033898548	0.014614852
1551	0.024297	0.033949961	0.014644039
1552	0.0243441	0.03401178	0.01467642
1553	0.0243867	0.034077069	0.014696331
1554	0.0244298	0.034146996	0.014712604
1555	0.024457	0.034207083	0.014706917
1556	0.0244755	0.034259144	0.014691856
1557	0.0245042	0.034308544	0.014699856
1558	0.0245362	0.034355508	0.014716892
1559	0.0245829	0.034419831	0.014745969
1560	0.0246356	0.034493853	0.014777347
1561	0.0246788	0.034548407	0.014809193
1562	0.0247227	0.034595287	0.014850113
1563	0.0247572	0.034641569	0.014872831
1564	0.0247847	0.034689648	0.014879752
1565	0.0248101	0.034719011	0.014901189
1566	0.0248347	0.034737884	0.014931516
1567	0.0248766	0.03480092	0.01495228
1568	0.024927	0.034887228	0.014966772
1569	0.0249685	0.034949856	0.014987144
1570	0.0250071	0.034999747	0.015014453
1571	0.0250431	0.035049155	0.015037045
1572	0.0250789	0.035103066	0.015054734
1573	0.0251311	0.035179005	0.015083195
1574	0.0251932	0.035266501	0.015119899
1575	0.025218	0.035312281	0.015123719
1576	0.0252192	0.035335083	0.015103317
1577	0.0252517	0.035377875	0.015125525
1578	0.0253035	0.035430589	0.015176411
1579	0.0253407	0.035481436	0.015199964
1580	0.0253698	0.035531753	0.015207847
1581	0.0254116	0.035593023	0.015230177
1582	0.0254601	0.035658381	0.015261819
1583	0.0255028	0.035720172	0.015285428
1584	0.0255418	0.03578132	0.01530228
1585	0.0255787	0.035830718	0.015326682
1586	0.0256182	0.035879315	0.015357085
1587	0.0256528	0.03593028	0.01537532
1588	0.0256813	0.035977141	0.015385459
1589	0.0257251	0.036043431	0.015406769
1590	0.0257781	0.036123526	0.015432674
1591	0.0258265	0.036188253	0.015464747
1592	0.0258722	0.036241735	0.015502665
1593	0.0259223	0.036310939	0.015533661
1594	0.0259766	0.036391286	0.015561914
1595	0.0260237	0.036454685	0.015592715
1596	0.026065	0.036505657	0.015624343
1597	0.0260955	0.036542353	0.015648647
1598	0.02612	0.036571883	0.015668117
1599	0.0261647	0.036628318	0.015701082
1600	0.0262225	0.036704169	0.015740831
1601	0.0262694	0.036773652	0.015765148
1602	0.02631	0.036837216	0.015782784
1603	0.0263582	0.036890257	0.015826143
1604	0.0264103	0.036938188	0.015882412
1605	0.0264495	0.036984446	0.015914554
1606	0.0264811	0.037029607	0.015932593
1607	0.0265175	0.037095908	0.015939092
1608	0.0265576	0.037175235	0.015939965
1609	0.0266079	0.037232425	0.015983375
1610	0.0266646	0.037277862	0.016051338
1611	0.0266891	0.037326513	0.016051687
1612	0.0266957	0.037377092	0.016014308
1613	0.0267127	0.03742378	0.01600162
1614	0.0267347	0.037466797	0.016002603
1615	0.0267713	0.037504824	0.016037776
1616	0.0268161	0.037541577	0.016090623
1617	0.0268644	0.037600666	0.016128134
1618	0.026914	0.03767062	0.01615738
1619	0.0269669	0.037739046	0.016194754
1620	0.0270217	0.037807059	0.016236341
1621	0.0270479	0.037846684	0.016249116
1622	0.0270612	0.037873357	0.016249043
1623	0.0271134	0.037935245	0.016291555
1624	0.0271819	0.038012137	0.016351663
1625	0.02722	0.038069334	0.016370666
1626	0.0272466	0.038119298	0.016373902
1627	0.0272768	0.038172733	0.016380867
1628	0.0273085	0.038227416	0.016389584
1629	0.027344	0.038262165	0.016425835
1630	0.0273809	0.038289804	0.016471996
1631	0.0274099	0.038321607	0.016498193
1632	0.0274368	0.038355357	0.016518243
1633	0.0274836	0.038429538	0.016537662
1634	0.0275362	0.038516248	0.016556152
1635	0.0275623	0.038568837	0.016555763
1636	0.0275817	0.0386123	0.0165511
1637	0.0276295	0.0386641	0.0165949
1638	0.0276846	0.038719567	0.016649633
1639	0.0277012	0.038734178	0.016668222
1640	0.0277099	0.03874092	0.01667888
1641	0.0277534	0.03880707	0.01669973
1642	0.0278042	0.038886877	0.016721523
1643	0.0278305	0.038932151	0.016728849
1644	0.0278523	0.038971317	0.016733283
1645	0.0278977	0.039031925	0.016763475
1646	0.0279463	0.039095412	0.016797188
1647	0.0279916	0.039178924	0.016804276
1648	0.0280369	0.039265722	0.016808078
1649	0.0280383	0.039219991	0.016856609
1650	0.0280363	0.039162002	0.016910598
1651	0.0280365	0.03918064	0.01689236
1652	0.0280358	0.039204638	0.016866962
1653	0.0280369	0.039164882	0.016908918
1654	0.0280386	0.039123364	0.016953836
1655	0.0280826	0.039187421	0.016977779
1656	0.0281276	0.039256308	0.016998892
1657	0.0281735	0.039334811	0.017012189
1658	0.0282183	0.039409862	0.017026738
1659	0.0282068	0.039390154	0.017023446
1660	0.0281965	0.039372432	0.017020568
1661	0.0282109	0.039403849	0.017017951
1662	0.0282252	0.039435474	0.017014926
1663	0.0282441	0.039459238	0.017028962
1664	0.0282669	0.039486763	0.017047037
1665	0.0283074	0.039527092	0.017087708
1666	0.0283441	0.039568803	0.017119397
1667	0.0283517	0.039606426	0.017096974
1668	0.0283629	0.039642117	0.017083683
1669	0.0284058	0.039693227	0.017118373
1670	0.02845	0.039745283	0.017154717
1671	0.0284934	0.039787405	0.017199395
1672	0.0285345	0.039830582	0.017238418
1673	0.0285668	0.039872312	0.017261288
1674	0.0285942	0.039907881	0.017280519
1675	0.0286016	0.039928802	0.017274398
1676	0.028621	0.039962079	0.017279921
1677	0.0286706	0.040015794	0.017325406
1678	0.0287081	0.0400705	0.0173457
1679	0.0287245	0.040143603	0.017305397
1680	0.0287519	0.040212226	0.017291574
1681	0.0287931	0.040257966	0.017328234
1682	0.0288351	0.040310445	0.017359755
1683	0.0288836	0.040380908	0.017386292
1684	0.0289354	0.040449911	0.017420889
1685	0.0289989	0.040521951	0.017475849
1686	0.0290342	0.0405683	0.0175001
1687	0.0290268	0.040576153	0.017477447
1688	0.0290262	0.040611307	0.017441093
1689	0.0290331	0.040679418	0.017386782
1690	0.0290633	0.04073782	0.01738878
1691	0.0291183	0.040785049	0.017451551
1692	0.0291634	0.040832454	0.017494346
1693	0.0292003	0.040884552	0.017516048
1694	0.0292406	0.040953312	0.017527888
1695	0.0292805	0.041028795	0.017532205
1696	0.0293057	0.041101982	0.017509418
1697	0.0293233	0.041176117	0.017470483
1698	0.0293692	0.041260575	0.017477825
1699	0.0294314	0.041353229	0.017509571
1700	0.0294659	0.041411623	0.017520177
1701	0.0294848	0.041445282	0.017524318
1702	0.0295242	0.041507364	0.017541036
1703	0.0295792	0.041596964	0.017561436
1704	0.0295967	0.041605194	0.017588206
1705	0.0295913	0.041571562	0.017611038
1706	0.0296176	0.041616584	0.017618616
1707	0.02966	0.04168942	0.01763058
1708	0.029707	0.041750692	0.017663308
1709	0.0297499	0.041802108	0.017697692
1710	0.029771	0.041832962	0.017709038
1711	0.0297921	0.041870522	0.017713678
1712	0.0298226	0.041927999	0.017717201
1713	0.0298602	0.041995425	0.017724975
1714	0.0298992	0.042095037	0.017703363
1715	0.0299292	0.042182615	0.017675785
1716	0.0299206	0.042186453	0.017654747
1717	0.0299133	0.042189573	0.017637027
1718	0.0299805	0.042277315	0.017683685
1719	0.0300493	0.04237266	0.01772594
1720	0.0300731	0.042398481	0.017747719
1721	0.0300962	0.042423415	0.017768985
1722	0.0301202	0.04248147	0.01775893
1723	0.0301444	0.04253951	0.01774929
1724	0.0301417	0.042575789	0.017707611
1725	0.0301471	0.042617207	0.017676993
1726	0.0301868	0.042682552	0.017691048
1727	0.0302296	0.042757076	0.017702124
1728	0.0302834	0.04284466	0.01772214
1729	0.0303278	0.042916829	0.017738771
1730	0.0303565	0.042959256	0.017753744
1731	0.0303898	0.043006469	0.017773131
1732	0.030431	0.043059942	0.017802058
1733	0.0304714	0.043133523	0.017809277
1734	0.0305177	0.043245701	0.017789699
1735	0.0305824	0.043333029	0.017831771
1736	0.030658	0.043379359	0.017936641
1737	0.0306913	0.043417917	0.017964683
1738	0.0306799	0.043441176	0.017918624
1739	0.0307018	0.04348162	0.01792198
1740	0.0307571	0.043545768	0.017968432
1741	0.0307904	0.043589128	0.017991672
1742	0.0308045	0.043616372	0.017992628
1743	0.0308521	0.043687014	0.018017186
1744	0.0309143	0.043776707	0.018051893
1745	0.0309628	0.043861247	0.018064353
1746	0.0310132	0.04394667	0.01807973
1747	0.0310415	0.043966942	0.018116058
1748	0.0310631	0.043977889	0.018148311
1749	0.0311239	0.04406553	0.01818227
1750	0.031189	0.044161186	0.018216814
1751	0.0312046	0.044210844	0.018198356
1752	0.0312152	0.044248899	0.018181501
1753	0.0312372	0.044304594	0.018169806
1754	0.0312539	0.044370133	0.018137667
1755	0.0312911	0.044420524	0.018161676
1756	0.0313328	0.044465667	0.018199933
1757	0.0313487	0.044503111	0.018194289
1758	0.0313744	0.044554741	0.018194059
1759	0.0314167	0.044573698	0.018259702
1760	0.0314462	0.0445903	0.0183021
1761	0.031492	0.044682952	0.018301048
1762	0.0315521	0.044788206	0.018315994
1763	0.0316298	0.044958451	0.018301149
1764	0.0316998	0.045098895	0.018300705
1765	0.0317731	0.045105748	0.018440452
1766	0.0318337	0.045109108	0.018558292
1767	0.031839	0.045102487	0.018575513
1768	0.0318414	0.045116501	0.018566299
1769	0.0318307	0.045164895	0.018496505
1770	0.0318818	0.045285398	0.018478202
1771	0.0320232	0.045514053	0.018532347
1772	0.0320882	0.045611696	0.018564704
1773	0.0320669	0.045549715	0.018584085
1774	0.032092	0.045587162	0.018596838
1775	0.0321826	0.045747247	0.018617953
1776	0.0321827	0.045811681	0.018553719
1777	0.0320947	0.045765525	0.018423875
1778	0.032104	0.045755186	0.018452814
1779	0.0321733	0.045786127	0.018560473
1780	0.0322059	0.045890866	0.018520934
1781	0.0322279	0.046040161	0.018415639
1782	0.0323302	0.046143371	0.018517029
1783	0.0324421	0.04620914	0.01867506
1784	0.0323986	0.046171144	0.018626056
1785	0.0323488	0.046138316	0.018559284
1786	0.0324772	0.04631997	0.01863443
1787	0.0326107	0.046526061	0.018695339
1788	0.0326887	0.0466146	0.0187628
1789	0.0327441	0.046669708	0.018818492
1790	0.0325897	0.046489078	0.018690322
1791	0.0324397	0.046317307	0.018562093
1792	0.0324218	0.046338178	0.018505422
1793	0.0323941	0.046358548	0.018429652
1794	0.0323459	0.046304089	0.018387711
1795	0.03232	0.04627045	0.01836955
1796	0.0323405	0.046340774	0.018340226
1797	0.0323136	0.046338241	0.018288959
1798	0.0322511	0.046220807	0.018281393
1799	0.0322546	0.046286495	0.018222705
1800	0.0322627	0.046562665	0.017962735
1801	0.0187128	0.033942087	0.003483513
1802	0.016626	0.03003491	0.00321709
1803	0.0153843	0.029705395	0.001063205
1804	0.0141634	0.029586342	-0.001259542
1805	0.0137896	0.029269454	-0.001690254
1806	0.0140879	0.029711159	-0.001535359
1807	0.0144008	0.029714196	-0.000912596
1808	0.0147203	0.031074884	-0.001634284
1809	0.0157673	0.033399644	-0.001865044
1810	0.0152918	0.031360989	-0.000777389
1811	0.0136114	0.026181849	0.001040951
1812	0.013002	0.02496524	0.00103876
1813	0.0139663	0.028925316	-0.000992716
1814	0.0165236	0.033733853	-0.000686653
1815	0.0194467	0.041575748	-0.002682348
1816	0.0199336	0.045087848	-0.005220648
1817	0.0149314	0.035564274	-0.005701474
1818	0.010527	0.023593048	-0.002539048
1819	0.0096737	0.02043956	-0.00109216
1820	0.0100908	0.019103881	0.001077719
1821	0.010971	0.022803588	-0.000861588
1822	0.0110369	0.027183281	-0.005109481
1823	0.0093097	0.024061393	-0.005441993
1824	0.0078054	0.025085404	-0.009474604
1825	0.0106444	0.035063125	-0.013774325
1826	0.0135724	0.047578727	-0.020433927
1827	0.0260759	0.084167813	-0.032016013
1828	0.0691754	0.219149252	-0.080798452
1829	0.1421448	0.462034343	-0.177744743
1830	0.1798968	0.591453256	-0.231659656
1831	0.092823	0.286205258	-0.100559258
1832	0.0187056	0.05478039	-0.01736919
1833	0.009909	0.026197106	-0.006379106
1834	0.0207812	0.057877254	-0.016314854
1835	0.0331025	0.119522751	-0.053317751
1836	0.0330228	0.130162642	-0.064117042
1837	0.0873224	0.281019646	-0.106374846
1838	0	0	0
1839	0	0	0
1840	1.4199528	4.898218267	-2.058312667
1841	0.1502614	0.57657644	-0.27605364
1842	0.0082452	0.026594088	-0.010103688
1843	0.003906	0.014752886	-0.006940886
1844	0.0004804	0.001999558	-0.001038758
1845	0.0597701	0.248779752	-0.129239552
1846	0.1391885	0.513515719	-0.235138719
1847	0.0723874	0.235907105	-0.091132305
1848	0.0309587	0.096226355	-0.034308955
1849	0.0147988	0.040490386	-0.010892786
1850	0.013419	0.046360613	-0.019522613
1851	0.0173398	0.072173062	-0.037493462
1852	0.009757	0.040611343	-0.021097343
1853	0.0024163	0.010057312	-0.005224712
1854	0.0017857	0.007432579	-0.003861179
1855	0.0131346	0.048839328	-0.022570128
1856	0.2059869	0.633766668	-0.221792868
1857	0.1931309	0.600100566	-0.213838766
1858	0.0703742	0.212164251	-0.071415851
1859	0.0299746	0.091892991	-0.031943791
1860	0.0170865	0.054847676	-0.020674676
1861	0.0153234	0.049788555	-0.019141755
1862	0.0131742	0.042460362	-0.016111962
1863	0.0218964	0.061921668	-0.018128868
1864	0.1554432	0.487341007	-0.176454607
1865	0.1139996	0.367273287	-0.139274087
1866	0.0507897	0.192557634	-0.090978234
1867	0.0347719	0.144730303	-0.075186503
1868	0.0584721	0.243377116	-0.126432916
1869	0	0	0
1870	0	0	0
1871	0	0	0
1872	0	0	0
1873	0.1386875	0.432430439	-0.155055439
1874	0.0255824	0.07991696	-0.02875216
1875	0.0038072	0.012969303	-0.005354903
1876	0.0090296	0.024909628	-0.006850428
1877	0.0250227	0.072305739	-0.022260339
1878	0.0600271	0.148853538	-0.028799338
1879	0.1308653	0.301794219	-0.040063619
1880	0.1268905	0.384856983	-0.131075983
1881	0.0459874	0.121922334	-0.029947534
1882	0.024951	0.096012108	-0.046110108
1883	0.0109119	0.042443995	-0.020620195
1884	0.0024302	0.008432071	-0.003571671
1885	0.0018656	0.005920269	-0.002189069
1886	0.0032255	0.010132243	-0.003681243
1887	0.0044782	0.012907057	-0.003950657
1888	0.0046149	0.012290681	-0.003060881
1889	0.0034786	0.012320192	-0.005362992
1890	0.0018307	0.005468117	-0.001806717
1891	0.0008331	0.003312591	-0.001646391
1892	0.0005132	0.002136081	-0.001109681
1893	0.0001293	0.000538183	-0.000279583
1894	0	0	0
1895	0	0	0
1896	0.0084464	0.035156262	-0.018263462
1897	0.0180519	0.07513702	-0.03903322
1898	0.0137078	0.05705567	-0.02964007
1899	0.0056807	0.023644651	-0.012283251
1900	0.0035455	0.014757355	-0.007666355
1901	0.0203938	0.084884658	-0.044097058
1902	0.1109709	0.461891698	-0.239949898
1903	0.0110229	0.04588037	-0.02383457
1904	0.0000302	0.000125701	-6.53E-05
1905	0.0197738	0.052040397	-0.012492797
1906	0.0612118	0.162067656	-0.039644056
1907	0.0702978	0.191178124	-0.050582524
1908	0.0478373	0.142614944	-0.046940344
1909	0.0335627	0.111447721	-0.044322321
1910	0.0154352	0.051975978	-0.021105578
1911	0.0014518	0.004910017	-0.002006417
1912	0.0033378	0.010528306	-0.003852706
1913	0.0047649	0.01429962	-0.00476982
1914	0.0066233	0.014401714	-0.001155114
1915	0.0080009	0.021037621	-0.005035821
1916	0.0070353	0.019232437	-0.005161837
1917	0.0065205	0.019355442	-0.006314442
1918	0.0064776	0.018823707	-0.005868507
1919	0.0077076	0.021332593	-0.005917393
1920	0.0084649	0.024051519	-0.007121719
1921	0.0051954	0.01439806	-0.00400726
1922	0.0026552	0.007889896	-0.002579496
1923	0.0069704	0.018914773	-0.004973973
1924	0.0118497	0.031646205	-0.007946805
1925	0.0117326	0.031021629	-0.007556429
1926	0.0100872	0.027163067	-0.006988667
1927	0.0085166	0.02360711	-0.00657391
1928	0.0068774	0.02070731	-0.00695251
1929	0.0058043	0.019032921	-0.007424321
1930	0.0060166	0.018272551	-0.006239351
1931	0.0063945	0.01836383	-0.00557483
1932	0.00692	0.01707647	-0.00323647
1933	0.0073501	0.016877584	-0.002177384
1934	0.00782	0.017884782	-0.002244782
1935	0.008345	0.020199912	-0.003509912
1936	0.0091055	0.021615178	-0.003404178
1937	0.0096283	0.022536758	-0.003280158
1938	0.0109412	0.024188989	-0.002306589
1939	0.013347	0.027665709	-0.000971709
1940	0.0153913	0.030987472	-0.000204872
1941	0.0169559	0.033536832	0.000374968
1942	0.0182012	0.035956109	0.000446291
1943	0.0175379	0.034258032	0.000817768
1944	0.0169441	0.03347272	0.00041548
1945	0.0173698	0.033826902	0.000912698
1946	0.017932	0.034599253	0.001264747
1947	0.0189876	0.036254557	0.001720643
1948	0.0203123	0.038600761	0.002023839
1949	0.021333	0.039752827	0.002913173
1950	0.0219431	0.039327793	0.004558407
1951	0.0223112	0.039604056	0.005018344
1952	0.0218918	0.040214528	0.003569072
1953	0.0214961	0.041074779	0.001917421
1954	0.0216178	0.04144101	0.00179459
1955	0.0217243	0.04182983	0.00161877
1956	0.0230704	0.042405498	0.003735302
1957	0.0246071	0.043178888	0.006035312
1958	0.0256299	0.043578467	0.007681333
1959	0.0262737	0.043769488	0.008777912
1960	0.0270467	0.044530901	0.009562499
1961	0.0280733	0.045994575	0.010152025
1962	0.0288727	0.047233096	0.010512304
1963	0.0291456	0.048063123	0.010228077
1964	0.0293799	0.048836013	0.009923787
1965	0.0300526	0.049440999	0.010664201
1966	0.0306683	0.049979612	0.011356988
1967	0.0315107	0.050871227	0.012150173
1968	0.0323503	0.051826295	0.012874305
1969	0.0329636	0.052344349	0.013582851
1970	0.033334	0.052397727	0.014270273
1971	0.0334801	0.052372679	0.014587521
1972	0.0333651	0.052365931	0.014364269
1973	0.0332759	0.052368675	0.014183125
1974	0.0333239	0.052312228	0.014335572
1975	0.0333681	0.052281744	0.014454456
1976	0.0336276	0.052728333	0.014526867
1977	0.033873	0.053195204	0.014550796
1978	0.0338157	0.053296431	0.014334969
1979	0.0336604	0.053278147	0.014042653
1980	0.0338689	0.053441755	0.014296045
1981	0.0344024	0.053753381	0.015051419
1982	0.034873	0.054076638	0.015669362
1983	0.0351775	0.054447378	0.015907622
1984	0.0353931	0.054747187	0.016039013
1985	0.0351794	0.054724988	0.015633812
1986	0.0349677	0.054728669	0.015206731
1987	0.0351586	0.054998368	0.015318832
1988	0.0353777	0.055297411	0.015457989
1989	0.0353981	0.055234702	0.015561498
1990	0.035351	0.055023566	0.015678434
1991	0.0353682	0.054841374	0.015895026
1992	0.0354118	0.054758915	0.016064685
1993	0.0352487	0.054427373	0.016070027
1994	0.0346555	0.05345011	0.01586089
1995	0.0340382	0.052533763	0.015542637
1996	0.0337177	0.052396367	0.015039033
1997	0.0333532	0.052260617	0.014445783
1998	0.0331941	0.05193951	0.01444869
1999	0.0330537	0.051670402	0.014436998
2000	0.0330115	0.05200518	0.01401782
2001	0.0329601	0.052403494	0.013516706
2002	0.0328162	0.052580586	0.013051814
2003	0.0325964	0.052755695	0.012437105
2004	0.0323808	0.052899845	0.011861755
2005	0.0322345	0.053022796	0.011446204
2006	0.0321659	0.053156355	0.011175445
2007	0.0320129	0.052665623	0.011360177
2008	0.0318848	0.052244544	0.011525056
2009	0.0319563	0.051929098	0.011983502
2010	0.032034	0.051703866	0.012364134
2011	0.0323584	0.052211376	0.012505424
2012	0.0328001	0.052987522	0.012612678
2013	0.0332216	0.053688921	0.012754279
2014	0.0336238	0.054313511	0.012934089
2015	0.0341218	0.05480644	0.01343716
2016	0.0347227	0.054952389	0.014493011
2017	0.03521	0.054973331	0.015446669
2018	0.0354486	0.055069863	0.015827337
2019	0.0356732	0.055210756	0.016135644
2020	0.0359892	0.055525156	0.016453244
2021	0.0362699	0.055826453	0.016713347
2022	0.0363324	0.055930307	0.016734493
2023	0.0363773	0.055958163	0.016796437
2024	0.0364766	0.056169769	0.016783431
2025	0.0365578	0.056414115	0.016701485
2026	0.0367717	0.056733148	0.016810252
2027	0.0370677	0.057183395	0.016952005
2028	0.0372549	0.057492528	0.017017272
2029	0.0374391	0.057666592	0.017211608
2030	0.0376787	0.057918289	0.017439111
2031	0.0376716	0.057964192	0.017379008
2032	0.0376106	0.057964982	0.017256218
2033	0.0375642	0.058121141	0.017007259
2034	0.0375793	0.058373165	0.016785435
2035	0.0376834	0.058477186	0.016889614
2036	0.0377116	0.058422011	0.017001189
2037	0.0377422	0.058241103	0.017243297
2038	0.0377942	0.057977238	0.017611162
2039	0.0378604	0.057916054	0.017804746
2040	0.0379552	0.058274449	0.017635951
2041	0.0379655	0.058466184	0.017464816
2042	0.0378366	0.058170686	0.017502514
2043	0.0377089	0.057915734	0.017502066
2044	0.0374936	0.057787331	0.017199869
2045	0.0372731	0.057674023	0.016872177
2046	0.0373483	0.05766662	0.01702998
2047	0.0375132	0.057691438	0.017334962
2048	0.0376353	0.057779048	0.017491552
2049	0.0376616	0.057930812	0.017392388
2050	0.0376719	0.057950978	0.017392822
2051	0.0376591	0.057797709	0.017520491
2052	0.0376187	0.057823977	0.017413423
2053	0.0375128	0.05784253	0.01718307
2054	0.0373401	0.057708752	0.016971448
2055	0.0371646	0.05752042	0.01680878
2056	0.0370622	0.057430726	0.016693674
2057	0.0373731	0.057977229	0.016768971
2058	0.0377123	0.058591885	0.016832715
2059	0.0379571	0.059035507	0.016878693
2060	0.03818	0.05941873	0.01694127
2061	0.0382418	0.05947072	0.01701288
2062	0.0381908	0.059374081	0.017007519
2063	0.0378287	0.058975972	0.016681428
2064	0.0373391	0.058446996	0.016231204
2065	0.0370068	0.058025288	0.015988312
2066	0.0369797	0.057871199	0.016088201
2067	0.0369774	0.057840749	0.016114051
2068	0.0370207	0.057979727	0.016061673
2069	0.037198	0.058226092	0.016169908
2070	0.0376459	0.058613381	0.016678419
2071	0.0380467	0.058942773	0.017150627
2072	0.0383102	0.059232275	0.017388125
2073	0.0385818	0.059582303	0.017581297
2074	0.0386113	0.059696931	0.017525669
2075	0.0384922	0.059600488	0.017383912
2076	0.0384529	0.059433621	0.017472179
2077	0.0384868	0.059335753	0.017637847
2078	0.0386357	0.059485918	0.017785482
2079	0.0388619	0.05978848	0.01793532
2080	0.0389988	0.060014058	0.017983542
2081	0.0391329	0.060353911	0.017911889
2082	0.0391974	0.060560638	0.017834162
2083	0.0390881	0.060319076	0.017857124
2084	0.0389917	0.060082458	0.017900942
2085	0.0390224	0.060066664	0.017978136
2086	0.0390763	0.060107199	0.018045401
2087	0.0391003	0.060209106	0.017991494
2088	0.0390613	0.060311703	0.017810897
2089	0.0389702	0.060328726	0.017611674
2090	0.038963	0.060360919	0.017565081
2091	0.0390909	0.06046891	0.01771289
2092	0.0392853	0.06048647	0.01808413
2093	0.0393655	0.060371422	0.018359578
2094	0.0392216	0.060119481	0.018323719
2095	0.0392046	0.060007511	0.018401689
2096	0.0394711	0.060171997	0.018770203
2097	0.0397337	0.06035215	0.01911525
2098	0.0398719	0.060609899	0.019133901
2099	0.0399806	0.060912352	0.019048848
2100	0.0400674	0.061158294	0.018976506
2101	0.0401458	0.061298521	0.018993079
2102	0.0400168	0.061201694	0.018831906
2103	0.039933	0.061253323	0.018612677
2104	0.0398968	0.061260217	0.018533383
2105	0.0398638	0.061161296	0.018566304
2106	0.0399155	0.061181848	0.018649152
2107	0.0399249	0.061142857	0.018706943
2108	0.039907	0.061043166	0.018770834
2109	0.0400747	0.061179937	0.018969463
2110	0.0402351	0.061280535	0.019189665
2111	0.0402899	0.061227193	0.019352607
2112	0.0403336	0.061145806	0.019521394
2113	0.0403246	0.060976879	0.019672321
2114	0.0402838	0.060838615	0.019728985
2115	0.0402421	0.061034427	0.019449773
2116	0.0402228	0.061253751	0.019191849
2117	0.0402509	0.0613728	0.019129
2118	0.0403296	0.061428186	0.019231014
2119	0.0404861	0.061475799	0.019496401
2120	0.0406407	0.061679467	0.019601933
2121	0.0406691	0.061721696	0.019616504
2122	0.0404928	0.061421126	0.019564474
2123	0.0404158	0.061293835	0.019537765
2124	0.0406514	0.061571156	0.019731644
2125	0.0408365	0.061792507	0.019880493
2126	0.0409659	0.06187343	0.02005837
2127	0.041081	0.061918537	0.020243463
2128	0.0410566	0.061823368	0.020289832
2129	0.0410132	0.061741133	0.020285267
2130	0.0410614	0.061868408	0.020254392
2131	0.0410687	0.061994148	0.020143252
2132	0.0411138	0.062074927	0.020152673
2133	0.0412518	0.062235789	0.020267811
2134	0.0413996	0.062194387	0.020604813
2135	0.0415368	0.062034558	0.021039042
2136	0.0415051	0.061876318	0.021133882
2137	0.0412859	0.061736544	0.020835256
2138	0.0410782	0.061674076	0.020482324
2139	0.0410196	0.06171871	0.02032049
2140	0.0410317	0.061851184	0.020212216
2141	0.0411543	0.062121456	0.020187144
2142	0.0412671	0.062336526	0.020197674
2143	0.0412921	0.062262355	0.020321845
2144	0.0412685	0.06210646	0.02043054
2145	0.0410748	0.061807832	0.020341768
2146	0.0408579	0.061527688	0.020188112
2147	0.0408599	0.061597012	0.020122788
2148	0.0408842	0.061728635	0.020039765
2149	0.0409499	0.061934399	0.019965401
2150	0.0409974	0.0621554	0.0198394
2151	0.0411689	0.062448505	0.019889295
2152	0.041394	0.062690732	0.020097268
2153	0.0414495	0.062662193	0.020236807
2154	0.0415237	0.06262222	0.02042518
2155	0.0415708	0.062616694	0.020524906
2156	0.0418049	0.062860775	0.020749025
2157	0.0420769	0.063155307	0.020998493
2158	0.0421187	0.06320493	0.02103247
2159	0.0420974	0.063221054	0.020973746
2160	0.042006	0.063190174	0.020821826
2161	0.0418556	0.063059275	0.020651925
2162	0.0417588	0.06297905	0.02053855
2163	0.0417459	0.063020166	0.020471634
2164	0.0416114	0.062766249	0.020456551
2165	0.0414723	0.06252022	0.02042438
2166	0.0415039	0.062358069	0.020649731
2167	0.0416021	0.06223015	0.02097405
2168	0.0416871	0.062464807	0.020909393
2169	0.0416733	0.062666306	0.020680294
2170	0.0415847	0.062582832	0.020586568
2171	0.0415113	0.062488431	0.020534169
2172	0.0415338	0.062558134	0.020509466
2173	0.0416982	0.063026146	0.020370254
2174	0.0417949	0.063431438	0.020158362
2175	0.0416991	0.063364992	0.020033208
2176	0.041632	0.06323702	0.02002698
2177	0.0417449	0.063281969	0.020207831
2178	0.0418625	0.06336973	0.02035527
2179	0.0419184	0.063409062	0.020427738
2180	0.0419857	0.063469958	0.020501442
2181	0.0419373	0.06318265	0.02069195
2182	0.0418429	0.062848377	0.020837423
2183	0.0419777	0.062965255	0.020990145
2184	0.0421696	0.063092691	0.021246509
2185	0.0422864	0.063200209	0.021372591
2186	0.0423443	0.06332226	0.02136634
2187	0.0423736	0.063356229	0.021390971
2188	0.0424149	0.063489209	0.021340591
2189	0.0423322	0.063497108	0.021167292
2190	0.0421912	0.063502932	0.020879468
2191	0.0421346	0.06356602	0.02070318
2192	0.0421144	0.063442111	0.020786689
2193	0.0420705	0.063290321	0.020850679
2194	0.0420829	0.063328886	0.020836914
2195	0.0421122	0.063426809	0.020797591
2196	0.0420592	0.063438382	0.020680018
2197	0.041996	0.063373662	0.020618338
2198	0.042014	0.063217235	0.020810765
2199	0.0420119	0.063060441	0.020963359
2200	0.0419955	0.063062365	0.020928635
2201	0.0420779	0.063300722	0.020855078
2202	0.0422846	0.063749577	0.020819623
2203	0.0424605	0.064080785	0.020840215
2204	0.0425908	0.064203649	0.020977951
2205	0.0426823	0.064207602	0.021156998
2206	0.04282	0.064275994	0.021364006
2207	0.0428996	0.064320822	0.021478378
2208	0.042861	0.064260822	0.021461178
2209	0.0425908	0.063989866	0.021191734
2210	0.0423268	0.063762276	0.020891324
2211	0.0423053	0.063835666	0.020774934
2212	0.0424037	0.064025698	0.020781702
2213	0.0426674	0.064370288	0.020964512
2214	0.0429128	0.064696411	0.021129189
2215	0.043071	0.064885971	0.021256029
2216	0.0432413	0.065117311	0.021365289
2217	0.0434265	0.065382477	0.021470523
2218	0.0436764	0.065628247	0.021724553
2219	0.0437764	0.065784848	0.021767952
2220	0.0436861	0.06584093	0.02153127
2221	0.0436448	0.065945411	0.021344189
2222	0.0435804	0.065959542	0.021201258
2223	0.0436075	0.065866026	0.021348974
2224	0.0437305	0.06583562	0.02162538
2225	0.0436347	0.065699687	0.021569713
2226	0.0434352	0.065299019	0.021571381
2227	0.0433531	0.064999524	0.021706676
2228	0.0432024	0.064886564	0.021518236
2229	0.0431029	0.064803055	0.021402745
2230	0.0432442	0.06488805	0.02160035
2231	0.0433762	0.065033146	0.021719254
2232	0.0434374	0.065281423	0.021593377
2233	0.0434959	0.065538949	0.021452851
2234	0.0435279	0.065613038	0.021442762
2235	0.0435468	0.065623901	0.021469699
2236	0.0435245	0.06561437	0.02143463
2237	0.0435447	0.065617695	0.021471705
2238	0.0437717	0.065828347	0.021715053
2239	0.0439896	0.065998266	0.021980934
2240	0.0440963	0.065907886	0.022284714
2241	0.0441884	0.065851132	0.022525668
2242	0.0443499	0.06584017	0.02285963
2243	0.0444463	0.065792169	0.023100431
2244	0.0443459	0.065704254	0.022987546
2245	0.0440318	0.065525013	0.022538587
2246	0.0437531	0.065443782	0.022062418
2247	0.0435886	0.065447336	0.021729864
2248	0.0433684	0.065300635	0.021436165
2249	0.0434266	0.065513201	0.021339999
2250	0.0436008	0.065902083	0.021299517
2251	0.0436094	0.066039934	0.021178866
2252	0.0435586	0.066066177	0.021051023
2253	0.0434843	0.065896562	0.021072038
2254	0.0434001	0.065645661	0.021154539
2255	0.0434145	0.065440762	0.021388238
2256	0.0434895	0.065339465	0.021639535
2257	0.0434325	0.065216982	0.021648018
2258	0.0432745	0.065054168	0.021494832
2259	0.0430241	0.064956488	0.021091712
2260	0.0428203	0.064831669	0.020808931
2261	0.0428241	0.064688325	0.020959875
2262	0.0428639	0.064621238	0.021106562
2263	0.0429502	0.06465627	0.02124413
2264	0.0430561	0.064711972	0.021400228
2265	0.043098	0.064684958	0.021511042
2266	0.0430421	0.064517954	0.021566246
2267	0.0430305	0.06451379	0.02154721
2268	0.0432543	0.065020389	0.021488211
2269	0.0435171	0.065389292	0.021644908
2270	0.0436843	0.06543014	0.02193846
2271	0.0437736	0.065600867	0.021946333
2272	0.0436489	0.065465115	0.021832685
2273	0.0435231	0.065253041	0.021793159
2274	0.0436233	0.065411954	0.021834646
2275	0.0437622	0.06558437	0.02194003
2276	0.0437819	0.06541573	0.02214807
2277	0.0437694	0.065183034	0.022355766
2278	0.0437342	0.065189327	0.022279073
2279	0.0436637	0.065338191	0.021989209
2280	0.0436406	0.065440235	0.021840965
2281	0.0437357	0.065458841	0.022012559
2282	0.0439045	0.065510764	0.022298236
2283	0.0438964	0.065456489	0.022336311
2284	0.0438192	0.065514561	0.022123839
2285	0.0438277	0.065778259	0.021877141
2286	0.0437184	0.065897435	0.021539365
2287	0.0436177	0.065996623	0.021238777
2288	0.0437977	0.066197481	0.021397919
2289	0.0440904	0.066381671	0.021799129
2290	0.0442554	0.066479071	0.022031729
2291	0.0444682	0.066584163	0.022352237
2292	0.0445537	0.066501896	0.022605504
2293	0.0441818	0.065853524	0.022510076
2294	0.0437865	0.065362999	0.022210001
2295	0.0434967	0.065555653	0.021437747
2296	0.0433456	0.065882792	0.020808408
2297	0.0436511	0.066135985	0.021166215
2298	0.0439228	0.066264329	0.021581271
2299	0.0440152	0.066270395	0.021760005
2300	0.043992	0.066170066	0.021813934
2301	0.043805	0.065803776	0.021806224
2302	0.0437443	0.0655316	0.021957
2303	0.0438465	0.065576043	0.022116957
2304	0.0439047	0.065698398	0.022111002
2305	0.0440061	0.06583256	0.02217964
2306	0.044077	0.065869693	0.022284307
2307	0.044098	0.065898962	0.022297038
2308	0.0442684	0.066040311	0.022496489
2309	0.0446529	0.066540849	0.022764951
2310	0.0450326	0.06722005	0.02284515
2311	0.0451428	0.067250122	0.023035478
2312	0.0451389	0.066922761	0.023355039
2313	0.044998	0.066757869	0.023238131
2314	0.0447665	0.066757638	0.022775362
2315	0.0445771	0.066594201	0.022559999
2316	0.0444076	0.066379789	0.022435411
2317	0.0443638	0.066285484	0.022442116
2318	0.0445957	0.066427279	0.022764121
2319	0.044763	0.066676655	0.022849345
2320	0.0446251	0.066781141	0.022469059
2321	0.0445666	0.067029139	0.022104061
2322	0.0446041	0.06733617	0.02187203
2323	0.0446871	0.067710362	0.021663838
2324	0.045264	0.068618217	0.021909783
2325	0.0456625	0.069188497	0.022136503
2326	0.0453526	0.06869949	0.02200571
2327	0.0450949	0.068250361	0.021939439
2328	0.0451899	0.06817642	0.02220338
2329	0.0453469	0.06829323	0.02240057
2330	0.0451913	0.068066083	0.022316517
2331	0.0449714	0.067644409	0.022298391
2332	0.0449822	0.067455454	0.022508946
2333	0.0449739	0.067339526	0.022608274
2334	0.0448489	0.067148905	0.022548895
2335	0.0448125	0.067032774	0.022592226
2336	0.0448064	0.066905775	0.022707025
2337	0.0448233	0.066818167	0.022828433
2338	0.0451955	0.067457932	0.022933068
2339	0.0455551	0.068175898	0.022934302
2340	0.0455141	0.068158454	0.022869746
2341	0.0453313	0.067939921	0.022722679
2342	0.0453901	0.067910591	0.022869609
2343	0.0455176	0.068206656	0.022828544
2344	0.0453612	0.068475449	0.022246951
2345	0.0452749	0.068657781	0.021892019
2346	0.045164	0.068754071	0.021573929
2347	0.0449077	0.068617758	0.021197642
2348	0.0447621	0.068205587	0.021318613
2349	0.0445369	0.067739964	0.021333836
2350	0.0444392	0.067713268	0.021165132
2351	0.0446491	0.067962394	0.021335806
2352	0.0448553	0.068090384	0.021620216
2353	0.045163	0.067889061	0.022436939
2354	0.0453055	0.067819112	0.022791888
2355	0.0451198	0.068175897	0.022063703
2356	0.044984	0.068524905	0.021443095
2357	0.0449491	0.068950423	0.020947777
2358	0.0450205	0.06935432	0.02068668
2359	0.045188	0.069552731	0.020823269
2360	0.0453421	0.06972696	0.02095724
2361	0.0452597	0.069449651	0.021069749
2362	0.0450477	0.068988159	0.021107241
2363	0.045385	0.069318943	0.021451057
2364	0.04599	0.07005705	0.02192295
2365	0.0465038	0.070548474	0.022459126
2366	0.0467994	0.070743975	0.022854825
2367	0.0466447	0.070320733	0.022968667
2368	0.0464978	0.069876742	0.023118858
2369	0.046199	0.069784694	0.022613306
2370	0.0458224	0.069844441	0.021800359
2371	0.0459391	0.070174497	0.021703703
2372	0.0461316	0.070431232	0.021831968
2373	0.046137	0.070330043	0.021943957
2374	0.0460725	0.070087389	0.022057611
2375	0.0457674	0.069577189	0.021957611
2376	0.0455419	0.069245952	0.021837848
2377	0.045237	0.068814706	0.021659294
2378	0.0448076	0.068360993	0.021254207
2379	0.0445367	0.06805013	0.02102327
2380	0.0443313	0.067907074	0.020755526
2381	0.0444199	0.068325226	0.020514574
2382	0.0449371	0.068985243	0.020888957
2383	0.0454756	0.069792393	0.021158807
2384	0.0456443	0.07054584	0.02074276
2385	0.0455878	0.071104887	0.020070713
2386	0.0452665	0.071190111	0.019342889
2387	0.044687	0.070454772	0.018919228
2388	0.0443982	0.069938597	0.018857803
2389	0.0443403	0.069707497	0.018973103
2390	0.0445873	0.069680604	0.019493996
2391	0.0449047	0.06983017	0.01997923
2392	0.0452463	0.070270403	0.020222197
2393	0.0453663	0.070075297	0.020657303
2394	0.044625	0.068242287	0.021007713
2395	0.0442393	0.067326324	0.021152276
2396	0.0443726	0.067735516	0.021009684
2397	0.0445572	0.068316674	0.020797726
2398	0.0449369	0.069328226	0.020545574
2399	0.0449583	0.070126538	0.019790062
2400	0.0447887	0.071159777	0.018417623
2401	0.0447572	0.071985207	0.017529193
2402	0.0450321	0.071823913	0.018240287
2403	0.0455193	0.071977028	0.019061572
2404	0.0459316	0.072091203	0.019771997
2405	0.0461278	0.07209778	0.02015782
2406	0.046194	0.072177131	0.020210869
2407	0.0460733	0.071888866	0.020257734
2408	0.0451143	0.070330379	0.019898221
2409	0.0441861	0.068834241	0.019537959
2410	0.0435236	0.067831026	0.019216174
2411	0.042817	0.067000419	0.018633581
2412	0.0423515	0.066928171	0.017774829
2413	0.0420125	0.067227402	0.016797598
2414	0.0423968	0.068581473	0.016212127
2415	0.0428855	0.07004851	0.01572249
2416	0.043002	0.070193346	0.015810654
2417	0.0431158	0.06974907	0.01648253
2418	0.0425146	0.067835107	0.017194093
2419	0.0416563	0.066172648	0.017139952
2420	0.0415358	0.065841848	0.017229752
2421	0.0416175	0.065590439	0.017644561
2422	0.042233	0.06582731	0.01863869
2423	0.0432103	0.066864803	0.019555797
2424	0.0429551	0.067643114	0.018267086
2425	0.0423562	0.068243714	0.016468686
2426	0.0427636	0.069291773	0.016235427
2427	0.0430752	0.069900736	0.016249664
2428	0.04293	0.070004313	0.015855687
2429	0.0426025	0.069878914	0.015326086
2430	0.0420594	0.069421869	0.014696931
2431	0.0412946	0.068700773	0.013888427
2432	0.0409468	0.067427774	0.014465826
2433	0.0412976	0.066791324	0.015803876
2434	0.041428	0.066329615	0.016526385
2435	0.0410335	0.065320609	0.016746391
2436	0.0410341	0.064679685	0.017388515
2437	0.0416152	0.064180692	0.019049708
2438	0.0411197	0.06348766	0.01875174
2439	0.0391385	0.062836675	0.015440325
2440	0.0373719	0.062222759	0.012521041
2441	0.0368067	0.062634993	0.010978407
2442	0.0371507	0.063668361	0.010633039
2443	0.0375156	0.063889472	0.011141728
2444	0.0367208	0.062458168	0.010983432
2445	0.0354683	0.060401665	0.010534935
2446	0.0352232	0.059379669	0.011066731
2447	0.0360685	0.059961458	0.012175542
2448	0.0365117	0.06089898	0.01212442
2449	0.0358113	0.06093886	0.01068374
2450	0.0352408	0.061254801	0.009226799
2451	0.0359731	0.062902641	0.009043559
2452	0.0373168	0.064559462	0.010074138
2453	0.0388219	0.064975638	0.012668162
2454	0.0398435	0.064269553	0.015417447
2455	0.0396835	0.064323661	0.015043339
2456	0.0389615	0.065080415	0.012842585
2457	0.038003	0.064409903	0.011596097
2458	0.0377387	0.064825903	0.010651497
2459	0.0372243	0.064722952	0.009725648
2460	0.0368774	0.0638707	0.0098841
2461	0.0379753	0.065159488	0.010791112
2462	0.0381762	0.06557881	0.01077359
2463	0.0365193	0.062259467	0.010779133
2464	0.0348688	0.059519039	0.010218561
2465	0.0340521	0.059305119	0.008799081
2466	0.0339863	0.060342337	0.007630263
2467	0.0341371	0.060847402	0.007426798
2468	0.0332969	0.059782532	0.006811268
2469	0.0311344	0.056629956	0.005638844
2470	0.0292734	0.054139979	0.004406821
2471	0.0290563	0.055377	0.0027356
2472	0.0287701	0.056743357	0.000796843
2473	0.0271005	0.052785621	0.001415379
2474	0.0241849	0.04616534	0.00220446
2475	0.0201081	0.037688868	0.002527332
2476	0.0177299	0.032026028	0.003433772
2477	0.0192563	0.033654789	0.004857811
2478	0.0199743	0.035583428	0.004365172
2479	0.0201931	0.038337792	0.002048408
2480	0.0207013	0.042850362	-0.001447762
2481	0.0205784	0.044367134	-0.003210334
2482	0.020355	0.047339581	-0.006629581
2483	0.0169802	0.041441769	-0.007481369
2484	0.0127929	0.034838682	-0.009252882
2485	0.0095721	0.025531595	-0.006387395
2486	0.0052979	0.013004855	-0.002409055
2487	0.0044117	0.012817505	-0.003994105
2488	0.0053892	0.018986232	-0.008207832
2489	0.0045517	0.01762626	-0.00852286
2490	0.0039178	0.010380007	-0.002544407
2491	0.0093746	0.024408428	-0.005659228
2492	0.0140259	0.040184146	-0.012132346
2493	0.0147239	0.047715474	-0.018267674
2494	0.0166647	0.057184041	-0.023854641
2495	0.0205802	0.062714523	-0.021554123
2496	0.0220727	0.057165002	-0.013019602
2497	0.0197949	0.043688321	-0.004098521
2498	0.0178668	0.040700208	-0.004966608
2499	0.0176494	0.041272292	-0.005973492
2500	0.0186873	0.044171427	-0.006796827
