Wavelength	Mean	Std+	Std-
350	0.0071386	0.007574324	0.006702876
351	0.0072288	0.007648859	0.006808741
352	0.0070266	0.007560195	0.006493005
353	0.0072764	0.007806176	0.006746624
354	0.0073778	0.00791211	0.00684349
355	0.0072866	0.007787135	0.006786065
356	0.0070596	0.007515242	0.006603958
357	0.007312	0.00771857	0.00690543
358	0.0076772	0.008068634	0.007285766
359	0.007424	0.007886639	0.006961361
360	0.0076508	0.008071793	0.007229807
361	0.0078458	0.008277259	0.007414341
362	0.007704	0.008201536	0.007206464
363	0.0074184	0.007858343	0.006978457
364	0.0074016	0.007811043	0.006992157
365	0.0076792	0.008097411	0.007260989
366	0.0077104	0.008120389	0.007300411
367	0.0075316	0.007995856	0.007067344
368	0.007362	0.007909569	0.006814431
369	0.0078218	0.00832115	0.00732245
370	0.0077256	0.008199329	0.007251871
371	0.0075482	0.007980449	0.007115951
372	0.0075962	0.007946736	0.007245664
373	0.0078394	0.008303896	0.007374904
374	0.0080544	0.008573209	0.007535591
375	0.0081984	0.008654088	0.007742712
376	0.0079364	0.00841191	0.00746089
377	0.0079108	0.008421773	0.007399827
378	0.0079982	0.00856678	0.00742962
379	0.007804	0.00828938	0.00731862
380	0.007943	0.008456683	0.007429317
381	0.007995	0.008550612	0.007439388
382	0.0075576	0.00804604	0.00706916
383	0.007766	0.008290932	0.007241068
384	0.007881	0.008444386	0.007317614
385	0.0077638	0.008319579	0.007208021
386	0.0078858	0.008442822	0.007328778
387	0.008134	0.008702392	0.007565608
388	0.0083792	0.00896665	0.00779175
389	0.0080894	0.008613369	0.007565431
390	0.008269	0.008760519	0.007777481
391	0.0084724	0.008983104	0.007961696
392	0.00829	0.008910768	0.007669232
393	0.0082424	0.008854629	0.007630171
394	0.0082884	0.008846517	0.007730283
395	0.008419	0.008914078	0.007923922
396	0.008167	0.008806982	0.007527018
397	0.008238	0.008926529	0.007549471
398	0.0084506	0.009130993	0.007770207
399	0.0082446	0.008932884	0.007556316
400	0.0082782	0.0089859	0.0075705
401	0.0084124	0.009123957	0.007700843
402	0.0085768	0.009254172	0.007899428
403	0.0085702	0.009215969	0.007924431
404	0.0085572	0.009206387	0.007908013
405	0.008579	0.00927624	0.00788176
406	0.0085238	0.009202976	0.007844624
407	0.008607	0.009277049	0.007936951
408	0.008773	0.009443406	0.008102594
409	0.0087128	0.009386678	0.008038922
410	0.0086938	0.009355958	0.008031642
411	0.0087058	0.009355133	0.008056467
412	0.0087534	0.009406949	0.008099851
413	0.0087186	0.009385929	0.008051271
414	0.0086998	0.009372364	0.008027236
415	0.008731	0.009390752	0.008071248
416	0.0087678	0.009427965	0.008107635
417	0.0087504	0.009414862	0.008085938
418	0.0087012	0.009372554	0.008029846
419	0.008805	0.009480568	0.008129432
420	0.008811	0.009491445	0.008130555
421	0.0087852	0.00946826	0.00810214
422	0.0088152	0.009495431	0.008134969
423	0.0089436	0.009613876	0.008273324
424	0.0090018	0.00967172	0.00833188
425	0.008904	0.009590858	0.008217142
426	0.0089272	0.009607652	0.008246748
427	0.008963	0.009640638	0.008285362
428	0.008999	0.009677761	0.008320239
429	0.0089708	0.00963976	0.00830184
430	0.0090144	0.009698346	0.008330454
431	0.009085	0.009792412	0.008377588
432	0.0091096	0.009820251	0.008398949
433	0.009126	0.009847041	0.008404959
434	0.009125	0.009850707	0.008399293
435	0.0090958	0.009812363	0.008379237
436	0.0091102	0.009833828	0.008386572
437	0.0091276	0.009857259	0.008397941
438	0.0091476	0.009881539	0.008413661
439	0.009227	0.009979951	0.008474049
440	0.0092582	0.010009682	0.008506718
441	0.0092546	0.009994397	0.008514803
442	0.0092266	0.009961315	0.008491885
443	0.0092668	0.010005562	0.008528038
444	0.009292	0.010028899	0.008555101
445	0.0092456	0.009961069	0.008530131
446	0.0092842	0.0100141	0.0085543
447	0.0093528	0.010099405	0.008606195
448	0.0094426	0.010204286	0.008680914
449	0.0094882	0.010249643	0.008726757
450	0.0094684	0.010231442	0.008705358
451	0.0094186	0.010182912	0.008654288
452	0.0094238	0.010184353	0.008663247
453	0.0094416	0.010199702	0.008683498
454	0.009453	0.010211698	0.008694302
455	0.009438	0.010201132	0.008674868
456	0.0095524	0.010331897	0.008772903
457	0.0096026	0.010396402	0.008808798
458	0.0095528	0.010355633	0.008749967
459	0.009565	0.010345889	0.008784111
460	0.0095922	0.010383089	0.008801311
461	0.0096238	0.010440417	0.008807183
462	0.0096254	0.010432813	0.008817987
463	0.0096386	0.010456359	0.008820841
464	0.0096592	0.010485449	0.008832951
465	0.009686	0.010498802	0.008873198
466	0.0097088	0.010535839	0.008881761
467	0.009746	0.01057963	0.00891237
468	0.0098032	0.010629246	0.008977154
469	0.009731	0.010550179	0.008911821
470	0.00975	0.010582162	0.008917838
471	0.009826	0.010679698	0.008972302
472	0.009834	0.010670372	0.008997628
473	0.0098336	0.010676453	0.008990747
474	0.0098408	0.010691095	0.008990505
475	0.0098748	0.010708448	0.009041152
476	0.00986	0.010713351	0.009006649
477	0.0098736	0.010750528	0.008996672
478	0.0099362	0.010833645	0.009038755
479	0.0099568	0.010844075	0.009069525
480	0.0099496	0.010839406	0.009059794
481	0.0099228	0.010823927	0.009021673
482	0.0099108	0.010804635	0.009016965
483	0.009988	0.010883588	0.009092412
484	0.0100766	0.010972378	0.009180822
485	0.0100802	0.010959004	0.009201396
486	0.0100554	0.010940975	0.009169825
487	0.010076	0.010976809	0.009175191
488	0.010173	0.011094611	0.009251389
489	0.0101542	0.011071756	0.009236644
490	0.0101438	0.011066047	0.009221553
491	0.0101446	0.01107871	0.00921049
492	0.0101502	0.011081994	0.009218406
493	0.0101846	0.011131766	0.009237434
494	0.0102178	0.011178657	0.009256943
495	0.010207	0.011148574	0.009265426
496	0.0102502	0.01119395	0.00930645
497	0.0102818	0.01123611	0.00932749
498	0.0102748	0.011247316	0.009302284
499	0.0102956	0.011251406	0.009339794
500	0.0103288	0.011283887	0.009373713
501	0.0103652	0.011335765	0.009394635
502	0.010327	0.011312801	0.009341199
503	0.0103704	0.011367513	0.009373287
504	0.010455	0.011458934	0.009451066
505	0.010541	0.011544336	0.009537664
506	0.0104998	0.011500721	0.009498879
507	0.0104632	0.011465254	0.009461146
508	0.0104924	0.011502415	0.009482385
509	0.0105168	0.011535071	0.009498529
510	0.0105236	0.0115464	0.0095008
511	0.0105168	0.011541475	0.009492125
512	0.0105382	0.01156475	0.00951165
513	0.0105602	0.011594815	0.009525585
514	0.0105946	0.011639762	0.009549438
515	0.0106738	0.011722059	0.009625541
516	0.0106846	0.01175064	0.00961856
517	0.0106826	0.011758507	0.009606693
518	0.0106934	0.011755611	0.009631189
519	0.0107296	0.011816685	0.009642515
520	0.0107634	0.011862321	0.009664479
521	0.0107906	0.011884813	0.009696387
522	0.0108216	0.01192345	0.00971975
523	0.01083	0.01194422	0.00971578
524	0.0108348	0.011959017	0.009710583
525	0.0108794	0.011989559	0.009769241
526	0.0109024	0.01201457	0.00979023
527	0.0109202	0.012046709	0.009793691
528	0.0109408	0.012095485	0.009786115
529	0.0109906	0.012136158	0.009845042
530	0.0110178	0.012161027	0.009874573
531	0.0110166	0.012169648	0.009863552
532	0.0110548	0.012207764	0.009901836
533	0.0110992	0.012263027	0.009935373
534	0.0111432	0.012320343	0.009966057
535	0.0111634	0.012332158	0.009994642
536	0.0111868	0.012363666	0.010009934
537	0.0112064	0.012393735	0.010019065
538	0.0112168	0.012408766	0.010024834
539	0.011236	0.012435242	0.010036758
540	0.011288	0.012496261	0.010079739
541	0.0113754	0.012593641	0.010157159
542	0.0113418	0.012562273	0.010121327
543	0.0113474	0.012579945	0.010114855
544	0.0113798	0.012629701	0.010129899
545	0.0114082	0.012658622	0.010157778
546	0.0114594	0.012717419	0.010201381
547	0.0115036	0.01276676	0.01024044
548	0.011509	0.012763919	0.010254081
549	0.0115458	0.012816234	0.010275366
550	0.0115728	0.012849971	0.010295629
551	0.0115806	0.012848394	0.010312806
552	0.0115952	0.012866841	0.010323559
553	0.0116268	0.012910202	0.010343398
554	0.0116744	0.012972657	0.010376143
555	0.0117462	0.013038498	0.010453902
556	0.011781	0.013078424	0.010483576
557	0.011796	0.013103793	0.010488207
558	0.0118016	0.013120802	0.010482398
559	0.0118088	0.013127025	0.010490575
560	0.0118292	0.013154597	0.010503803
561	0.0118682	0.013216626	0.010519774
562	0.011943	0.013284337	0.010601663
563	0.0119706	0.013313078	0.010628122
564	0.0119678	0.013318459	0.010617141
565	0.0120316	0.013382403	0.010680797
566	0.0120586	0.013411106	0.010706094
567	0.0120742	0.01343148	0.01071692
568	0.0121058	0.013473441	0.010738159
569	0.0121482	0.013527466	0.010768934
570	0.0121786	0.013565434	0.010791766
571	0.0121858	0.013573696	0.010797904
572	0.0122284	0.013633302	0.010823498
573	0.0122526	0.01366768	0.01083752
574	0.0122616	0.013681332	0.010841868
575	0.0122966	0.013727405	0.010865795
576	0.012352	0.013779825	0.010924175
577	0.0124124	0.013837912	0.010986888
578	0.0124568	0.013904217	0.011009383
579	0.0124718	0.013932574	0.011011026
580	0.012489	0.013954029	0.011023971
581	0.0125204	0.01397755	0.01106325
582	0.0125164	0.013971862	0.011060938
583	0.0125378	0.014003423	0.011072177
584	0.0125854	0.014069925	0.011100875
585	0.0126202	0.014100106	0.011140294
586	0.0126406	0.014123047	0.011158153
587	0.012663	0.014150434	0.011175566
588	0.0127214	0.014208707	0.011234093
589	0.0127154	0.01421574	0.01121506
590	0.0127162	0.014236874	0.011195526
591	0.01276	0.014307191	0.011212809
592	0.012818	0.014353162	0.011282838
593	0.0128558	0.014387306	0.011324294
594	0.0128744	0.014412995	0.011335805
595	0.0129056	0.014444365	0.011366835
596	0.0129192	0.014478168	0.011360232
597	0.0129224	0.014506994	0.011337806
598	0.0129246	0.014509731	0.011339469
599	0.013004	0.014606081	0.011401919
600	0.0130654	0.014683836	0.011446964
601	0.0130448	0.014667803	0.011421797
602	0.0131274	0.014780013	0.011474787
603	0.013176	0.014848898	0.011503102
604	0.0131758	0.014856152	0.011495448
605	0.0131758	0.014870441	0.011481159
606	0.0132152	0.014914856	0.011515544
607	0.0132726	0.014973419	0.011571781
608	0.0132976	0.015010023	0.011585177
609	0.0133112	0.015041917	0.011580483
610	0.0133286	0.015075438	0.011581762
611	0.0133608	0.015114032	0.011607568
612	0.0134074	0.015157374	0.011657426
613	0.0134392	0.015182747	0.011695653
614	0.0134504	0.01518408	0.01171672
615	0.0134634	0.015211073	0.011715727
616	0.0134582	0.015208314	0.011708086
617	0.0134492	0.015199203	0.011699197
618	0.0134818	0.015256625	0.011706975
619	0.0135368	0.015302232	0.011771368
620	0.0135862	0.015339753	0.011832647
621	0.013605	0.015368972	0.011841028
622	0.0136174	0.01538864	0.01184616
623	0.0136296	0.015411464	0.011847736
624	0.0136434	0.015439209	0.011847591
625	0.0136896	0.015463211	0.011915989
626	0.0137486	0.015516188	0.011981012
627	0.0138082	0.015580656	0.012035744
628	0.0138138	0.01558693	0.01204067
629	0.0138596	0.015629832	0.012089368
630	0.0139094	0.015679711	0.012139089
631	0.0139324	0.015711725	0.012153075
632	0.0138838	0.015692872	0.012074728
633	0.0138826	0.015703367	0.012061833
634	0.0139552	0.015760494	0.012149906
635	0.0139886	0.015796733	0.012180467
636	0.014017	0.015830916	0.012203084
637	0.0140454	0.015867653	0.012223147
638	0.0140938	0.01592894	0.01225866
639	0.0141078	0.015951273	0.012264327
640	0.0141084	0.015960744	0.012256056
641	0.0141136	0.015980868	0.012246332
642	0.0141946	0.016057873	0.012331327
643	0.0142432	0.016105763	0.012380637
644	0.0142272	0.016099738	0.012354662
645	0.014274	0.016155081	0.012392919
646	0.014315	0.016205671	0.012424329
647	0.0143452	0.016248431	0.012441969
648	0.0143262	0.016256608	0.012395792
649	0.0143718	0.016316896	0.012426704
650	0.014432	0.016391002	0.012472998
651	0.0144464	0.016434402	0.012458398
652	0.0144764	0.016469893	0.012482907
653	0.0145	0.016489474	0.012510526
654	0.01451	0.016488682	0.012531318
655	0.0145318	0.016541847	0.012521753
656	0.0145828	0.016631704	0.012533896
657	0.0146552	0.016739314	0.012571086
658	0.0147004	0.01676559	0.01263521
659	0.0147312	0.016810669	0.012651731
660	0.0147582	0.016858026	0.012658374
661	0.0147978	0.016883463	0.012712137
662	0.0148202	0.01693274	0.01270766
663	0.0148452	0.016981463	0.012708937
664	0.014882	0.017019688	0.012744312
665	0.014929	0.017066346	0.012791654
666	0.0149614	0.017106364	0.012816436
667	0.014981	0.017140276	0.012821724
668	0.0150222	0.01718143	0.01286297
669	0.0150322	0.017199203	0.012865197
670	0.0150472	0.017226579	0.012867821
671	0.0151386	0.017333735	0.012943465
672	0.0152164	0.017416725	0.013016075
673	0.0152628	0.017466979	0.013058621
674	0.0152584	0.017469987	0.013046813
675	0.015264	0.017489928	0.013038072
676	0.0152948	0.01753492	0.01305468
677	0.0153466	0.017600629	0.013092571
678	0.015329	0.017597874	0.013060126
679	0.0153596	0.017647885	0.013071315
680	0.015427	0.017732206	0.013121794
681	0.0155292	0.017832275	0.013226125
682	0.015528	0.017838107	0.013217893
683	0.0155302	0.017848078	0.013212322
684	0.0156028	0.017925068	0.013280532
685	0.015621	0.017935642	0.013306358
686	0.0156352	0.017961408	0.013308992
687	0.0156536	0.018016549	0.013290651
688	0.0157204	0.018089694	0.013351106
689	0.0157708	0.018164779	0.013376821
690	0.0158144	0.018232643	0.013396157
691	0.0158754	0.018273218	0.013477582
692	0.0158942	0.018310706	0.013477694
693	0.0159198	0.018362469	0.013477131
694	0.015989	0.018443601	0.013534399
695	0.0160708	0.018537144	0.013604456
696	0.0161082	0.01858374	0.01363266
697	0.0160946	0.018577617	0.013611583
698	0.0161452	0.018650836	0.013639564
699	0.0162218	0.018742752	0.013700848
700	0.0162954	0.018829639	0.013761161
701	0.0162602	0.018826572	0.013693828
702	0.0163434	0.018919123	0.013767677
703	0.016428	0.01900864	0.01384736
704	0.016417	0.019013383	0.013820617
705	0.0164554	0.019086153	0.013824647
706	0.0165172	0.019169762	0.013864638
707	0.016598	0.019254008	0.013941992
708	0.0166358	0.019309683	0.013961917
709	0.0166788	0.019369332	0.013988268
710	0.0167292	0.019433716	0.014024684
711	0.0168026	0.019511821	0.014093379
712	0.0168838	0.019606931	0.014160669
713	0.0169434	0.019687733	0.014199067
714	0.0169364	0.019711167	0.014161633
715	0.0169894	0.019759949	0.014218851
716	0.0170348	0.019803291	0.014266309
717	0.0170496	0.019829013	0.014270187
718	0.0171294	0.019952369	0.014306431
719	0.0171944	0.020063779	0.014325021
720	0.0172398	0.020149276	0.014330324
721	0.017264	0.02018928	0.01433872
722	0.0173126	0.020231688	0.014393512
723	0.0173742	0.020289645	0.014458755
724	0.0174354	0.020382701	0.014488099
725	0.0175182	0.020500975	0.014535425
726	0.0175764	0.020582011	0.014570789
727	0.017592	0.020599916	0.014584084
728	0.0176288	0.020662858	0.014594742
729	0.0176838	0.02073982	0.01462778
730	0.0177496	0.020821785	0.014677415
731	0.0177932	0.020871779	0.014714621
732	0.0178336	0.020918474	0.014748726
733	0.0178764	0.020973989	0.014778811
734	0.0179334	0.021061272	0.014805528
735	0.0180268	0.021183667	0.014869933
736	0.0181018	0.021283828	0.014919772
737	0.0181352	0.021335422	0.014934978
738	0.0182038	0.021401662	0.015005938
739	0.0182562	0.021465797	0.015046603
740	0.0182948	0.021530986	0.015058614
741	0.0183584	0.021621137	0.015095663
742	0.0184192	0.021703739	0.015134661
743	0.0184714	0.021777508	0.015165292
744	0.0184992	0.021834363	0.015164037
745	0.0185126	0.021856162	0.015169038
746	0.0185552	0.021905454	0.015204946
747	0.0186548	0.02201866	0.01529094
748	0.0186724	0.022062253	0.015282547
749	0.0187202	0.02213573	0.01530467
750	0.0188016	0.02223942	0.01536378
751	0.0188674	0.022304487	0.015430313
752	0.018913	0.022360953	0.015465047
753	0.0189394	0.022404631	0.015474169
754	0.0189414	0.022424324	0.015458476
755	0.019002	0.022497521	0.015506479
756	0.0190526	0.02255495	0.01555025
757	0.0190522	0.022554191	0.015550209
758	0.0190444	0.022489643	0.015599157
759	0.0190846	0.022503906	0.015665294
760	0.0192022	0.022690439	0.015713961
761	0.019105	0.022636575	0.015573425
762	0.0191674	0.022742376	0.015592424
763	0.0192874	0.022904442	0.015670358
764	0.0193524	0.022999723	0.015705077
765	0.0194478	0.023133176	0.015762424
766	0.0195316	0.023231553	0.015831647
767	0.0195966	0.023271821	0.015921379
768	0.0196974	0.023403222	0.015991578
769	0.0197414	0.023476821	0.016005979
770	0.0197232	0.023479662	0.015966738
771	0.0197744	0.023530261	0.016018539
772	0.019853	0.023632267	0.016073733
773	0.0199332	0.023746194	0.016120206
774	0.0199368	0.023758512	0.016115088
775	0.0199848	0.023800531	0.016169069
776	0.0200378	0.023857143	0.016218457
777	0.0200686	0.02392193	0.01621527
778	0.0201134	0.023979734	0.016247066
779	0.0201764	0.024063361	0.016289439
780	0.020257	0.024176715	0.016337285
781	0.0202806	0.024214043	0.016347157
782	0.0203196	0.024270318	0.016368882
783	0.0203732	0.024340421	0.016405979
784	0.0204434	0.02441024	0.01647656
785	0.020439	0.024416929	0.016461071
786	0.0204338	0.024424304	0.016443296
787	0.0204922	0.0244879	0.0164965
788	0.0206054	0.024613471	0.016597329
789	0.0206692	0.024689574	0.016648826
790	0.0206568	0.024688929	0.016624671
791	0.0207442	0.024807843	0.016680557
792	0.0208012	0.024887977	0.016714423
793	0.0208416	0.024942841	0.016740359
794	0.0209252	0.025031205	0.016819195
795	0.020934	0.02506714	0.01680086
796	0.0209324	0.025089623	0.016775177
797	0.020984	0.025134411	0.016833589
798	0.021088	0.025256139	0.016919861
799	0.0211868	0.025376895	0.016996705
800	0.021263	0.025475347	0.017050653
801	0.0212664	0.02548889	0.01704391
802	0.021289	0.025530277	0.017047723
803	0.0213246	0.025587959	0.017061241
804	0.0213334	0.025596634	0.017070166
805	0.0214366	0.02571471	0.01715849
806	0.0215496	0.025849642	0.017249558
807	0.021568	0.025890969	0.017245031
808	0.0215906	0.025916525	0.017264675
809	0.0216124	0.025951332	0.017273468
810	0.0216316	0.026004733	0.017258467
811	0.0216926	0.026074543	0.017310657
812	0.0217468	0.026125643	0.017367957
813	0.0218042	0.026171073	0.017437327
814	0.0219488	0.026325343	0.017572257
815	0.0219574	0.026345617	0.017569183
816	0.0219342	0.026337971	0.017530429
817	0.0220338	0.026462573	0.017605027
818	0.0220624	0.02651193	0.01761287
819	0.022118	0.026587142	0.017648858
820	0.0222434	0.026733602	0.017753198
821	0.0221968	0.02668475	0.01770885
822	0.022217	0.026734369	0.017699631
823	0.0223152	0.026884908	0.017745492
824	0.0224674	0.027030837	0.017903963
825	0.0224542	0.027034568	0.017873832
826	0.022411	0.027013763	0.017808237
827	0.0225502	0.02715202	0.01794838
828	0.0225988	0.027227766	0.017969834
829	0.0226294	0.027290257	0.017968543
830	0.0226694	0.027357673	0.017981127
831	0.022718	0.027421544	0.018014456
832	0.0227724	0.027472778	0.018072022
833	0.0228328	0.027517779	0.018147821
834	0.0229182	0.027656742	0.018179658
835	0.0229954	0.027750228	0.018240572
836	0.0230724	0.027831269	0.018313531
837	0.023168	0.027962425	0.018373575
838	0.0231398	0.027962009	0.018317591
839	0.02314	0.027984341	0.018295659
840	0.0232588	0.028118981	0.018398619
841	0.0233234	0.028197804	0.018448996
842	0.023376	0.028260508	0.018491492
843	0.023423	0.028315037	0.018530963
844	0.0235144	0.028445879	0.018582921
845	0.023583	0.028539507	0.018626493
846	0.0236534	0.028634789	0.018672011
847	0.0237898	0.028832444	0.018747156
848	0.023743	0.028769902	0.018716098
849	0.0236984	0.028693515	0.018703285
850	0.0237886	0.028773765	0.018803435
851	0.0238972	0.028931832	0.018862568
852	0.0239532	0.029020911	0.018885489
853	0.0239492	0.029023362	0.018875038
854	0.024078	0.029170661	0.018985339
855	0.0241678	0.029273	0.0190626
856	0.024224	0.029341775	0.019106225
857	0.0242506	0.029399904	0.019101296
858	0.024285	0.029431816	0.019138184
859	0.0243046	0.02945521	0.01915399
860	0.0242824	0.029478282	0.019086518
861	0.0245154	0.029721106	0.019309694
862	0.0246338	0.029852191	0.019415409
863	0.0245662	0.029807391	0.019325009
864	0.0245546	0.029815579	0.019293621
865	0.0246138	0.029891473	0.019336127
866	0.0247208	0.03001324	0.01942836
867	0.0247948	0.03010447	0.01948513
868	0.0248986	0.030235189	0.019562011
869	0.0249948	0.030358556	0.019631044
870	0.0250482	0.030433716	0.019662684
871	0.025049	0.030449396	0.019648604
872	0.025078	0.030500772	0.019655228
873	0.025156	0.030612509	0.019699491
874	0.0252512	0.030712969	0.019789431
875	0.0253076	0.03078033	0.01983487
876	0.025343	0.0308311	0.0198549
877	0.025432	0.030930371	0.019933629
878	0.0254858	0.031026963	0.019944637
879	0.0255534	0.031144937	0.019961863
880	0.0256934	0.03131567	0.02007113
881	0.025689	0.031277427	0.020100573
882	0.0256844	0.031269199	0.020099601
883	0.0257178	0.031359345	0.020076255
884	0.025837	0.031464089	0.020209911
885	0.0258846	0.031530931	0.020238269
886	0.0258928	0.03157885	0.02020675
887	0.0260774	0.031741216	0.020413584
888	0.0261292	0.031823322	0.020435078
889	0.0261364	0.031873299	0.020399501
890	0.0261918	0.031937627	0.020445973
891	0.0263044	0.032070096	0.020538704
892	0.0263866	0.032178126	0.020595074
893	0.026401	0.03222519	0.02057681
894	0.0263656	0.032200923	0.020530277
895	0.0263168	0.032135579	0.020498021
896	0.0262598	0.032041721	0.020477879
897	0.0262394	0.032055688	0.020423112
898	0.0264484	0.03230938	0.02058742
899	0.0267118	0.032608451	0.020815149
900	0.0267358	0.032614	0.0208576
901	0.026771	0.032631876	0.020910124
902	0.0267458	0.032636531	0.020855069
903	0.0266236	0.032616607	0.020630593
904	0.0268508	0.032823965	0.020877635
905	0.0270088	0.03299623	0.02102137
906	0.0270952	0.033137679	0.021052721
907	0.0272422	0.033348609	0.021135791
908	0.027356	0.033469739	0.021242261
909	0.0274248	0.03351601	0.02133359
910	0.0273942	0.033476926	0.021311474
911	0.027364	0.033491452	0.021236548
912	0.0273692	0.033541494	0.021196906
913	0.0274392	0.033627762	0.021250638
914	0.0274714	0.033690648	0.021252152
915	0.0275456	0.03374945	0.02134175
916	0.0276656	0.033817846	0.021513354
917	0.0277966	0.034015733	0.021577467
918	0.0279806	0.034219512	0.021741688
919	0.0281204	0.03436164	0.02187916
920	0.0279944	0.034253596	0.021735204
921	0.0280158	0.034355672	0.021675928
922	0.0281372	0.03452617	0.02174823
923	0.0283722	0.034711621	0.022032779
924	0.028296	0.034697286	0.021894714
925	0.0282628	0.034693376	0.021832224
926	0.0283124	0.034725613	0.021899187
927	0.0282834	0.034732198	0.021834602
928	0.0283776	0.034861045	0.021894155
929	0.0285008	0.035012413	0.021989187
930	0.0283078	0.034811644	0.021803956
931	0.028418	0.034927936	0.021908064
932	0.0285812	0.035001026	0.022161374
933	0.0285376	0.034581355	0.022493845
934	0.0281348	0.034320745	0.021948855
935	0.0280072	0.034294632	0.021719768
936	0.0283438	0.034561786	0.022125814
937	0.0286174	0.034778053	0.022456747
938	0.0285892	0.034928131	0.022250269
939	0.0284236	0.035026469	0.021820731
940	0.028476	0.035091779	0.021860221
941	0.0284618	0.035072947	0.021850653
942	0.0285212	0.035140773	0.021901627
943	0.0287978	0.035481046	0.022114554
944	0.0291326	0.035908066	0.022357134
945	0.0292666	0.036063319	0.022469881
946	0.0291262	0.035845126	0.022407274
947	0.029427	0.036215392	0.022638608
948	0.0298258	0.036502463	0.023149137
949	0.030071	0.036577114	0.023564886
950	0.029063	0.035796536	0.022329464
951	0.0291308	0.035910896	0.022350704
952	0.0294584	0.036209968	0.022706832
953	0.0294068	0.036094545	0.022719055
954	0.0298686	0.03675132	0.02298588
955	0.03013	0.037109361	0.023150639
956	0.0300156	0.036901896	0.023129304
957	0.029444	0.036341562	0.022546438
958	0.029467	0.036328286	0.022605714
959	0.0298546	0.036680435	0.023028765
960	0.0297304	0.036668366	0.022792434
961	0.0296566	0.036689049	0.022624151
962	0.0298146	0.036889267	0.022739933
963	0.030528	0.037525794	0.023530206
964	0.0307608	0.037756276	0.023765324
965	0.0308086	0.037848866	0.023768334
966	0.0307282	0.037847693	0.023608707
967	0.031019	0.038192576	0.023845424
968	0.0310588	0.038313853	0.023803747
969	0.0309224	0.038272518	0.023572282
970	0.0309588	0.038347699	0.023569901
971	0.0315908	0.038980371	0.024201229
972	0.0320978	0.039471591	0.024724009
973	0.0314288	0.038795716	0.024061884
974	0.0314858	0.038860777	0.024110823
975	0.031482	0.038955024	0.024008976
976	0.0311158	0.038832327	0.023399273
977	0.03163	0.039346543	0.023913457
978	0.031781	0.039471476	0.024090524
979	0.0316722	0.039313779	0.024030621
980	0.0325586	0.040028844	0.025088356
981	0.0323566	0.03982174	0.02489146
982	0.0318454	0.03937904	0.02431176
983	0.0320692	0.039643237	0.024495163
984	0.0324558	0.040195052	0.024716548
985	0.0326124	0.040532998	0.024691802
986	0.0323256	0.0404049	0.0242463
987	0.0326686	0.040589774	0.024747426
988	0.0328906	0.040673938	0.025107262
989	0.032927	0.040620723	0.025233277
990	0.032627	0.040327422	0.024926578
991	0.0331654	0.040960254	0.025370546
992	0.0339166	0.041809091	0.026024109
993	0.033742	0.041575242	0.025908758
994	0.0338578	0.041695076	0.026020524
995	0.033746	0.041609979	0.025882021
996	0.0330658	0.040972892	0.025158708
997	0.0329622	0.04090163	0.02502277
998	0.0329344	0.040871705	0.024997095
999	0.032944	0.040845286	0.025042714
1000	0.0330198	0.040900269	0.025139331
1001	0.0344656	0.043121534	0.025809666
1002	0.034517	0.043015617	0.026018383
1003	0.0345426	0.042984063	0.026101137
1004	0.0345804	0.043065734	0.026095066
1005	0.0347222	0.043219477	0.026224923
1006	0.0348628	0.043391966	0.026333634
1007	0.0349376	0.043580975	0.026294225
1008	0.0349752	0.043770052	0.026180348
1009	0.0350546	0.044011648	0.026097552
1010	0.0351738	0.04425631	0.02609129
1011	0.035253	0.044334293	0.026171707
1012	0.0352996	0.044287357	0.026311843
1013	0.0353896	0.044340925	0.026438275
1014	0.0354338	0.044397301	0.026470299
1015	0.0354488	0.044362045	0.026535555
1016	0.0355678	0.044457875	0.026677725
1017	0.035769	0.04465448	0.02688352
1018	0.0359468	0.044926777	0.026966823
1019	0.036011	0.045150198	0.026871802
1020	0.036039	0.045233666	0.026844334
1021	0.0361266	0.04529593	0.02695727
1022	0.0361878	0.045342659	0.027032941
1023	0.0362234	0.045403958	0.027042842
1024	0.0363076	0.045536996	0.027078204
1025	0.0364058	0.045719551	0.027092049
1026	0.0364472	0.045839475	0.027054925
1027	0.0364776	0.045852305	0.027102895
1028	0.0365442	0.045871213	0.027217187
1029	0.0366506	0.04596134	0.02733986
1030	0.0367784	0.045985084	0.027571716
1031	0.036903	0.046081784	0.027724216
1032	0.036962	0.04620633	0.02771767
1033	0.0369706	0.046234652	0.027706548
1034	0.0370514	0.046397317	0.027705483
1035	0.0371946	0.046617422	0.027771778
1036	0.037358	0.046746145	0.027969855
1037	0.0374664	0.046838253	0.028094547
1038	0.0375336	0.046946953	0.028120247
1039	0.0376214	0.047047778	0.028195022
1040	0.0376878	0.047090643	0.028284957
1041	0.0377122	0.047115934	0.028308466
1042	0.0378118	0.047254411	0.028369189
1043	0.0380132	0.047530618	0.028495782
1044	0.038204	0.047761144	0.028646856
1045	0.0382592	0.047788487	0.028729913
1046	0.0382944	0.047908024	0.028680776
1047	0.0384732	0.048236066	0.028710334
1048	0.0385964	0.048458294	0.028734506
1049	0.0385526	0.048394579	0.028710621
1050	0.038542	0.048338159	0.028745841
1051	0.0386998	0.04845646	0.02894314
1052	0.038888	0.048625185	0.029150815
1053	0.0389478	0.048732558	0.029163042
1054	0.0389472	0.04879306	0.02910134
1055	0.0389348	0.048827397	0.029042203
1056	0.0389366	0.04888041	0.02899279
1057	0.03903	0.049021086	0.029038914
1058	0.0391938	0.049180006	0.029207594
1059	0.0392896	0.049142115	0.029437085
1060	0.0392944	0.049042552	0.029546248
1061	0.0393198	0.049170495	0.029469105
1062	0.0394212	0.049387538	0.029454862
1063	0.0395362	0.049533426	0.029538974
1064	0.0397208	0.049796636	0.029644964
1065	0.0399412	0.050125549	0.029756851
1066	0.0399778	0.050102665	0.029852935
1067	0.0399906	0.05007057	0.02991063
1068	0.0400954	0.050290015	0.029900785
1069	0.0402154	0.050543141	0.029887659
1070	0.0403128	0.050690646	0.029934954
1071	0.0404	0.05078236	0.03001764
1072	0.040476	0.050842853	0.030109147
1073	0.0405562	0.050945004	0.030167396
1074	0.040657	0.051084842	0.030229158
1075	0.0407402	0.051160587	0.030319813
1076	0.040884	0.051310834	0.030457166
1077	0.0410754	0.051540359	0.030610441
1078	0.0411314	0.051595643	0.030667157
1079	0.0410796	0.051534601	0.030624599
1080	0.041087	0.051561904	0.030612096
1081	0.0412318	0.051766785	0.030696815
1082	0.0414134	0.051997021	0.030829779
1083	0.041551	0.052162892	0.030939108
1084	0.0416668	0.05234182	0.03099178
1085	0.0417158	0.05246621	0.03096539
1086	0.0417516	0.052560772	0.030942428
1087	0.0418766	0.052696764	0.031056436
1088	0.0420438	0.052866806	0.031220794
1089	0.0421564	0.053014626	0.031298174
1090	0.0422206	0.053152808	0.031288392
1091	0.0422458	0.053187515	0.031304085
1092	0.0422532	0.053164046	0.031342354
1093	0.0423046	0.053201994	0.031407206
1094	0.0423828	0.053343838	0.031421762
1095	0.04246	0.053456457	0.031463543
1096	0.042588	0.053474705	0.031701295
1097	0.0427304	0.053568494	0.031892306
1098	0.0428464	0.053794725	0.031898075
1099	0.042916	0.053960367	0.031871633
1100	0.04295	0.054067495	0.031832505
1101	0.0430348	0.054220899	0.031848701
1102	0.0432374	0.054374653	0.032100147
1103	0.0434114	0.054509123	0.032313677
1104	0.0434228	0.054636182	0.032209418
1105	0.0434334	0.054770898	0.032095902
1106	0.0434432	0.054715027	0.032171373
1107	0.0434094	0.054604527	0.032214273
1108	0.0434152	0.054645432	0.032184968
1109	0.0434478	0.054758409	0.032137191
1110	0.0435996	0.054917927	0.032281273
1111	0.043871	0.055168759	0.032573241
1112	0.0440518	0.055409608	0.032693992
1113	0.0441172	0.055618912	0.032615488
1114	0.0442124	0.055774074	0.032650726
1115	0.0443562	0.055751949	0.032960451
1116	0.044475	0.055717067	0.033232933
1117	0.0444204	0.055533649	0.033307151
1118	0.0443448	0.055373904	0.033315696
1119	0.0444188	0.05565693	0.03318067
1120	0.0445256	0.055959442	0.033091758
1121	0.0444026	0.055756639	0.033048561
1122	0.0441996	0.055506953	0.032892247
1123	0.04424	0.055552196	0.032927804
1124	0.0444008	0.055648701	0.033152899
1125	0.044686	0.055927088	0.033444912
1126	0.0449496	0.056219108	0.033680092
1127	0.0450084	0.056141442	0.033875358
1128	0.0450278	0.05599986	0.03405574
1129	0.0452658	0.056354748	0.034176852
1130	0.0455524	0.056876407	0.034228393
1131	0.0456622	0.057042329	0.034282071
1132	0.0456252	0.056953524	0.034296876
1133	0.0456862	0.057050215	0.034322185
1134	0.0459208	0.057412663	0.034428937
1135	0.0460802	0.057687441	0.034472959
1136	0.0461168	0.057747385	0.034486215
1137	0.0461604	0.057814025	0.034506775
1138	0.0462708	0.058004853	0.034536747
1139	0.0463736	0.05819731	0.03454989
1140	0.0465022	0.058318736	0.034685664
1141	0.0466272	0.058437953	0.034816447
1142	0.0466478	0.05851708	0.03477852
1143	0.0466344	0.058555565	0.034713235
1144	0.0466032	0.058431703	0.034774697
1145	0.0465552	0.058230671	0.034879729
1146	0.046631	0.058213329	0.035048671
1147	0.0468518	0.058382155	0.035321445
1148	0.0470986	0.058711506	0.035485694
1149	0.0473426	0.059240092	0.035445108
1150	0.047477	0.05953545	0.03541855
1151	0.0473952	0.059346382	0.035444018
1152	0.0473944	0.059265626	0.035523174
1153	0.0477124	0.059566763	0.035858037
1154	0.0479894	0.059834848	0.036143952
1155	0.048092	0.060110451	0.036073549
1156	0.0481842	0.060358059	0.036010341
1157	0.0482504	0.060370697	0.036130103
1158	0.0483126	0.060370714	0.036254486
1159	0.0484284	0.060538165	0.036318635
1160	0.0485438	0.060723056	0.036364544
1161	0.048593	0.060786288	0.036399712
1162	0.0486172	0.060810236	0.036424164
1163	0.0486776	0.060921551	0.036433649
1164	0.0487588	0.061082518	0.036435082
1165	0.0488622	0.061206549	0.036517851
1166	0.0489854	0.061294864	0.036675936
1167	0.0490898	0.061391029	0.036788571
1168	0.0491728	0.061499998	0.036845602
1169	0.0492522	0.06159729	0.03690711
1170	0.049323	0.061670096	0.036975904
1171	0.0494122	0.061763255	0.037061145
1172	0.0496066	0.061960113	0.037253087
1173	0.0497936	0.062150094	0.037437106
1174	0.0498798	0.062250878	0.037508722
1175	0.0499654	0.06235077	0.03758003
1176	0.0500336	0.062446696	0.037620504
1177	0.050101	0.062542153	0.037659847
1178	0.050238	0.062712188	0.037763812
1179	0.0503894	0.062896995	0.037881805
1180	0.050417	0.06295832	0.03787568
1181	0.0503972	0.062975689	0.037818711
1182	0.050475	0.063054219	0.037895781
1183	0.0506114	0.063169681	0.038053119
1184	0.0507124	0.063283564	0.038141236
1185	0.0507842	0.063398344	0.038170056
1186	0.0509052	0.063530545	0.038279855
1187	0.051094	0.063687294	0.038500706
1188	0.051245	0.063833197	0.038656803
1189	0.051306	0.063949802	0.038662198
1190	0.0513842	0.064081672	0.038686728
1191	0.0515354	0.064285623	0.038785177
1192	0.0516762	0.064482	0.0388704
1193	0.0517406	0.064631714	0.038849486
1194	0.051804	0.064779523	0.038828477
1195	0.0519356	0.064909576	0.038961624
1196	0.0520732	0.06504242	0.03910398
1197	0.0521356	0.065091566	0.039179634
1198	0.0521786	0.065118157	0.039239043
1199	0.0522858	0.065209677	0.039361923
1200	0.0524162	0.065331733	0.039500667
1201	0.0525422	0.065477763	0.039606637
1202	0.052665	0.065638322	0.039691678
1203	0.0527708	0.065802812	0.039738788
1204	0.052867	0.065954042	0.039779958
1205	0.0529732	0.066098708	0.039847692
1206	0.053085	0.066250585	0.039919415
1207	0.0531776	0.06637124	0.03998396
1208	0.053226	0.0664217	0.0400303
1209	0.0533082	0.066529937	0.040086463
1210	0.053519	0.066840126	0.040197874
1211	0.053707	0.0671172	0.0402968
1212	0.053741	0.06717176	0.04031024
1213	0.0537816	0.067232191	0.040331009
1214	0.0539172	0.067353865	0.040480535
1215	0.0540516	0.067473364	0.040629836
1216	0.05416	0.067538439	0.040781561
1217	0.0542732	0.067608937	0.040937463
1218	0.0544102	0.067785383	0.041035017
1219	0.0545442	0.067977356	0.041111044
1220	0.0546414	0.068096903	0.041185897
1221	0.0547308	0.068194875	0.041266725
1222	0.054832	0.068343336	0.041320664
1223	0.0549418	0.068518289	0.041365311
1224	0.0550346	0.06863232	0.04143688
1225	0.0551036	0.06869003	0.04151717
1226	0.0551972	0.068805517	0.041588883
1227	0.05533	0.069008747	0.041651253
1228	0.0554418	0.069173484	0.041710116
1229	0.0555144	0.069247126	0.041781674
1230	0.0556116	0.069344006	0.041879194
1231	0.0557692	0.069515379	0.042023021
1232	0.055912	0.069678296	0.042145704
1233	0.0559752	0.069771611	0.042178789
1234	0.0560392	0.06986807	0.04221033
1235	0.056196	0.070050822	0.042341178
1236	0.0563586	0.0702378	0.0424794
1237	0.0564554	0.070392103	0.042518697
1238	0.0565376	0.070539109	0.042536091
1239	0.0566368	0.070621995	0.042651605
1240	0.05674	0.070697291	0.042782709
1241	0.056819	0.070811965	0.042826035
1242	0.0569012	0.070943946	0.042858454
1243	0.0569934	0.07107828	0.04290852
1244	0.0570916	0.071224467	0.042958733
1245	0.0572156	0.071368688	0.043062512
1246	0.057347	0.071508482	0.043185518
1247	0.057458	0.071620377	0.043295623
1248	0.0575448	0.071689257	0.043400343
1249	0.0576372	0.071797784	0.043476616
1250	0.0577584	0.071968011	0.043548789
1251	0.0578666	0.072087697	0.043645503
1252	0.0579204	0.072103819	0.043736981
1253	0.0579814	0.072141966	0.043820834
1254	0.0580866	0.072242512	0.043930688
1255	0.0581964	0.072358293	0.044034507
1256	0.0583264	0.072548028	0.044104772
1257	0.0584586	0.072738113	0.044179087
1258	0.05852	0.072839398	0.044200602
1259	0.0585722	0.072931425	0.044212975
1260	0.0586752	0.073060548	0.044289852
1261	0.0587986	0.073212884	0.044384316
1262	0.0589394	0.073347492	0.044531308
1263	0.0590852	0.0734775	0.0446929
1264	0.0591918	0.07359944	0.04478416
1265	0.0592772	0.073708846	0.044845554
1266	0.059348	0.073833637	0.044862363
1267	0.059418	0.073970314	0.044865686
1268	0.059538	0.074091741	0.044984259
1269	0.0596834	0.074207052	0.045159748
1270	0.0598214	0.074345737	0.045297063
1271	0.0599588	0.074499853	0.045417747
1272	0.0600904	0.074635211	0.045545589
1273	0.0602018	0.074750484	0.045653116
1274	0.0602982	0.074879228	0.045717172
1275	0.0603976	0.075052845	0.045742355
1276	0.0604848	0.075209153	0.045760447
1277	0.0605468	0.075331571	0.045762029
1278	0.0606372	0.07547205	0.04580235
1279	0.0607668	0.075601735	0.045931865
1280	0.0608828	0.075723472	0.046042128
1281	0.061014	0.075868914	0.046159086
1282	0.0611556	0.076019562	0.046291638
1283	0.061297	0.076168994	0.046425006
1284	0.0614326	0.076319095	0.046546105
1285	0.0615652	0.076471202	0.046659198
1286	0.0616946	0.076618628	0.046770572
1287	0.0617406	0.076738622	0.046742578
1288	0.0617746	0.076854414	0.046694786
1289	0.0618866	0.076985562	0.046787638
1290	0.0620254	0.077115805	0.046934995
1291	0.062155	0.077289951	0.047020049
1292	0.0622862	0.07751001	0.04706239
1293	0.0623986	0.077628541	0.047168659
1294	0.0625038	0.077662079	0.047345521
1295	0.062612	0.077754303	0.047469697
1296	0.0626962	0.077898824	0.047493576
1297	0.062778	0.07803041	0.04752559
1298	0.0628792	0.078177634	0.047580766
1299	0.0629714	0.078316313	0.047626487
1300	0.0630298	0.078384693	0.047674907
1301	0.0631122	0.078477974	0.047746426
1302	0.0632472	0.078616213	0.047878187
1303	0.0633704	0.078729365	0.048011435
1304	0.063459	0.078878478	0.048039522
1305	0.0635564	0.079050119	0.048062681
1306	0.0637052	0.079197497	0.048212903
1307	0.063852	0.079326503	0.048377497
1308	0.0638406	0.079354087	0.048327113
1309	0.0638112	0.079388608	0.048233792
1310	0.0639676	0.079588129	0.048347071
1311	0.0641702	0.07981359	0.04852681
1312	0.0642194	0.079830972	0.048607828
1313	0.0642324	0.079802674	0.048662126
1314	0.0643138	0.079883802	0.048743798
1315	0.0643946	0.079968533	0.048820667
1316	0.0645222	0.08007068	0.04897372
1317	0.0646858	0.080203666	0.049167934
1318	0.0648256	0.080363206	0.049287994
1319	0.0649634	0.080606329	0.049320471
1320	0.0650702	0.08079578	0.04934462
1321	0.0651514	0.080869677	0.049433123
1322	0.0652256	0.080891409	0.049559791
1323	0.0653014	0.080887412	0.049715388
1324	0.0653898	0.080972673	0.049806927
1325	0.06548	0.081181106	0.049778894
1326	0.0655636	0.081357563	0.049769637
1327	0.0656488	0.081489575	0.049808025
1328	0.0657516	0.081617947	0.049885253
1329	0.0657666	0.081550659	0.049982541
1330	0.065782	0.08149251	0.05007149
1331	0.0659636	0.081650128	0.050277072
1332	0.0660984	0.081747075	0.050449725
1333	0.0659844	0.081577073	0.050391727
1334	0.0658936	0.081458337	0.050328863
1335	0.066088	0.081769485	0.050406515
1336	0.0663206	0.082119563	0.050521637
1337	0.0664704	0.082306432	0.050634368
1338	0.0665906	0.082456264	0.050724936
1339	0.0666384	0.082411691	0.050865109
1340	0.0666592	0.082311105	0.051007295
1341	0.0666586	0.082360208	0.050956992
1342	0.066706	0.082505524	0.050906476
1343	0.0667562	0.082594743	0.050917657
1344	0.0667938	0.082616861	0.050970739
1345	0.0666788	0.082529438	0.050828162
1346	0.0664484	0.082413281	0.050483519
1347	0.0662088	0.082264968	0.050152632
1348	0.0659518	0.082028433	0.049875167
1349	0.0657506	0.081547723	0.049953477
1350	0.0655406	0.080956135	0.050125065
1351	0.0653906	0.080807977	0.049973223
1352	0.0653672	0.080763271	0.049971129
1353	0.0650244	0.080623093	0.049425707
1354	0.0647848	0.082292224	0.047277376
1355	0.0652718	0.085134545	0.045409055
1356	0.06672	0.085032937	0.048407063
1357	0.0690152	0.084611213	0.053419187
1358	0.071178	0.085345995	0.057010005
1359	0.0742672	0.087184643	0.061349757
1360	0.0712084	0.086967918	0.055448882
1361	0.0662216	0.091883479	0.040559721
1362	0.0632874	0.087016338	0.039558462
1363	0.0576338	0.090317631	0.024949969
1364	0.0610712	0.101877947	0.020264453
1365	0.0703608	0.12068326	0.02003834
1366	0.0980656	0.151125912	0.045005288
1367	0.1273398	0.215870196	0.038809404
1368	0.1146858	0.168708018	0.060663582
1369	0.0959556	0.185215619	0.006695581
1370	0.0836588	0.150893914	0.016423686
1371	0.0746804	0.119017562	0.030343238
1372	0.0834088	0.109222857	0.057594743
1373	0.0878322	0.106855303	0.068809097
1374	0.0996174	0.117235426	0.081999374
1375	0.1167752	0.168287207	0.065263193
1376	0.1071234	0.15835851	0.05588829
1377	0.094644	0.126546551	0.062741449
1378	0.0871878	0.105827991	0.068547609
1379	0.0712874	0.090836244	0.051738556
1380	0.0714398	0.095014554	0.047865046
1381	0.075505	0.116989962	0.034020038
1382	0.0701722	0.087640274	0.052704126
1383	0.0659752	0.100232722	0.031717678
1384	0.0493268	0.076923201	0.021730399
1385	0.0332646	0.047462056	0.019067144
1386	0.0409686	0.059188284	0.022748916
1387	0.06706	0.102207755	0.031912245
1388	0.0850602	0.126880856	0.043239544
1389	0.0902612	0.122214022	0.058308378
1390	0.0910346	0.123673621	0.058395579
1391	0.0762224	0.120008984	0.032435816
1392	0.0606546	0.106333171	0.014976029
1393	0.0580152	0.089922471	0.026107929
1394	0.0594294	0.089781	0.0290778
1395	0.0630106	0.095370482	0.030650718
1396	0.0662354	0.099800851	0.032669949
1397	0.0684588	0.098709609	0.038207991
1398	0.0680432	0.098005627	0.038080773
1399	0.0645626	0.087140531	0.041984669
1400	0.0645802	0.085770222	0.043390178
1401	0.0712788	0.096699021	0.045858579
1402	0.0755332	0.104647611	0.046418789
1403	0.0712304	0.091254873	0.051205927
1404	0.0670772	0.080091384	0.054063016
1405	0.0667072	0.079981445	0.053432955
1406	0.0674736	0.081677808	0.053269392
1407	0.0692224	0.084156212	0.054288588
1408	0.070354	0.088429326	0.052278674
1409	0.068837	0.087026045	0.050647955
1410	0.0672668	0.085878007	0.048655593
1411	0.0663806	0.083363932	0.049397268
1412	0.0658026	0.081745864	0.049859336
1413	0.0663034	0.082893183	0.049713617
1414	0.0670136	0.084634095	0.049393105
1415	0.066519	0.084224913	0.048813087
1416	0.0656668	0.083078188	0.048255412
1417	0.0667822	0.084241803	0.049322597
1418	0.068321	0.086041914	0.050600086
1419	0.0681854	0.085557309	0.050813491
1420	0.0675208	0.084528338	0.050513262
1421	0.0677842	0.08492772	0.05064068
1422	0.068657	0.085963773	0.051350227
1423	0.0687156	0.085888498	0.051542702
1424	0.067949	0.085035684	0.050862316
1425	0.067591	0.084624824	0.050557176
1426	0.068052	0.084882999	0.051221001
1427	0.0686822	0.085515518	0.051848882
1428	0.069048	0.086067697	0.052028303
1429	0.0692296	0.086243948	0.052215252
1430	0.0691844	0.085910839	0.052457961
1431	0.069062	0.085592444	0.052531556
1432	0.069112	0.086065217	0.052158783
1433	0.069235	0.086667194	0.051802806
1434	0.0693	0.086604369	0.051995631
1435	0.0692898	0.086380631	0.052198969
1436	0.069104	0.086381268	0.051826732
1437	0.0690702	0.086486586	0.051653814
1438	0.0693926	0.086554694	0.052230506
1439	0.069607	0.086641548	0.052572452
1440	0.0696632	0.086748088	0.052578312
1441	0.069762	0.086901362	0.052622638
1442	0.0699044	0.087121142	0.052687658
1443	0.0700144	0.08729966	0.05272914
1444	0.0700576	0.087549457	0.052565743
1445	0.0701026	0.087777738	0.052427462
1446	0.0704072	0.087897555	0.052916845
1447	0.0707336	0.088029599	0.053437601
1448	0.0709364	0.088188236	0.053684564
1449	0.0710758	0.088331636	0.053819964
1450	0.0712172	0.088490122	0.053944278
1451	0.0713524	0.088629374	0.054075426
1452	0.0715192	0.08898901	0.05404939
1453	0.07168	0.089347487	0.054012513
1454	0.0718704	0.089541252	0.054199548
1455	0.072075	0.089744734	0.054405266
1456	0.072198	0.089730109	0.054665891
1457	0.072269	0.089646521	0.054891479
1458	0.0722902	0.0896054	0.054975
1459	0.0723106	0.089563363	0.055057837
1460	0.0724426	0.08982428	0.05506092
1461	0.0725814	0.090183596	0.054979204
1462	0.072569	0.090214697	0.054923303
1463	0.0725058	0.090119678	0.054891922
1464	0.072591	0.090182092	0.054999908
1465	0.0727876	0.090377517	0.055197683
1466	0.072973	0.090571058	0.055374942
1467	0.0731256	0.090727162	0.055524038
1468	0.0731912	0.090832422	0.055549978
1469	0.0732236	0.090870025	0.055577175
1470	0.0733782	0.090847053	0.055909347
1471	0.0735838	0.090795228	0.056372372
1472	0.0737714	0.091020614	0.056522186
1473	0.073954	0.091454661	0.056453339
1474	0.0742482	0.091918398	0.056578002
1475	0.0746482	0.092505673	0.056790727
1476	0.0748006	0.092830713	0.056770487
1477	0.0746766	0.09273482	0.05661838
1478	0.0746466	0.092584202	0.056708998
1479	0.0747554	0.092447786	0.057063014
1480	0.0749496	0.092513169	0.057386031
1481	0.075253	0.092843277	0.057662723
1482	0.075498	0.093086148	0.057909852
1483	0.0756504	0.093204127	0.058096673
1484	0.0758136	0.093378419	0.058248781
1485	0.0760006	0.09362581	0.05837539
1486	0.0761742	0.093863475	0.058484925
1487	0.0763984	0.094217864	0.058578936
1488	0.076633	0.094534874	0.058731126
1489	0.0768164	0.094601871	0.059030929
1490	0.0769794	0.094704078	0.059254722
1491	0.0772056	0.095091888	0.059319312
1492	0.0774088	0.09541095	0.05940665
1493	0.077557	0.095560266	0.059553734
1494	0.077704	0.095716195	0.059691805
1495	0.0778312	0.095805682	0.059856718
1496	0.077935	0.095859754	0.060010246
1497	0.0780848	0.09594566	0.06022394
1498	0.0782606	0.096096414	0.060424786
1499	0.0784944	0.096487037	0.060501763
1500	0.0786856	0.096800557	0.060570643
1501	0.0787158	0.096811186	0.060620414
1502	0.0787702	0.096860146	0.060680254
1503	0.0789726	0.097122252	0.060822948
1504	0.07917	0.097374644	0.060965356
1505	0.0792966	0.097445478	0.061147722
1506	0.0794184	0.097503522	0.061333278
1507	0.0795986	0.097648156	0.061549044
1508	0.0797784	0.097806275	0.061750525
1509	0.0799058	0.097957158	0.061854442
1510	0.080024	0.098103069	0.061944931
1511	0.0801912	0.098315735	0.062066665
1512	0.0803672	0.098528045	0.062206355
1513	0.0805736	0.098654235	0.062492965
1514	0.0807704	0.098765594	0.062775206
1515	0.0809	0.098946778	0.062853222
1516	0.081019	0.099143346	0.062894654
1517	0.0811466	0.099311152	0.062982048
1518	0.0812874	0.099474337	0.063100463
1519	0.0814508	0.099654517	0.063247083
1520	0.0816056	0.099828825	0.063382375
1521	0.0817456	0.099928298	0.063562902
1522	0.0818808	0.100021417	0.063740183
1523	0.0820928	0.10022156	0.06396404
1524	0.0823122	0.100431317	0.064193083
1525	0.0824458	0.100632847	0.064258753
1526	0.0825664	0.100829229	0.064303571
1527	0.0826996	0.100939106	0.064460094
1528	0.0828312	0.101032279	0.064630121
1529	0.08302	0.101205189	0.064834811
1530	0.0832246	0.10140103	0.06504817
1531	0.0833486	0.101588574	0.065108626
1532	0.0834526	0.101767853	0.065137347
1533	0.0835958	0.101958087	0.065233513
1534	0.0837478	0.102147246	0.065348354
1535	0.0839136	0.102294161	0.065533039
1536	0.0840782	0.102437272	0.065719128
1537	0.0842086	0.102589011	0.065828189
1538	0.0843344	0.102741137	0.065927663
1539	0.0844588	0.102855019	0.066062581
1540	0.0845836	0.102956863	0.066210337
1541	0.0847094	0.103100476	0.066318324
1542	0.0848362	0.103261626	0.066410774
1543	0.084965	0.103440076	0.066489924
1544	0.0850848	0.103615185	0.066554415
1545	0.0852572	0.103786029	0.066728371
1546	0.0854632	0.103960023	0.066966377
1547	0.0856522	0.104151253	0.067153147
1548	0.085827	0.104364708	0.067289292
1549	0.0859402	0.104508469	0.067371931
1550	0.0860306	0.104610122	0.067451078
1551	0.0861932	0.104791751	0.067594649
1552	0.0863842	0.105001843	0.067766557
1553	0.0865298	0.105147552	0.067912048
1554	0.0866498	0.105274197	0.068025403
1555	0.0867742	0.105370499	0.068177901
1556	0.0869124	0.105457753	0.068367047
1557	0.0870438	0.105603866	0.068483734
1558	0.0871666	0.105772195	0.068561005
1559	0.0872674	0.105917428	0.068617372
1560	0.0873598	0.106040554	0.068679046
1561	0.0875168	0.106180499	0.068853101
1562	0.0877148	0.106344794	0.069084806
1563	0.0878598	0.106474887	0.069244713
1564	0.0879648	0.106577784	0.069351816
1565	0.0880638	0.106697327	0.069430273
1566	0.088165	0.106837805	0.069492195
1567	0.0882844	0.106989508	0.069579292
1568	0.0884106	0.107135414	0.069685786
1569	0.0885572	0.107279748	0.069834652
1570	0.0887246	0.107440146	0.070009054
1571	0.0888808	0.107595036	0.070166564
1572	0.0890378	0.107741354	0.070334246
1573	0.0891976	0.107913488	0.070481712
1574	0.0893528	0.108105411	0.070600189
1575	0.0894578	0.108192925	0.070722675
1576	0.0895242	0.108199455	0.070848945
1577	0.0896412	0.108264665	0.071017735
1578	0.0898006	0.108379904	0.071221296
1579	0.0899438	0.108551335	0.071336265
1580	0.090075	0.108761882	0.071388118
1581	0.0901978	0.108946861	0.071448739
1582	0.0903122	0.109116187	0.071508213
1583	0.0904612	0.109251662	0.071670738
1584	0.0906262	0.109350925	0.071901475
1585	0.090781	0.109516127	0.072045873
1586	0.0909352	0.10973523	0.07213517
1587	0.0910596	0.109880545	0.072238655
1588	0.0911638	0.109975997	0.072351603
1589	0.0912788	0.110113858	0.072443742
1590	0.0913992	0.110276645	0.072521755
1591	0.091526	0.110398154	0.072653846
1592	0.0916576	0.110498712	0.072816488
1593	0.0918064	0.110611377	0.073001423
1594	0.0919636	0.110721879	0.073205321
1595	0.092139	0.110912772	0.073365228
1596	0.0923332	0.11116345	0.07350295
1597	0.0924566	0.111327694	0.073585506
1598	0.0925276	0.11143812	0.07361708
1599	0.0926192	0.111525858	0.073712542
1600	0.0927302	0.111596135	0.073864265
1601	0.0928388	0.1117207	0.0739569
1602	0.0929444	0.111887403	0.074001397
1603	0.0930636	0.112017413	0.074109787
1604	0.0931916	0.112120585	0.074262615
1605	0.0933168	0.112241052	0.074392548
1606	0.0934364	0.11236816	0.07450464
1607	0.0935298	0.112491393	0.074568207
1608	0.0936104	0.112613297	0.074607503
1609	0.0937752	0.112766481	0.074783919
1610	0.0939874	0.112941566	0.075033234
1611	0.0941264	0.113065746	0.075187054
1612	0.094224	0.11316092	0.07528708
1613	0.0943722	0.113358363	0.075386037
1614	0.0945468	0.113607119	0.075486481
1615	0.094673	0.113710889	0.075635111
1616	0.0947756	0.113743857	0.075807343
1617	0.0949212	0.113886512	0.075955888
1618	0.0950878	0.114082429	0.076093171
1619	0.0951296	0.114125659	0.076133541
1620	0.0951122	0.114098409	0.076125991
1621	0.0952318	0.114252605	0.076210995
1622	0.0954116	0.114486601	0.076336599
1623	0.0955742	0.11467147	0.07647693
1624	0.0957302	0.114837381	0.076623019
1625	0.0958078	0.114942085	0.076673515
1626	0.095854	0.115022014	0.076685986
1627	0.0959314	0.115022992	0.076839808
1628	0.0960198	0.114995264	0.077044336
1629	0.0961062	0.115086703	0.077125697
1630	0.0961916	0.115219255	0.077163945
1631	0.096344	0.115352774	0.077335226
1632	0.0965196	0.115489818	0.077549382
1633	0.0966552	0.115641202	0.077669198
1634	0.0967814	0.115798626	0.077764174
1635	0.0968552	0.115866267	0.077844133
1636	0.096915	0.115907473	0.077922527
1637	0.0969904	0.115988499	0.077992301
1638	0.0970712	0.116081898	0.078060502
1639	0.0972046	0.116167383	0.078241817
1640	0.0973494	0.116251999	0.078446801
1641	0.0974274	0.11633257	0.07852223
1642	0.0974926	0.116411639	0.078573561
1643	0.0975874	0.116511083	0.078663717
1644	0.097688	0.116613968	0.078762032
1645	0.0978564	0.116725715	0.078987085
1646	0.0980354	0.116841808	0.079228992
1647	0.0981386	0.116961016	0.079316184
1648	0.098233	0.117078391	0.079387609
1649	0.098289	0.117106857	0.079471143
1650	0.0983434	0.117130458	0.079556342
1651	0.0984354	0.117245458	0.079625342
1652	0.0985282	0.117365645	0.079690755
1653	0.098574	0.117353357	0.079794643
1654	0.0986178	0.117336491	0.079899109
1655	0.0987098	0.117436136	0.079983464
1656	0.0988008	0.11753182	0.08006978
1657	0.098956	0.117672434	0.080239566
1658	0.0991102	0.11781872	0.08040168
1659	0.0991644	0.117965421	0.080363379
1660	0.0992234	0.11811297	0.08033383
1661	0.0993686	0.118156004	0.080581196
1662	0.0995032	0.118194726	0.080811674
1663	0.0994946	0.118196456	0.080792744
1664	0.0995002	0.118208087	0.080792313
1665	0.0996476	0.118332716	0.080962484
1666	0.0997896	0.118455673	0.081123527
1667	0.099876	0.118545694	0.081206306
1668	0.0999854	0.118656862	0.081313938
1669	0.1002312	0.118914919	0.081547481
1670	0.1004566	0.119188095	0.081725105
1671	0.1005684	0.119473807	0.081662993
1672	0.1006896	0.119712688	0.081666512
1673	0.1008578	0.119785655	0.081929945
1674	0.1010134	0.119866763	0.082160037
1675	0.101125	0.119982101	0.082267899
1676	0.1012534	0.12012557	0.08238123
1677	0.1014204	0.120332516	0.082508284
1678	0.101548	0.12047993	0.08261607
1679	0.1015888	0.120519733	0.082657867
1680	0.1016482	0.120557677	0.082738723
1681	0.1017518	0.120545589	0.082958011
1682	0.1018664	0.120584147	0.083148653
1683	0.1019806	0.1207185	0.0832427
1684	0.1021086	0.120857054	0.083360146
1685	0.1022524	0.12100458	0.08350022
1686	0.1023758	0.121231502	0.083520098
1687	0.1024856	0.121587126	0.083384074
1688	0.1026306	0.121826286	0.083434914
1689	0.102834	0.121924548	0.083743452
1690	0.1030196	0.122122323	0.083916877
1691	0.1031636	0.122417182	0.083910018
1692	0.103231	0.122542943	0.083919057
1693	0.1032394	0.122513066	0.083965734
1694	0.103332	0.122554659	0.084109341
1695	0.1034776	0.122642221	0.084312979
1696	0.1035852	0.122686364	0.084484036
1697	0.1036828	0.122719181	0.084646419
1698	0.103808	0.122885034	0.084730966
1699	0.1039434	0.123119335	0.084767465
1700	0.1040608	0.123192332	0.084929268
1701	0.1041674	0.123189622	0.085145178
1702	0.1042336	0.123276558	0.085190642
1703	0.1042846	0.123403153	0.085166047
1704	0.1043386	0.123456668	0.085220532
1705	0.1044014	0.123476402	0.085326398
1706	0.1045454	0.123670455	0.085420345
1707	0.1047142	0.123926196	0.085502204
1708	0.1048056	0.124049485	0.085561715
1709	0.1048716	0.124151614	0.085591586
1710	0.104982	0.124266053	0.085697947
1711	0.10511	0.124375225	0.085844775
1712	0.105146	0.124391027	0.085900973
1713	0.1051522	0.124385531	0.085918869
1714	0.105269	0.12453557	0.08600243
1715	0.105413	0.12470741	0.08611859
1716	0.1055676	0.124810079	0.086325121
1717	0.1057214	0.124915426	0.086527374
1718	0.1057158	0.124971575	0.086460025
1719	0.1056956	0.125006594	0.086384606
1720	0.1057122	0.125029334	0.086395066
1721	0.1057494	0.125072298	0.086426502
1722	0.1059036	0.12512481	0.08668239
1723	0.106042	0.125176941	0.086907059
1724	0.1060998	0.125305201	0.086894399
1725	0.1061922	0.125479444	0.086904956
1726	0.1064218	0.125779366	0.087064234
1727	0.1065746	0.125997961	0.087151239
1728	0.1064742	0.1259711	0.0869773
1729	0.1064446	0.125996302	0.086892898
1730	0.10658	0.12609655	0.08706345
1731	0.1066868	0.126155419	0.087218181
1732	0.106733	0.126175878	0.087290122
1733	0.1067696	0.126229838	0.087309362
1734	0.1067772	0.126288633	0.087265767
1735	0.106842	0.12634124	0.08734276
1736	0.1070046	0.126413388	0.087595812
1737	0.107109	0.126495499	0.087722501
1738	0.1071464	0.126598978	0.087693822
1739	0.1072386	0.126669494	0.087807706
1740	0.1073864	0.12671923	0.08805357
1741	0.1074798	0.126800939	0.088158661
1742	0.1075414	0.1268933	0.0881895
1743	0.1076106	0.127028361	0.088192839
1744	0.107679	0.127182944	0.088175056
1745	0.1077204	0.127213949	0.088226851
1746	0.1077148	0.127167076	0.088262524
1747	0.1077918	0.127249485	0.088334115
1748	0.1079488	0.127435331	0.088462269
1749	0.1079478	0.127439487	0.088456113
1750	0.1078718	0.127334088	0.088409512
1751	0.1079544	0.127419119	0.088489681
1752	0.1080806	0.127593871	0.088567329
1753	0.1081712	0.127799528	0.088542872
1754	0.1082542	0.127980102	0.088528298
1755	0.1082788	0.127849548	0.088708052
1756	0.1082858	0.12768639	0.08888521
1757	0.1083738	0.127800306	0.088947294
1758	0.1084928	0.127964705	0.089020895
1759	0.1086132	0.128142632	0.089083768
1760	0.1087264	0.128318169	0.089134631
1761	0.108764	0.128355183	0.089172817
1762	0.1087828	0.128331715	0.089233885
1763	0.1087738	0.128261124	0.089286476
1764	0.1088336	0.128329825	0.089337375
1765	0.1090942	0.128704488	0.089483912
1766	0.1092608	0.128897661	0.089623939
1767	0.1091578	0.128649436	0.089666164
1768	0.1090742	0.128496242	0.089652158
1769	0.1091124	0.128617383	0.089607417
1770	0.109249	0.128827732	0.089670268
1771	0.109493	0.129078581	0.089907419
1772	0.1096048	0.129155049	0.090054551
1773	0.1096044	0.129096416	0.090112384
1774	0.1096736	0.129114445	0.090232755
1775	0.1097504	0.129209651	0.090291149
1776	0.1096254	0.129178339	0.090072461
1777	0.1093602	0.128982018	0.089738382
1778	0.1093464	0.12886039	0.08983241
1779	0.1094596	0.128825106	0.090094094
1780	0.109594	0.128971652	0.090216348
1781	0.1097442	0.129161461	0.090326939
1782	0.109721	0.129175774	0.090266226
1783	0.1096734	0.129196613	0.090150187
1784	0.1099058	0.129596329	0.090215271
1785	0.1101622	0.129994478	0.090329922
1786	0.110142	0.129859921	0.090424079
1787	0.1100696	0.129682472	0.090456728
1788	0.1101178	0.129929438	0.090306162
1789	0.110228	0.130233206	0.090222794
1790	0.1102978	0.130079856	0.090515744
1791	0.1103374	0.129943351	0.090731449
1792	0.1101422	0.129679957	0.090604443
1793	0.1099808	0.129401715	0.090559885
1794	0.1101448	0.129613182	0.090676418
1795	0.110278	0.129829079	0.090726921
1796	0.1103346	0.129957578	0.090711622
1797	0.110485	0.130122574	0.090847426
1798	0.1107782	0.13029558	0.09126082
1799	0.1108576	0.130291019	0.091424181
1800	0.1104734	0.129967248	0.090979552
1801	0.0990192	0.125619785	0.072418615
1802	0.0994882	0.130380288	0.068596112
1803	0.097455	0.128697846	0.066212154
1804	0.0975324	0.130944676	0.064120124
1805	0.1019676	0.13734558	0.06658962
1806	0.1054258	0.142578859	0.068272741
1807	0.0991274	0.138407581	0.059847219
1808	0.093577	0.137913903	0.049240097
1809	0.0959832	0.147844065	0.044122335
1810	0.0940042	0.148884207	0.039124193
1811	0.0905636	0.143841712	0.037285488
1812	0.0903278	0.139816546	0.040839054
1813	0.0933362	0.139849902	0.046822498
1814	0.1002284	0.129811779	0.070645021
1815	0.1077226	0.139476533	0.075968667
1816	0.0916162	0.133416256	0.049816144
1817	0.0705808	0.108893527	0.032268073
1818	0.0785636	0.118450602	0.038676598
1819	0.0918768	0.143069386	0.040684214
1820	0.0966882	0.147224327	0.046152073
1821	0.097426	0.133890004	0.060961996
1822	0.108851	0.159706221	0.057995779
1823	0.1370364	0.222319957	0.051752843
1824	0.1603734	0.27307697	0.04766983
1825	0.1670182	0.269954083	0.064082317
1826	0.1932782	0.333074086	0.053482314
1827	0.1621106	0.252024522	0.072196678
1828	0.1096608	0.200307637	0.019013963
1829	0.0711622	0.157793471	-0.015469071
1830	0.0595146	0.10700242	0.01202678
1831	0.0761618	0.166896774	-0.014573174
1832	0.0983756	0.216969234	-0.020218034
1833	0.090693	0.185111389	-0.003725389
1834	0.1302002	0.301683778	-0.041283378
1835	0.2001618	0.311734451	0.088589149
1836	0.2616802	0.515808501	0.007551899
1837	0.2909294	0.624888527	-0.043029727
1838	0.3427504	0.622162264	0.063338536
1839	0.5329582	1.066373398	-0.000456998
1840	0.8272454	1.673840857	-0.019350057
1841	0.8563026	1.629159801	0.083445399
1842	0.223567	0.492539736	-0.045405736
1843	0.0407626	0.095343606	-0.013818406
1844	0.0627928	0.141001613	-0.015416013
1845	0.2057902	0.438602182	-0.027021782
1846	0.4841118	0.992228858	-0.024005258
1847	0.4692064	0.999035146	-0.060622346
1848	0.1567718	0.33029375	-0.01675015
1849	0.1473734	0.301369967	-0.006623167
1850	0.356087	0.764760761	-0.052586761
1851	0.4642014	1.021292707	-0.092889907
1852	0.4459398	1.09223231	-0.20035271
1853	0.3774242	0.989191029	-0.234342629
1854	0.2431456	0.493777461	-0.007486261
1855	0.2199078	0.412493307	0.027322293
1856	0.437516	0.829768542	0.045263458
1857	0.822668	1.625662186	0.019673814
1858	0.8267536	1.620947185	0.032560015
1859	0.4845168	0.896359771	0.072673829
1860	0.5560382	0.993397466	0.118678934
1861	1.7830054	3.83293416	-0.26692336
1862	0.7830774	1.817175724	-0.251020924
1863	0.3428216	0.712416285	-0.026773085
1864	0.2133548	0.405745016	0.020964584
1865	0.2179772	0.37953811	0.05641629
1866	0.287276	0.528004944	0.046547056
1867	0.4285468	0.82906942	0.02802418
1868	0.5609764	1.23667423	-0.11472143
1869	0.3769722	0.842825111	-0.088880711
1870	0.2366898	0.570525075	-0.097145475
1871	0.267085	0.761145639	-0.226975639
1872	0.5231028	1.234988141	-0.188782541
1873	0.6672898	1.341443659	-0.006864059
1874	0.6055662	1.197926604	0.013205796
1875	0.5557252	1.245777758	-0.134327358
1876	0.4609988	1.042331026	-0.120333426
1877	0.4058642	0.927342716	-0.115614316
1878	0.3273852	0.724013386	-0.069242986
1879	0.3099542	0.703416027	-0.083507627
1880	0.2771772	0.636133995	-0.081779595
1881	0.1367476	0.320728518	-0.047233318
1882	0.0569558	0.154500588	-0.040588988
1883	0.086928	0.222141181	-0.048285181
1884	0.1350788	0.325326387	-0.055168787
1885	0.1329808	0.285970031	-0.020008431
1886	0.112903	0.225219827	0.000586173
1887	0.0960908	0.205880289	-0.013698689
1888	0.0466528	0.10580362	-0.01249802
1889	0.0197256	0.053372245	-0.013921045
1890	0.078619	0.183266035	-0.026028035
1891	0.138608	0.297007567	-0.019791567
1892	0.0891946	0.175668537	0.002720663
1893	0.0549148	0.107912134	0.001917466
1894	0.0621922	0.152424282	-0.028039882
1895	0.0828926	0.251696478	-0.085911278
1896	0.200896	0.479226335	-0.077434335
1897	0.6844334	1.964611778	-0.595744978
1898	1.5033046	3.558034159	-0.551424959
1899	0.873127	1.33058481	0.41566919
1900	0.5567318	1.085122623	0.028340977
1901	0.3239934	0.631305577	0.016681223
1902	0.2184782	0.513905298	-0.076948898
1903	0.239196	0.456574422	0.021817578
1904	0.2582528	0.527710832	-0.011205232
1905	0.2720804	0.532691307	0.011469493
1906	0.2979916	0.56678458	0.02919862
1907	0.3856228	0.747460239	0.023785361
1908	0.5414324	1.110437791	-0.027572991
1909	0.5821726	1.261130848	-0.096785648
1910	0.3611002	0.788362917	-0.066162517
1911	0.2522738	0.538180452	-0.033632852
1912	0.2693462	0.478414322	0.060278078
1913	0.2932978	0.545165177	0.041430423
1914	0.2133542	0.434824176	-0.008115776
1915	0.175396	0.390246903	-0.039454903
1916	0.1595674	0.328890753	-0.009755953
1917	0.1435674	0.262243991	0.024890809
1918	0.1340588	0.233271783	0.034845817
1919	0.1325996	0.247190909	0.018008291
1920	0.125501	0.246000676	0.005001324
1921	0.1112894	0.213573457	0.009005343
1922	0.0990098	0.19426173	0.00375787
1923	0.0836198	0.158650709	0.008588891
1924	0.0682592	0.126280944	0.010237456
1925	0.0518992	0.095454866	0.008343534
1926	0.0376782	0.069134757	0.006221643
1927	0.038925	0.068562379	0.009287621
1928	0.051351	0.111193908	-0.008491908
1929	0.0571896	0.128531437	-0.014152237
1930	0.0507264	0.104331921	-0.002879121
1931	0.045494	0.086603935	0.004384065
1932	0.0445666	0.075173887	0.013959313
1933	0.0438254	0.069254485	0.018396315
1934	0.0440768	0.06903545	0.01911815
1935	0.044366	0.076535957	0.012196043
1936	0.0512068	0.089804089	0.012609511
1937	0.0600188	0.106767079	0.013270521
1938	0.0673196	0.116812527	0.017826673
1939	0.0722174	0.120221193	0.024213607
1940	0.0751042	0.122219644	0.027988756
1941	0.0754426	0.1177559	0.0331293
1942	0.0758158	0.115794017	0.035837583
1943	0.0742912	0.107630345	0.040952055
1944	0.072903	0.101410554	0.044395446
1945	0.0715448	0.099381564	0.043708036
1946	0.070294	0.099403609	0.041184391
1947	0.0701296	0.100640229	0.039618971
1948	0.0707372	0.102320934	0.039153466
1949	0.0727908	0.104104369	0.041477231
1950	0.0767974	0.106408046	0.047186754
1951	0.079213	0.108054303	0.050371697
1952	0.0759628	0.104410459	0.047515141
1953	0.0729076	0.101299001	0.044516199
1954	0.0745788	0.105576446	0.043581154
1955	0.0762606	0.110525259	0.041995941
1956	0.076187	0.112220912	0.040153088
1957	0.0756404	0.113209314	0.038071486
1958	0.0771358	0.114684888	0.039586712
1959	0.0798268	0.116184334	0.043469266
1960	0.0821058	0.117193697	0.047017903
1961	0.0841156	0.117805486	0.050425714
1962	0.0856158	0.118135894	0.053095706
1963	0.085693	0.116608785	0.054777215
1964	0.0857578	0.115367775	0.056147825
1965	0.0870786	0.11812433	0.05603287
1966	0.0882	0.120744702	0.055655298
1967	0.0883112	0.120114262	0.056508138
1968	0.0881674	0.118782444	0.057552356
1969	0.088243	0.117944131	0.058541869
1970	0.0884962	0.117486608	0.059505792
1971	0.0885658	0.117007543	0.060124057
1972	0.088301	0.116222964	0.060379036
1973	0.0880964	0.115594806	0.060597994
1974	0.088588	0.115664404	0.061511596
1975	0.0890394	0.115800706	0.062278094
1976	0.089426	0.116990193	0.061861807
1977	0.0897094	0.118204697	0.061214103
1978	0.0899762	0.118994643	0.060957757
1979	0.0902576	0.119716047	0.060799153
1980	0.0908664	0.120075514	0.061657286
1981	0.0917178	0.119907891	0.063527709
1982	0.0922492	0.119896101	0.064602299
1983	0.0923232	0.120562636	0.064083764
1984	0.092332	0.121310818	0.063353182
1985	0.091953	0.121655996	0.062250004
1986	0.0915816	0.122016413	0.061146787
1987	0.0918474	0.122251733	0.061443067
1988	0.092112	0.122581355	0.061642645
1989	0.0929318	0.123268386	0.062595214
1990	0.0940036	0.124059528	0.063947672
1991	0.0948062	0.124724361	0.064888039
1992	0.0951978	0.125079985	0.065315615
1993	0.095323	0.124918098	0.065727902
1994	0.0949314	0.124070781	0.065792019
1995	0.094338	0.122985394	0.065690606
1996	0.0934828	0.121350076	0.065615524
1997	0.092474	0.119583712	0.065364288
1998	0.0920786	0.119559218	0.064597982
1999	0.0917838	0.11961366	0.06395394
2000	0.0924112	0.12024846	0.06457394
2001	0.0932114	0.121000339	0.065422461
2002	0.093393	0.12035787	0.06642813
2003	0.0933244	0.118811986	0.067836814
2004	0.0936664	0.118028644	0.069304156
2005	0.0943084	0.118936356	0.069680444
2006	0.0949806	0.120228226	0.069732974
2007	0.09483	0.122579065	0.067080935
2008	0.0944932	0.124617326	0.064369074
2009	0.0937506	0.124166919	0.063334281
2010	0.0931614	0.12372372	0.06259908
2011	0.0932132	0.12164356	0.06478284
2012	0.0934278	0.119203225	0.067652375
2013	0.0959712	0.121598146	0.070344254
2014	0.0991236	0.125451273	0.072795927
2015	0.1006212	0.127080049	0.074162351
2016	0.10072	0.127021413	0.074418587
2017	0.101173	0.127750239	0.074595761
2018	0.102282	0.130109572	0.074454428
2019	0.1033446	0.132000046	0.074689154
2020	0.1045718	0.133088583	0.076055017
2021	0.105531	0.134018664	0.077043336
2022	0.10485	0.133209906	0.076490094
2023	0.1042814	0.132597507	0.075965293
2024	0.1044554	0.132731335	0.076179465
2025	0.1047286	0.132983766	0.076473434
2026	0.1050108	0.133496021	0.076525579
2027	0.105095	0.133534309	0.076655691
2028	0.1052584	0.1335668	0.07695
2029	0.1057422	0.134057168	0.077427232
2030	0.1061518	0.134392384	0.077911216
2031	0.1060784	0.134142829	0.078013971
2032	0.1060728	0.134042597	0.078103003
2033	0.1069012	0.135252711	0.078549689
2034	0.1078232	0.136598726	0.079047674
2035	0.1080368	0.13687015	0.07920345
2036	0.1080556	0.137013376	0.079097824
2037	0.108186	0.136819537	0.079552463
2038	0.1083698	0.136384709	0.080354891
2039	0.108423	0.136055645	0.080790355
2040	0.1083688	0.135814713	0.080922887
2041	0.1082104	0.13569757	0.08072323
2042	0.1078878	0.135492344	0.080283256
2043	0.107807	0.135451446	0.080162554
2044	0.1085816	0.136359642	0.080803558
2045	0.1093388	0.13725234	0.08142526
2046	0.1093736	0.136707995	0.082039205
2047	0.1093168	0.135933308	0.082700292
2048	0.109188	0.136015228	0.082360772
2049	0.109135	0.136514918	0.081755082
2050	0.1093448	0.137268624	0.081420976
2051	0.1099848	0.138334637	0.081634963
2052	0.1109244	0.139255572	0.082593228
2053	0.1113276	0.139138867	0.083516333
2054	0.1115394	0.139225751	0.083853049
2055	0.1117238	0.139778291	0.083669309
2056	0.1119292	0.140255538	0.083602862
2057	0.1120544	0.140533553	0.083575247
2058	0.1121742	0.140772331	0.083576069
2059	0.112686	0.140826709	0.084545291
2060	0.1133256	0.140999265	0.085651935
2061	0.1134936	0.141416197	0.085571003
2062	0.1136528	0.142053916	0.085251684
2063	0.1138792	0.1423254	0.085433
2064	0.1140618	0.142200046	0.085923554
2065	0.1143584	0.142337592	0.086379208
2066	0.114588	0.142573864	0.086602136
2067	0.114865	0.142971756	0.086758244
2068	0.1154802	0.14375036	0.08721004
2069	0.1160864	0.144470587	0.087702213
2070	0.1168894	0.144790615	0.088988185
2071	0.1176134	0.144930188	0.090296612
2072	0.117366	0.14403915	0.09069285
2073	0.116894	0.143024458	0.090763542
2074	0.1166572	0.14315467	0.09015973
2075	0.1166354	0.143997308	0.089273492
2076	0.1172916	0.145429122	0.089154078
2077	0.1183438	0.146707217	0.089980383
2078	0.1188736	0.146990551	0.090756649
2079	0.119136	0.146884192	0.091387808
2080	0.1194848	0.146740226	0.092229374
2081	0.1187646	0.14562887	0.09190033
2082	0.11817	0.144912804	0.091427196
2083	0.1181116	0.144962506	0.091260694
2084	0.1181334	0.145057131	0.091209669
2085	0.1187052	0.145685489	0.091724911
2086	0.119436	0.146496565	0.092375435
2087	0.1197464	0.146966193	0.092526607
2088	0.1199926	0.147417356	0.092567844
2089	0.1200472	0.147503998	0.092590402
2090	0.1197788	0.147036815	0.092520785
2091	0.1194794	0.146584768	0.092374032
2092	0.1195264	0.146867356	0.092185444
2093	0.1196378	0.147295735	0.091979865
2094	0.119767	0.147717552	0.091816448
2095	0.1200738	0.148106129	0.092041471
2096	0.1205948	0.148098389	0.093091211
2097	0.121067	0.147990777	0.094143223
2098	0.12144	0.147835196	0.095044804
2099	0.1217978	0.147720528	0.095875072
2100	0.1217498	0.147015632	0.096483968
2101	0.1215132	0.145958596	0.097067804
2102	0.1215882	0.146425158	0.096751242
2103	0.1218216	0.147407632	0.096235568
2104	0.122091	0.148283428	0.095898572
2105	0.122526	0.149487583	0.095564417
2106	0.1229048	0.150421059	0.095388541
2107	0.1230784	0.150705708	0.095451092
2108	0.1231414	0.150813953	0.095468847
2109	0.1231274	0.151116364	0.095138436
2110	0.1232134	0.151451194	0.094975606
2111	0.1233378	0.151255781	0.095419819
2112	0.1234656	0.150928322	0.096002878
2113	0.1238344	0.150674643	0.096994157
2114	0.1242332	0.150482586	0.097983814
2115	0.1242386	0.150409773	0.098067427
2116	0.1242142	0.150599204	0.097829196
2117	0.1242998	0.15088907	0.09771053
2118	0.1243236	0.151074296	0.097572904
2119	0.1246278	0.151688553	0.097567047
2120	0.1253124	0.152416	0.0982088
2121	0.1260028	0.152914202	0.099091398
2122	0.1266884	0.153067198	0.100309602
2123	0.1272008	0.15312746	0.10127414
2124	0.1270434	0.152713972	0.101372828
2125	0.1269244	0.152444792	0.101404008
2126	0.1268302	0.152733708	0.100926692
2127	0.126735	0.153034505	0.100435495
2128	0.1270094	0.153139592	0.100879208
2129	0.1274654	0.153305093	0.101625707
2130	0.1278356	0.153755605	0.101915595
2131	0.127974	0.154049547	0.101898453
2132	0.1276626	0.153607579	0.101717621
2133	0.1273792	0.153257679	0.101500721
2134	0.1271786	0.152738161	0.101619039
2135	0.1274126	0.152649052	0.102176148
2136	0.1280102	0.15323533	0.10278507
2137	0.1280204	0.153263877	0.102776923
2138	0.1278084	0.152902022	0.102714778
2139	0.1281182	0.153123354	0.103113046
2140	0.1284878	0.153399127	0.103576473
2141	0.1286716	0.153382905	0.103960295
2142	0.1287062	0.153317334	0.104095066
2143	0.1285404	0.153296275	0.103784525
2144	0.1284834	0.153397179	0.103569621
2145	0.1288526	0.153886458	0.103818742
2146	0.1291924	0.154311309	0.104073491
2147	0.129182	0.154438994	0.103925006
2148	0.1291046	0.154680091	0.103529109
2149	0.1290058	0.154757856	0.103253744
2150	0.1288222	0.15475011	0.10289429
2151	0.1289472	0.155016147	0.102878253
2152	0.1295378	0.1552786	0.103797
2153	0.1297252	0.155117473	0.104332927
2154	0.1295986	0.154773318	0.104423882
2155	0.1294554	0.154491512	0.104419288
2156	0.1291432	0.153977275	0.104309125
2157	0.1289892	0.153670526	0.104307874
2158	0.1289012	0.153935533	0.103866867
2159	0.1286584	0.154019955	0.103296845
2160	0.1279498	0.153156931	0.102742669
2161	0.127129	0.152207654	0.102050346
2162	0.1266816	0.151843143	0.101520057
2163	0.1266226	0.151785945	0.101459255
2164	0.127235	0.152382898	0.102087102
2165	0.1279414	0.153138992	0.102743808
2166	0.128624	0.153790714	0.103457286
2167	0.1289794	0.154018802	0.103939998
2168	0.1289568	0.15414762	0.10376598
2169	0.1289778	0.154420886	0.103534714
2170	0.1290734	0.154671595	0.103475205
2171	0.1290528	0.154365697	0.103739903
2172	0.1288698	0.153886427	0.103853173
2173	0.1283786	0.153483038	0.103274162
2174	0.1280844	0.153207661	0.102961139
2175	0.1284012	0.153107086	0.103695314
2176	0.1286264	0.152874599	0.104378201
2177	0.1281714	0.1521775	0.1041653
2178	0.127705	0.151572815	0.103837185
2179	0.1277452	0.151549527	0.103940873
2180	0.1277166	0.151441562	0.103991638
2181	0.1277454	0.150977213	0.104513587
2182	0.1279112	0.150569702	0.105252698
2183	0.1277978	0.150181908	0.105413692
2184	0.1279756	0.150383822	0.105567378
2185	0.1282138	0.150714657	0.105712943
2186	0.1278538	0.15043782	0.10526978
2187	0.1273844	0.150143067	0.104625733
2188	0.1269966	0.150168316	0.103824884
2189	0.1266842	0.150407525	0.102960875
2190	0.1262956	0.150523563	0.102067637
2191	0.1258998	0.15041224	0.10138736
2192	0.1256552	0.149579424	0.101730976
2193	0.1254424	0.148636654	0.102248146
2194	0.1255722	0.148396654	0.102747746
2195	0.1258252	0.148530314	0.103120086
2196	0.1257056	0.148552751	0.102858449
2197	0.1254092	0.148451367	0.102367033
2198	0.1247752	0.148469395	0.101081005
2199	0.1240828	0.148470302	0.099695298
2200	0.1240722	0.148068163	0.100076237
2201	0.1241324	0.147547562	0.100717238
2202	0.12393	0.147024657	0.100835343
2203	0.123775	0.146644996	0.100905004
2204	0.1238502	0.146655645	0.101044755
2205	0.1241562	0.147008104	0.101304296
2206	0.124296	0.147017649	0.101574351
2207	0.1235554	0.146559505	0.100551295
2208	0.1229464	0.146067489	0.099825311
2209	0.1229742	0.145495499	0.100452901
2210	0.1229704	0.145119127	0.100821673
2211	0.1232102	0.145416139	0.101004261
2212	0.1236408	0.145920422	0.101361178
2213	0.124232	0.146540133	0.101923867
2214	0.124833	0.147148897	0.102517103
2215	0.1253214	0.148008274	0.102634526
2216	0.1255662	0.14895769	0.10217471
2217	0.1255324	0.149195407	0.101869393
2218	0.1254848	0.149076992	0.101892608
2219	0.1253362	0.1486473	0.1020251
2220	0.1254388	0.148218382	0.102659218
2221	0.125586	0.147680853	0.103491147
2222	0.1256008	0.147309922	0.103891678
2223	0.1259364	0.147733699	0.104139101
2224	0.1264334	0.148538115	0.104328685
2225	0.1266984	0.149213982	0.104182818
2226	0.1266018	0.149638725	0.103564875
2227	0.1263744	0.149646701	0.103102099
2228	0.126091	0.149350963	0.102831037
2229	0.125901	0.149097932	0.102704068
2230	0.1257796	0.148429455	0.103129745
2231	0.1257332	0.147800214	0.103666186
2232	0.1259864	0.147840875	0.104131925
2233	0.126324	0.148191212	0.104456788
2234	0.1268256	0.149286461	0.104364739
2235	0.1273038	0.1504922	0.1041154
2236	0.1275916	0.151103434	0.104079766
2237	0.1279766	0.151323243	0.104629957
2238	0.1282702	0.151481764	0.105058636
2239	0.128516	0.152091902	0.104940098
2240	0.128857	0.151978761	0.105735239
2241	0.1290026	0.151400558	0.106604642
2242	0.1288454	0.151165101	0.106525699
2243	0.128412	0.15092737	0.10589663
2244	0.1278754	0.150946349	0.104804451
2245	0.1280516	0.151518953	0.104584247
2246	0.128809	0.152080512	0.105537488
2247	0.1294736	0.152534577	0.106412623
2248	0.1296602	0.152692096	0.106628304
2249	0.1292406	0.152174889	0.106306311
2250	0.1289602	0.151805735	0.106114665
2251	0.1283728	0.150868007	0.105877593
2252	0.1276	0.149682337	0.105517663
2253	0.127307	0.149349963	0.105264037
2254	0.1273336	0.149540534	0.105126666
2255	0.1279014	0.150358211	0.105444589
2256	0.1285838	0.151220729	0.105946871
2257	0.1289184	0.151883117	0.105953683
2258	0.1289866	0.15258363	0.10538957
2259	0.1291056	0.153103244	0.105107956
2260	0.1292332	0.153218223	0.105248177
2261	0.1288912	0.152348025	0.105434375
2262	0.1287082	0.151530229	0.105886171
2263	0.1287052	0.151262951	0.106147449
2264	0.1287142	0.151139674	0.106288726
2265	0.1287072	0.151260231	0.106154169
2266	0.1284358	0.1511914	0.1056802
2267	0.1283474	0.150900592	0.105794208
2268	0.1286456	0.150447243	0.106843957
2269	0.1289982	0.150269785	0.107726615
2270	0.1296746	0.151372593	0.107976607
2271	0.1303248	0.152579068	0.108070532
2272	0.1305012	0.153724146	0.107278254
2273	0.1305054	0.154336217	0.106674583
2274	0.1301384	0.153794997	0.106481803
2275	0.129665	0.153345253	0.105984747
2276	0.1290956	0.152573061	0.105618139
2277	0.1286842	0.151856353	0.105512047
2278	0.128571	0.15159258	0.10554942
2279	0.128421	0.151331699	0.105510301
2280	0.1285734	0.151989702	0.105157098
2281	0.1289006	0.153117407	0.104683793
2282	0.1294004	0.15382621	0.10497459
2283	0.1298682	0.15407483	0.10566157
2284	0.1298798	0.153757699	0.106001901
2285	0.1300992	0.153799722	0.106398678
2286	0.1304742	0.153259067	0.107689333
2287	0.1306366	0.152499093	0.108774107
2288	0.1301228	0.151663124	0.108582476
2289	0.1294378	0.150954018	0.107921582
2290	0.129369	0.151024598	0.107713402
2291	0.1294568	0.150738667	0.108174933
2292	0.1296188	0.150702991	0.108534609
2293	0.1296572	0.151769608	0.107544792
2294	0.1293986	0.152143626	0.106653574
2295	0.1296628	0.152265102	0.107060498
2296	0.129944	0.152851541	0.107036459
2297	0.129725	0.153335313	0.106114687
2298	0.1294092	0.153714503	0.105103897
2299	0.1292398	0.153328766	0.105150834
2300	0.129322	0.152991645	0.105652355
2301	0.1297356	0.152917614	0.106553586
2302	0.1300352	0.152747069	0.107323331
2303	0.1295904	0.152342516	0.106838284
2304	0.1290398	0.152029131	0.106050469
2305	0.1289178	0.152308422	0.105527178
2306	0.1288436	0.152773069	0.104914131
2307	0.1286202	0.152789234	0.104451166
2308	0.1284864	0.152535567	0.104437233
2309	0.1285236	0.151872678	0.105174522
2310	0.1285908	0.151602714	0.105578886
2311	0.1284838	0.151883447	0.105084153
2312	0.1285172	0.15213937	0.10489503
2313	0.1290206	0.153084456	0.104956744
2314	0.1295976	0.154342791	0.104852409
2315	0.1295712	0.153998305	0.105144095
2316	0.1289948	0.152761495	0.105228105
2317	0.1285902	0.152104455	0.105075945
2318	0.128258	0.151010622	0.105505378
2319	0.1273438	0.149359172	0.105328428
2320	0.1262012	0.148636432	0.103765968
2321	0.1257238	0.14883858	0.10260902
2322	0.1261552	0.148826616	0.103483784
2323	0.1268732	0.14902799	0.10471841
2324	0.1271864	0.149414587	0.104958213
2325	0.1270754	0.149516164	0.104634636
2326	0.1272162	0.149967526	0.104464874
2327	0.1275008	0.150577869	0.104423731
2328	0.1278922	0.151003745	0.104780655
2329	0.1282414	0.15114106	0.10534174
2330	0.1281698	0.150701206	0.105638394
2331	0.128038	0.150328841	0.105747159
2332	0.1276488	0.150084106	0.105213494
2333	0.1270764	0.149884669	0.104268131
2334	0.1259526	0.149589541	0.102315659
2335	0.1247656	0.149232199	0.100299001
2336	0.1245414	0.149073892	0.100008908
2337	0.1245486	0.148931547	0.100165653
2338	0.1246314	0.148878816	0.100383984
2339	0.1250518	0.149162928	0.100940672
2340	0.1258092	0.149754031	0.101864369
2341	0.1266942	0.150561914	0.102826486
2342	0.1268318	0.150856077	0.102807523
2343	0.126482	0.150644272	0.102319728
2344	0.126193	0.150624495	0.101761505
2345	0.1256526	0.150995976	0.100309224
2346	0.1256246	0.151914494	0.099334706
2347	0.1263024	0.153369129	0.099235671
2348	0.1263766	0.153454867	0.099298333
2349	0.1261156	0.152203585	0.100027615
2350	0.1256558	0.15144003	0.09987157
2351	0.125067	0.151427266	0.098706734
2352	0.1254986	0.15270729	0.09828991
2353	0.1263092	0.15441479	0.09820361
2354	0.1260178	0.15469481	0.09734079
2355	0.1250942	0.153648956	0.096539444
2356	0.1246378	0.152959946	0.096315654
2357	0.1243148	0.152519786	0.096109814
2358	0.1238334	0.15177024	0.09589656
2359	0.1228182	0.150372421	0.095263979
2360	0.1220556	0.148991903	0.095119297
2361	0.1222624	0.148758677	0.095766123
2362	0.1222026	0.14865795	0.09574725
2363	0.121791	0.148463366	0.095118634
2364	0.1218892	0.148749597	0.095028803
2365	0.1221074	0.147688329	0.096526471
2366	0.1219972	0.145905086	0.098089314
2367	0.1224404	0.145919611	0.098961189
2368	0.1228952	0.146544688	0.099245712
2369	0.1220256	0.144845557	0.099205643
2370	0.1211142	0.142903288	0.099325112
2371	0.1209962	0.144271024	0.097721376
2372	0.1211604	0.146299742	0.096021058
2373	0.121525	0.148251603	0.094798397
2374	0.1215536	0.150018861	0.093088339
2375	0.1212916	0.148146929	0.094436271
2376	0.121247	0.146017027	0.096476973
2377	0.1214102	0.146404125	0.096416275
2378	0.1216218	0.147322295	0.095921305
2379	0.1204456	0.146206503	0.094684697
2380	0.1187052	0.14512081	0.09228959
2381	0.1175904	0.144433007	0.090747793
2382	0.116745	0.143220314	0.090269686
2383	0.117174	0.143139036	0.091208964
2384	0.1181434	0.143971298	0.092315502
2385	0.118984	0.145122818	0.092845182
2386	0.1199062	0.147028004	0.092784396
2387	0.1199096	0.14745184	0.09236736
2388	0.1193702	0.145997345	0.092743055
2389	0.1190368	0.146043009	0.092030591
2390	0.1177724	0.144810985	0.090733815
2391	0.1156056	0.141771543	0.089439657
2392	0.1125018	0.138979153	0.086024447
2393	0.1103068	0.136506313	0.084107287
2394	0.1110464	0.137013576	0.085079224
2395	0.1127132	0.139834026	0.085592374
2396	0.115318	0.142741531	0.087894469
2397	0.1176232	0.144608879	0.090637521
2398	0.1174736	0.142366053	0.092581147
2399	0.1162946	0.139409246	0.093179954
2400	0.1145664	0.137922546	0.091210254
2401	0.1131978	0.13769632	0.08869928
2402	0.113476	0.140120274	0.086831726
2403	0.1143228	0.142554515	0.086091085
2404	0.1153516	0.143836318	0.086866882
2405	0.1157488	0.144571866	0.086925734
2406	0.1141516	0.144574415	0.083728785
2407	0.1120518	0.143620317	0.080483283
2408	0.1107622	0.13833746	0.08318694
2409	0.1110568	0.133935183	0.088178417
2410	0.1142028	0.135433333	0.092972267
2411	0.1167856	0.137330183	0.096241017
2412	0.1169598	0.13981186	0.09410774
2413	0.116943	0.14305606	0.09082994
2414	0.1174788	0.144403221	0.090554379
2415	0.1179366	0.144980892	0.090892308
2416	0.1166064	0.143670099	0.089542701
2417	0.115072	0.142170701	0.087973299
2418	0.114331	0.141139421	0.087522579
2419	0.1137926	0.141195691	0.086389509
2420	0.1139952	0.142722391	0.085268009
2421	0.1145824	0.144431423	0.084733377
2422	0.1140094	0.142964216	0.085054584
2423	0.1131824	0.141407084	0.084957716
2424	0.1126288	0.141704005	0.083553595
2425	0.1114906	0.142005114	0.080976086
2426	0.1103744	0.140841233	0.079907567
2427	0.1098092	0.138498977	0.081119423
2428	0.1086204	0.136055135	0.081185665
2429	0.1074722	0.134202581	0.080741819
2430	0.1055064	0.131235349	0.079777451
2431	0.101922	0.128005622	0.075838378
2432	0.1015106	0.128635867	0.074385333
2433	0.1032028	0.131214187	0.075191413
2434	0.104	0.131014197	0.076985803
2435	0.105078	0.131765009	0.078390991
2436	0.1061342	0.13335311	0.07891529
2437	0.10765	0.133710995	0.081589005
2438	0.1081932	0.132707886	0.083678514
2439	0.1073312	0.130759434	0.083902966
2440	0.1076398	0.129882971	0.085396629
2441	0.1094268	0.132313037	0.086540563
2442	0.1114242	0.137872659	0.084975741
2443	0.1104624	0.141666901	0.079257899
2444	0.1063504	0.140047865	0.072652935
2445	0.1032724	0.138197034	0.068347766
2446	0.103072	0.138367612	0.067776388
2447	0.1030696	0.136163815	0.069975385
2448	0.101208	0.134467754	0.067948246
2449	0.1016146	0.13498812	0.06824108
2450	0.1038574	0.139359945	0.068354855
2451	0.1055166	0.144815927	0.066217273
2452	0.1053462	0.145951335	0.064741065
2453	0.1022234	0.141066413	0.063380387
2454	0.1021658	0.139282824	0.065048776
2455	0.1062762	0.141747299	0.070805101
2456	0.1106118	0.145352555	0.075871045
2457	0.1147026	0.150555154	0.078850046
2458	0.1166688	0.153214513	0.080123087
2459	0.1120924	0.148511791	0.075673009
2460	0.106697	0.141658662	0.071735338
2461	0.1039908	0.135948514	0.072033086
2462	0.101847	0.131878759	0.071815241
2463	0.0994042	0.130036569	0.068771831
2464	0.0954196	0.129020665	0.061818535
2465	0.0924544	0.127072275	0.057836525
2466	0.0925578	0.126210386	0.058905214
2467	0.0971404	0.129225152	0.065055648
2468	0.1001574	0.130966109	0.069348691
2469	0.0985408	0.130991626	0.066089974
2470	0.0971122	0.136136146	0.058088254
2471	0.094613	0.141446615	0.047779385
2472	0.0950684	0.145633214	0.044503586
2473	0.1015628	0.145813658	0.057311942
2474	0.104986	0.145338715	0.064633285
2475	0.0998698	0.143395955	0.056343645
2476	0.0943402	0.142979955	0.045700445
2477	0.0995026	0.15121483	0.04779037
2478	0.105017	0.160778565	0.049255435
2479	0.0994834	0.153698148	0.045268652
2480	0.0927806	0.141353307	0.044207893
2481	0.0859742	0.12288681	0.04906159
2482	0.0786458	0.120873471	0.036418129
2483	0.0720824	0.107914371	0.036250429
2484	0.0642906	0.101115204	0.027465996
2485	0.0681872	0.11678708	0.01958732
2486	0.0740422	0.135261993	0.012822407
2487	0.05387	0.106171901	0.001568099
2488	0.0331036	0.083414757	-0.017207557
2489	0.0573074	0.115389374	-0.000774574
2490	0.0821244	0.150702316	0.013546484
2491	0.0836146	0.149751053	0.017478147
2492	0.0784532	0.147934039	0.008972361
2493	0.0630688	0.144651008	-0.018513408
2494	0.0535738	0.161886091	-0.054738491
2495	0.0567236	0.162776741	-0.049329541
2496	0.054481	0.140772624	-0.031810624
2497	0.0584292	0.131394581	-0.014536181
2498	0.069007	0.138196911	-0.000182911
2499	0.0637616	0.114550467	0.012972733
2500	0.0540514	0.104069566	0.004033234
