Wavelength	cheat.mn	std-	std+	cheat.st
350	1.36E-02	1.11E-02	1.61E-02	2.51E-03
351	1.37E-02	1.12E-02	1.62E-02	2.53E-03
352	1.36E-02	1.10E-02	1.62E-02	2.60E-03
353	1.39E-02	1.14E-02	1.64E-02	2.52E-03
354	1.40E-02	1.15E-02	1.64E-02	2.45E-03
355	1.39E-02	1.15E-02	1.63E-02	2.40E-03
356	1.42E-02	1.18E-02	1.67E-02	2.46E-03
357	1.43E-02	1.18E-02	1.67E-02	2.46E-03
358	1.42E-02	1.18E-02	1.67E-02	2.44E-03
359	1.45E-02	1.20E-02	1.69E-02	2.46E-03
360	1.46E-02	1.20E-02	1.71E-02	2.53E-03
361	1.46E-02	1.20E-02	1.72E-02	2.56E-03
362	0.014598505	1.21E-02	1.71E-02	2.48E-03
363	0.014583352	1.20E-02	1.72E-02	2.58E-03
364	1.45E-02	1.19E-02	1.71E-02	2.64E-03
365	1.44E-02	1.18E-02	1.70E-02	2.62E-03
366	1.48E-02	1.22E-02	1.74E-02	2.60E-03
367	0.014789336	1.21E-02	1.75E-02	2.66E-03
368	1.46E-02	1.19E-02	1.74E-02	2.73E-03
369	1.50E-02	1.25E-02	1.76E-02	2.56E-03
370	0.015220913	1.26E-02	1.78E-02	2.61E-03
371	1.54E-02	1.27E-02	1.81E-02	2.72E-03
372	1.56E-02	1.28E-02	1.83E-02	2.78E-03
373	1.55E-02	1.28E-02	1.83E-02	2.76E-03
374	0.015577839	1.28E-02	1.84E-02	2.79E-03
375	1.57E-02	1.28E-02	1.86E-02	2.90E-03
376	1.61E-02	1.32E-02	1.90E-02	2.86E-03
377	1.63E-02	1.34E-02	1.92E-02	2.90E-03
378	1.65E-02	1.35E-02	1.94E-02	2.98E-03
379	1.65E-02	1.34E-02	1.96E-02	3.05E-03
380	1.65E-02	1.35E-02	1.94E-02	2.97E-03
381	1.66E-02	1.37E-02	1.95E-02	2.92E-03
382	1.71E-02	1.41E-02	2.01E-02	3.03E-03
383	1.73E-02	1.43E-02	2.04E-02	3.05E-03
384	0.017491277	1.44E-02	2.06E-02	3.11E-03
385	1.76E-02	1.44E-02	2.09E-02	0.003254653
386	1.79E-02	1.46E-02	2.12E-02	3.31E-03
387	1.83E-02	1.49E-02	2.17E-02	3.39E-03
388	1.87E-02	1.52E-02	2.22E-02	3.48E-03
389	1.88E-02	1.53E-02	2.23E-02	3.52E-03
390	1.87E-02	1.52E-02	2.22E-02	3.50E-03
391	1.88E-02	1.53E-02	2.23E-02	3.49E-03
392	1.93E-02	1.57E-02	2.28E-02	3.53E-03
393	1.96E-02	1.60E-02	2.32E-02	3.62E-03
394	2.00E-02	1.63E-02	2.37E-02	3.70E-03
395	2.03E-02	1.66E-02	2.41E-02	3.76E-03
396	0.020601774	1.67E-02	2.45E-02	3.86E-03
397	2.09E-02	1.69E-02	2.48E-02	3.94E-03
398	2.12E-02	1.72E-02	2.52E-02	4.02E-03
399	2.15E-02	1.74E-02	2.56E-02	4.13E-03
400	2.18E-02	1.76E-02	2.60E-02	4.18E-03
401	2.21E-02	1.79E-02	2.64E-02	4.22E-03
402	0.022502713	1.82E-02	2.68E-02	0.004275719
403	2.29E-02	1.85E-02	2.72E-02	4.34E-03
404	2.32E-02	1.88E-02	2.76E-02	4.40E-03
405	2.34E-02	1.90E-02	2.79E-02	4.46E-03
406	2.39E-02	1.94E-02	2.84E-02	4.51E-03
407	2.43E-02	1.98E-02	2.89E-02	4.58E-03
408	2.48E-02	2.01E-02	2.95E-02	4.67E-03
409	2.52E-02	2.05E-02	2.99E-02	4.74E-03
410	2.57E-02	2.08E-02	3.05E-02	4.84E-03
411	2.61E-02	2.12E-02	3.11E-02	4.93E-03
412	0.026523545	2.15E-02	3.15E-02	5.02E-03
413	2.69E-02	2.18E-02	3.20E-02	5.09E-03
414	2.73E-02	2.21E-02	3.25E-02	5.17E-03
415	2.77E-02	2.24E-02	3.29E-02	5.26E-03
416	2.81E-02	2.28E-02	3.35E-02	5.33E-03
417	0.02865291	2.33E-02	3.41E-02	5.40E-03
418	2.92E-02	2.37E-02	3.47E-02	5.47E-03
419	2.96E-02	2.40E-02	3.51E-02	5.55E-03
420	3.00E-02	2.43E-02	3.56E-02	5.65E-03
421	3.04E-02	2.46E-02	3.62E-02	5.75E-03
422	3.09E-02	2.50E-02	3.67E-02	5.84E-03
423	3.14E-02	2.55E-02	3.73E-02	5.89E-03
424	3.19E-02	2.59E-02	3.78E-02	5.94E-03
425	3.23E-02	2.63E-02	3.83E-02	6.04E-03
426	3.27E-02	2.66E-02	3.88E-02	6.11E-03
427	3.31E-02	2.70E-02	3.93E-02	6.18E-03
428	3.36E-02	2.73E-02	3.99E-02	6.27E-03
429	3.41E-02	2.77E-02	4.04E-02	6.35E-03
430	3.45E-02	2.81E-02	4.10E-02	6.43E-03
431	3.50E-02	2.85E-02	4.15E-02	6.50E-03
432	3.54E-02	2.89E-02	4.20E-02	6.57E-03
433	3.59E-02	2.92E-02	4.26E-02	6.67E-03
434	3.64E-02	2.96E-02	4.31E-02	6.77E-03
435	3.68E-02	3.00E-02	4.37E-02	6.85E-03
436	3.72E-02	3.03E-02	4.41E-02	6.90E-03
437	3.76E-02	3.06E-02	4.45E-02	6.96E-03
438	3.80E-02	3.10E-02	4.51E-02	7.03E-03
439	3.85E-02	3.14E-02	4.56E-02	0.007099281
440	3.89E-02	3.18E-02	4.61E-02	7.16E-03
441	3.93E-02	3.21E-02	4.66E-02	7.22E-03
442	3.98E-02	3.25E-02	4.71E-02	7.30E-03
443	4.02E-02	3.28E-02	4.75E-02	7.36E-03
444	4.06E-02	3.32E-02	4.80E-02	7.42E-03
445	4.10E-02	3.35E-02	4.84E-02	7.47E-03
446	4.14E-02	3.39E-02	4.90E-02	7.54E-03
447	0.041840024	3.42E-02	4.94E-02	7.61E-03
448	4.22E-02	3.46E-02	4.99E-02	7.68E-03
449	4.26E-02	3.49E-02	5.03E-02	7.74E-03
450	4.30E-02	3.52E-02	5.08E-02	7.82E-03
451	4.34E-02	3.55E-02	5.13E-02	7.89E-03
452	4.38E-02	3.59E-02	5.18E-02	7.93E-03
453	4.42E-02	3.63E-02	5.22E-02	7.97E-03
454	4.47E-02	3.66E-02	5.27E-02	8.03E-03
455	4.51E-02	3.70E-02	5.32E-02	8.11E-03
456	4.55E-02	3.73E-02	5.36E-02	8.17E-03
457	4.59E-02	3.76E-02	5.41E-02	8.23E-03
458	4.63E-02	3.80E-02	5.46E-02	8.32E-03
459	4.67E-02	3.84E-02	5.51E-02	8.38E-03
460	4.71E-02	3.87E-02	5.55E-02	8.43E-03
461	4.74E-02	3.89E-02	5.59E-02	8.48E-03
462	0.047870085	3.93E-02	5.64E-02	8.55E-03
463	4.83E-02	3.97E-02	5.69E-02	8.62E-03
464	4.86E-02	4.00E-02	5.73E-02	8.68E-03
465	4.90E-02	4.02E-02	5.77E-02	8.74E-03
466	0.049402904	4.06E-02	5.82E-02	8.80E-03
467	4.98E-02	4.10E-02	5.87E-02	8.86E-03
468	5.03E-02	4.13E-02	5.92E-02	8.92E-03
469	5.07E-02	4.17E-02	5.97E-02	9.01E-03
470	5.11E-02	4.20E-02	6.01E-02	9.08E-03
471	5.14E-02	4.23E-02	6.06E-02	9.14E-03
472	0.051776111	4.26E-02	6.10E-02	9.21E-03
473	5.22E-02	4.29E-02	6.14E-02	9.26E-03
474	5.26E-02	4.33E-02	6.19E-02	9.31E-03
475	5.29E-02	4.36E-02	6.23E-02	9.35E-03
476	0.053377952	4.40E-02	6.28E-02	9.42E-03
477	5.38E-02	4.43E-02	6.33E-02	9.50E-03
478	5.41E-02	4.45E-02	6.37E-02	9.57E-03
479	5.45E-02	4.49E-02	6.41E-02	9.63E-03
480	5.49E-02	4.52E-02	6.45E-02	9.68E-03
481	5.52E-02	4.55E-02	6.49E-02	9.72E-03
482	5.57E-02	4.59E-02	6.54E-02	9.76E-03
483	5.61E-02	4.63E-02	6.59E-02	9.81E-03
484	5.65E-02	4.66E-02	6.63E-02	9.86E-03
485	5.69E-02	4.69E-02	6.68E-02	9.93E-03
486	5.73E-02	4.73E-02	6.73E-02	9.99E-03
487	5.77E-02	4.76E-02	6.77E-02	1.01E-02
488	5.80E-02	4.79E-02	6.82E-02	1.01E-02
489	5.84E-02	4.82E-02	6.86E-02	1.02E-02
490	5.88E-02	4.85E-02	6.91E-02	0.01031051
491	5.93E-02	4.89E-02	6.96E-02	1.04E-02
492	5.96E-02	4.92E-02	7.00E-02	1.04E-02
493	6.00E-02	4.95E-02	7.05E-02	1.05E-02
494	6.05E-02	4.99E-02	7.10E-02	1.05E-02
495	6.09E-02	5.03E-02	7.14E-02	1.06E-02
496	0.061244011	5.06E-02	7.19E-02	0.010637566
497	0.061637569	5.09E-02	7.23E-02	0.010695593
498	6.21E-02	5.13E-02	7.28E-02	1.07E-02
499	6.25E-02	5.17E-02	7.33E-02	1.08E-02
500	6.29E-02	5.20E-02	7.37E-02	1.09E-02
501	6.32E-02	5.23E-02	7.41E-02	1.09E-02
502	0.063676193	5.27E-02	7.47E-02	1.10E-02
503	6.41E-02	5.30E-02	7.51E-02	1.10E-02
504	6.45E-02	5.34E-02	7.56E-02	1.11E-02
505	6.50E-02	5.38E-02	7.61E-02	0.011177477
506	6.54E-02	5.41E-02	7.66E-02	1.12E-02
507	6.58E-02	5.44E-02	7.71E-02	1.13E-02
508	6.62E-02	5.48E-02	7.75E-02	1.14E-02
509	6.66E-02	5.52E-02	7.80E-02	1.14E-02
510	6.70E-02	5.56E-02	7.85E-02	1.15E-02
511	6.74E-02	5.59E-02	7.89E-02	1.15E-02
512	6.78E-02	5.63E-02	7.94E-02	1.16E-02
513	6.83E-02	5.67E-02	7.99E-02	1.16E-02
514	6.88E-02	5.71E-02	8.04E-02	1.17E-02
515	6.91E-02	5.74E-02	8.08E-02	1.17E-02
516	6.96E-02	5.78E-02	8.14E-02	0.011763179
517	7.01E-02	5.82E-02	8.19E-02	0.011834885
518	7.05E-02	5.86E-02	8.24E-02	1.19E-02
519	7.10E-02	5.90E-02	8.30E-02	1.20E-02
520	7.15E-02	5.94E-02	8.36E-02	1.21E-02
521	7.19E-02	5.98E-02	8.41E-02	1.22E-02
522	7.23E-02	6.01E-02	8.46E-02	1.22E-02
523	7.28E-02	6.06E-02	8.51E-02	1.22E-02
524	7.33E-02	6.10E-02	8.56E-02	0.012282832
525	0.073760599	6.14E-02	8.61E-02	1.23E-02
526	7.42E-02	6.18E-02	8.66E-02	1.24E-02
527	7.47E-02	6.22E-02	8.71E-02	1.25E-02
528	7.51E-02	6.26E-02	8.77E-02	1.25E-02
529	7.56E-02	6.30E-02	8.82E-02	1.26E-02
530	7.61E-02	6.34E-02	8.87E-02	1.27E-02
531	7.66E-02	6.39E-02	8.93E-02	1.27E-02
532	7.70E-02	6.43E-02	8.98E-02	1.28E-02
533	7.75E-02	6.46E-02	9.03E-02	1.28E-02
534	7.79E-02	6.51E-02	9.08E-02	1.29E-02
535	7.84E-02	6.55E-02	9.14E-02	1.30E-02
536	7.89E-02	6.59E-02	9.19E-02	0.013015348
537	7.94E-02	6.63E-02	9.24E-02	1.31E-02
538	0.07983733	6.67E-02	9.30E-02	1.31E-02
539	8.03E-02	6.71E-02	9.35E-02	1.32E-02
540	8.08E-02	6.76E-02	9.40E-02	1.32E-02
541	8.13E-02	6.80E-02	9.46E-02	0.01330874
542	8.18E-02	6.84E-02	9.52E-02	1.34E-02
543	8.23E-02	6.88E-02	9.57E-02	1.35E-02
544	8.27E-02	6.92E-02	9.62E-02	0.013514582
545	8.32E-02	6.96E-02	9.68E-02	1.36E-02
546	8.37E-02	7.00E-02	9.73E-02	1.36E-02
547	8.41E-02	7.05E-02	9.78E-02	1.37E-02
548	8.46E-02	7.08E-02	9.84E-02	1.38E-02
549	8.51E-02	7.13E-02	9.89E-02	1.38E-02
550	8.56E-02	7.18E-02	9.95E-02	1.39E-02
551	8.61E-02	7.22E-02	1.00E-01	1.39E-02
552	8.66E-02	7.26E-02	1.01E-01	1.40E-02
553	8.71E-02	7.30E-02	1.01E-01	1.41E-02
554	8.76E-02	7.35E-02	1.02E-01	1.41E-02
555	8.80E-02	7.39E-02	1.02E-01	1.42E-02
556	8.85E-02	7.43E-02	1.03E-01	1.42E-02
557	8.90E-02	7.47E-02	1.03E-01	1.43E-02
558	8.95E-02	7.52E-02	1.04E-01	1.43E-02
559	9.00E-02	7.56E-02	1.04E-01	1.44E-02
560	9.04E-02	7.60E-02	1.05E-01	0.014467224
561	9.09E-02	7.64E-02	1.05E-01	1.45E-02
562	9.14E-02	7.69E-02	1.06E-01	1.46E-02
563	9.19E-02	7.73E-02	1.07E-01	0.01463663
564	9.24E-02	7.77E-02	1.07E-01	1.47E-02
565	9.29E-02	7.81E-02	1.08E-01	1.47E-02
566	9.34E-02	7.86E-02	1.08E-01	1.48E-02
567	9.39E-02	7.90E-02	1.09E-01	1.49E-02
568	9.43E-02	7.94E-02	1.09E-01	0.014926815
569	9.48E-02	7.99E-02	1.10E-01	1.50E-02
570	9.54E-02	8.03E-02	1.10E-01	1.50E-02
571	9.59E-02	8.07E-02	1.11E-01	1.51E-02
572	9.63E-02	8.11E-02	1.12E-01	1.52E-02
573	0.096789263	8.15E-02	1.12E-01	1.53E-02
574	9.73E-02	8.20E-02	1.13E-01	1.53E-02
575	9.78E-02	8.24E-02	1.13E-01	1.54E-02
576	9.83E-02	8.29E-02	1.14E-01	1.54E-02
577	9.88E-02	8.33E-02	1.14E-01	1.55E-02
578	9.93E-02	8.37E-02	1.15E-01	1.56E-02
579	0.099783257	8.41E-02	1.15E-01	1.56E-02
580	0.100299791	8.46E-02	1.16E-01	1.57E-02
581	0.100789368	8.50E-02	1.17E-01	1.58E-02
582	0.101296313	8.55E-02	1.17E-01	1.58E-02
583	0.101789646	8.59E-02	1.18E-01	1.59E-02
584	0.102270603	8.63E-02	1.18E-01	1.59E-02
585	0.102738686	8.68E-02	1.19E-01	0.015958659
586	0.103228956	8.72E-02	1.19E-01	0.016000759
587	0.103734083	8.77E-02	1.20E-01	1.60E-02
588	0.104228057	8.81E-02	1.20E-01	1.61E-02
589	0.104688056	8.85E-02	1.21E-01	1.62E-02
590	0.105147265	8.89E-02	1.21E-01	1.63E-02
591	0.105613306	8.92E-02	1.22E-01	1.64E-02
592	0.10614983	8.97E-02	1.23E-01	1.64E-02
593	0.106655635	9.02E-02	1.23E-01	1.65E-02
594	0.107132435	9.06E-02	1.24E-01	0.016548153
595	0.107645027	9.10E-02	1.24E-01	1.66E-02
596	0.108147264	9.14E-02	1.25E-01	1.67E-02
597	0.108660474	9.19E-02	1.25E-01	1.68E-02
598	0.109183535	9.23E-02	1.26E-01	1.69E-02
599	0.109690569	9.28E-02	1.27E-01	1.69E-02
600	0.110210218	9.32E-02	1.27E-01	1.70E-02
601	0.110730857	9.36E-02	1.28E-01	1.71E-02
602	0.111242861	9.40E-02	1.28E-01	1.72E-02
603	0.111776829	9.44E-02	1.29E-01	1.73E-02
604	0.112332448	9.49E-02	1.30E-01	1.74E-02
605	0.112815402	9.53E-02	1.30E-01	1.75E-02
606	0.113337502	9.57E-02	1.31E-01	1.76E-02
607	0.113886349	9.62E-02	1.32E-01	1.77E-02
608	0.114424244	9.67E-02	1.32E-01	1.77E-02
609	0.114959195	9.71E-02	1.33E-01	1.78E-02
610	0.115494169	9.76E-02	1.33E-01	1.79E-02
611	0.116022155	9.81E-02	1.34E-01	1.80E-02
612	0.116552249	9.85E-02	1.35E-01	1.80E-02
613	0.117101617	9.90E-02	1.35E-01	1.81E-02
614	0.117686458	9.96E-02	1.36E-01	1.81E-02
615	0.118241973	1.00E-01	1.36E-01	1.82E-02
616	0.118780963	1.01E-01	1.37E-01	1.82E-02
617	0.119304843	1.01E-01	1.38E-01	1.83E-02
618	0.119884074	1.02E-01	1.38E-01	1.83E-02
619	0.120393246	1.02E-01	1.39E-01	1.84E-02
620	0.120893419	1.02E-01	1.39E-01	1.84E-02
621	0.121440247	1.03E-01	1.40E-01	1.84E-02
622	0.121957347	1.04E-01	1.40E-01	1.84E-02
623	0.122474581	1.04E-01	1.41E-01	1.85E-02
624	0.122992456	1.04E-01	1.41E-01	1.85E-02
625	0.123508513	1.05E-01	1.42E-01	1.85E-02
626	0.124050245	1.05E-01	1.43E-01	1.86E-02
627	0.124611422	1.06E-01	1.43E-01	1.86E-02
628	0.12519218	1.07E-01	1.44E-01	1.87E-02
629	0.125672698	1.07E-01	1.44E-01	1.87E-02
630	0.126118317	1.07E-01	1.45E-01	0.018759748
631	0.126662582	1.08E-01	1.45E-01	1.88E-02
632	0.12714614	1.08E-01	1.46E-01	1.88E-02
633	0.127626613	1.09E-01	1.47E-01	1.89E-02
634	0.12811622	1.09E-01	1.47E-01	1.89E-02
635	0.128667071	1.10E-01	1.48E-01	1.90E-02
636	0.129221275	1.10E-01	1.48E-01	1.90E-02
637	0.129775628	1.11E-01	1.49E-01	1.91E-02
638	0.130317912	1.11E-01	1.49E-01	1.91E-02
639	0.130834147	1.12E-01	1.50E-01	1.92E-02
640	0.131359607	1.12E-01	1.51E-01	1.93E-02
641	0.131877065	1.12E-01	1.51E-01	1.94E-02
642	0.132431403	1.13E-01	1.52E-01	1.95E-02
643	0.132980332	1.13E-01	1.53E-01	1.95E-02
644	0.133520365	1.14E-01	1.53E-01	1.96E-02
645	0.134050578	1.14E-01	1.54E-01	1.97E-02
646	0.134555072	1.15E-01	1.54E-01	1.97E-02
647	0.135048911	1.15E-01	1.55E-01	1.98E-02
648	0.13561523	1.16E-01	1.56E-01	2.00E-02
649	0.136231035	1.16E-01	1.56E-01	2.01E-02
650	0.136840805	1.17E-01	1.57E-01	2.02E-02
651	0.137376681	1.17E-01	1.58E-01	2.03E-02
652	0.137956142	1.18E-01	1.58E-01	2.04E-02
653	0.138543755	1.18E-01	1.59E-01	0.020499088
654	0.139114231	1.19E-01	1.60E-01	2.05E-02
655	0.139686778	1.19E-01	1.60E-01	2.07E-02
656	0.140268177	1.19E-01	1.61E-01	2.09E-02
657	0.140819862	1.20E-01	1.62E-01	0.021060599
658	0.141456395	1.20E-01	1.63E-01	0.02113907
659	0.142058119	1.21E-01	1.63E-01	2.12E-02
660	0.142647535	1.21E-01	1.64E-01	2.12E-02
661	0.143251851	1.22E-01	1.65E-01	2.13E-02
662	0.143823892	1.22E-01	1.65E-01	0.021384384
663	0.144397631	1.23E-01	1.66E-01	2.15E-02
664	0.144955754	1.23E-01	1.66E-01	2.15E-02
665	0.145522103	1.24E-01	1.67E-01	2.16E-02
666	0.146089017	1.24E-01	1.68E-01	2.17E-02
667	0.146641403	1.25E-01	1.68E-01	2.17E-02
668	0.147198632	1.25E-01	1.69E-01	2.18E-02
669	0.147736639	1.26E-01	1.70E-01	2.19E-02
670	0.148275524	1.26E-01	1.70E-01	2.20E-02
671	0.148850337	1.27E-01	1.71E-01	2.20E-02
672	0.149416313	1.27E-01	1.72E-01	2.21E-02
673	0.149983019	1.28E-01	1.72E-01	2.22E-02
674	0.150557503	1.28E-01	1.73E-01	2.23E-02
675	0.151132792	1.29E-01	1.73E-01	2.23E-02
676	0.15168713	1.29E-01	1.74E-01	2.24E-02
677	0.152252674	1.30E-01	1.75E-01	0.02247126
678	0.152838871	1.30E-01	1.75E-01	2.25E-02
679	0.153399199	1.31E-01	1.76E-01	2.26E-02
680	0.153951436	1.31E-01	1.77E-01	2.27E-02
681	0.154516324	1.32E-01	1.77E-01	2.28E-02
682	0.155094311	1.32E-01	1.78E-01	2.28E-02
683	0.15567258	1.33E-01	1.79E-01	2.29E-02
684	0.156277716	1.33E-01	1.79E-01	0.022923082
685	0.156856775	1.34E-01	1.80E-01	2.29E-02
686	0.157443643	1.34E-01	1.80E-01	2.30E-02
687	0.158027053	1.35E-01	1.81E-01	2.32E-02
688	0.158682108	1.35E-01	1.82E-01	2.34E-02
689	0.159345627	1.36E-01	1.83E-01	0.023474084
690	0.160017788	1.36E-01	1.84E-01	2.35E-02
691	0.160753578	1.37E-01	1.84E-01	2.36E-02
692	0.161442056	1.38E-01	1.85E-01	2.37E-02
693	0.162113905	1.38E-01	1.86E-01	2.37E-02
694	0.16277504	1.39E-01	1.87E-01	2.39E-02
695	0.163548723	1.40E-01	1.88E-01	2.40E-02
696	0.16430147	1.40E-01	1.88E-01	2.41E-02
697	0.165026188	1.41E-01	1.89E-01	2.41E-02
698	0.165709257	1.41E-01	1.90E-01	2.42E-02
699	0.166397735	1.42E-01	1.91E-01	2.43E-02
700	0.167112559	1.43E-01	1.92E-01	2.45E-02
701	0.167836025	1.43E-01	1.92E-01	2.46E-02
702	0.168608874	1.44E-01	1.93E-01	0.024733841
703	0.169361249	1.45E-01	1.94E-01	2.49E-02
704	0.170024365	1.45E-01	1.95E-01	2.50E-02
705	0.170733213	1.46E-01	1.96E-01	2.51E-02
706	0.171440631	1.46E-01	1.97E-01	2.52E-02
707	0.17214106	1.47E-01	1.97E-01	2.53E-02
708	0.172835499	1.47E-01	1.98E-01	2.54E-02
709	0.173569024	1.48E-01	1.99E-01	2.55E-02
710	0.174322039	1.49E-01	2.00E-01	2.57E-02
711	0.17502673	1.49E-01	2.01E-01	2.58E-02
712	0.175689518	1.50E-01	2.02E-01	2.59E-02
713	0.176349506	1.50E-01	2.02E-01	2.60E-02
714	0.177052662	1.51E-01	2.03E-01	0.026060427
715	0.177596629	1.52E-01	2.04E-01	2.61E-02
716	0.178164259	1.52E-01	2.04E-01	2.61E-02
717	0.178807005	1.53E-01	2.05E-01	2.62E-02
718	0.179470226	1.53E-01	2.06E-01	0.026439656
719	0.180227309	1.54E-01	2.07E-01	2.67E-02
720	0.180988848	1.54E-01	2.08E-01	2.69E-02
721	0.181713969	1.55E-01	2.09E-01	0.026949305
722	0.182339847	1.55E-01	2.09E-01	2.70E-02
723	0.182988256	1.56E-01	2.10E-01	0.027060829
724	0.183642328	1.56E-01	2.11E-01	2.72E-02
725	0.184282988	1.57E-01	2.12E-01	2.74E-02
726	0.184941888	1.57E-01	2.12E-01	2.75E-02
727	0.185608923	1.58E-01	2.13E-01	2.76E-02
728	0.186236501	1.58E-01	2.14E-01	2.78E-02
729	0.186896667	1.59E-01	2.15E-01	2.79E-02
730	0.187557697	1.60E-01	2.16E-01	2.81E-02
731	0.188251838	1.60E-01	2.16E-01	2.82E-02
732	0.188953653	1.61E-01	2.17E-01	2.83E-02
733	0.189634323	1.61E-01	2.18E-01	2.84E-02
734	0.190274805	1.62E-01	2.19E-01	0.028539065
735	0.190898001	1.62E-01	2.20E-01	2.87E-02
736	0.191534951	1.63E-01	2.20E-01	2.88E-02
737	0.192160785	1.63E-01	2.21E-01	2.88E-02
738	0.192739084	1.64E-01	2.22E-01	2.90E-02
739	0.1933541	1.64E-01	2.22E-01	2.91E-02
740	0.193955526	1.65E-01	2.23E-01	2.92E-02
741	0.194492593	1.65E-01	2.24E-01	2.93E-02
742	0.195044875	1.66E-01	2.24E-01	2.94E-02
743	0.195609316	1.66E-01	2.25E-01	2.95E-02
744	0.196196839	1.67E-01	2.26E-01	2.96E-02
745	0.196689293	1.67E-01	2.26E-01	2.96E-02
746	0.19722642	1.67E-01	2.27E-01	2.97E-02
747	0.197840825	1.68E-01	2.28E-01	2.98E-02
748	0.198349506	1.68E-01	2.28E-01	2.99E-02
749	0.198883057	1.69E-01	2.29E-01	3.00E-02
750	0.199436545	1.69E-01	2.30E-01	3.01E-02
751	0.199890375	1.70E-01	2.30E-01	3.02E-02
752	0.200410455	1.70E-01	2.31E-01	3.02E-02
753	0.200949863	1.71E-01	2.31E-01	3.03E-02
754	0.201426372	1.71E-01	2.32E-01	0.030392675
755	0.201907501	1.71E-01	2.32E-01	3.05E-02
756	0.202398121	1.72E-01	2.33E-01	3.05E-02
757	0.202938333	1.72E-01	2.33E-01	3.05E-02
758	0.203180864	1.73E-01	2.33E-01	3.01E-02
759	0.203509152	1.73E-01	2.34E-01	3.01E-02
760	0.20395413	1.73E-01	2.35E-01	3.06E-02
761	0.204364315	1.74E-01	2.35E-01	0.030712467
762	0.204776451	1.74E-01	2.36E-01	3.08E-02
763	0.205266997	1.74E-01	2.36E-01	3.10E-02
764	0.205900401	1.75E-01	2.37E-01	3.11E-02
765	0.206511676	1.75E-01	2.38E-01	3.12E-02
766	0.207067892	1.76E-01	2.38E-01	3.13E-02
767	0.207611099	1.76E-01	2.39E-01	3.13E-02
768	0.208101436	1.77E-01	2.39E-01	3.14E-02
769	0.208594069	1.77E-01	2.40E-01	3.14E-02
770	0.209102273	1.78E-01	2.41E-01	3.15E-02
771	0.209600553	1.78E-01	2.41E-01	3.15E-02
772	0.210108891	1.78E-01	2.42E-01	3.16E-02
773	0.210585326	1.79E-01	2.42E-01	3.17E-02
774	0.211040244	1.79E-01	2.43E-01	3.17E-02
775	0.211484239	1.80E-01	2.43E-01	3.18E-02
776	0.211916938	1.80E-01	2.44E-01	3.19E-02
777	0.212336585	1.80E-01	2.44E-01	3.19E-02
778	0.212831691	1.81E-01	2.45E-01	3.20E-02
779	0.213292822	1.81E-01	2.45E-01	3.21E-02
780	0.213700041	1.82E-01	2.46E-01	3.21E-02
781	0.21419245	1.82E-01	2.46E-01	3.22E-02
782	0.21465379	1.82E-01	2.47E-01	3.22E-02
783	0.215118676	1.83E-01	2.47E-01	3.23E-02
784	0.215565145	1.83E-01	2.48E-01	3.23E-02
785	0.216011867	1.84E-01	2.48E-01	3.24E-02
786	0.216449738	1.84E-01	2.49E-01	3.24E-02
787	0.216860205	1.84E-01	2.49E-01	3.25E-02
788	0.217241615	1.85E-01	2.50E-01	3.25E-02
789	0.217664748	1.85E-01	2.50E-01	3.26E-02
790	0.218145102	1.85E-01	2.51E-01	3.27E-02
791	0.218577757	1.86E-01	2.51E-01	3.27E-02
792	0.219033986	1.86E-01	2.52E-01	3.28E-02
793	0.219498336	1.87E-01	2.52E-01	3.29E-02
794	0.219912052	1.87E-01	2.53E-01	0.032898273
795	0.220345259	1.87E-01	2.53E-01	3.30E-02
796	0.220793545	1.88E-01	2.54E-01	3.30E-02
797	0.221256688	1.88E-01	2.54E-01	3.31E-02
798	0.221650258	1.89E-01	2.55E-01	3.31E-02
799	0.222068176	1.89E-01	2.55E-01	3.32E-02
800	0.222531527	1.89E-01	2.56E-01	3.32E-02
801	0.222964704	1.90E-01	2.56E-01	3.33E-02
802	0.223389521	1.90E-01	2.57E-01	3.33E-02
803	0.223821416	1.90E-01	2.57E-01	3.34E-02
804	0.22436671	1.91E-01	2.58E-01	3.35E-02
805	0.22477816	1.91E-01	2.58E-01	3.35E-02
806	0.225117087	1.92E-01	2.59E-01	3.36E-02
807	0.225483745	1.92E-01	2.59E-01	0.033624567
808	0.22590898	1.92E-01	2.60E-01	3.37E-02
809	0.2263197	1.93E-01	2.60E-01	3.37E-02
810	0.226684779	1.93E-01	2.60E-01	3.37E-02
811	0.22702913	1.93E-01	2.61E-01	3.38E-02
812	0.227409095	1.94E-01	2.61E-01	0.033777017
813	0.227820501	1.94E-01	2.62E-01	3.38E-02
814	0.228084713	1.94E-01	2.62E-01	3.38E-02
815	0.228471056	1.95E-01	2.62E-01	3.38E-02
816	0.228912085	1.95E-01	2.63E-01	3.39E-02
817	0.229358599	1.95E-01	2.63E-01	3.40E-02
818	0.229800001	1.96E-01	2.64E-01	3.40E-02
819	0.230240062	1.96E-01	2.64E-01	0.034138449
820	0.230648518	1.96E-01	2.65E-01	0.034235705
821	0.230993643	1.97E-01	2.65E-01	3.42E-02
822	0.231451198	1.97E-01	2.66E-01	3.42E-02
823	0.231965438	1.98E-01	2.66E-01	3.43E-02
824	0.232352376	1.98E-01	2.67E-01	3.44E-02
825	0.232697517	1.98E-01	2.67E-01	3.45E-02
826	0.233064339	1.99E-01	2.68E-01	3.45E-02
827	0.233527705	1.99E-01	2.68E-01	3.45E-02
828	0.233954638	1.99E-01	2.69E-01	3.46E-02
829	0.234384745	2.00E-01	2.69E-01	3.47E-02
830	0.234814808	2.00E-01	2.70E-01	3.47E-02
831	0.235289752	2.01E-01	2.70E-01	0.034783624
832	0.235690728	2.01E-01	2.71E-01	3.48E-02
833	0.236067846	2.01E-01	2.71E-01	0.034909327
834	0.236561552	2.02E-01	2.72E-01	3.50E-02
835	0.236958236	2.02E-01	2.72E-01	3.50E-02
836	0.237292409	2.02E-01	2.72E-01	3.51E-02
837	0.237702683	2.03E-01	2.73E-01	3.51E-02
838	0.238146514	2.03E-01	2.73E-01	3.52E-02
839	0.238569632	2.03E-01	2.74E-01	3.53E-02
840	0.238937095	2.04E-01	2.74E-01	3.53E-02
841	0.239353582	2.04E-01	2.75E-01	3.54E-02
842	0.239752412	2.04E-01	2.75E-01	3.54E-02
843	0.240129218	2.05E-01	2.76E-01	3.55E-02
844	0.240536302	2.05E-01	2.76E-01	3.56E-02
845	0.240951151	2.05E-01	2.77E-01	3.56E-02
846	0.24135828	2.06E-01	2.77E-01	0.035640262
847	0.241709352	2.06E-01	2.77E-01	3.57E-02
848	0.242088541	2.06E-01	2.78E-01	3.58E-02
849	0.24248296	2.07E-01	2.78E-01	3.58E-02
850	0.242873311	2.07E-01	2.79E-01	3.58E-02
851	0.243218243	2.07E-01	2.79E-01	3.59E-02
852	0.243604094	2.08E-01	2.80E-01	3.60E-02
853	0.244076237	2.08E-01	2.80E-01	3.59E-02
854	0.24440518	2.08E-01	2.80E-01	3.60E-02
855	0.244774148	2.09E-01	2.81E-01	0.036043681
856	0.245134532	2.09E-01	2.81E-01	3.62E-02
857	0.245426103	2.09E-01	2.82E-01	3.62E-02
858	0.245865569	2.10E-01	2.82E-01	3.63E-02
859	0.246335417	2.10E-01	2.83E-01	3.63E-02
860	0.246684194	2.10E-01	2.83E-01	3.63E-02
861	0.246986717	2.11E-01	2.83E-01	3.64E-02
862	0.247375205	2.11E-01	2.84E-01	3.64E-02
863	0.247823656	2.11E-01	2.84E-01	3.65E-02
864	0.248091936	2.12E-01	2.85E-01	3.66E-02
865	0.248438567	2.12E-01	2.85E-01	3.66E-02
866	0.248875394	2.12E-01	2.85E-01	3.66E-02
867	0.249311507	2.13E-01	2.86E-01	3.66E-02
868	0.249700174	2.13E-01	2.86E-01	3.67E-02
869	0.250052333	2.13E-01	2.87E-01	3.67E-02
870	0.250372857	2.14E-01	2.87E-01	3.68E-02
871	0.25071013	2.14E-01	2.88E-01	3.69E-02
872	0.251061916	2.14E-01	2.88E-01	3.69E-02
873	0.251363099	2.14E-01	2.88E-01	3.70E-02
874	0.251767665	2.15E-01	2.89E-01	3.70E-02
875	0.252114505	2.15E-01	2.89E-01	3.70E-02
876	0.252426714	2.15E-01	2.89E-01	3.70E-02
877	0.25267905	2.16E-01	2.90E-01	3.71E-02
878	0.252923608	2.16E-01	2.90E-01	3.72E-02
879	0.253249347	2.16E-01	2.90E-01	3.72E-02
880	0.253601283	2.16E-01	2.91E-01	3.73E-02
881	0.254004806	2.17E-01	2.91E-01	0.037297823
882	0.254380405	2.17E-01	2.92E-01	3.73E-02
883	0.254706621	2.17E-01	2.92E-01	3.74E-02
884	0.254933953	2.17E-01	2.92E-01	0.037435558
885	0.255263269	2.18E-01	2.93E-01	3.75E-02
886	0.255651891	2.18E-01	2.93E-01	3.75E-02
887	0.2559883	2.18E-01	2.94E-01	3.75E-02
888	0.256311923	2.19E-01	2.94E-01	3.76E-02
889	0.256664336	2.19E-01	2.94E-01	3.76E-02
890	0.256987959	2.19E-01	2.95E-01	3.77E-02
891	0.257214844	2.19E-01	2.95E-01	3.77E-02
892	0.257455111	2.20E-01	2.95E-01	3.78E-02
893	0.257733464	2.20E-01	2.96E-01	3.78E-02
894	0.257998616	2.20E-01	2.96E-01	3.78E-02
895	0.258189946	2.20E-01	2.96E-01	3.78E-02
896	0.258366585	2.21E-01	2.96E-01	3.78E-02
897	0.258829206	2.21E-01	2.97E-01	3.78E-02
898	0.259087324	2.21E-01	2.97E-01	3.78E-02
899	0.259316832	2.22E-01	2.97E-01	3.78E-02
900	0.259701997	2.22E-01	2.97E-01	3.77E-02
901	0.26002413	2.22E-01	2.98E-01	3.77E-02
902	0.260446966	2.23E-01	2.98E-01	3.78E-02
903	0.26097542	2.23E-01	2.99E-01	0.037988119
904	0.261162549	2.23E-01	2.99E-01	3.81E-02
905	0.261335284	2.23E-01	3.00E-01	3.82E-02
906	0.261573493	2.23E-01	3.00E-01	3.83E-02
907	0.261830956	2.24E-01	3.00E-01	3.82E-02
908	0.262233317	2.24E-01	3.00E-01	3.81E-02
909	0.262623847	2.25E-01	3.01E-01	3.81E-02
910	0.262791038	2.25E-01	3.01E-01	3.81E-02
911	0.263108671	2.25E-01	3.01E-01	3.82E-02
912	0.263432115	2.25E-01	3.02E-01	3.82E-02
913	0.263689667	2.25E-01	3.02E-01	0.038274597
914	0.263952374	2.26E-01	3.02E-01	3.83E-02
915	0.264296949	2.26E-01	3.03E-01	3.83E-02
916	0.264719158	2.26E-01	3.03E-01	3.83E-02
917	0.265100509	2.27E-01	3.03E-01	3.83E-02
918	0.265389025	2.27E-01	3.04E-01	3.84E-02
919	0.265703976	2.27E-01	3.04E-01	3.85E-02
920	0.266314507	2.28E-01	3.05E-01	3.86E-02
921	0.266564518	2.28E-01	3.05E-01	3.87E-02
922	0.266670734	2.28E-01	3.05E-01	3.88E-02
923	0.266773909	2.28E-01	3.06E-01	3.88E-02
924	0.267109901	2.28E-01	3.06E-01	3.88E-02
925	0.267298758	2.28E-01	3.06E-01	3.89E-02
926	0.267355382	2.28E-01	3.06E-01	3.90E-02
927	0.267535239	2.28E-01	3.07E-01	3.91E-02
928	0.267841786	2.29E-01	3.07E-01	0.039083119
929	0.268107921	2.29E-01	3.07E-01	3.91E-02
930	0.267780572	2.29E-01	3.07E-01	3.90E-02
931	0.268137217	2.29E-01	3.07E-01	3.88E-02
932	0.268654734	2.30E-01	3.07E-01	0.038649958
933	0.268918365	2.30E-01	3.07E-01	3.85E-02
934	0.269198596	2.31E-01	3.07E-01	3.82E-02
935	0.269508451	2.32E-01	3.07E-01	3.79E-02
936	0.26984185	2.32E-01	3.08E-01	3.78E-02
937	0.269785613	2.32E-01	3.08E-01	3.80E-02
938	0.270389259	2.32E-01	3.09E-01	3.83E-02
939	0.271143705	2.33E-01	3.10E-01	3.85E-02
940	0.270841449	2.32E-01	3.09E-01	3.86E-02
941	0.271175325	2.32E-01	3.10E-01	3.89E-02
942	0.271599144	2.33E-01	3.11E-01	3.91E-02
943	0.271846712	2.33E-01	3.11E-01	3.91E-02
944	0.272374809	2.33E-01	3.11E-01	3.89E-02
945	0.272980094	2.34E-01	3.12E-01	3.87E-02
946	0.273579597	2.35E-01	3.12E-01	3.86E-02
947	0.272805005	2.34E-01	3.11E-01	3.87E-02
948	0.273090392	2.34E-01	3.12E-01	3.87E-02
949	0.273995489	2.35E-01	3.13E-01	0.03887555
950	0.273964912	2.35E-01	3.13E-01	3.92E-02
951	0.273978233	2.35E-01	3.13E-01	3.92E-02
952	0.274250597	2.35E-01	3.13E-01	3.92E-02
953	0.275017977	2.36E-01	3.14E-01	3.90E-02
954	0.274998486	2.36E-01	3.14E-01	3.91E-02
955	0.275149852	2.36E-01	3.14E-01	3.92E-02
956	0.275763065	2.37E-01	3.15E-01	3.92E-02
957	0.276468366	2.37E-01	3.16E-01	0.039304793
958	0.276798397	2.37E-01	3.16E-01	0.039377749
959	0.276913673	2.37E-01	3.16E-01	0.039419312
960	0.27732265	2.38E-01	3.17E-01	3.94E-02
961	0.277256489	2.38E-01	3.17E-01	3.94E-02
962	0.277194172	2.38E-01	3.17E-01	0.039546363
963	0.277694404	2.38E-01	3.17E-01	3.95E-02
964	0.277815789	2.38E-01	3.17E-01	0.039518978
965	0.278027028	2.38E-01	3.18E-01	3.96E-02
966	0.27841875	2.39E-01	3.18E-01	3.97E-02
967	0.279080838	2.39E-01	3.19E-01	3.98E-02
968	0.279393315	2.40E-01	3.19E-01	3.99E-02
969	0.279412031	2.39E-01	3.19E-01	3.99E-02
970	0.279510617	2.39E-01	3.20E-01	4.01E-02
971	0.27983579	2.40E-01	3.20E-01	0.04019361
972	0.280186474	2.40E-01	3.20E-01	4.02E-02
973	0.28018862	2.40E-01	3.20E-01	4.02E-02
974	0.280491292	2.40E-01	3.21E-01	4.03E-02
975	0.280642867	2.40E-01	3.21E-01	0.040206142
976	0.280440003	2.40E-01	3.20E-01	4.00E-02
977	0.2809771	2.41E-01	3.21E-01	4.01E-02
978	0.281230539	2.41E-01	3.21E-01	4.01E-02
979	0.281350791	2.41E-01	3.21E-01	4.01E-02
980	0.281857282	2.42E-01	3.22E-01	4.03E-02
981	0.281839699	2.41E-01	3.22E-01	4.04E-02
982	0.281789273	2.41E-01	3.22E-01	4.04E-02
983	0.282430619	2.42E-01	3.23E-01	4.03E-02
984	0.28274259	2.42E-01	3.23E-01	4.04E-02
985	0.283034593	2.43E-01	3.24E-01	4.05E-02
986	0.283373922	2.43E-01	3.24E-01	0.040494654
987	0.283166736	2.42E-01	3.24E-01	4.07E-02
988	0.283012658	2.42E-01	3.24E-01	4.08E-02
989	0.283008426	2.42E-01	3.24E-01	4.07E-02
990	0.283422261	2.43E-01	3.24E-01	4.07E-02
991	0.283894002	2.43E-01	3.25E-01	4.07E-02
992	0.284295231	2.44E-01	3.25E-01	4.08E-02
993	0.284404069	2.44E-01	3.25E-01	4.09E-02
994	0.284551024	2.44E-01	3.26E-01	4.10E-02
995	0.284858137	2.44E-01	3.26E-01	4.10E-02
996	0.28527385	2.44E-01	3.26E-01	4.10E-02
997	0.285208791	2.44E-01	3.26E-01	4.10E-02
998	0.285283029	2.44E-01	3.26E-01	4.10E-02
999	0.285592467	2.45E-01	3.27E-01	4.10E-02
1000	0.28610608	2.45E-01	3.27E-01	4.13E-02
1001	0.28515631	2.42E-01	3.28E-01	4.32E-02
1002	0.285383165	2.42E-01	3.29E-01	0.04313362
1003	0.285747468	2.43E-01	3.29E-01	0.043173898
1004	0.286207378	2.43E-01	3.29E-01	4.32E-02
1005	0.286424696	2.43E-01	3.30E-01	4.33E-02
1006	0.28654325	2.43E-01	3.30E-01	4.33E-02
1007	0.286816508	2.43E-01	3.30E-01	4.33E-02
1008	0.287067831	2.44E-01	3.30E-01	0.043315053
1009	0.28718698	2.44E-01	3.31E-01	0.04336765
1010	0.28736636	2.44E-01	3.31E-01	4.35E-02
1011	0.287680089	2.44E-01	3.31E-01	4.37E-02
1012	0.288032711	2.44E-01	3.32E-01	4.36E-02
1013	0.288399696	2.45E-01	3.32E-01	4.35E-02
1014	0.28870225	2.45E-01	3.32E-01	4.34E-02
1015	0.288807839	2.45E-01	3.32E-01	4.33E-02
1016	0.288910836	2.46E-01	3.32E-01	4.33E-02
1017	0.289278805	2.46E-01	3.33E-01	4.34E-02
1018	0.289678514	2.46E-01	3.33E-01	4.35E-02
1019	0.289886177	2.46E-01	3.33E-01	4.35E-02
1020	0.290081263	2.47E-01	3.34E-01	4.35E-02
1021	0.290422946	2.47E-01	3.34E-01	0.043452576
1022	0.290635854	2.47E-01	3.34E-01	0.043396246
1023	0.29073447	2.47E-01	3.34E-01	4.34E-02
1024	0.290994495	2.48E-01	3.34E-01	4.35E-02
1025	0.291334748	2.48E-01	3.35E-01	4.35E-02
1026	0.291612566	2.48E-01	3.35E-01	4.35E-02
1027	0.291860074	2.48E-01	3.35E-01	4.35E-02
1028	0.292021215	2.48E-01	3.36E-01	4.36E-02
1029	0.292145818	2.48E-01	3.36E-01	4.37E-02
1030	0.292373091	2.49E-01	3.36E-01	4.36E-02
1031	0.292693019	2.49E-01	3.36E-01	0.043549757
1032	0.293180168	2.50E-01	3.37E-01	4.36E-02
1033	0.293584734	2.50E-01	3.37E-01	4.38E-02
1034	0.293705434	2.50E-01	3.37E-01	4.38E-02
1035	0.293763071	2.50E-01	3.38E-01	4.37E-02
1036	0.293900669	2.50E-01	3.38E-01	4.38E-02
1037	0.29409337	2.50E-01	3.38E-01	4.39E-02
1038	0.294430971	2.50E-01	3.38E-01	0.043954823
1039	0.29475975	2.51E-01	3.39E-01	4.39E-02
1040	0.294953316	2.51E-01	3.39E-01	4.39E-02
1041	0.295057446	2.51E-01	3.39E-01	0.043901339
1042	0.295284927	2.51E-01	3.39E-01	4.39E-02
1043	0.295608848	2.52E-01	3.40E-01	4.40E-02
1044	0.295945942	2.52E-01	3.40E-01	4.42E-02
1045	0.296280205	2.52E-01	3.40E-01	4.42E-02
1046	0.296356678	2.52E-01	3.40E-01	4.41E-02
1047	0.29650411	2.52E-01	3.41E-01	4.41E-02
1048	0.296674192	2.52E-01	3.41E-01	4.42E-02
1049	0.296702385	2.52E-01	3.41E-01	4.43E-02
1050	0.296820104	2.53E-01	3.41E-01	4.43E-02
1051	0.29703325	2.53E-01	3.41E-01	4.43E-02
1052	0.29725796	2.53E-01	3.42E-01	4.44E-02
1053	0.297418505	2.53E-01	3.42E-01	4.44E-02
1054	0.297531247	2.53E-01	3.42E-01	4.43E-02
1055	0.29777357	2.53E-01	3.42E-01	4.43E-02
1056	0.298126012	2.54E-01	3.42E-01	4.43E-02
1057	0.298467487	2.54E-01	3.43E-01	4.44E-02
1058	0.298741013	2.54E-01	3.43E-01	0.044485018
1059	0.298953205	2.54E-01	3.44E-01	4.46E-02
1060	0.299016953	2.54E-01	3.44E-01	4.47E-02
1061	0.299145341	2.55E-01	3.44E-01	4.46E-02
1062	0.299392313	2.55E-01	3.44E-01	4.46E-02
1063	0.29973647	2.55E-01	3.44E-01	4.47E-02
1064	0.300015926	2.55E-01	3.45E-01	4.48E-02
1065	0.300254285	2.55E-01	3.45E-01	4.48E-02
1066	0.300667703	2.56E-01	3.45E-01	0.044710498
1067	0.300973982	2.56E-01	3.46E-01	4.47E-02
1068	0.301086158	2.56E-01	3.46E-01	0.044710811
1069	0.301252902	2.56E-01	3.46E-01	4.48E-02
1070	0.301528573	2.57E-01	3.46E-01	4.47E-02
1071	0.301810205	2.57E-01	3.47E-01	4.47E-02
1072	0.301917583	2.57E-01	3.47E-01	4.47E-02
1073	0.30198738	2.57E-01	3.47E-01	0.044665553
1074	0.302008837	2.57E-01	3.47E-01	4.47E-02
1075	0.302063763	2.57E-01	3.47E-01	4.48E-02
1076	0.30238384	2.58E-01	3.47E-01	4.48E-02
1077	0.302721024	2.58E-01	3.47E-01	0.044714268
1078	0.302910656	2.58E-01	3.48E-01	4.47E-02
1079	0.303048491	2.58E-01	3.48E-01	4.48E-02
1080	0.303242475	2.58E-01	3.48E-01	4.48E-02
1081	0.303448737	2.59E-01	3.48E-01	4.48E-02
1082	0.303802788	2.59E-01	3.49E-01	4.48E-02
1083	0.304168373	2.59E-01	3.49E-01	4.47E-02
1084	0.304491282	2.60E-01	3.49E-01	0.044727024
1085	0.304728836	2.60E-01	3.49E-01	4.47E-02
1086	0.304985344	2.60E-01	3.50E-01	4.47E-02
1087	0.305206686	2.60E-01	3.50E-01	4.48E-02
1088	0.305452704	2.61E-01	3.50E-01	4.49E-02
1089	0.305595845	2.61E-01	3.50E-01	4.49E-02
1090	0.305656016	2.61E-01	3.50E-01	4.48E-02
1091	0.305784106	2.61E-01	3.51E-01	4.49E-02
1092	0.30595988	2.61E-01	3.51E-01	0.044969231
1093	0.30626604	2.61E-01	3.51E-01	4.49E-02
1094	0.306540221	2.62E-01	3.51E-01	4.48E-02
1095	0.306730419	2.62E-01	3.51E-01	4.47E-02
1096	0.30692938	2.62E-01	3.52E-01	4.47E-02
1097	0.307177275	2.62E-01	3.52E-01	4.48E-02
1098	0.307491183	2.63E-01	3.52E-01	4.47E-02
1099	0.307720035	2.63E-01	3.52E-01	4.47E-02
1100	0.307820797	2.63E-01	3.53E-01	4.47E-02
1101	0.30791387	2.63E-01	3.53E-01	4.48E-02
1102	0.308179587	2.63E-01	3.53E-01	4.48E-02
1103	0.308460385	2.64E-01	3.53E-01	4.48E-02
1104	0.308571726	2.64E-01	3.53E-01	0.04466413
1105	0.308607668	2.64E-01	3.53E-01	4.45E-02
1106	0.308762759	2.64E-01	3.53E-01	0.044474222
1107	0.308977187	2.64E-01	3.54E-01	4.45E-02
1108	0.309081733	2.64E-01	3.54E-01	4.46E-02
1109	0.309157729	2.64E-01	3.54E-01	4.47E-02
1110	0.309274524	2.65E-01	3.54E-01	4.47E-02
1111	0.30946359	2.65E-01	3.54E-01	4.46E-02
1112	0.309635133	2.65E-01	3.54E-01	4.45E-02
1113	0.309696496	2.65E-01	3.54E-01	4.44E-02
1114	0.309744298	2.65E-01	3.54E-01	4.44E-02
1115	0.310010672	2.66E-01	3.55E-01	4.45E-02
1116	0.310312897	2.66E-01	3.55E-01	4.46E-02
1117	0.31037122	2.66E-01	3.55E-01	4.45E-02
1118	0.310415685	2.66E-01	3.55E-01	4.44E-02
1119	0.310394883	2.66E-01	3.55E-01	4.45E-02
1120	0.310423404	2.66E-01	3.55E-01	4.45E-02
1121	0.311026156	2.67E-01	3.55E-01	4.43E-02
1122	0.311719567	2.68E-01	3.56E-01	4.41E-02
1123	0.311461151	2.68E-01	3.55E-01	4.38E-02
1124	0.311022907	2.67E-01	3.55E-01	4.36E-02
1125	0.31126672	2.68E-01	3.55E-01	4.35E-02
1126	0.311704606	2.68E-01	3.55E-01	0.043396208
1127	0.311912596	2.68E-01	3.55E-01	4.35E-02
1128	0.312003016	2.68E-01	3.56E-01	0.043803982
1129	0.312226951	2.68E-01	3.56E-01	4.39E-02
1130	0.312673241	2.69E-01	3.56E-01	4.38E-02
1131	0.313057929	2.69E-01	3.57E-01	0.043786559
1132	0.313075304	2.69E-01	3.57E-01	4.38E-02
1133	0.313097775	2.69E-01	3.57E-01	4.39E-02
1134	0.313292623	2.69E-01	3.57E-01	4.38E-02
1135	0.313471377	2.70E-01	3.57E-01	4.38E-02
1136	0.313765973	2.70E-01	3.58E-01	4.39E-02
1137	0.314033926	2.70E-01	3.58E-01	4.40E-02
1138	0.314031273	2.70E-01	3.58E-01	0.044021338
1139	0.314043254	2.70E-01	3.58E-01	4.40E-02
1140	0.313986123	2.70E-01	3.58E-01	4.41E-02
1141	0.313928902	2.70E-01	3.58E-01	4.41E-02
1142	0.314045519	2.70E-01	3.58E-01	0.044130802
1143	0.314220816	2.70E-01	3.58E-01	4.41E-02
1144	0.314287037	2.70E-01	3.58E-01	4.40E-02
1145	0.314294994	2.71E-01	3.58E-01	4.37E-02
1146	0.314339012	2.71E-01	3.58E-01	4.36E-02
1147	0.314418226	2.71E-01	3.58E-01	0.043553963
1148	0.314415723	2.71E-01	3.58E-01	4.36E-02
1149	0.314344108	2.71E-01	3.58E-01	4.38E-02
1150	0.314281613	2.70E-01	3.58E-01	4.39E-02
1151	0.314262569	2.71E-01	3.58E-01	4.37E-02
1152	0.314245194	2.71E-01	3.58E-01	4.36E-02
1153	0.31420815	2.71E-01	3.58E-01	4.36E-02
1154	0.314177424	2.71E-01	3.58E-01	4.36E-02
1155	0.314205885	2.71E-01	3.58E-01	4.36E-02
1156	0.314231455	2.71E-01	3.58E-01	4.36E-02
1157	0.314207494	2.71E-01	3.58E-01	4.37E-02
1158	0.314114958	2.70E-01	3.58E-01	4.37E-02
1159	0.314140379	2.70E-01	3.58E-01	4.37E-02
1160	0.314147502	2.70E-01	3.58E-01	4.37E-02
1161	0.314226508	2.71E-01	3.58E-01	4.37E-02
1162	0.314329028	2.71E-01	3.58E-01	4.37E-02
1163	0.314402163	2.71E-01	3.58E-01	4.37E-02
1164	0.314406663	2.71E-01	3.58E-01	4.37E-02
1165	0.314403683	2.71E-01	3.58E-01	0.043725386
1166	0.314423323	2.71E-01	3.58E-01	4.37E-02
1167	0.314400613	2.71E-01	3.58E-01	4.37E-02
1168	0.314396799	2.71E-01	3.58E-01	4.37E-02
1169	0.314400911	2.71E-01	3.58E-01	4.37E-02
1170	0.314423978	2.71E-01	3.58E-01	4.37E-02
1171	0.314427137	2.71E-01	3.58E-01	0.043676171
1172	0.314499706	2.71E-01	3.58E-01	4.37E-02
1173	0.314599395	2.71E-01	3.58E-01	0.043723214
1174	0.314626634	2.71E-01	3.58E-01	4.37E-02
1175	0.314653635	2.71E-01	3.58E-01	4.36E-02
1176	0.314644068	2.71E-01	3.58E-01	0.043602355
1177	0.314666271	2.71E-01	3.58E-01	4.36E-02
1178	0.314749539	2.71E-01	3.58E-01	4.36E-02
1179	0.314844489	2.71E-01	3.58E-01	4.36E-02
1180	0.314845622	2.71E-01	3.58E-01	4.36E-02
1181	0.314812124	2.71E-01	3.58E-01	4.36E-02
1182	0.314744681	2.71E-01	3.58E-01	4.36E-02
1183	0.314709932	2.71E-01	3.58E-01	4.35E-02
1184	0.314748496	2.71E-01	3.58E-01	4.35E-02
1185	0.314854681	2.71E-01	3.58E-01	4.35E-02
1186	0.314944565	2.71E-01	3.58E-01	4.35E-02
1187	0.314925641	2.71E-01	3.58E-01	4.35E-02
1188	0.314918458	2.71E-01	3.58E-01	4.35E-02
1189	0.314946413	2.72E-01	3.58E-01	4.34E-02
1190	0.314977974	2.72E-01	3.58E-01	4.34E-02
1191	0.315072507	2.72E-01	3.58E-01	4.34E-02
1192	0.315204889	2.72E-01	3.59E-01	4.34E-02
1193	0.315288872	2.72E-01	3.59E-01	4.34E-02
1194	0.315340579	2.72E-01	3.59E-01	4.33E-02
1195	0.315401226	2.72E-01	3.59E-01	4.34E-02
1196	0.315425426	2.72E-01	3.59E-01	4.34E-02
1197	0.315479279	2.72E-01	3.59E-01	0.043436661
1198	0.315540254	2.72E-01	3.59E-01	4.34E-02
1199	0.3156313	2.72E-01	3.59E-01	4.34E-02
1200	0.315736949	2.72E-01	3.59E-01	4.34E-02
1201	0.315841526	2.72E-01	3.59E-01	4.34E-02
1202	0.31595239	2.73E-01	3.59E-01	4.33E-02
1203	0.316098273	2.73E-01	3.59E-01	4.33E-02
1204	0.316195399	2.73E-01	3.60E-01	4.33E-02
1205	0.316305578	2.73E-01	3.60E-01	4.33E-02
1206	0.316411644	2.73E-01	3.60E-01	4.33E-02
1207	0.316542983	2.73E-01	3.60E-01	4.34E-02
1208	0.316606969	2.73E-01	3.60E-01	4.34E-02
1209	0.316711426	2.73E-01	3.60E-01	4.34E-02
1210	0.316827863	2.73E-01	3.60E-01	4.34E-02
1211	0.316994101	2.74E-01	3.60E-01	0.043362383
1212	0.317246765	2.74E-01	3.61E-01	4.34E-02
1213	0.31748569	2.74E-01	3.61E-01	4.34E-02
1214	0.317746669	2.74E-01	3.61E-01	4.34E-02
1215	0.318008929	2.75E-01	3.61E-01	4.34E-02
1216	0.318237156	2.75E-01	3.62E-01	4.34E-02
1217	0.318446845	2.75E-01	3.62E-01	4.35E-02
1218	0.318730265	2.75E-01	3.62E-01	4.35E-02
1219	0.319021106	2.75E-01	3.63E-01	4.35E-02
1220	0.31936267	2.76E-01	3.63E-01	4.35E-02
1221	0.319734842	2.76E-01	3.63E-01	4.35E-02
1222	0.320057958	2.76E-01	3.64E-01	4.36E-02
1223	0.320389777	2.77E-01	3.64E-01	4.36E-02
1224	0.320705265	2.77E-01	3.64E-01	4.36E-02
1225	0.320996851	2.77E-01	3.65E-01	4.35E-02
1226	0.321337461	2.78E-01	3.65E-01	4.35E-02
1227	0.321637899	2.78E-01	3.65E-01	0.043578278
1228	0.321980357	2.78E-01	3.66E-01	4.36E-02
1229	0.322350591	2.79E-01	3.66E-01	4.37E-02
1230	0.322733372	2.79E-01	3.67E-01	4.38E-02
1231	0.323040992	2.79E-01	3.67E-01	4.38E-02
1232	0.323383957	2.80E-01	3.67E-01	4.39E-02
1233	0.323774159	2.80E-01	3.68E-01	4.39E-02
1234	0.32413137	2.80E-01	3.68E-01	4.39E-02
1235	0.324409157	2.81E-01	3.68E-01	0.043898769
1236	0.324646682	2.81E-01	3.69E-01	0.04392498
1237	0.324984103	2.81E-01	3.69E-01	4.40E-02
1238	0.325301349	2.81E-01	3.69E-01	4.40E-02
1239	0.325558931	2.82E-01	3.70E-01	0.044004813
1240	0.325785786	2.82E-01	3.70E-01	0.043973297
1241	0.326123089	2.82E-01	3.70E-01	4.40E-02
1242	0.326478392	2.82E-01	3.71E-01	4.41E-02
1243	0.326836735	2.83E-01	3.71E-01	4.41E-02
1244	0.327155143	2.83E-01	3.71E-01	4.41E-02
1245	0.327491611	2.83E-01	3.72E-01	4.41E-02
1246	0.327827632	2.84E-01	3.72E-01	0.044063326
1247	0.328182697	2.84E-01	3.72E-01	4.41E-02
1248	0.328466207	2.84E-01	3.73E-01	4.41E-02
1249	0.328761995	2.85E-01	3.73E-01	4.42E-02
1250	0.329063505	2.85E-01	3.73E-01	4.42E-02
1251	0.329393506	2.85E-01	3.74E-01	4.43E-02
1252	0.329715669	2.85E-01	3.74E-01	4.43E-02
1253	0.330041975	2.86E-01	3.74E-01	4.42E-02
1254	0.330294192	2.86E-01	3.75E-01	4.43E-02
1255	0.330476582	2.86E-01	3.75E-01	0.044323843
1256	0.330778658	2.86E-01	3.75E-01	4.43E-02
1257	0.331050515	2.87E-01	3.75E-01	0.044367827
1258	0.331327111	2.87E-01	3.76E-01	4.44E-02
1259	0.331605613	2.87E-01	3.76E-01	4.44E-02
1260	0.331900686	2.88E-01	3.76E-01	4.44E-02
1261	0.332199782	2.88E-01	3.77E-01	4.44E-02
1262	0.332538933	2.88E-01	3.77E-01	4.44E-02
1263	0.332875043	2.88E-01	3.77E-01	0.044408131
1264	0.333200604	2.89E-01	3.78E-01	4.44E-02
1265	0.333560526	2.89E-01	3.78E-01	0.044402577
1266	0.33379522	2.89E-01	3.78E-01	4.44E-02
1267	0.333910704	2.89E-01	3.78E-01	4.45E-02
1268	0.334134996	2.90E-01	3.79E-01	0.044466358
1269	0.334395111	2.90E-01	3.79E-01	0.044446163
1270	0.334721506	2.90E-01	3.79E-01	4.44E-02
1271	0.33503598	2.91E-01	3.79E-01	4.44E-02
1272	0.335302144	2.91E-01	3.80E-01	4.44E-02
1273	0.335557848	2.91E-01	3.80E-01	4.44E-02
1274	0.335785538	2.91E-01	3.80E-01	4.44E-02
1275	0.336044699	2.92E-01	3.80E-01	4.44E-02
1276	0.3362526	2.92E-01	3.81E-01	4.44E-02
1277	0.336454272	2.92E-01	3.81E-01	4.44E-02
1278	0.336621493	2.92E-01	3.81E-01	4.45E-02
1279	0.336880386	2.92E-01	3.81E-01	4.45E-02
1280	0.337104261	2.93E-01	3.82E-01	4.45E-02
1281	0.337318689	2.93E-01	3.82E-01	4.45E-02
1282	0.337502062	2.93E-01	3.82E-01	4.45E-02
1283	0.337825418	2.93E-01	3.82E-01	4.46E-02
1284	0.338123292	2.94E-01	3.83E-01	4.46E-02
1285	0.338414073	2.94E-01	3.83E-01	4.46E-02
1286	0.338707775	2.94E-01	3.83E-01	4.47E-02
1287	0.338956296	2.94E-01	3.84E-01	4.47E-02
1288	0.339232445	2.94E-01	3.84E-01	0.044738095
1289	0.339506686	2.95E-01	3.84E-01	4.48E-02
1290	0.33973673	2.95E-01	3.85E-01	4.48E-02
1291	0.339976817	2.95E-01	3.85E-01	4.48E-02
1292	0.340205997	2.95E-01	3.85E-01	4.48E-02
1293	0.340410858	2.96E-01	3.85E-01	4.49E-02
1294	0.340604126	2.96E-01	3.85E-01	4.49E-02
1295	0.34081015	2.96E-01	3.86E-01	4.49E-02
1296	0.341051221	2.96E-01	3.86E-01	4.49E-02
1297	0.341270089	2.96E-01	3.86E-01	4.49E-02
1298	0.34148252	2.97E-01	3.86E-01	4.48E-02
1299	0.34168914	2.97E-01	3.87E-01	4.48E-02
1300	0.341877878	2.97E-01	3.87E-01	0.044899795
1301	0.342092365	2.97E-01	3.87E-01	4.49E-02
1302	0.342246562	2.97E-01	3.87E-01	4.49E-02
1303	0.342435956	2.98E-01	3.87E-01	4.49E-02
1304	0.342657596	2.98E-01	3.88E-01	4.49E-02
1305	0.342866898	2.98E-01	3.88E-01	4.50E-02
1306	0.342967004	2.98E-01	3.88E-01	4.50E-02
1307	0.343155444	2.98E-01	3.88E-01	4.50E-02
1308	0.343296945	2.98E-01	3.88E-01	4.49E-02
1309	0.343422413	2.99E-01	3.88E-01	4.49E-02
1310	0.343547434	2.99E-01	3.88E-01	4.48E-02
1311	0.343690574	2.99E-01	3.88E-01	4.47E-02
1312	0.343889028	2.99E-01	3.89E-01	4.47E-02
1313	0.344140977	2.99E-01	3.89E-01	4.47E-02
1314	0.34417212	3.00E-01	3.89E-01	0.044591662
1315	0.344161034	3.00E-01	3.89E-01	4.45E-02
1316	0.344241083	3.00E-01	3.89E-01	4.45E-02
1317	0.34428823	3.00E-01	3.89E-01	4.44E-02
1318	0.344261467	3.00E-01	3.89E-01	4.44E-02
1319	0.344155252	3.00E-01	3.89E-01	4.44E-02
1320	0.344129205	3.00E-01	3.88E-01	0.044361237
1321	0.344224811	3.00E-01	3.89E-01	0.044307929
1322	0.344276488	3.00E-01	3.89E-01	4.42E-02
1323	0.344308078	3.00E-01	3.88E-01	4.42E-02
1324	0.344315767	3.00E-01	3.88E-01	4.41E-02
1325	0.344177365	3.00E-01	3.88E-01	4.40E-02
1326	0.344008744	3.00E-01	3.88E-01	4.39E-02
1327	0.343838185	3.00E-01	3.88E-01	4.39E-02
1328	0.343672872	3.00E-01	3.88E-01	4.39E-02
1329	0.343388379	3.00E-01	3.87E-01	4.38E-02
1330	0.343156517	2.99E-01	3.87E-01	4.37E-02
1331	0.343001813	2.99E-01	3.87E-01	4.36E-02
1332	0.342852771	2.99E-01	3.86E-01	4.36E-02
1333	0.342665315	2.99E-01	3.86E-01	4.35E-02
1334	0.342475325	2.99E-01	3.86E-01	4.34E-02
1335	0.342144638	2.99E-01	3.85E-01	4.33E-02
1336	0.341767937	2.99E-01	3.85E-01	4.31E-02
1337	0.34149453	2.98E-01	3.85E-01	4.30E-02
1338	0.341230303	2.98E-01	3.84E-01	4.30E-02
1339	0.34116888	2.98E-01	3.84E-01	4.30E-02
1340	0.341181368	2.98E-01	3.84E-01	4.30E-02
1341	0.341037691	2.98E-01	3.84E-01	4.31E-02
1342	0.340797424	2.98E-01	3.84E-01	4.30E-02
1343	0.340526253	2.97E-01	3.84E-01	4.30E-02
1344	0.340090692	2.97E-01	3.83E-01	0.042998195
1345	0.339415789	2.96E-01	3.82E-01	4.30E-02
1346	0.338606447	2.95E-01	3.82E-01	4.31E-02
1347	0.338005602	2.95E-01	3.81E-01	4.30E-02
1348	0.337587655	2.95E-01	3.80E-01	4.27E-02
1349	0.337092698	2.95E-01	3.80E-01	4.26E-02
1350	0.33668375	2.94E-01	3.79E-01	4.28E-02
1351	0.335862041	2.93E-01	3.79E-01	4.28E-02
1352	0.33433938	2.92E-01	3.77E-01	4.27E-02
1353	0.332999051	2.91E-01	3.75E-01	4.22E-02
1354	0.333563656	2.93E-01	3.74E-01	4.06E-02
1355	0.333874166	2.94E-01	3.74E-01	3.97E-02
1356	0.329909116	2.90E-01	3.70E-01	4.00E-02
1357	0.3247163	2.84E-01	3.65E-01	0.040651623
1358	0.32878831	2.85E-01	3.72E-01	4.35E-02
1359	0.336001128	2.83E-01	3.89E-01	5.26E-02
1360	0.335063785	2.76E-01	3.94E-01	5.92E-02
1361	0.333000004	2.39E-01	4.27E-01	9.44E-02
1362	0.311793268	2.00E-01	4.23E-01	0.111703865
1363	0.284724295	1.49E-01	4.20E-01	0.135403469
1364	0.321778566	2.01E-01	4.43E-01	0.121205762
1365	0.366434813	2.49E-01	4.84E-01	0.117558159
1366	0.312292039	1.98E-01	4.27E-01	0.114666827
1367	0.272708893	1.45E-01	4.00E-01	0.127223983
1368	0.315711409	1.97E-01	4.35E-01	0.119173802
1369	0.37048319	1.81E-01	5.60E-01	0.189890042
1370	0.392901182	2.49E-01	5.37E-01	0.143930241
1371	0.429038882	2.57E-01	6.02E-01	0.172503054
1372	0.401386082	2.54E-01	5.49E-01	0.147364318
1373	0.360355526	2.24E-01	4.97E-01	0.136799514
1374	0.317356527	2.18E-01	4.17E-01	9.96E-02
1375	0.299537629	1.77E-01	4.22E-01	0.122451507
1376	0.307541132	1.68E-01	4.47E-01	0.139508039
1377	0.29338184	1.16E-01	4.71E-01	0.177504987
1378	0.282582939	1.31E-01	4.34E-01	0.151829734
1379	0.284152269	1.75E-01	3.93E-01	0.108777434
1380	0.313471943	2.10E-01	4.17E-01	0.103398532
1381	0.368520677	2.56E-01	4.82E-01	0.112982757
1382	0.364259422	2.53E-01	4.75E-01	0.111236833
1383	0.331757367	2.19E-01	4.44E-01	0.112277031
1384	0.310376078	2.00E-01	4.21E-01	0.110848151
1385	0.288226247	1.77E-01	3.99E-01	0.110971816
1386	0.259745836	1.55E-01	3.64E-01	0.104742274
1387	0.230496645	1.49E-01	3.12E-01	8.14E-02
1388	0.219932869	1.51E-01	2.89E-01	0.069044366
1389	0.225922853	1.65E-01	2.86E-01	6.04E-02
1390	0.240626276	1.86E-01	2.95E-01	5.43E-02
1391	0.27708444	2.43E-01	3.11E-01	3.44E-02
1392	0.305300564	2.68E-01	3.43E-01	3.77E-02
1393	0.308963686	2.67E-01	3.51E-01	4.23E-02
1394	0.313465983	2.53E-01	3.74E-01	6.07E-02
1395	0.309711486	2.36E-01	3.84E-01	7.39E-02
1396	0.300562352	2.19E-01	3.82E-01	8.11E-02
1397	0.29152739	2.23E-01	3.60E-01	6.87E-02
1398	0.284390688	2.23E-01	3.46E-01	6.15E-02
1399	0.282725841	2.27E-01	3.38E-01	5.53E-02
1400	0.283819437	2.30E-01	3.38E-01	5.40E-02
1401	0.284543812	2.36E-01	3.33E-01	4.88E-02
1402	0.283174276	2.37E-01	3.29E-01	4.58E-02
1403	0.281795889	2.38E-01	3.25E-01	4.37E-02
1404	0.281842917	2.38E-01	3.25E-01	4.36E-02
1405	0.279218704	2.40E-01	3.19E-01	3.97E-02
1406	0.276058048	2.37E-01	3.15E-01	3.87E-02
1407	0.276141375	2.37E-01	3.15E-01	3.88E-02
1408	0.276207447	2.36E-01	3.16E-01	4.01E-02
1409	0.274243504	2.33E-01	3.16E-01	4.15E-02
1410	0.273428887	2.29E-01	3.18E-01	4.42E-02
1411	0.271651626	2.28E-01	3.16E-01	4.39E-02
1412	0.269315332	2.26E-01	3.12E-01	4.31E-02
1413	0.266799331	2.26E-01	3.08E-01	4.11E-02
1414	0.265008837	2.25E-01	3.05E-01	3.96E-02
1415	0.264199644	2.25E-01	3.03E-01	3.91E-02
1416	0.263746172	2.25E-01	3.02E-01	3.87E-02
1417	0.26177752	2.24E-01	3.00E-01	3.82E-02
1418	0.259074122	2.21E-01	2.97E-01	3.81E-02
1419	0.25672552	2.19E-01	2.95E-01	3.80E-02
1420	0.255106539	2.17E-01	2.93E-01	3.77E-02
1421	0.253581613	2.16E-01	2.91E-01	3.75E-02
1422	0.252312988	2.15E-01	2.90E-01	3.76E-02
1423	0.251746804	2.14E-01	2.90E-01	3.79E-02
1424	0.250902504	2.13E-01	2.89E-01	3.83E-02
1425	0.249733031	2.12E-01	2.88E-01	3.81E-02
1426	0.248529941	2.11E-01	2.86E-01	3.71E-02
1427	0.247671142	2.11E-01	2.84E-01	0.036470391
1428	0.247215107	2.11E-01	2.84E-01	3.64E-02
1429	0.246350423	2.10E-01	2.83E-01	3.63E-02
1430	0.244941801	2.09E-01	2.81E-01	3.63E-02
1431	0.243845075	2.08E-01	2.80E-01	3.63E-02
1432	0.242887408	2.07E-01	2.79E-01	3.62E-02
1433	0.242020398	2.06E-01	2.78E-01	3.60E-02
1434	0.241561949	2.06E-01	2.77E-01	3.59E-02
1435	0.240946263	2.05E-01	2.77E-01	3.59E-02
1436	0.2397912	2.04E-01	2.76E-01	3.58E-02
1437	0.238722116	2.03E-01	2.74E-01	0.035709873
1438	0.237825081	2.02E-01	2.73E-01	3.56E-02
1439	0.237191573	2.02E-01	2.73E-01	3.56E-02
1440	0.237175077	2.01E-01	2.73E-01	0.035798043
1441	0.237075448	2.01E-01	2.73E-01	3.59E-02
1442	0.237094924	2.02E-01	2.73E-01	0.035517756
1443	0.237040848	2.02E-01	2.72E-01	3.52E-02
1444	0.236424416	2.01E-01	2.72E-01	0.035608921
1445	0.235842064	2.00E-01	2.72E-01	3.60E-02
1446	0.235442907	1.99E-01	2.71E-01	3.60E-02
1447	0.235170603	1.99E-01	2.71E-01	3.59E-02
1448	0.2354763	2.00E-01	2.71E-01	3.57E-02
1449	0.235725939	2.00E-01	2.71E-01	3.55E-02
1450	0.235288382	2.00E-01	2.71E-01	3.54E-02
1451	0.234859735	2.00E-01	2.70E-01	3.53E-02
1452	0.234804034	1.99E-01	2.70E-01	3.54E-02
1453	0.234795272	1.99E-01	2.70E-01	3.55E-02
1454	0.23490344	1.99E-01	2.70E-01	3.55E-02
1455	0.235004857	1.99E-01	2.71E-01	3.56E-02
1456	0.234936297	1.99E-01	2.71E-01	3.56E-02
1457	0.23484385	1.99E-01	2.70E-01	3.57E-02
1458	0.234791234	1.99E-01	2.70E-01	0.035563052
1459	0.234759837	1.99E-01	2.70E-01	3.54E-02
1460	0.234674469	1.99E-01	2.70E-01	3.54E-02
1461	0.234587088	1.99E-01	2.70E-01	3.53E-02
1462	0.234463319	1.99E-01	2.70E-01	3.54E-02
1463	0.234307453	1.99E-01	2.70E-01	3.55E-02
1464	0.234324366	1.99E-01	2.70E-01	3.55E-02
1465	0.234388605	1.99E-01	2.70E-01	3.55E-02
1466	0.234452963	1.99E-01	2.70E-01	3.55E-02
1467	0.234565109	1.99E-01	2.70E-01	3.54E-02
1468	0.234758019	1.99E-01	2.70E-01	3.54E-02
1469	0.235044986	2.00E-01	2.70E-01	3.53E-02
1470	0.235118255	2.00E-01	2.70E-01	3.53E-02
1471	0.23508577	2.00E-01	2.71E-01	3.54E-02
1472	0.235292241	2.00E-01	2.71E-01	3.55E-02
1473	0.235658735	2.00E-01	2.71E-01	3.54E-02
1474	0.23597154	2.01E-01	2.71E-01	3.54E-02
1475	0.236330077	2.01E-01	2.72E-01	3.55E-02
1476	0.236662239	2.01E-01	2.72E-01	3.56E-02
1477	0.236868054	2.01E-01	2.72E-01	3.56E-02
1478	0.237054422	2.02E-01	2.73E-01	3.55E-02
1479	0.237318873	2.02E-01	2.73E-01	3.56E-02
1480	0.237702504	2.02E-01	2.73E-01	3.55E-02
1481	0.238160223	2.03E-01	2.74E-01	3.54E-02
1482	0.23864007	2.03E-01	2.74E-01	3.53E-02
1483	0.239220247	2.04E-01	2.75E-01	3.53E-02
1484	0.239766613	2.04E-01	2.75E-01	3.54E-02
1485	0.240194514	2.05E-01	2.76E-01	3.55E-02
1486	0.240614161	2.05E-01	2.76E-01	3.56E-02
1487	0.241115496	2.06E-01	2.77E-01	3.56E-02
1488	0.241534188	2.06E-01	2.77E-01	3.55E-02
1489	0.241881341	2.06E-01	2.77E-01	3.55E-02
1490	0.242255971	2.07E-01	2.78E-01	3.55E-02
1491	0.242742762	2.07E-01	2.78E-01	3.56E-02
1492	0.243134454	2.08E-01	2.79E-01	3.56E-02
1493	0.243678525	2.08E-01	2.79E-01	3.57E-02
1494	0.244193539	2.08E-01	2.80E-01	0.035710946
1495	0.244626597	2.09E-01	2.80E-01	3.57E-02
1496	0.245018184	2.09E-01	2.81E-01	3.57E-02
1497	0.245387107	2.10E-01	2.81E-01	3.57E-02
1498	0.245788887	2.10E-01	2.82E-01	3.57E-02
1499	0.246358499	2.11E-01	2.82E-01	3.58E-02
1500	0.246929199	2.11E-01	2.83E-01	3.58E-02
1501	0.247362211	2.12E-01	2.83E-01	3.59E-02
1502	0.247795448	2.12E-01	2.84E-01	0.035891306
1503	0.248449385	2.13E-01	2.84E-01	3.59E-02
1504	0.249063656	2.13E-01	2.85E-01	0.035933644
1505	0.249602392	2.14E-01	2.86E-01	3.60E-02
1506	0.250156671	2.14E-01	2.86E-01	3.60E-02
1507	0.250711113	2.15E-01	2.87E-01	3.60E-02
1508	0.251258105	2.15E-01	2.87E-01	3.60E-02
1509	0.251928657	2.16E-01	2.88E-01	0.036007646
1510	0.252557576	2.17E-01	2.89E-01	3.60E-02
1511	0.253046453	2.17E-01	2.89E-01	3.61E-02
1512	0.253496557	2.17E-01	2.90E-01	3.62E-02
1513	0.254046351	2.18E-01	2.90E-01	3.62E-02
1514	0.254612237	2.18E-01	2.91E-01	3.62E-02
1515	0.255191356	2.19E-01	2.91E-01	3.63E-02
1516	0.255799323	2.19E-01	2.92E-01	3.63E-02
1517	0.256296456	2.20E-01	2.93E-01	3.63E-02
1518	0.25677672	2.20E-01	2.93E-01	3.63E-02
1519	0.257271081	2.21E-01	2.94E-01	3.63E-02
1520	0.257786661	2.22E-01	2.94E-01	3.63E-02
1521	0.258316338	2.22E-01	2.95E-01	3.63E-02
1522	0.258849621	2.22E-01	2.95E-01	3.64E-02
1523	0.25928551	2.23E-01	2.96E-01	3.64E-02
1524	0.259696245	2.23E-01	2.96E-01	3.64E-02
1525	0.260282904	2.24E-01	2.97E-01	3.64E-02
1526	0.260858417	2.24E-01	2.97E-01	3.64E-02
1527	0.261303574	2.25E-01	2.98E-01	0.036381084
1528	0.261720389	2.25E-01	2.98E-01	3.64E-02
1529	0.262100428	2.26E-01	2.99E-01	3.64E-02
1530	0.262447685	2.26E-01	2.99E-01	3.65E-02
1531	0.262872964	2.26E-01	2.99E-01	3.65E-02
1532	0.26330179	2.27E-01	3.00E-01	3.65E-02
1533	0.263689458	2.27E-01	3.00E-01	3.65E-02
1534	0.264104366	2.28E-01	3.01E-01	3.65E-02
1535	0.264406562	2.28E-01	3.01E-01	3.65E-02
1536	0.264659613	2.28E-01	3.01E-01	3.65E-02
1537	0.265068352	2.29E-01	3.02E-01	3.64E-02
1538	0.265497655	2.29E-01	3.02E-01	3.64E-02
1539	0.265814215	2.29E-01	3.02E-01	3.63E-02
1540	0.266140461	2.30E-01	3.02E-01	0.036347322
1541	0.266519189	2.30E-01	3.03E-01	3.64E-02
1542	0.266895533	2.31E-01	3.03E-01	3.64E-02
1543	0.267245322	2.31E-01	3.04E-01	3.64E-02
1544	0.267565221	2.31E-01	3.04E-01	3.64E-02
1545	0.267986953	2.32E-01	3.04E-01	0.036440771
1546	0.268440843	2.32E-01	3.05E-01	3.65E-02
1547	0.268826127	2.32E-01	3.05E-01	3.65E-02
1548	0.269185275	2.33E-01	3.06E-01	3.65E-02
1549	0.269440323	2.33E-01	3.06E-01	3.65E-02
1550	0.269667089	2.33E-01	3.06E-01	3.65E-02
1551	0.269910991	2.33E-01	3.06E-01	3.65E-02
1552	0.270156503	2.34E-01	3.07E-01	3.65E-02
1553	0.270506054	2.34E-01	3.07E-01	0.036477093
1554	0.270909756	2.34E-01	3.07E-01	3.65E-02
1555	0.271222442	2.35E-01	3.08E-01	3.65E-02
1556	0.271496385	2.35E-01	3.08E-01	3.64E-02
1557	0.271787196	2.35E-01	3.08E-01	0.036444679
1558	0.272090703	2.36E-01	3.09E-01	3.65E-02
1559	0.272397816	2.36E-01	3.09E-01	3.65E-02
1560	0.272741884	2.36E-01	3.09E-01	3.65E-02
1561	0.273080796	2.37E-01	3.10E-01	3.65E-02
1562	0.273385316	2.37E-01	3.10E-01	3.64E-02
1563	0.273664266	2.37E-01	3.10E-01	3.64E-02
1564	0.273899823	2.37E-01	3.10E-01	3.65E-02
1565	0.274220645	2.38E-01	3.11E-01	3.65E-02
1566	0.274538696	2.38E-01	3.11E-01	3.64E-02
1567	0.274823397	2.38E-01	3.11E-01	3.64E-02
1568	0.275046259	2.39E-01	3.11E-01	0.036438949
1569	0.275306851	2.39E-01	3.12E-01	3.65E-02
1570	0.275551766	2.39E-01	3.12E-01	3.65E-02
1571	0.275772542	2.39E-01	3.12E-01	3.65E-02
1572	0.276005447	2.40E-01	3.12E-01	3.64E-02
1573	0.276280731	2.40E-01	3.13E-01	3.64E-02
1574	0.276588261	2.40E-01	3.13E-01	0.036354911
1575	0.276940733	2.41E-01	3.13E-01	3.64E-02
1576	0.277314663	2.41E-01	3.14E-01	3.64E-02
1577	0.277701855	2.41E-01	3.14E-01	3.65E-02
1578	0.278068542	2.42E-01	3.15E-01	3.65E-02
1579	0.278483331	2.42E-01	3.15E-01	3.66E-02
1580	0.278870016	2.42E-01	3.15E-01	3.66E-02
1581	0.279201388	2.43E-01	3.16E-01	3.65E-02
1582	0.279444963	2.43E-01	3.16E-01	3.64E-02
1583	0.279841989	2.43E-01	3.16E-01	3.64E-02
1584	0.280345052	2.44E-01	3.17E-01	3.65E-02
1585	0.280869633	2.44E-01	3.17E-01	3.66E-02
1586	0.281361938	2.45E-01	3.18E-01	3.66E-02
1587	0.281819046	2.45E-01	3.18E-01	3.66E-02
1588	0.282249033	2.46E-01	3.19E-01	3.65E-02
1589	0.28269124	2.46E-01	3.19E-01	3.65E-02
1590	0.283142835	2.47E-01	3.20E-01	3.65E-02
1591	0.28360793	2.47E-01	3.20E-01	3.66E-02
1592	0.284056336	2.47E-01	3.21E-01	3.67E-02
1593	0.284599572	2.48E-01	3.21E-01	3.67E-02
1594	0.285160869	2.48E-01	3.22E-01	3.67E-02
1595	0.285758585	2.49E-01	3.22E-01	3.67E-02
1596	0.286365241	2.50E-01	3.23E-01	3.68E-02
1597	0.28702262	2.50E-01	3.24E-01	3.69E-02
1598	0.287658185	2.51E-01	3.25E-01	3.69E-02
1599	0.288228065	2.51E-01	3.25E-01	3.69E-02
1600	0.288734198	2.52E-01	3.26E-01	0.036883257
1601	0.289385617	2.52E-01	3.26E-01	0.03695675
1602	0.290086359	2.53E-01	3.27E-01	3.71E-02
1603	0.290761739	2.54E-01	3.28E-01	3.71E-02
1604	0.291397899	2.54E-01	3.28E-01	3.71E-02
1605	0.292055339	2.55E-01	3.29E-01	3.71E-02
1606	0.292700887	2.55E-01	3.30E-01	3.72E-02
1607	0.293370217	2.56E-01	3.31E-01	3.73E-02
1608	0.294003159	2.57E-01	3.31E-01	3.73E-02
1609	0.294664443	2.57E-01	3.32E-01	0.037261575
1610	0.29529649	2.58E-01	3.33E-01	3.72E-02
1611	0.296034038	2.59E-01	3.33E-01	3.72E-02
1612	0.296781659	2.59E-01	3.34E-01	0.03728408
1613	0.297497869	2.60E-01	3.35E-01	3.73E-02
1614	0.298145562	2.61E-01	3.36E-01	3.74E-02
1615	0.298743397	2.61E-01	3.36E-01	0.037453543
1616	0.299301028	2.62E-01	3.37E-01	3.75E-02
1617	0.299866229	2.62E-01	3.37E-01	3.76E-02
1618	0.300480843	2.63E-01	3.38E-01	3.76E-02
1619	0.301090688	2.63E-01	3.39E-01	3.76E-02
1620	0.301695585	2.64E-01	3.39E-01	3.76E-02
1621	0.302228093	2.65E-01	3.40E-01	3.76E-02
1622	0.302774638	2.65E-01	3.40E-01	3.76E-02
1623	0.303283095	2.66E-01	3.41E-01	3.76E-02
1624	0.303775162	2.66E-01	3.41E-01	3.77E-02
1625	0.304307759	2.67E-01	3.42E-01	3.77E-02
1626	0.304899961	2.67E-01	3.43E-01	3.78E-02
1627	0.305390507	2.68E-01	3.43E-01	3.78E-02
1628	0.305887312	2.68E-01	3.44E-01	3.79E-02
1629	0.30631122	2.68E-01	3.44E-01	3.79E-02
1630	0.306754202	2.69E-01	3.45E-01	3.80E-02
1631	0.307133913	2.69E-01	3.45E-01	3.79E-02
1632	0.307464302	2.70E-01	3.45E-01	3.79E-02
1633	0.307968169	2.70E-01	3.46E-01	0.037898839
1634	0.308519036	2.71E-01	3.46E-01	3.79E-02
1635	0.308918804	2.71E-01	3.47E-01	3.79E-02
1636	0.309249014	2.71E-01	3.47E-01	3.79E-02
1637	0.309598684	2.72E-01	3.47E-01	0.037884958
1638	0.309915751	2.72E-01	3.48E-01	3.79E-02
1639	0.310334355	2.72E-01	3.48E-01	3.79E-02
1640	0.310741425	2.73E-01	3.49E-01	3.80E-02
1641	0.311029792	2.73E-01	3.49E-01	3.80E-02
1642	0.311296582	2.73E-01	3.49E-01	3.79E-02
1643	0.311663121	2.74E-01	3.50E-01	3.79E-02
1644	0.312009037	2.74E-01	3.50E-01	0.037902694
1645	0.312184483	2.74E-01	3.50E-01	3.79E-02
1646	0.31229952	2.74E-01	3.50E-01	3.80E-02
1647	0.312543452	2.75E-01	3.51E-01	0.03800945
1648	0.312803626	2.75E-01	3.51E-01	3.81E-02
1649	0.312965065	2.75E-01	3.51E-01	3.80E-02
1650	0.313079149	2.75E-01	3.51E-01	3.78E-02
1651	0.313194811	2.75E-01	3.51E-01	0.037858672
1652	0.313313067	2.75E-01	3.51E-01	3.79E-02
1653	0.31351915	2.76E-01	3.51E-01	3.79E-02
1654	0.313763291	2.76E-01	3.52E-01	3.78E-02
1655	0.313711613	2.76E-01	3.52E-01	3.79E-02
1656	0.313620359	2.76E-01	3.52E-01	3.79E-02
1657	0.313674688	2.76E-01	3.52E-01	3.78E-02
1658	0.313729197	2.76E-01	3.51E-01	3.78E-02
1659	0.313592583	2.76E-01	3.51E-01	3.77E-02
1660	0.313421994	2.76E-01	3.51E-01	3.76E-02
1661	0.313409209	2.76E-01	3.51E-01	3.77E-02
1662	0.313420534	2.76E-01	3.51E-01	3.77E-02
1663	0.313297361	2.76E-01	3.51E-01	3.77E-02
1664	0.3132191	2.76E-01	3.51E-01	3.76E-02
1665	0.313139379	2.76E-01	3.51E-01	3.76E-02
1666	0.313086927	2.75E-01	3.51E-01	3.77E-02
1667	0.31305027	2.75E-01	3.51E-01	3.76E-02
1668	0.312982023	2.75E-01	3.51E-01	3.75E-02
1669	0.312737077	2.75E-01	3.50E-01	3.75E-02
1670	0.312520474	2.75E-01	3.50E-01	3.74E-02
1671	0.312452137	2.75E-01	3.50E-01	3.74E-02
1672	0.312378705	2.75E-01	3.50E-01	3.73E-02
1673	0.31229043	2.75E-01	3.50E-01	3.73E-02
1674	0.312167704	2.75E-01	3.49E-01	3.72E-02
1675	0.312057197	2.75E-01	3.49E-01	3.73E-02
1676	0.311909586	2.75E-01	3.49E-01	3.73E-02
1677	0.311601818	2.74E-01	3.49E-01	3.73E-02
1678	0.311284184	2.74E-01	3.49E-01	3.73E-02
1679	0.310986042	2.74E-01	3.48E-01	3.72E-02
1680	0.31065014	2.74E-01	3.48E-01	3.71E-02
1681	0.310321987	2.73E-01	3.47E-01	3.70E-02
1682	0.309946179	2.73E-01	3.47E-01	3.70E-02
1683	0.309486866	2.73E-01	3.46E-01	3.69E-02
1684	0.309037507	2.72E-01	3.46E-01	3.69E-02
1685	0.308656871	2.72E-01	3.45E-01	3.68E-02
1686	0.308264077	2.72E-01	3.45E-01	3.67E-02
1687	0.307855934	2.71E-01	3.44E-01	3.66E-02
1688	0.30744803	2.71E-01	3.44E-01	0.036593709
1689	0.30707866	2.70E-01	3.44E-01	3.66E-02
1690	0.306640267	2.70E-01	3.43E-01	3.66E-02
1691	0.306210041	2.70E-01	3.43E-01	3.65E-02
1692	0.305785954	2.69E-01	3.42E-01	3.65E-02
1693	0.30538705	2.69E-01	3.42E-01	3.66E-02
1694	0.30496937	2.68E-01	3.42E-01	0.036542822
1695	0.30453971	2.68E-01	3.41E-01	3.65E-02
1696	0.304239511	2.68E-01	3.41E-01	3.64E-02
1697	0.304045469	2.68E-01	3.40E-01	3.64E-02
1698	0.303808481	2.67E-01	3.40E-01	3.64E-02
1699	0.303544551	2.67E-01	3.40E-01	3.63E-02
1700	0.303210676	2.67E-01	3.39E-01	3.63E-02
1701	0.302889913	2.67E-01	3.39E-01	3.62E-02
1702	0.30253759	2.66E-01	3.39E-01	3.62E-02
1703	0.302222013	2.66E-01	3.38E-01	3.61E-02
1704	0.301946878	2.66E-01	3.38E-01	3.61E-02
1705	0.301633447	2.66E-01	3.38E-01	3.61E-02
1706	0.301330745	2.65E-01	3.37E-01	3.61E-02
1707	0.301002115	2.65E-01	3.37E-01	0.036166389
1708	0.300683349	2.65E-01	3.37E-01	3.61E-02
1709	0.300287962	2.64E-01	3.36E-01	3.60E-02
1710	0.2999143	2.64E-01	3.36E-01	3.60E-02
1711	0.299529612	2.64E-01	3.35E-01	3.59E-02
1712	0.299176574	2.63E-01	3.35E-01	3.59E-02
1713	0.298817843	2.63E-01	3.35E-01	3.59E-02
1714	0.298404336	2.63E-01	3.34E-01	3.58E-02
1715	0.297941267	2.62E-01	3.34E-01	3.57E-02
1716	0.297552824	2.62E-01	3.33E-01	3.57E-02
1717	0.297161072	2.61E-01	3.33E-01	3.57E-02
1718	0.29679957	2.61E-01	3.32E-01	3.57E-02
1719	0.296443313	2.61E-01	3.32E-01	3.56E-02
1720	0.296034306	2.60E-01	3.32E-01	3.55E-02
1721	0.295621365	2.60E-01	3.31E-01	3.55E-02
1722	0.295404643	2.60E-01	3.31E-01	3.55E-02
1723	0.295208484	2.60E-01	3.31E-01	0.035423007
1724	0.295079231	2.60E-01	3.31E-01	3.54E-02
1725	0.294928789	2.60E-01	3.30E-01	3.54E-02
1726	0.29471159	2.59E-01	3.30E-01	3.55E-02
1727	0.294551373	2.59E-01	3.30E-01	3.55E-02
1728	0.294522256	2.59E-01	3.30E-01	3.55E-02
1729	0.294480532	2.59E-01	3.30E-01	3.55E-02
1730	0.294415802	2.59E-01	3.30E-01	3.55E-02
1731	0.294469029	2.59E-01	3.30E-01	3.55E-02
1732	0.294784427	2.59E-01	3.30E-01	3.56E-02
1733	0.295079827	2.59E-01	3.31E-01	3.57E-02
1734	0.295227438	2.59E-01	3.31E-01	3.57E-02
1735	0.295458376	2.60E-01	3.31E-01	3.58E-02
1736	0.295801669	2.60E-01	3.32E-01	3.58E-02
1737	0.296150148	2.60E-01	3.32E-01	3.58E-02
1738	0.296441048	2.61E-01	3.32E-01	3.59E-02
1739	0.296678543	2.61E-01	3.33E-01	3.59E-02
1740	0.296850771	2.61E-01	3.33E-01	3.59E-02
1741	0.296961486	2.61E-01	3.33E-01	3.59E-02
1742	0.297039896	2.61E-01	3.33E-01	3.60E-02
1743	0.297039598	2.61E-01	3.33E-01	3.60E-02
1744	0.297000229	2.61E-01	3.33E-01	3.61E-02
1745	0.296969861	2.61E-01	3.33E-01	3.60E-02
1746	0.296966225	2.61E-01	3.33E-01	3.60E-02
1747	0.296910226	2.61E-01	3.33E-01	3.60E-02
1748	0.296863556	2.61E-01	3.33E-01	3.60E-02
1749	0.296737432	2.61E-01	3.33E-01	3.60E-02
1750	0.296614259	2.61E-01	3.33E-01	3.61E-02
1751	0.296438217	2.60E-01	3.33E-01	3.61E-02
1752	0.296205759	2.60E-01	3.32E-01	3.61E-02
1753	0.296136677	2.60E-01	3.32E-01	0.035988063
1754	0.296098024	2.60E-01	3.32E-01	3.58E-02
1755	0.295897901	2.60E-01	3.32E-01	3.59E-02
1756	0.295740753	2.60E-01	3.32E-01	0.03607139
1757	0.295612633	2.59E-01	3.32E-01	3.62E-02
1758	0.295499593	2.59E-01	3.32E-01	3.63E-02
1759	0.295350373	2.59E-01	3.32E-01	3.63E-02
1760	0.295217723	2.59E-01	3.32E-01	3.64E-02
1761	0.295081407	2.59E-01	3.31E-01	3.64E-02
1762	0.29489857	2.59E-01	3.31E-01	3.63E-02
1763	0.294564486	2.58E-01	3.31E-01	3.61E-02
1764	0.294265836	2.58E-01	3.30E-01	3.59E-02
1765	0.294207186	2.58E-01	3.30E-01	3.60E-02
1766	0.294268996	2.58E-01	3.30E-01	3.60E-02
1767	0.294446617	2.58E-01	3.31E-01	3.62E-02
1768	0.294577181	2.58E-01	3.31E-01	3.63E-02
1769	0.294597805	2.58E-01	3.31E-01	3.63E-02
1770	0.294591874	2.58E-01	3.31E-01	3.63E-02
1771	0.294689327	2.58E-01	3.31E-01	3.62E-02
1772	0.294882745	2.59E-01	3.31E-01	3.63E-02
1773	0.295015156	2.59E-01	3.31E-01	0.03634822
1774	0.295124412	2.59E-01	3.31E-01	0.03628746
1775	0.295204073	2.59E-01	3.31E-01	3.62E-02
1776	0.295043349	2.59E-01	3.31E-01	3.62E-02
1777	0.294831365	2.58E-01	3.31E-01	3.63E-02
1778	0.294931233	2.59E-01	3.31E-01	3.63E-02
1779	0.295095891	2.59E-01	3.31E-01	3.62E-02
1780	0.295250297	2.59E-01	3.32E-01	3.63E-02
1781	0.295421481	2.59E-01	3.32E-01	3.62E-02
1782	0.295660853	2.59E-01	3.32E-01	3.64E-02
1783	0.295918822	2.59E-01	3.33E-01	3.68E-02
1784	0.295843571	2.59E-01	3.33E-01	3.68E-02
1785	0.295661062	2.59E-01	3.32E-01	3.67E-02
1786	0.295838237	2.59E-01	3.32E-01	3.66E-02
1787	0.296094805	2.60E-01	3.33E-01	0.036454726
1788	0.296325177	2.60E-01	3.33E-01	3.65E-02
1789	0.29646644	2.60E-01	3.33E-01	0.036638081
1790	0.296366543	2.60E-01	3.33E-01	3.67E-02
1791	0.296357363	2.60E-01	3.33E-01	0.036677822
1792	0.29663986	2.60E-01	3.33E-01	3.67E-02
1793	0.296908319	2.60E-01	3.34E-01	3.68E-02
1794	0.297366083	2.61E-01	3.34E-01	0.036808867
1795	0.297771364	2.61E-01	3.35E-01	3.69E-02
1796	0.297602773	2.61E-01	3.34E-01	3.68E-02
1797	0.297417581	2.61E-01	3.34E-01	3.68E-02
1798	0.297216028	2.60E-01	3.34E-01	3.73E-02
1799	0.297215462	2.60E-01	3.35E-01	3.75E-02
1800	0.297692537	2.60E-01	3.35E-01	3.73E-02
1801	0.294804871	2.59E-01	3.30E-01	3.56E-02
1802	0.295847446	2.59E-01	3.33E-01	3.73E-02
1803	0.292527765	2.58E-01	3.27E-01	3.48E-02
1804	0.291400671	2.56E-01	3.27E-01	3.55E-02
1805	0.289717466	2.52E-01	3.27E-01	3.72E-02
1806	0.279934675	2.35E-01	3.24E-01	4.45E-02
1807	0.257027715	2.12E-01	3.02E-01	4.54E-02
1808	0.249154568	2.04E-01	2.94E-01	4.51E-02
1809	0.253908336	2.12E-01	2.96E-01	0.041909222
1810	0.255503625	2.19E-01	2.92E-01	3.68E-02
1811	0.260264963	2.26E-01	2.95E-01	3.44E-02
1812	0.263714612	2.20E-01	3.07E-01	4.37E-02
1813	0.257769138	2.01E-01	3.14E-01	5.63E-02
1814	0.239198595	1.78E-01	3.00E-01	6.08E-02
1815	0.225377977	1.47E-01	3.04E-01	7.84E-02
1816	0.23360604	1.37E-01	3.30E-01	9.69E-02
1817	0.251286119	1.12E-01	3.91E-01	0.139580429
1818	0.284778267	1.08E-01	4.62E-01	0.177002564
1819	0.314823925	1.38E-01	4.92E-01	0.176762849
1820	0.334679663	1.72E-01	4.97E-01	0.162462592
1821	0.322347611	1.66E-01	4.78E-01	0.155928701
1822	0.29003337	1.47E-01	4.33E-01	0.143347174
1823	0.256029546	1.64E-01	3.48E-01	9.19E-02
1824	0.237801909	1.32E-01	3.43E-01	0.105510473
1825	0.241768256	1.25E-01	3.58E-01	0.116272517
1826	0.261970937	7.67E-02	4.47E-01	0.185295463
1827	0.257189333	4.53E-02	4.69E-01	0.21193485
1828	0.25474143	5.13E-02	4.58E-01	0.203411549
1829	0.28538087	6.88E-02	5.02E-01	0.216622517
1830	0.336593032	1.05E-01	5.68E-01	0.231585115
1831	0.345768064	1.51E-01	5.41E-01	0.195048884
1832	0.310200781	1.18E-01	5.03E-01	0.192356989
1833	0.32962203	6.24E-02	5.97E-01	0.267190725
1834	0.371558577	9.58E-02	6.47E-01	0.275747567
1835	0.40276742	9.12E-02	7.14E-01	0.311617136
1836	0.688510597	1.04E-01	1.27E+00	0.584626138
1837	1.509709239	2.98E-01	2.72E+00	1.212058187
1838	1.700778008	4.68E-01	2.93E+00	1.232551813
1839	1.203463674	3.12E-01	2.10E+00	0.891541243
1840	1.262101412	3.77E-01	2.15E+00	0.885154843
1841	1.771451354	4.05E-01	3.14E+00	1.366391182
1842	1.070472836	2.73E-01	1.87E+00	0.797760189
1843	0.653774798	2.05E-01	1.10E+00	0.449151337
1844	0.548711479	2.38E-01	8.59E-01	0.310400605
1845	0.372521013	1.56E-01	5.89E-01	0.216793999
1846	0.303358585	1.17E-01	4.90E-01	0.186279789
1847	0.352393746	1.49E-01	5.55E-01	0.203101635
1848	0.508676171	2.00E-01	8.18E-01	0.308877259
1849	0.894676983	3.06E-01	1.48E+00	0.588890016
1850	1.81751132	5.10E-01	3.12E+00	1.307486057
1851	1.32177043	3.30E-01	2.31E+00	0.9920187
1852	0.777682424	1.10E-01	1.44E+00	0.667268872
1853	0.676333427	1.20E-02	1.34E+00	0.664371192
1854	0.485836059	-7.02E-03	9.79E-01	0.492852896
1855	0.35169217	-7.63E-02	7.80E-01	0.428020746
1856	0.406394213	-3.12E-02	8.44E-01	0.437625706
1857	0.694488943	1.89E-02	1.37E+00	0.6755808
1858	0.805475771	7.16E-02	1.54E+00	0.733865738
1859	0.427179635	1.62E-02	8.38E-01	0.410960972
1860	0.333907664	4.08E-02	6.27E-01	0.293096513
1861	0.521397114	8.93E-02	9.53E-01	0.432055503
1862	1.247352839	2.98E-01	2.20E+00	0.949364007
1863	1.144358873	2.73E-01	2.02E+00	0.871010363
1864	0.834787011	1.00E-01	1.57E+00	0.734784544
1865	0.618902087	1.07E-01	1.13E+00	0.51226908
1866	0.555732548	9.73E-02	1.01E+00	0.458427995
1867	0.697530568	1.54E-01	1.24E+00	0.543190718
1868	0.938463449	2.49E-01	1.63E+00	0.689643502
1869	1.04265523	3.22E-01	1.76E+00	0.720180333
1870	0.845101774	2.35E-01	1.45E+00	0.609718025
1871	0.573704004	1.60E-01	9.87E-01	0.413793594
1872	0.541267455	1.89E-01	8.94E-01	0.352738053
1873	0.563937664	1.91E-01	9.37E-01	0.373218626
1874	0.482515872	1.78E-01	7.87E-01	0.304551214
1875	0.398312539	1.03E-01	6.94E-01	0.295565873
1876	0.452407509	2.51E-02	8.80E-01	0.427260786
1877	0.70818162	-1.33E-01	1.55E+00	0.840698123
1878	0.813783467	1.77E-02	1.61E+00	0.79608357
1879	0.751424313	1.67E-01	1.34E+00	0.584707856
1880	0.645679891	1.87E-01	1.10E+00	0.4591088
1881	0.647473395	2.42E-01	1.05E+00	0.405293763
1882	0.727988601	2.76E-01	1.18E+00	0.45159632
1883	0.696986735	2.31E-01	1.16E+00	0.46562773
1884	0.620440543	1.47E-01	1.09E+00	0.473156393
1885	0.482001245	1.17E-01	8.47E-01	0.365046024
1886	0.377448946	1.07E-01	6.48E-01	0.270480543
1887	0.328225553	1.03E-01	5.54E-01	0.225612402
1888	0.27070418	7.29E-02	4.68E-01	0.197779059
1889	0.244830459	4.40E-02	4.46E-01	0.200827897
1890	0.274457544	4.83E-02	5.01E-01	0.226170495
1891	0.29131335	2.57E-02	5.57E-01	0.265612006
1892	0.288254499	5.08E-02	5.26E-01	0.237453267
1893	0.291570276	4.71E-02	5.36E-01	0.244505584
1894	0.300349712	8.49E-02	5.16E-01	0.215414688
1895	0.302845031	1.11E-01	4.94E-01	0.191371143
1896	0.361575127	1.70E-01	5.53E-01	0.19140473
1897	0.462122351	1.55E-01	7.69E-01	0.306842715
1898	0.58808589	2.28E-01	9.48E-01	0.359889209
1899	0.66021961	3.06E-01	1.01E+00	0.354374141
1900	0.701663971	2.13E-01	1.19E+00	0.488328457
1901	0.818468928	2.49E-01	1.39E+00	0.569351196
1902	0.991336346	9.74E-02	1.89E+00	0.893929482
1903	0.730115831	2.25E-01	1.24E+00	0.505507231
1904	0.527933896	9.10E-02	9.65E-01	0.436953187
1905	0.554636955	1.91E-01	9.19E-01	0.363900572
1906	0.677861631	2.89E-01	1.07E+00	0.388736695
1907	0.709303856	2.93E-01	1.13E+00	0.416589141
1908	0.640344918	1.68E-01	1.11E+00	0.472616792
1909	0.579908669	7.18E-02	1.09E+00	0.508139431
1910	0.528217137	6.79E-02	9.89E-01	0.460320055
1911	0.466543019	-3.67E-02	9.70E-01	0.503267705
1912	0.38853842	4.03E-02	7.37E-01	0.348231137
1913	0.335213155	-4.63E-02	7.17E-01	0.381521314
1914	0.381809294	6.50E-02	6.99E-01	0.316795051
1915	0.421260804	8.04E-02	7.62E-01	0.340846598
1916	0.351144612	1.28E-01	5.74E-01	0.222812235
1917	0.302642971	1.42E-01	4.63E-01	0.160363287
1918	0.287083149	1.35E-01	4.39E-01	0.15217483
1919	0.276721299	1.27E-01	4.27E-01	0.149846628
1920	0.270484865	8.64E-02	4.55E-01	0.184117302
1921	0.288810045	9.28E-02	4.85E-01	0.196034893
1922	0.312583983	7.98E-02	5.45E-01	0.232755974
1923	0.357633144	1.52E-01	5.64E-01	0.205916226
1924	0.398051769	1.20E-01	6.76E-01	0.278389513
1925	0.300387979	1.11E-01	4.90E-01	0.189506933
1926	0.225103423	8.96E-02	3.61E-01	0.135509863
1927	0.196275085	1.00E-01	2.93E-01	9.63E-02
1928	0.194171399	1.17E-01	2.72E-01	7.74E-02
1929	0.192360222	1.08E-01	2.77E-01	8.48E-02
1930	0.182854384	1.10E-01	2.56E-01	7.28E-02
1931	0.17741327	9.80E-02	2.57E-01	7.94E-02
1932	0.191558853	1.04E-01	2.79E-01	8.72E-02
1933	0.204362929	1.03E-01	3.06E-01	0.10156583
1934	0.185038745	1.05E-01	2.65E-01	8.04E-02
1935	0.166582495	9.30E-02	2.40E-01	7.36E-02
1936	0.16134581	9.56E-02	2.27E-01	0.065776527
1937	0.161041006	1.03E-01	2.19E-01	0.057900783
1938	0.163113624	1.12E-01	2.14E-01	5.09E-02
1939	0.168015271	1.24E-01	2.12E-01	4.42E-02
1940	0.174469262	1.33E-01	2.16E-01	0.041848399
1941	0.188001603	1.46E-01	2.30E-01	4.22E-02
1942	0.199125856	1.55E-01	2.43E-01	4.36E-02
1943	0.192846835	1.52E-01	2.34E-01	0.041246697
1944	0.187165514	1.45E-01	2.30E-01	4.25E-02
1945	0.183702335	1.43E-01	2.24E-01	0.04030738
1946	0.180803433	1.37E-01	2.25E-01	4.41E-02
1947	0.180039436	1.35E-01	2.25E-01	4.54E-02
1948	0.180460572	1.37E-01	2.24E-01	4.38E-02
1949	0.180342987	1.38E-01	2.23E-01	4.24E-02
1950	0.17944403	1.38E-01	2.20E-01	0.041052271
1951	0.179181367	1.39E-01	2.20E-01	4.06E-02
1952	0.181803286	1.45E-01	2.18E-01	3.65E-02
1953	0.184159905	1.50E-01	2.18E-01	3.41E-02
1954	0.183541447	1.50E-01	2.17E-01	0.033872914
1955	0.182883814	1.47E-01	2.18E-01	3.55E-02
1956	0.178965002	1.45E-01	2.13E-01	3.43E-02
1957	0.17465122	1.41E-01	2.08E-01	3.35E-02
1958	0.172426999	1.39E-01	2.06E-01	3.38E-02
1959	0.171649918	1.37E-01	2.06E-01	3.48E-02
1960	0.172409594	1.37E-01	2.08E-01	3.56E-02
1961	0.175450638	1.39E-01	2.11E-01	3.60E-02
1962	0.178264797	1.42E-01	2.15E-01	3.67E-02
1963	0.182167962	1.44E-01	2.20E-01	3.78E-02
1964	0.185520768	1.47E-01	2.25E-01	3.90E-02
1965	0.186375439	1.48E-01	2.25E-01	3.87E-02
1966	0.186951265	1.48E-01	2.26E-01	3.88E-02
1967	0.187652022	1.49E-01	2.26E-01	3.87E-02
1968	0.188258991	1.50E-01	2.27E-01	3.86E-02
1969	0.188343734	1.50E-01	2.27E-01	0.038264088
1970	0.188187122	1.51E-01	2.26E-01	3.77E-02
1971	0.188657746	1.52E-01	2.26E-01	3.71E-02
1972	0.190238178	1.54E-01	2.27E-01	3.66E-02
1973	0.191578209	1.55E-01	2.28E-01	3.63E-02
1974	0.192178547	1.56E-01	2.28E-01	3.63E-02
1975	0.192708552	1.56E-01	2.29E-01	3.64E-02
1976	0.193587631	1.56E-01	2.31E-01	3.72E-02
1977	0.194423527	1.56E-01	2.32E-01	0.038068626
1978	0.195195779	1.57E-01	2.33E-01	3.80E-02
1979	0.195842654	1.58E-01	2.33E-01	3.76E-02
1980	0.196380511	1.59E-01	2.34E-01	3.73E-02
1981	0.19696866	1.60E-01	2.34E-01	3.71E-02
1982	0.197841436	1.61E-01	2.35E-01	3.71E-02
1983	0.199511155	1.62E-01	2.37E-01	3.74E-02
1984	0.201158449	1.63E-01	2.39E-01	3.78E-02
1985	0.202808574	1.65E-01	2.41E-01	3.82E-02
1986	0.204420552	1.66E-01	2.43E-01	3.86E-02
1987	0.206138611	1.68E-01	2.45E-01	3.85E-02
1988	0.20789279	1.70E-01	2.46E-01	0.038343757
1989	0.20781292	1.70E-01	2.46E-01	0.038210753
1990	0.207009703	1.69E-01	2.45E-01	0.038065892
1991	0.207030073	1.69E-01	2.45E-01	3.81E-02
1992	0.20778966	1.69E-01	2.46E-01	0.038375299
1993	0.208309308	1.70E-01	2.47E-01	3.88E-02
1994	0.208570883	1.69E-01	2.48E-01	3.93E-02
1995	0.208873421	1.69E-01	2.49E-01	3.99E-02
1996	0.208554968	1.69E-01	2.48E-01	3.98E-02
1997	0.208184883	1.69E-01	2.48E-01	3.96E-02
1998	0.209045961	1.70E-01	2.48E-01	3.91E-02
1999	0.210279047	1.72E-01	2.49E-01	3.86E-02
2000	0.211484745	1.73E-01	2.50E-01	3.86E-02
2001	0.212639302	1.74E-01	2.52E-01	3.89E-02
2002	0.212709635	1.75E-01	2.51E-01	3.81E-02
2003	0.211969346	1.75E-01	2.49E-01	3.70E-02
2004	0.211963147	1.75E-01	2.49E-01	3.66E-02
2005	0.213756293	1.76E-01	2.51E-01	3.76E-02
2006	0.216052249	1.77E-01	2.55E-01	3.87E-02
2007	0.217889488	1.79E-01	2.56E-01	3.84E-02
2008	0.219496429	1.81E-01	2.58E-01	3.86E-02
2009	0.219362676	1.81E-01	2.58E-01	3.86E-02
2010	0.219180077	1.81E-01	2.58E-01	3.87E-02
2011	0.219311178	1.81E-01	2.58E-01	3.82E-02
2012	0.219816327	1.82E-01	2.58E-01	3.80E-02
2013	0.220176443	1.83E-01	2.57E-01	3.72E-02
2014	0.220416754	1.84E-01	2.57E-01	0.036314745
2015	0.220559075	1.85E-01	2.56E-01	3.54E-02
2016	0.220297039	1.86E-01	2.54E-01	3.42E-02
2017	0.219341218	1.86E-01	2.53E-01	3.34E-02
2018	0.216977939	1.84E-01	2.50E-01	3.33E-02
2019	0.215187162	1.82E-01	2.49E-01	3.34E-02
2020	0.213520393	1.79E-01	2.48E-01	3.48E-02
2021	0.211997047	1.76E-01	2.48E-01	3.61E-02
2022	0.211678997	1.75E-01	2.48E-01	3.65E-02
2023	0.211780593	1.75E-01	2.48E-01	3.67E-02
2024	0.211892933	1.76E-01	2.48E-01	3.60E-02
2025	0.211895362	1.77E-01	2.47E-01	3.53E-02
2026	0.211597696	1.77E-01	2.46E-01	3.48E-02
2027	0.211383641	1.77E-01	2.46E-01	3.46E-02
2028	0.211189777	1.77E-01	2.46E-01	3.45E-02
2029	0.210907847	1.76E-01	2.46E-01	3.46E-02
2030	0.21056217	1.76E-01	2.45E-01	3.47E-02
2031	0.209818751	1.76E-01	2.44E-01	3.42E-02
2032	0.209016472	1.75E-01	2.43E-01	3.37E-02
2033	0.207385898	1.74E-01	2.41E-01	3.34E-02
2034	0.205708712	1.73E-01	2.39E-01	0.033120546
2035	0.204812199	1.72E-01	2.38E-01	3.31E-02
2036	0.204048455	1.71E-01	2.37E-01	3.30E-02
2037	0.203235388	1.71E-01	2.36E-01	0.032605704
2038	0.202590406	1.70E-01	2.35E-01	3.22E-02
2039	0.201900616	1.70E-01	2.34E-01	3.20E-02
2040	0.200908765	1.69E-01	2.33E-01	3.18E-02
2041	0.200064987	1.69E-01	2.31E-01	3.13E-02
2042	0.199237376	1.69E-01	2.30E-01	3.04E-02
2043	0.198240757	1.69E-01	2.28E-01	2.95E-02
2044	0.197278842	1.68E-01	2.26E-01	2.89E-02
2045	0.196298987	1.68E-01	2.25E-01	2.84E-02
2046	0.195347607	1.67E-01	2.24E-01	2.84E-02
2047	0.194413349	1.66E-01	2.23E-01	2.84E-02
2048	0.193712369	1.65E-01	2.23E-01	2.88E-02
2049	0.193076059	1.64E-01	2.22E-01	2.92E-02
2050	0.192064196	1.63E-01	2.21E-01	2.89E-02
2051	0.19092533	1.63E-01	2.19E-01	2.84E-02
2052	0.189868718	1.62E-01	2.18E-01	2.78E-02
2053	0.188557625	1.61E-01	2.16E-01	2.71E-02
2054	0.187506258	1.61E-01	2.14E-01	2.67E-02
2055	0.18728523	1.60E-01	2.15E-01	2.76E-02
2056	0.187041819	1.59E-01	2.15E-01	2.84E-02
2057	0.186532825	1.58E-01	2.15E-01	2.81E-02
2058	0.185952649	1.58E-01	2.14E-01	2.77E-02
2059	0.185678467	1.58E-01	2.13E-01	2.73E-02
2060	0.185627297	1.59E-01	2.13E-01	2.71E-02
2061	0.184297934	1.57E-01	2.11E-01	2.69E-02
2062	0.182302594	1.56E-01	2.09E-01	2.66E-02
2063	0.180594563	1.54E-01	2.08E-01	2.71E-02
2064	0.179061398	1.51E-01	2.07E-01	2.79E-02
2065	0.177952468	1.50E-01	2.06E-01	2.82E-02
2066	0.177543908	1.50E-01	2.05E-01	2.79E-02
2067	0.177120268	1.50E-01	2.05E-01	2.74E-02
2068	0.17720066	1.50E-01	2.04E-01	2.73E-02
2069	0.177266464	1.50E-01	2.05E-01	2.73E-02
2070	0.177047446	1.50E-01	2.04E-01	0.027299402
2071	0.176866755	1.50E-01	2.04E-01	2.73E-02
2072	0.176998883	1.50E-01	2.04E-01	2.70E-02
2073	0.177031934	1.50E-01	2.04E-01	2.66E-02
2074	0.176084712	1.50E-01	2.02E-01	2.64E-02
2075	0.174958363	1.49E-01	2.01E-01	2.61E-02
2076	0.174016595	1.48E-01	2.00E-01	2.61E-02
2077	0.173598632	1.47E-01	2.00E-01	2.65E-02
2078	0.172993392	1.46E-01	2.00E-01	2.65E-02
2079	0.17223835	1.46E-01	1.98E-01	2.59E-02
2080	0.17175433	1.46E-01	1.97E-01	2.54E-02
2081	0.1711642	1.46E-01	1.96E-01	2.48E-02
2082	0.170658007	1.46E-01	1.95E-01	2.44E-02
2083	0.170411199	1.46E-01	1.95E-01	2.42E-02
2084	0.170294926	1.46E-01	1.94E-01	2.40E-02
2085	0.170378089	1.46E-01	1.94E-01	2.41E-02
2086	0.170371518	1.46E-01	1.95E-01	2.42E-02
2087	0.17001237	1.46E-01	1.94E-01	2.40E-02
2088	0.169705078	1.46E-01	1.94E-01	2.38E-02
2089	0.169477284	1.45E-01	1.94E-01	2.41E-02
2090	0.169377625	1.45E-01	1.94E-01	2.46E-02
2091	0.16952607	1.45E-01	1.94E-01	2.49E-02
2092	0.169884548	1.45E-01	1.95E-01	2.54E-02
2093	0.170204625	1.45E-01	1.96E-01	2.57E-02
2094	0.170123354	1.45E-01	1.96E-01	2.56E-02
2095	0.170099676	1.45E-01	1.95E-01	2.53E-02
2096	0.170296162	1.45E-01	1.95E-01	2.49E-02
2097	0.170362309	1.46E-01	1.95E-01	0.024547741
2098	0.169917971	1.46E-01	1.94E-01	0.02437306
2099	0.169462711	1.45E-01	1.94E-01	2.42E-02
2100	0.16943492	1.45E-01	1.94E-01	2.41E-02
2101	0.169467717	1.45E-01	1.94E-01	2.42E-02
2102	0.169321522	1.45E-01	1.94E-01	2.42E-02
2103	0.169148862	1.45E-01	1.93E-01	2.41E-02
2104	0.169072509	1.45E-01	1.93E-01	2.41E-02
2105	0.169198453	1.45E-01	1.94E-01	2.45E-02
2106	0.169153631	1.44E-01	1.94E-01	2.50E-02
2107	0.168916464	1.44E-01	1.94E-01	2.51E-02
2108	0.168909207	1.44E-01	1.94E-01	2.52E-02
2109	0.169215649	1.44E-01	1.94E-01	2.51E-02
2110	0.169471875	1.44E-01	1.94E-01	2.50E-02
2111	0.169516549	1.44E-01	1.95E-01	2.51E-02
2112	0.169600785	1.44E-01	1.95E-01	2.51E-02
2113	0.170106694	1.45E-01	1.95E-01	2.49E-02
2114	0.170687094	1.46E-01	1.96E-01	2.48E-02
2115	0.170891255	1.46E-01	1.96E-01	2.50E-02
2116	0.171068236	1.46E-01	1.96E-01	2.50E-02
2117	0.17142871	1.46E-01	1.97E-01	2.51E-02
2118	0.171846479	1.47E-01	1.97E-01	2.52E-02
2119	0.172130361	1.47E-01	1.97E-01	2.49E-02
2120	0.172378123	1.48E-01	1.97E-01	2.45E-02
2121	0.172705591	1.48E-01	1.97E-01	2.44E-02
2122	0.173167631	1.49E-01	1.98E-01	2.44E-02
2123	0.173565581	1.49E-01	1.98E-01	2.44E-02
2124	0.173844814	1.50E-01	1.98E-01	2.43E-02
2125	0.174210429	1.50E-01	1.99E-01	2.43E-02
2126	0.174658567	1.50E-01	1.99E-01	2.44E-02
2127	0.175000355	1.50E-01	2.00E-01	2.46E-02
2128	0.175391436	1.50E-01	2.00E-01	2.49E-02
2129	0.175904885	1.51E-01	2.01E-01	2.53E-02
2130	0.176231608	1.50E-01	2.02E-01	2.59E-02
2131	0.176312879	1.50E-01	2.03E-01	2.65E-02
2132	0.176562697	1.50E-01	2.03E-01	2.65E-02
2133	0.176717728	1.50E-01	2.03E-01	2.65E-02
2134	0.176618487	1.50E-01	2.03E-01	2.66E-02
2135	0.176797003	1.50E-01	2.04E-01	0.026751148
2136	0.177264065	1.51E-01	2.04E-01	2.68E-02
2137	0.17780143	1.51E-01	2.04E-01	2.65E-02
2138	0.178316355	1.52E-01	2.05E-01	2.63E-02
2139	0.178827092	1.53E-01	2.05E-01	2.63E-02
2140	0.17933327	1.53E-01	2.06E-01	2.64E-02
2141	0.179794878	1.53E-01	2.07E-01	2.67E-02
2142	0.180109903	1.53E-01	2.07E-01	2.70E-02
2143	0.180188939	1.53E-01	2.07E-01	2.71E-02
2144	0.180362329	1.53E-01	2.07E-01	2.71E-02
2145	0.180853903	1.54E-01	2.08E-01	2.69E-02
2146	0.181327179	1.55E-01	2.08E-01	2.65E-02
2147	0.182112083	1.56E-01	2.09E-01	2.65E-02
2148	0.182934076	1.56E-01	2.10E-01	2.68E-02
2149	0.183301136	1.57E-01	2.10E-01	2.65E-02
2150	0.183619544	1.57E-01	2.10E-01	0.026362969
2151	0.183843046	1.58E-01	2.10E-01	2.63E-02
2152	0.184159666	1.58E-01	2.10E-01	2.62E-02
2153	0.184727758	1.58E-01	2.11E-01	2.63E-02
2154	0.185369104	1.59E-01	2.12E-01	2.64E-02
2155	0.186032802	1.59E-01	2.13E-01	2.67E-02
2156	0.186273217	1.59E-01	2.13E-01	2.68E-02
2157	0.186489195	1.60E-01	2.13E-01	2.69E-02
2158	0.186873287	1.60E-01	2.14E-01	0.027015908
2159	0.18728599	1.60E-01	2.14E-01	2.71E-02
2160	0.187760472	1.61E-01	2.15E-01	2.72E-02
2161	0.188274831	1.61E-01	2.15E-01	2.72E-02
2162	0.188325688	1.61E-01	2.15E-01	2.71E-02
2163	0.188210547	1.61E-01	2.15E-01	2.72E-02
2164	0.188780978	1.62E-01	2.16E-01	2.72E-02
2165	0.189468905	1.62E-01	2.16E-01	2.70E-02
2166	0.189765245	1.63E-01	2.17E-01	2.69E-02
2167	0.190017864	1.63E-01	2.17E-01	2.68E-02
2168	0.190456182	1.64E-01	2.17E-01	2.69E-02
2169	0.190784693	1.64E-01	2.17E-01	2.67E-02
2170	0.191463053	1.65E-01	2.18E-01	2.62E-02
2171	0.192366093	1.66E-01	2.19E-01	2.63E-02
2172	0.193016037	1.67E-01	2.19E-01	2.64E-02
2173	0.193412825	1.67E-01	2.20E-01	2.64E-02
2174	0.193763986	1.67E-01	2.20E-01	2.67E-02
2175	0.194026783	1.67E-01	2.21E-01	2.72E-02
2176	0.19435671	1.67E-01	2.22E-01	2.76E-02
2177	0.194708005	1.67E-01	2.23E-01	2.78E-02
2178	0.194983229	1.67E-01	2.23E-01	2.80E-02
2179	0.195174217	1.68E-01	2.23E-01	2.74E-02
2180	0.195428744	1.69E-01	2.22E-01	2.68E-02
2181	0.195442095	1.69E-01	2.22E-01	2.69E-02
2182	0.195085004	1.68E-01	2.22E-01	2.72E-02
2183	0.195392594	1.68E-01	2.23E-01	2.73E-02
2184	0.19629243	1.69E-01	2.24E-01	2.74E-02
2185	0.196629569	1.69E-01	2.24E-01	2.78E-02
2186	0.196483374	1.68E-01	2.25E-01	2.84E-02
2187	0.196533322	1.68E-01	2.25E-01	2.88E-02
2188	0.196801186	1.68E-01	2.25E-01	2.85E-02
2189	0.197297826	1.69E-01	2.26E-01	2.83E-02
2190	0.197841242	1.69E-01	2.26E-01	2.84E-02
2191	0.198229834	1.70E-01	2.27E-01	2.84E-02
2192	0.19883135	1.71E-01	2.27E-01	2.82E-02
2193	0.199590787	1.72E-01	2.28E-01	0.027982073
2194	0.200044885	1.72E-01	2.28E-01	2.80E-02
2195	0.200311393	1.72E-01	2.28E-01	2.82E-02
2196	0.200582728	1.72E-01	2.29E-01	2.83E-02
2197	0.201004177	1.73E-01	2.29E-01	2.85E-02
2198	0.201690257	1.73E-01	2.30E-01	2.85E-02
2199	0.202300444	1.74E-01	2.31E-01	2.83E-02
2200	0.202591956	1.74E-01	2.31E-01	2.84E-02
2201	0.202811182	1.74E-01	2.32E-01	2.89E-02
2202	0.202852294	1.74E-01	2.32E-01	2.91E-02
2203	0.203000307	1.74E-01	2.32E-01	2.89E-02
2204	0.203260079	1.75E-01	2.32E-01	2.86E-02
2205	0.203590065	1.75E-01	2.32E-01	2.87E-02
2206	0.203945443	1.75E-01	2.33E-01	2.88E-02
2207	0.203919649	1.75E-01	2.32E-01	2.85E-02
2208	0.203897715	1.76E-01	2.32E-01	2.80E-02
2209	0.203910708	1.76E-01	2.32E-01	2.79E-02
2210	0.204001769	1.76E-01	2.32E-01	2.81E-02
2211	0.203978926	1.76E-01	2.32E-01	2.84E-02
2212	0.203794152	1.75E-01	2.33E-01	2.87E-02
2213	0.203667372	1.75E-01	2.33E-01	2.91E-02
2214	0.203706712	1.74E-01	2.33E-01	2.94E-02
2215	0.204045668	1.75E-01	2.33E-01	2.92E-02
2216	0.204307362	1.75E-01	2.33E-01	2.90E-02
2217	0.203653201	1.75E-01	2.32E-01	2.88E-02
2218	0.20292668	1.74E-01	2.32E-01	2.87E-02
2219	0.202630132	1.74E-01	2.31E-01	2.86E-02
2220	0.202391446	1.74E-01	2.31E-01	2.85E-02
2221	0.202569336	1.74E-01	2.31E-01	0.028320175
2222	0.202951327	1.75E-01	2.31E-01	2.81E-02
2223	0.202554181	1.75E-01	2.30E-01	2.78E-02
2224	0.201441601	1.74E-01	2.29E-01	2.73E-02
2225	0.200580627	1.74E-01	2.28E-01	2.69E-02
2226	0.200149208	1.73E-01	2.27E-01	0.026740899
2227	0.199613139	1.73E-01	2.26E-01	2.67E-02
2228	0.198985845	1.72E-01	2.26E-01	2.66E-02
2229	0.198280215	1.72E-01	2.25E-01	2.67E-02
2230	0.197649434	1.71E-01	2.24E-01	0.026817437
2231	0.197075352	1.70E-01	2.24E-01	2.70E-02
2232	0.196414649	1.69E-01	2.24E-01	2.71E-02
2233	0.195826232	1.69E-01	2.23E-01	2.73E-02
2234	0.195052713	1.68E-01	2.23E-01	2.74E-02
2235	0.193979979	1.66E-01	2.22E-01	2.76E-02
2236	0.192743883	1.66E-01	2.20E-01	2.70E-02
2237	0.191632211	1.65E-01	2.18E-01	0.026293583
2238	0.190449417	1.64E-01	2.17E-01	2.64E-02
2239	0.189240456	1.63E-01	2.16E-01	2.66E-02
2240	0.187748417	1.61E-01	2.14E-01	2.63E-02
2241	0.186336368	1.61E-01	2.12E-01	0.025827607
2242	0.185479641	1.60E-01	2.11E-01	2.56E-02
2243	0.185075998	1.60E-01	2.11E-01	2.56E-02
2244	0.184785068	1.59E-01	2.10E-01	2.56E-02
2245	0.184129372	1.58E-01	2.10E-01	2.56E-02
2246	0.183198661	1.57E-01	2.09E-01	2.58E-02
2247	0.181662261	1.56E-01	2.07E-01	2.57E-02
2248	0.180164918	1.54E-01	2.06E-01	2.57E-02
2249	0.179158598	1.53E-01	2.05E-01	2.59E-02
2250	0.17842634	1.53E-01	2.04E-01	2.58E-02
2251	0.177909136	1.52E-01	2.04E-01	2.56E-02
2252	0.177075893	1.51E-01	2.03E-01	2.57E-02
2253	0.176295742	1.50E-01	2.02E-01	0.026109429
2254	0.17563796	1.49E-01	2.02E-01	2.64E-02
2255	0.174054071	1.48E-01	2.00E-01	2.61E-02
2256	0.172224373	1.46E-01	1.98E-01	2.59E-02
2257	0.170653835	1.45E-01	1.96E-01	2.55E-02
2258	0.169079214	1.44E-01	1.94E-01	2.51E-02
2259	0.168119863	1.43E-01	1.93E-01	2.48E-02
2260	0.167388856	1.43E-01	1.92E-01	2.46E-02
2261	0.167015553	1.43E-01	1.91E-01	2.43E-02
2262	0.166754112	1.43E-01	1.91E-01	2.42E-02
2263	0.166156769	1.42E-01	1.90E-01	0.024314284
2264	0.16569756	1.42E-01	1.90E-01	2.42E-02
2265	0.164962098	1.41E-01	1.89E-01	2.39E-02
2266	0.163739413	1.40E-01	1.87E-01	2.37E-02
2267	0.162765205	1.39E-01	1.86E-01	2.34E-02
2268	0.161602721	1.38E-01	1.85E-01	2.32E-02
2269	0.160501719	1.37E-01	1.84E-01	2.31E-02
2270	0.159838051	1.37E-01	1.83E-01	2.30E-02
2271	0.159300119	1.36E-01	1.82E-01	2.29E-02
2272	0.159489527	1.36E-01	1.83E-01	2.33E-02
2273	0.15983212	1.36E-01	1.83E-01	2.37E-02
2274	0.160213947	1.37E-01	1.84E-01	0.0234708
2275	0.160486981	1.37E-01	1.84E-01	0.02323848
2276	0.160330802	1.37E-01	1.83E-01	2.30E-02
2277	0.16003412	1.37E-01	1.83E-01	2.28E-02
2278	0.159631431	1.37E-01	1.82E-01	2.26E-02
2279	0.159273237	1.37E-01	1.82E-01	2.23E-02
2280	0.159040511	1.37E-01	1.81E-01	2.19E-02
2281	0.158781081	1.37E-01	1.80E-01	2.15E-02
2282	0.158686295	1.37E-01	1.80E-01	2.17E-02
2283	0.158658251	1.36E-01	1.81E-01	2.23E-02
2284	0.158784419	1.37E-01	1.81E-01	2.23E-02
2285	0.158920109	1.37E-01	1.81E-01	2.23E-02
2286	0.158814579	1.37E-01	1.81E-01	2.21E-02
2287	0.158581257	1.37E-01	1.80E-01	2.18E-02
2288	0.158427849	1.37E-01	1.80E-01	2.19E-02
2289	0.158501983	1.37E-01	1.80E-01	2.17E-02
2290	0.158198476	1.37E-01	1.80E-01	2.16E-02
2291	0.157401383	1.35E-01	1.80E-01	2.21E-02
2292	0.156756163	1.34E-01	1.79E-01	2.25E-02
2293	0.156754538	1.34E-01	1.80E-01	2.28E-02
2294	0.156790331	1.34E-01	1.80E-01	2.29E-02
2295	0.156727165	1.34E-01	1.79E-01	2.27E-02
2296	0.156637758	1.34E-01	1.79E-01	2.23E-02
2297	0.155780867	1.34E-01	1.77E-01	2.15E-02
2298	0.155027166	1.34E-01	1.76E-01	2.13E-02
2299	0.154048443	1.32E-01	1.76E-01	2.19E-02
2300	0.152919248	1.30E-01	1.75E-01	2.25E-02
2301	0.152160645	1.29E-01	1.75E-01	2.28E-02
2302	0.151697248	1.29E-01	1.75E-01	2.30E-02
2303	0.151742727	1.29E-01	1.75E-01	2.28E-02
2304	0.151789024	1.29E-01	1.74E-01	2.26E-02
2305	0.151536644	1.29E-01	1.74E-01	2.21E-02
2306	0.151177287	1.30E-01	1.73E-01	2.17E-02
2307	0.150658429	1.29E-01	1.72E-01	2.18E-02
2308	0.150280803	1.28E-01	1.72E-01	2.19E-02
2309	0.149363518	1.28E-01	1.71E-01	2.16E-02
2310	0.148196951	1.27E-01	1.70E-01	2.15E-02
2311	0.148196429	1.27E-01	1.70E-01	2.14E-02
2312	0.14831388	1.27E-01	1.69E-01	2.11E-02
2313	0.147876531	1.27E-01	1.69E-01	2.09E-02
2314	0.147465572	1.27E-01	1.68E-01	2.06E-02
2315	0.147214428	1.27E-01	1.67E-01	2.02E-02
2316	0.147261068	1.27E-01	1.67E-01	2.02E-02
2317	0.147427648	1.27E-01	1.68E-01	2.09E-02
2318	0.147508964	1.26E-01	1.69E-01	2.19E-02
2319	0.148066148	1.26E-01	1.70E-01	0.02234396
2320	0.148008928	1.26E-01	1.70E-01	2.21E-02
2321	0.147734702	1.26E-01	1.69E-01	2.18E-02
2322	0.14769356	1.26E-01	1.69E-01	2.16E-02
2323	0.147305429	1.26E-01	1.69E-01	2.17E-02
2324	0.147667229	1.26E-01	1.69E-01	2.14E-02
2325	0.147981972	1.27E-01	1.69E-01	2.11E-02
2326	0.147055447	1.25E-01	1.69E-01	2.17E-02
2327	0.146124348	1.24E-01	1.68E-01	2.20E-02
2328	0.145293206	1.24E-01	1.67E-01	2.14E-02
2329	0.144803673	1.24E-01	1.66E-01	2.10E-02
2330	0.145521581	1.25E-01	1.66E-01	2.08E-02
2331	0.146212488	1.26E-01	1.67E-01	2.06E-02
2332	0.145806566	1.25E-01	1.67E-01	2.11E-02
2333	0.145071372	1.23E-01	1.67E-01	2.18E-02
2334	0.144405872	1.22E-01	1.66E-01	2.20E-02
2335	0.144072935	1.22E-01	1.66E-01	2.19E-02
2336	0.144538373	1.23E-01	1.66E-01	2.11E-02
2337	0.145143569	1.25E-01	1.66E-01	2.06E-02
2338	0.145414576	1.25E-01	1.66E-01	2.04E-02
2339	0.145566091	1.25E-01	1.66E-01	2.01E-02
2340	0.146101788	1.26E-01	1.66E-01	2.03E-02
2341	0.146513045	1.26E-01	1.67E-01	2.07E-02
2342	0.14578554	1.25E-01	1.67E-01	2.08E-02
2343	0.144299358	1.23E-01	1.65E-01	2.11E-02
2344	0.143586725	1.22E-01	1.65E-01	2.12E-02
2345	0.14384532	1.23E-01	1.65E-01	2.11E-02
2346	0.143976793	1.23E-01	1.65E-01	2.10E-02
2347	0.143998355	1.23E-01	1.65E-01	2.12E-02
2348	0.143716678	1.22E-01	1.65E-01	2.16E-02
2349	0.142967716	1.21E-01	1.65E-01	2.16E-02
2350	0.142588034	1.21E-01	1.64E-01	0.021377807
2351	0.142762721	1.22E-01	1.64E-01	2.10E-02
2352	0.142718554	1.22E-01	1.63E-01	2.07E-02
2353	0.142876983	1.22E-01	1.64E-01	2.08E-02
2354	0.143589005	1.22E-01	1.65E-01	2.11E-02
2355	0.143794641	1.23E-01	1.65E-01	2.12E-02
2356	0.143814653	1.23E-01	1.65E-01	2.13E-02
2357	0.144669741	1.24E-01	1.66E-01	2.11E-02
2358	0.145039812	1.24E-01	1.66E-01	2.09E-02
2359	0.145082876	1.24E-01	1.66E-01	2.08E-02
2360	0.145109355	1.24E-01	1.66E-01	2.10E-02
2361	0.144547567	1.23E-01	1.66E-01	2.13E-02
2362	0.144424215	1.23E-01	1.66E-01	2.15E-02
2363	0.145175681	1.23E-01	1.67E-01	2.21E-02
2364	0.145732418	1.23E-01	1.69E-01	2.29E-02
2365	0.1452851	1.22E-01	1.68E-01	2.32E-02
2366	0.144570172	1.21E-01	1.68E-01	2.36E-02
2367	0.144243494	1.21E-01	1.68E-01	2.33E-02
2368	0.144299209	1.22E-01	1.67E-01	2.27E-02
2369	0.145309478	1.24E-01	1.67E-01	2.16E-02
2370	0.146608442	1.26E-01	1.67E-01	2.08E-02
2371	0.14703092	1.26E-01	1.68E-01	2.10E-02
2372	0.146713465	1.25E-01	1.68E-01	2.17E-02
2373	0.146572337	1.24E-01	1.69E-01	2.27E-02
2374	0.146971941	1.23E-01	1.71E-01	2.38E-02
2375	0.147570565	1.24E-01	1.71E-01	2.36E-02
2376	0.147923574	1.24E-01	1.71E-01	2.34E-02
2377	0.146866217	1.24E-01	1.70E-01	2.30E-02
2378	0.145935655	1.24E-01	1.68E-01	2.24E-02
2379	0.145688996	1.23E-01	1.68E-01	2.23E-02
2380	0.145222217	1.23E-01	1.68E-01	2.25E-02
2381	0.145484388	1.23E-01	1.68E-01	2.30E-02
2382	0.1466185	1.22E-01	1.71E-01	2.42E-02
2383	0.147549629	1.24E-01	1.71E-01	2.38E-02
2384	0.147046939	1.24E-01	1.70E-01	2.28E-02
2385	0.146141708	1.24E-01	1.68E-01	2.23E-02
2386	0.145942122	1.23E-01	1.69E-01	2.27E-02
2387	0.145719096	1.22E-01	1.69E-01	2.38E-02
2388	0.145265669	1.20E-01	1.71E-01	2.53E-02
2389	0.145535648	1.19E-01	1.72E-01	2.68E-02
2390	0.14648971	1.20E-01	1.73E-01	2.70E-02
2391	0.147201076	1.20E-01	1.74E-01	0.026886735
2392	0.147801012	1.22E-01	1.74E-01	2.58E-02
2393	0.147870421	1.23E-01	1.72E-01	2.46E-02
2394	0.147828341	1.24E-01	1.72E-01	2.37E-02
2395	0.14731507	1.24E-01	1.71E-01	2.33E-02
2396	0.146636054	1.24E-01	1.69E-01	2.27E-02
2397	0.146832317	1.25E-01	1.69E-01	2.20E-02
2398	0.146672055	1.25E-01	1.68E-01	2.12E-02
2399	0.145772576	1.25E-01	1.67E-01	0.02105643
2400	0.143687561	1.22E-01	1.66E-01	2.21E-02
2401	0.142164186	1.19E-01	1.66E-01	2.35E-02
2402	0.1423278	1.18E-01	1.67E-01	2.44E-02
2403	0.142587841	1.17E-01	1.68E-01	2.54E-02
2404	0.1441167	1.19E-01	1.69E-01	2.51E-02
2405	0.145450711	1.21E-01	1.70E-01	2.48E-02
2406	0.14437224	1.22E-01	1.67E-01	2.24E-02
2407	0.143192634	1.23E-01	1.64E-01	2.06E-02
2408	0.14352636	1.22E-01	1.65E-01	2.18E-02
2409	0.143634662	1.20E-01	1.67E-01	2.35E-02
2410	0.141381577	1.18E-01	1.65E-01	2.38E-02
2411	0.138747305	1.14E-01	1.64E-01	2.52E-02
2412	0.137928933	1.13E-01	1.63E-01	2.52E-02
2413	0.138166234	1.13E-01	1.63E-01	2.52E-02
2414	0.140030563	1.14E-01	1.67E-01	2.65E-02
2415	0.141912788	1.14E-01	1.70E-01	2.82E-02
2416	0.142062694	1.15E-01	1.69E-01	0.027187455
2417	0.141184762	1.15E-01	1.67E-01	2.59E-02
2418	0.137952432	1.13E-01	1.62E-01	2.45E-02
2419	0.13398765	1.09E-01	1.59E-01	2.54E-02
2420	0.131476507	1.07E-01	1.56E-01	2.42E-02
2421	0.130657792	1.09E-01	1.53E-01	2.21E-02
2422	0.131958395	1.12E-01	1.52E-01	2.03E-02
2423	0.133370742	1.14E-01	1.53E-01	1.94E-02
2424	0.134796292	1.15E-01	1.55E-01	0.020107152
2425	0.136091977	1.14E-01	1.59E-01	0.022575457
2426	0.137005657	1.14E-01	1.60E-01	2.29E-02
2427	0.137076572	1.14E-01	1.60E-01	2.33E-02
2428	0.137447432	1.14E-01	1.61E-01	2.36E-02
2429	0.138387263	1.14E-01	1.62E-01	2.41E-02
2430	0.136396259	1.12E-01	1.60E-01	2.40E-02
2431	0.134098262	1.10E-01	1.58E-01	0.023804672
2432	0.132384509	1.10E-01	1.55E-01	2.27E-02
2433	0.130190074	1.09E-01	1.52E-01	2.15E-02
2434	0.130943269	1.10E-01	1.52E-01	2.11E-02
2435	0.133036643	1.11E-01	1.55E-01	2.19E-02
2436	0.130435973	1.10E-01	1.51E-01	2.08E-02
2437	0.126627833	1.07E-01	1.46E-01	0.019349517
2438	0.125676155	1.08E-01	1.44E-01	1.79E-02
2439	0.125407025	1.08E-01	1.43E-01	0.017099354
2440	0.127273902	1.10E-01	1.45E-01	1.74E-02
2441	0.128576159	1.10E-01	1.47E-01	1.86E-02
2442	0.12675795	1.05E-01	1.49E-01	2.18E-02
2443	0.125306636	1.02E-01	1.48E-01	2.29E-02
2444	0.124502011	1.03E-01	1.46E-01	2.18E-02
2445	0.123439148	1.00E-01	1.47E-01	2.34E-02
2446	0.123887852	9.95E-02	1.48E-01	2.43E-02
2447	0.124374285	1.02E-01	1.46E-01	0.021967951
2448	0.124469467	1.02E-01	1.47E-01	2.27E-02
2449	0.123029508	9.87E-02	1.47E-01	2.43E-02
2450	0.121505044	9.69E-02	1.46E-01	2.46E-02
2451	0.123143964	9.78E-02	1.48E-01	2.53E-02
2452	0.123898052	9.57E-02	1.52E-01	2.82E-02
2453	0.12401136	9.29E-02	1.55E-01	3.11E-02
2454	0.121852696	9.15E-02	1.52E-01	0.03032475
2455	0.119115815	9.36E-02	1.45E-01	2.55E-02
2456	0.117071755	9.42E-02	1.40E-01	2.28E-02
2457	0.1158005	9.42E-02	1.37E-01	2.16E-02
2458	0.114173241	9.19E-02	1.36E-01	2.22E-02
2459	0.108564891	8.62E-02	1.31E-01	2.24E-02
2460	0.105472222	8.18E-02	1.29E-01	2.37E-02
2461	0.108421594	8.61E-02	1.31E-01	2.24E-02
2462	0.111296661	8.73E-02	1.35E-01	2.40E-02
2463	0.111669309	8.66E-02	1.37E-01	0.025050787
2464	0.113555521	8.73E-02	1.40E-01	2.63E-02
2465	0.114875376	8.70E-02	1.43E-01	2.79E-02
2466	0.114400797	8.16E-02	1.47E-01	3.28E-02
2467	0.115176216	7.85E-02	1.52E-01	0.036643561
2468	0.113677725	7.48E-02	1.53E-01	3.89E-02
2469	0.11077898	7.27E-02	1.49E-01	3.81E-02
2470	0.10980808	6.85E-02	1.51E-01	4.13E-02
2471	0.111235224	7.03E-02	1.52E-01	4.09E-02
2472	0.114407629	7.33E-02	1.56E-01	4.11E-02
2473	0.119934537	8.06E-02	1.59E-01	3.93E-02
2474	0.124144226	8.33E-02	1.65E-01	0.040841281
2475	0.120255657	7.98E-02	1.61E-01	4.04E-02
2476	0.115764834	7.09E-02	1.61E-01	4.49E-02
2477	0.118912637	6.81E-02	1.70E-01	0.050799984
2478	0.12188305	6.47E-02	1.79E-01	5.72E-02
2479	0.121543482	7.06E-02	1.72E-01	5.09E-02
2480	0.124204956	7.54E-02	1.73E-01	4.88E-02
2481	0.125309214	7.11E-02	1.79E-01	0.054171335
2482	0.124549419	5.39E-02	1.95E-01	7.06E-02
2483	0.124926336	4.26E-02	2.07E-01	0.082295299
2484	0.124178447	3.23E-02	2.16E-01	9.18E-02
2485	0.12051218	2.51E-02	2.16E-01	9.54E-02
2486	0.122545786	1.88E-02	2.26E-01	0.103713952
2487	0.14843072	3.35E-02	2.63E-01	0.114917077
2488	0.176682532	3.38E-02	3.20E-01	0.14289102
2489	0.185013443	4.76E-02	3.22E-01	0.137429088
2490	0.194044724	6.38E-02	3.24E-01	0.130226314
2491	0.196058586	9.68E-02	2.95E-01	0.099249005
2492	0.190410614	9.95E-02	2.81E-01	9.09E-02
2493	0.17621316	1.02E-01	2.51E-01	7.44E-02
2494	0.16258879	9.11E-02	2.34E-01	7.15E-02
2495	0.161893487	8.46E-02	2.39E-01	7.73E-02
2496	0.165342361	5.53E-02	2.75E-01	0.110000029
2497	0.145172715	6.31E-02	2.27E-01	8.21E-02
2498	0.11942853	4.61E-02	1.93E-01	7.33E-02
2499	0.098038912	3.17E-02	1.64E-01	6.63E-02
2500	8.77E-02	1.78E-02	1.58E-01	6.99E-02
