Wavelength	scorpipo.mn	std-	std+	scorpipo.st
350	3.07E-02	2.96E-02	3.18E-02	1.11E-03
351	3.05E-02	2.94E-02	3.17E-02	1.14E-03
352	0.030198136	2.91E-02	3.13E-02	1.14E-03
353	3.02E-02	2.91E-02	3.13E-02	1.14E-03
354	0.030126117	2.90E-02	3.13E-02	1.13E-03
355	3.00E-02	2.89E-02	3.11E-02	1.11E-03
356	2.96E-02	2.85E-02	3.07E-02	1.12E-03
357	2.96E-02	2.85E-02	3.08E-02	1.14E-03
358	0.029728303	2.86E-02	3.09E-02	1.15E-03
359	2.97E-02	2.86E-02	3.07E-02	1.07E-03
360	2.94E-02	2.84E-02	3.05E-02	1.09E-03
361	2.92E-02	2.81E-02	3.04E-02	1.12E-03
362	2.91E-02	2.80E-02	3.02E-02	1.09E-03
363	2.89E-02	2.78E-02	3.00E-02	1.13E-03
364	2.88E-02	2.76E-02	3.00E-02	1.16E-03
365	2.88E-02	2.76E-02	3.00E-02	1.17E-03
366	2.91E-02	2.80E-02	3.02E-02	1.12E-03
367	0.028888751	2.78E-02	3.00E-02	1.11E-03
368	2.84E-02	2.73E-02	2.96E-02	1.13E-03
369	2.83E-02	2.72E-02	2.95E-02	1.16E-03
370	2.79E-02	2.68E-02	2.91E-02	1.14E-03
371	2.78E-02	2.67E-02	2.89E-02	1.11E-03
372	2.83E-02	2.72E-02	2.94E-02	1.11E-03
373	2.83E-02	2.72E-02	2.94E-02	1.09E-03
374	2.83E-02	2.72E-02	2.94E-02	1.09E-03
375	2.82E-02	2.70E-02	2.93E-02	1.14E-03
376	2.78E-02	2.67E-02	2.89E-02	1.11E-03
377	2.76E-02	2.65E-02	2.87E-02	1.10E-03
378	2.76E-02	2.64E-02	2.87E-02	1.14E-03
379	2.74E-02	2.61E-02	2.86E-02	1.23E-03
380	2.75E-02	2.63E-02	2.87E-02	1.23E-03
381	2.76E-02	2.64E-02	2.88E-02	1.19E-03
382	2.74E-02	2.63E-02	2.86E-02	1.14E-03
383	2.74E-02	2.62E-02	2.85E-02	1.14E-03
384	2.73E-02	2.62E-02	2.85E-02	1.15E-03
385	2.73E-02	2.62E-02	2.85E-02	1.16E-03
386	2.70E-02	2.58E-02	2.81E-02	1.17E-03
387	2.68E-02	2.56E-02	2.80E-02	1.17E-03
388	2.68E-02	2.56E-02	2.80E-02	1.16E-03
389	2.71E-02	2.60E-02	2.83E-02	1.15E-03
390	2.70E-02	2.58E-02	2.81E-02	1.15E-03
391	2.68E-02	2.57E-02	2.80E-02	1.17E-03
392	2.72E-02	2.60E-02	2.84E-02	1.19E-03
393	2.70E-02	2.58E-02	2.82E-02	1.21E-03
394	2.70E-02	2.58E-02	2.82E-02	1.24E-03
395	2.72E-02	2.59E-02	2.85E-02	1.27E-03
396	2.74E-02	2.61E-02	2.87E-02	1.26E-03
397	2.74E-02	2.61E-02	2.86E-02	1.25E-03
398	2.73E-02	2.60E-02	2.85E-02	1.24E-03
399	2.74E-02	2.62E-02	2.87E-02	1.26E-03
400	2.75E-02	2.62E-02	2.88E-02	1.30E-03
401	2.76E-02	2.63E-02	2.89E-02	1.33E-03
402	2.79E-02	2.66E-02	2.93E-02	1.34E-03
403	2.82E-02	2.69E-02	2.96E-02	1.35E-03
404	2.85E-02	2.72E-02	2.99E-02	1.35E-03
405	2.89E-02	2.75E-02	3.02E-02	1.33E-03
406	2.94E-02	2.81E-02	3.08E-02	1.36E-03
407	2.99E-02	2.86E-02	3.13E-02	1.39E-03
408	3.05E-02	2.90E-02	3.19E-02	1.42E-03
409	3.12E-02	2.97E-02	3.26E-02	1.45E-03
410	3.19E-02	3.04E-02	3.34E-02	1.48E-03
411	3.27E-02	3.12E-02	3.42E-02	1.50E-03
412	3.34E-02	3.19E-02	3.49E-02	1.52E-03
413	3.42E-02	3.27E-02	3.58E-02	1.53E-03
414	3.51E-02	3.36E-02	3.67E-02	1.55E-03
415	3.61E-02	3.45E-02	3.77E-02	1.59E-03
416	3.71E-02	3.55E-02	3.87E-02	1.60E-03
417	3.81E-02	3.65E-02	3.98E-02	1.62E-03
418	3.92E-02	3.75E-02	4.09E-02	1.66E-03
419	4.04E-02	3.87E-02	4.20E-02	1.67E-03
420	4.15E-02	3.98E-02	4.31E-02	1.68E-03
421	0.042616107	4.09E-02	4.43E-02	1.69E-03
422	4.40E-02	4.22E-02	4.57E-02	1.71E-03
423	4.51E-02	4.34E-02	4.69E-02	1.72E-03
424	4.63E-02	4.45E-02	4.80E-02	1.73E-03
425	4.74E-02	4.57E-02	4.92E-02	1.73E-03
426	4.85E-02	4.68E-02	5.03E-02	1.75E-03
427	4.97E-02	4.79E-02	5.14E-02	1.76E-03
428	5.09E-02	4.91E-02	5.27E-02	1.76E-03
429	5.21E-02	5.03E-02	5.39E-02	1.77E-03
430	5.33E-02	5.15E-02	5.51E-02	1.79E-03
431	5.44E-02	5.26E-02	5.62E-02	1.82E-03
432	5.55E-02	5.37E-02	5.74E-02	1.84E-03
433	0.056541346	5.47E-02	5.84E-02	1.86E-03
434	5.75E-02	5.56E-02	5.94E-02	1.88E-03
435	5.85E-02	5.66E-02	6.04E-02	1.89E-03
436	5.93E-02	5.74E-02	6.12E-02	1.89E-03
437	0.060147837	5.83E-02	6.20E-02	1.89E-03
438	6.10E-02	5.91E-02	6.29E-02	1.89E-03
439	6.19E-02	6.00E-02	6.38E-02	1.90E-03
440	6.26E-02	6.07E-02	6.45E-02	1.91E-03
441	6.33E-02	6.14E-02	6.52E-02	1.93E-03
442	6.41E-02	6.21E-02	6.60E-02	1.95E-03
443	6.48E-02	6.28E-02	6.67E-02	1.96E-03
444	6.54E-02	6.35E-02	6.74E-02	1.96E-03
445	0.066069059	6.41E-02	6.80E-02	1.96E-03
446	6.67E-02	6.48E-02	6.87E-02	1.98E-03
447	0.067349337	6.54E-02	6.93E-02	2.00E-03
448	6.79E-02	6.59E-02	6.99E-02	2.02E-03
449	6.84E-02	6.64E-02	7.05E-02	2.03E-03
450	6.90E-02	6.70E-02	7.10E-02	2.04E-03
451	6.95E-02	6.75E-02	7.16E-02	2.05E-03
452	7.01E-02	6.80E-02	7.21E-02	2.05E-03
453	7.06E-02	6.85E-02	7.26E-02	2.06E-03
454	7.11E-02	6.90E-02	7.31E-02	2.07E-03
455	7.15E-02	6.94E-02	7.36E-02	2.10E-03
456	0.071942613	6.98E-02	7.41E-02	2.13E-03
457	7.24E-02	7.02E-02	7.46E-02	2.15E-03
458	7.29E-02	7.07E-02	7.50E-02	2.16E-03
459	7.33E-02	7.11E-02	7.55E-02	2.19E-03
460	7.37E-02	7.15E-02	7.59E-02	2.21E-03
461	7.41E-02	7.19E-02	7.63E-02	2.23E-03
462	7.45E-02	7.23E-02	7.67E-02	2.24E-03
463	7.49E-02	7.26E-02	7.71E-02	2.25E-03
464	7.52E-02	7.30E-02	7.75E-02	2.26E-03
465	0.075672835	7.34E-02	7.79E-02	2.26E-03
466	7.61E-02	7.38E-02	7.84E-02	2.28E-03
467	7.64E-02	7.41E-02	7.87E-02	2.30E-03
468	7.67E-02	7.44E-02	7.91E-02	2.33E-03
469	7.71E-02	7.48E-02	7.95E-02	2.37E-03
470	7.75E-02	7.51E-02	7.99E-02	2.40E-03
471	7.77E-02	7.53E-02	8.02E-02	2.43E-03
472	7.81E-02	7.56E-02	8.05E-02	2.45E-03
473	7.84E-02	7.60E-02	8.09E-02	2.47E-03
474	7.88E-02	7.63E-02	8.13E-02	2.50E-03
475	7.92E-02	7.67E-02	8.17E-02	2.51E-03
476	7.95E-02	7.69E-02	8.20E-02	2.53E-03
477	7.98E-02	7.72E-02	8.23E-02	2.56E-03
478	8.01E-02	7.75E-02	8.27E-02	2.58E-03
479	8.04E-02	7.78E-02	8.30E-02	2.60E-03
480	8.07E-02	7.81E-02	8.33E-02	2.62E-03
481	0.081026554	7.84E-02	8.37E-02	2.64E-03
482	8.13E-02	7.87E-02	8.39E-02	2.63E-03
483	8.16E-02	7.90E-02	8.42E-02	2.63E-03
484	8.19E-02	7.93E-02	8.46E-02	2.65E-03
485	8.23E-02	7.96E-02	8.49E-02	2.67E-03
486	8.26E-02	7.99E-02	8.53E-02	2.71E-03
487	0.082884245	8.01E-02	8.56E-02	2.75E-03
488	8.32E-02	8.04E-02	8.60E-02	2.80E-03
489	8.35E-02	8.07E-02	8.63E-02	2.84E-03
490	8.38E-02	8.09E-02	8.67E-02	2.87E-03
491	8.42E-02	8.13E-02	8.70E-02	2.88E-03
492	0.084477462	8.16E-02	8.74E-02	2.89E-03
493	8.48E-02	8.19E-02	8.77E-02	2.92E-03
494	0.085085355	8.21E-02	8.80E-02	2.95E-03
495	8.55E-02	8.25E-02	8.84E-02	2.98E-03
496	8.58E-02	8.28E-02	8.88E-02	3.00E-03
497	8.62E-02	8.31E-02	8.92E-02	3.01E-03
498	0.086523563	8.35E-02	8.95E-02	3.01E-03
499	8.69E-02	8.38E-02	8.99E-02	3.04E-03
500	8.72E-02	8.42E-02	9.03E-02	3.07E-03
501	8.76E-02	8.45E-02	9.07E-02	3.10E-03
502	8.80E-02	8.48E-02	9.11E-02	3.14E-03
503	8.83E-02	8.51E-02	9.15E-02	3.19E-03
504	8.87E-02	8.55E-02	9.19E-02	3.23E-03
505	0.089118704	8.59E-02	9.24E-02	3.25E-03
506	8.95E-02	8.63E-02	9.28E-02	3.26E-03
507	9.00E-02	8.67E-02	9.32E-02	3.28E-03
508	9.04E-02	8.71E-02	9.37E-02	3.30E-03
509	9.08E-02	8.75E-02	9.41E-02	3.33E-03
510	9.12E-02	8.79E-02	9.46E-02	3.35E-03
511	9.16E-02	8.83E-02	9.50E-02	3.37E-03
512	9.21E-02	8.87E-02	9.55E-02	3.39E-03
513	9.26E-02	8.92E-02	9.60E-02	3.40E-03
514	9.31E-02	8.97E-02	9.65E-02	3.41E-03
515	9.36E-02	9.01E-02	9.70E-02	3.44E-03
516	9.40E-02	9.06E-02	9.75E-02	3.47E-03
517	9.46E-02	9.10E-02	9.81E-02	3.51E-03
518	9.51E-02	9.15E-02	9.86E-02	3.57E-03
519	0.095573828	9.19E-02	9.92E-02	3.63E-03
520	9.61E-02	9.24E-02	9.98E-02	3.69E-03
521	9.66E-02	9.29E-02	1.00E-01	3.73E-03
522	9.71E-02	9.34E-02	1.01E-01	3.73E-03
523	9.77E-02	9.39E-02	1.01E-01	3.73E-03
524	9.83E-02	9.45E-02	1.02E-01	3.75E-03
525	9.88E-02	9.51E-02	1.03E-01	3.77E-03
526	9.94E-02	9.56E-02	1.03E-01	3.80E-03
527	0.10000667	9.62E-02	1.04E-01	3.84E-03
528	0.100574918	9.67E-02	1.04E-01	3.90E-03
529	0.101172194	9.72E-02	1.05E-01	3.93E-03
530	0.101772696	9.78E-02	1.06E-01	3.95E-03
531	0.102394581	9.84E-02	1.06E-01	3.96E-03
532	0.10301774	9.90E-02	1.07E-01	3.97E-03
533	0.103607476	9.96E-02	1.08E-01	4.00E-03
534	0.104185544	1.00E-01	1.08E-01	4.03E-03
535	0.104805492	1.01E-01	1.09E-01	4.08E-03
536	0.105420336	1.01E-01	1.10E-01	4.10E-03
537	0.106038064	1.02E-01	1.10E-01	4.11E-03
538	0.106681764	1.03E-01	1.11E-01	4.12E-03
539	0.107325569	1.03E-01	1.11E-01	4.16E-03
540	0.10796506	1.04E-01	1.12E-01	4.19E-03
541	0.108593039	1.04E-01	1.13E-01	4.23E-03
542	0.109199241	1.05E-01	1.13E-01	4.27E-03
543	0.109842256	1.06E-01	1.14E-01	4.31E-03
544	0.110513419	1.06E-01	1.15E-01	4.34E-03
545	0.111140668	1.07E-01	1.15E-01	4.36E-03
546	0.111795969	1.07E-01	1.16E-01	4.38E-03
547	0.112452827	1.08E-01	1.17E-01	4.40E-03
548	0.113101371	1.09E-01	1.18E-01	4.44E-03
549	0.113751903	1.09E-01	1.18E-01	4.47E-03
550	0.114410892	1.10E-01	1.19E-01	4.50E-03
551	0.115077652	1.11E-01	1.20E-01	4.52E-03
552	0.115744427	1.11E-01	1.20E-01	4.55E-03
553	0.116411783	1.12E-01	1.21E-01	4.58E-03
554	0.117080525	1.12E-01	1.22E-01	4.61E-03
555	0.117746651	1.13E-01	1.22E-01	0.004625189
556	0.118412271	1.14E-01	1.23E-01	4.64E-03
557	0.119054265	1.14E-01	1.24E-01	4.66E-03
558	0.119717509	1.15E-01	1.24E-01	4.69E-03
559	0.120404236	1.16E-01	1.25E-01	4.74E-03
560	0.121065766	1.16E-01	1.26E-01	4.79E-03
561	0.121711455	1.17E-01	1.27E-01	4.82E-03
562	0.122400157	1.18E-01	1.27E-01	4.84E-03
563	0.123041503	1.18E-01	1.28E-01	4.86E-03
564	0.123672605	1.19E-01	1.29E-01	4.88E-03
565	0.124322824	1.19E-01	1.29E-01	4.91E-03
566	0.124983348	1.20E-01	1.30E-01	4.95E-03
567	0.125648737	1.21E-01	1.31E-01	4.98E-03
568	0.126311868	1.21E-01	1.31E-01	5.00E-03
569	0.126972973	1.22E-01	1.32E-01	5.03E-03
570	0.12764287	1.23E-01	1.33E-01	5.07E-03
571	0.128315523	1.23E-01	1.33E-01	5.11E-03
572	0.128946126	1.24E-01	1.34E-01	5.15E-03
573	0.129607782	1.24E-01	1.35E-01	5.18E-03
574	0.130283281	1.25E-01	1.35E-01	5.20E-03
575	0.130943552	1.26E-01	1.36E-01	5.22E-03
576	0.131636307	1.26E-01	1.37E-01	5.25E-03
577	0.132333621	1.27E-01	1.38E-01	5.29E-03
578	0.133038178	1.28E-01	1.38E-01	5.33E-03
579	0.133717075	1.28E-01	1.39E-01	5.38E-03
580	0.134400919	1.29E-01	1.40E-01	5.42E-03
581	0.135100573	1.30E-01	1.41E-01	5.46E-03
582	0.135756999	1.30E-01	1.41E-01	5.48E-03
583	0.136442274	1.31E-01	1.42E-01	5.50E-03
584	0.137156263	1.32E-01	1.43E-01	5.51E-03
585	0.137808219	1.32E-01	1.43E-01	5.54E-03
586	0.138457209	1.33E-01	1.44E-01	5.55E-03
587	0.139120013	1.34E-01	1.45E-01	5.56E-03
588	0.139811561	1.34E-01	1.45E-01	5.60E-03
589	0.140440032	1.35E-01	1.46E-01	5.67E-03
590	0.141091838	1.35E-01	1.47E-01	5.75E-03
591	0.141804636	1.36E-01	1.48E-01	5.82E-03
592	0.142544851	1.37E-01	1.48E-01	5.83E-03
593	0.143286556	1.37E-01	1.49E-01	5.86E-03
594	0.144036695	1.38E-01	1.50E-01	5.90E-03
595	0.144823238	1.39E-01	1.51E-01	5.97E-03
596	0.145606562	1.40E-01	1.52E-01	6.02E-03
597	0.146397293	1.40E-01	1.52E-01	6.08E-03
598	0.147145599	1.41E-01	1.53E-01	6.13E-03
599	0.147915795	1.42E-01	1.54E-01	6.19E-03
600	0.148707092	1.42E-01	1.55E-01	6.25E-03
601	0.149480388	1.43E-01	1.56E-01	0.006323277
602	0.150234729	1.44E-01	1.57E-01	6.41E-03
603	0.150969848	1.44E-01	1.57E-01	6.49E-03
604	0.151688427	1.45E-01	1.58E-01	6.57E-03
605	0.152453631	1.46E-01	1.59E-01	6.63E-03
606	0.15326789	1.47E-01	1.60E-01	6.69E-03
607	0.15409869	1.47E-01	1.61E-01	6.74E-03
608	0.154834867	1.48E-01	1.62E-01	6.78E-03
609	0.155629128	1.49E-01	1.62E-01	6.83E-03
610	0.156445488	1.50E-01	1.63E-01	6.87E-03
611	0.157252222	1.50E-01	1.64E-01	6.90E-03
612	0.158072919	1.51E-01	1.65E-01	6.93E-03
613	0.158891797	1.52E-01	1.66E-01	6.94E-03
614	0.159724295	1.53E-01	1.67E-01	6.94E-03
615	0.160576269	1.54E-01	1.68E-01	6.96E-03
616	0.161431983	1.54E-01	1.68E-01	7.00E-03
617	0.16226083	1.55E-01	1.69E-01	7.03E-03
618	0.163044944	1.56E-01	1.70E-01	7.05E-03
619	0.163865805	1.57E-01	1.71E-01	7.05E-03
620	0.16469048	1.58E-01	1.72E-01	7.04E-03
621	0.165507823	1.58E-01	1.73E-01	7.05E-03
622	0.1663412	1.59E-01	1.73E-01	7.06E-03
623	0.167203084	1.60E-01	1.74E-01	7.07E-03
624	0.168089271	1.61E-01	1.75E-01	7.09E-03
625	0.168854311	1.62E-01	1.76E-01	7.09E-03
626	0.169653952	1.63E-01	1.77E-01	7.09E-03
627	0.170486286	1.63E-01	1.78E-01	7.10E-03
628	0.171383843	1.64E-01	1.78E-01	7.11E-03
629	0.172249779	1.65E-01	1.79E-01	7.12E-03
630	0.173073411	1.66E-01	1.80E-01	7.13E-03
631	0.173950136	1.67E-01	1.81E-01	7.15E-03
632	0.174742103	1.68E-01	1.82E-01	7.18E-03
633	0.175503567	1.68E-01	1.83E-01	7.20E-03
634	0.176244795	1.69E-01	1.83E-01	7.23E-03
635	0.177084923	1.70E-01	1.84E-01	7.25E-03
636	0.177922443	1.71E-01	1.85E-01	7.27E-03
637	0.17874819	1.71E-01	1.86E-01	7.30E-03
638	0.179514945	1.72E-01	1.87E-01	7.30E-03
639	0.180280909	1.73E-01	1.88E-01	7.33E-03
640	0.181042001	1.74E-01	1.88E-01	7.37E-03
641	0.181705996	1.74E-01	1.89E-01	7.41E-03
642	0.182461426	1.75E-01	1.90E-01	7.45E-03
643	0.183209792	1.76E-01	1.91E-01	7.48E-03
644	0.183935955	1.76E-01	1.91E-01	7.52E-03
645	0.18462871	1.77E-01	1.92E-01	7.58E-03
646	0.185299978	1.78E-01	1.93E-01	7.64E-03
647	0.185960576	1.78E-01	1.94E-01	7.71E-03
648	0.186660424	1.79E-01	1.94E-01	7.80E-03
649	0.18741098	1.80E-01	1.95E-01	7.91E-03
650	0.188185856	1.80E-01	1.96E-01	8.01E-03
651	0.188976914	1.81E-01	1.97E-01	8.09E-03
652	0.189650685	1.81E-01	1.98E-01	8.15E-03
653	0.1903276	1.82E-01	1.99E-01	8.19E-03
654	0.191026002	1.83E-01	1.99E-01	8.19E-03
655	0.191765264	1.83E-01	2.00E-01	8.32E-03
656	0.192543268	1.84E-01	2.01E-01	8.49E-03
657	0.193297535	1.85E-01	2.02E-01	8.67E-03
658	0.194138885	1.85E-01	2.03E-01	8.66E-03
659	0.194958791	1.86E-01	2.04E-01	8.67E-03
660	0.195756003	1.87E-01	2.04E-01	8.69E-03
661	0.196511164	1.88E-01	2.05E-01	8.71E-03
662	0.197240278	1.89E-01	2.06E-01	8.73E-03
663	0.197997287	1.89E-01	2.07E-01	8.76E-03
664	0.198768288	1.90E-01	2.08E-01	8.80E-03
665	0.199549988	1.91E-01	2.08E-01	8.83E-03
666	0.200329617	1.91E-01	2.09E-01	8.87E-03
667	0.20109044	1.92E-01	2.10E-01	8.91E-03
668	0.201904625	1.93E-01	2.11E-01	8.94E-03
669	0.20267269	1.94E-01	2.12E-01	8.96E-03
670	0.20342581	1.94E-01	2.12E-01	9.00E-03
671	0.2042083	1.95E-01	2.13E-01	9.04E-03
672	0.205012172	1.96E-01	2.14E-01	9.09E-03
673	0.205837041	1.97E-01	2.15E-01	9.13E-03
674	0.206693441	1.98E-01	2.16E-01	9.16E-03
675	0.207546949	1.98E-01	2.17E-01	9.21E-03
676	0.208370492	1.99E-01	2.18E-01	9.25E-03
677	0.209209219	2.00E-01	2.19E-01	0.009294793
678	0.210090831	2.01E-01	2.19E-01	9.33E-03
679	0.210956156	2.02E-01	2.20E-01	9.38E-03
680	0.211824432	2.02E-01	2.21E-01	9.42E-03
681	0.212720886	2.03E-01	2.22E-01	9.46E-03
682	0.213608459	2.04E-01	2.23E-01	9.50E-03
683	0.214498684	2.05E-01	2.24E-01	9.51E-03
684	0.215447634	2.06E-01	2.25E-01	9.50E-03
685	0.216361851	2.07E-01	2.26E-01	9.46E-03
686	0.217346564	2.08E-01	2.27E-01	9.54E-03
687	0.218389928	2.09E-01	2.28E-01	9.75E-03
688	0.21949707	2.10E-01	2.29E-01	9.86E-03
689	0.220590755	2.11E-01	2.31E-01	9.93E-03
690	0.221634537	2.12E-01	2.32E-01	9.96E-03
691	0.222546637	2.13E-01	2.33E-01	9.98E-03
692	0.223486766	2.13E-01	2.34E-01	1.00E-02
693	0.224525049	2.14E-01	2.35E-01	1.01E-02
694	0.225734562	2.16E-01	2.36E-01	1.02E-02
695	0.227053598	2.17E-01	2.37E-01	1.03E-02
696	0.228299528	2.18E-01	2.39E-01	1.03E-02
697	0.229468197	2.19E-01	2.40E-01	1.03E-02
698	0.23057957	2.20E-01	2.41E-01	1.04E-02
699	0.231723234	2.21E-01	2.42E-01	1.04E-02
700	0.232937977	2.22E-01	2.43E-01	1.05E-02
701	0.234256715	2.24E-01	2.45E-01	1.06E-02
702	0.235548377	2.25E-01	2.46E-01	1.07E-02
703	0.236804962	2.26E-01	2.48E-01	1.08E-02
704	0.238008037	2.27E-01	2.49E-01	1.09E-02
705	0.239250466	2.28E-01	2.50E-01	1.09E-02
706	0.240494713	2.29E-01	2.52E-01	1.10E-02
707	0.24173823	2.31E-01	2.53E-01	1.11E-02
708	0.242993414	2.32E-01	2.54E-01	0.011157988
709	0.24419415	2.33E-01	2.55E-01	1.12E-02
710	0.245360941	2.34E-01	2.57E-01	1.13E-02
711	0.246560469	2.35E-01	2.58E-01	1.14E-02
712	0.247677401	2.36E-01	2.59E-01	1.14E-02
713	0.248700634	2.37E-01	2.60E-01	1.15E-02
714	0.249571785	2.38E-01	2.61E-01	1.15E-02
715	0.250023723	2.39E-01	2.61E-01	1.14E-02
716	0.25052163	2.39E-01	2.62E-01	1.14E-02
717	0.251207799	2.40E-01	2.63E-01	1.15E-02
718	0.252519906	2.41E-01	2.64E-01	1.17E-02
719	0.254115433	2.42E-01	2.66E-01	1.20E-02
720	0.255726933	2.44E-01	2.68E-01	1.21E-02
721	0.256932616	2.45E-01	2.69E-01	1.20E-02
722	0.257791519	2.46E-01	2.70E-01	1.20E-02
723	0.258667737	2.47E-01	2.71E-01	1.21E-02
724	0.259756744	2.48E-01	2.72E-01	0.01221814
725	0.260904402	2.49E-01	2.73E-01	1.23E-02
726	0.262057394	2.50E-01	2.74E-01	1.24E-02
727	0.263172239	2.51E-01	2.76E-01	1.24E-02
728	0.264341474	2.52E-01	2.77E-01	0.01252593
729	0.265598029	2.53E-01	2.78E-01	1.26E-02
730	0.266909808	2.54E-01	2.80E-01	1.27E-02
731	0.268485427	2.56E-01	2.81E-01	1.29E-02
732	0.269901544	2.57E-01	2.83E-01	1.29E-02
733	0.271152169	2.58E-01	2.84E-01	1.30E-02
734	0.272177368	2.59E-01	2.85E-01	1.30E-02
735	0.273326367	2.60E-01	2.86E-01	1.31E-02
736	0.274522781	2.61E-01	2.88E-01	1.32E-02
737	0.27569738	2.62E-01	2.89E-01	1.32E-02
738	0.276859105	2.64E-01	2.90E-01	1.33E-02
739	0.2780267	2.65E-01	2.91E-01	1.34E-02
740	0.279139996	2.66E-01	2.93E-01	1.35E-02
741	0.280272156	2.67E-01	2.94E-01	1.35E-02
742	0.281351954	2.68E-01	2.95E-01	1.36E-02
743	0.282414198	2.69E-01	2.96E-01	1.37E-02
744	0.283520073	2.70E-01	2.97E-01	1.37E-02
745	0.284562647	2.71E-01	2.98E-01	1.38E-02
746	0.285594881	2.72E-01	2.99E-01	1.39E-02
747	0.286581188	2.73E-01	3.01E-01	0.013935525
748	0.287552893	2.74E-01	3.02E-01	1.40E-02
749	0.288549662	2.74E-01	3.03E-01	1.41E-02
750	0.289566398	2.75E-01	3.04E-01	1.41E-02
751	0.290570527	2.76E-01	3.05E-01	1.42E-02
752	0.29155454	2.77E-01	3.06E-01	1.43E-02
753	0.29252249	2.78E-01	3.07E-01	1.43E-02
754	0.293481737	2.79E-01	3.08E-01	1.44E-02
755	0.294477642	2.80E-01	3.09E-01	1.44E-02
756	0.295270205	2.81E-01	3.10E-01	1.44E-02
757	0.295682758	2.81E-01	3.10E-01	1.43E-02
758	0.295414001	2.81E-01	3.09E-01	1.40E-02
759	0.296362996	2.82E-01	3.10E-01	1.40E-02
760	0.299459547	2.85E-01	3.14E-01	1.47E-02
761	0.299993724	2.85E-01	3.15E-01	1.48E-02
762	0.30099538	2.86E-01	3.16E-01	1.49E-02
763	0.302240908	2.87E-01	3.17E-01	1.50E-02
764	0.303345859	2.88E-01	3.19E-01	1.52E-02
765	0.304349452	2.89E-01	3.20E-01	1.52E-02
766	0.305239648	2.90E-01	3.20E-01	1.52E-02
767	0.306081027	2.91E-01	3.21E-01	1.53E-02
768	0.307030708	2.92E-01	3.22E-01	1.53E-02
769	0.308015257	2.93E-01	3.23E-01	1.53E-02
770	0.309036523	2.94E-01	3.24E-01	1.54E-02
771	0.309992164	2.95E-01	3.25E-01	1.55E-02
772	0.310959399	2.95E-01	3.26E-01	1.55E-02
773	0.311902732	2.96E-01	3.27E-01	1.56E-02
774	0.312925577	2.97E-01	3.29E-01	1.57E-02
775	0.31386742	2.98E-01	3.30E-01	1.57E-02
776	0.314784199	2.99E-01	3.31E-01	1.58E-02
777	0.315710425	3.00E-01	3.32E-01	1.58E-02
778	0.316593319	3.01E-01	3.32E-01	1.59E-02
779	0.317518532	3.02E-01	3.33E-01	1.60E-02
780	0.318500131	3.02E-01	3.35E-01	1.61E-02
781	0.319408804	3.03E-01	3.36E-01	1.61E-02
782	0.320347816	3.04E-01	3.37E-01	1.62E-02
783	0.32133919	3.05E-01	3.38E-01	1.62E-02
784	0.322259426	3.06E-01	3.39E-01	1.63E-02
785	0.323027819	3.07E-01	3.39E-01	1.63E-02
786	0.323783904	3.07E-01	3.40E-01	1.64E-02
787	0.32463634	3.08E-01	3.41E-01	1.65E-02
788	0.32547915	3.09E-01	3.42E-01	1.65E-02
789	0.326344907	3.10E-01	3.43E-01	1.66E-02
790	0.327235997	3.11E-01	3.44E-01	0.016652063
791	0.328258067	3.12E-01	3.45E-01	1.67E-02
792	0.329285949	3.12E-01	3.46E-01	1.68E-02
793	0.330274493	3.13E-01	3.47E-01	1.69E-02
794	0.331018507	3.14E-01	3.48E-01	1.69E-02
795	0.331865102	3.15E-01	3.49E-01	1.70E-02
796	0.332773983	3.16E-01	3.50E-01	1.71E-02
797	0.333729684	3.17E-01	3.51E-01	1.72E-02
798	0.334593654	3.17E-01	3.52E-01	1.72E-02
799	0.335432559	3.18E-01	3.53E-01	1.73E-02
800	0.336244732	3.19E-01	3.54E-01	1.73E-02
801	0.337115318	3.20E-01	3.55E-01	1.74E-02
802	0.338022649	3.21E-01	3.55E-01	1.75E-02
803	0.338969231	3.21E-01	3.57E-01	1.76E-02
804	0.340010911	3.22E-01	3.58E-01	1.76E-02
805	0.340894639	3.23E-01	3.59E-01	1.77E-02
806	0.341677547	3.24E-01	3.59E-01	1.78E-02
807	0.342470706	3.25E-01	3.60E-01	1.78E-02
808	0.343184412	3.25E-01	3.61E-01	1.79E-02
809	0.343819112	3.26E-01	3.62E-01	1.79E-02
810	0.344351143	3.26E-01	3.62E-01	1.80E-02
811	0.344661623	3.27E-01	3.63E-01	1.80E-02
812	0.344938189	3.27E-01	3.63E-01	1.80E-02
813	0.345231086	3.27E-01	3.63E-01	1.80E-02
814	0.345789552	3.28E-01	3.64E-01	1.80E-02
815	0.346624583	3.29E-01	3.65E-01	1.81E-02
816	0.347643286	3.29E-01	3.66E-01	1.82E-02
817	0.348840415	3.31E-01	3.67E-01	0.018275324
818	0.350187004	3.32E-01	3.69E-01	1.84E-02
819	0.351209074	3.33E-01	3.70E-01	1.85E-02
820	0.35164541	3.33E-01	3.70E-01	1.86E-02
821	0.352186859	3.34E-01	3.71E-01	1.86E-02
822	0.353272319	3.35E-01	3.72E-01	0.018591745
823	0.354730815	3.36E-01	3.73E-01	1.87E-02
824	0.355700433	3.37E-01	3.75E-01	1.89E-02
825	0.356415749	3.37E-01	3.75E-01	1.89E-02
826	0.357057691	3.38E-01	3.76E-01	1.90E-02
827	0.35777539	3.39E-01	3.77E-01	0.018996537
828	0.358701497	3.40E-01	3.78E-01	1.91E-02
829	0.35962832	3.40E-01	3.79E-01	1.91E-02
830	0.36042738	3.41E-01	3.80E-01	1.92E-02
831	0.361404032	3.42E-01	3.81E-01	1.93E-02
832	0.362363875	3.43E-01	3.82E-01	1.94E-02
833	0.363357484	3.44E-01	3.83E-01	1.94E-02
834	0.364357919	3.45E-01	3.84E-01	1.95E-02
835	0.365338445	3.46E-01	3.85E-01	1.96E-02
836	0.366262197	3.47E-01	3.86E-01	1.97E-02
837	0.367180854	3.47E-01	3.87E-01	0.019756967
838	0.368031234	3.48E-01	3.88E-01	1.98E-02
839	0.368895829	3.49E-01	3.89E-01	0.01990027
840	0.369824708	3.50E-01	3.90E-01	2.00E-02
841	0.370700628	3.51E-01	3.91E-01	2.00E-02
842	0.371562034	3.51E-01	3.92E-01	2.01E-02
843	0.372409046	3.52E-01	3.93E-01	2.02E-02
844	0.37319839	3.53E-01	3.93E-01	2.02E-02
845	0.373958439	3.54E-01	3.94E-01	2.03E-02
846	0.374682903	3.54E-01	3.95E-01	2.04E-02
847	0.375327498	3.55E-01	3.96E-01	2.05E-02
848	0.376101255	3.56E-01	3.97E-01	2.05E-02
849	0.376889437	3.56E-01	3.97E-01	2.05E-02
850	0.377589405	3.57E-01	3.98E-01	2.06E-02
851	0.378107995	3.57E-01	3.99E-01	2.07E-02
852	0.378847122	3.58E-01	4.00E-01	2.08E-02
853	0.379926682	3.59E-01	4.01E-01	2.07E-02
854	0.380877793	3.60E-01	4.02E-01	0.020751566
855	0.381667793	3.61E-01	4.03E-01	2.09E-02
856	0.382315636	3.61E-01	4.03E-01	2.10E-02
857	0.382930756	3.62E-01	4.04E-01	2.10E-02
858	0.383581281	3.62E-01	4.05E-01	2.11E-02
859	0.384297967	3.63E-01	4.05E-01	2.12E-02
860	0.38502416	3.64E-01	4.06E-01	2.12E-02
861	0.385793507	3.65E-01	4.07E-01	2.13E-02
862	0.386473864	3.65E-01	4.08E-01	2.13E-02
863	0.386958629	3.66E-01	4.08E-01	2.15E-02
864	0.387728304	3.66E-01	4.09E-01	2.15E-02
865	0.388566703	3.67E-01	4.10E-01	2.15E-02
866	0.389458269	3.68E-01	4.11E-01	2.15E-02
867	0.390102088	3.69E-01	4.12E-01	2.16E-02
868	0.390710235	3.69E-01	4.12E-01	2.17E-02
869	0.391314119	3.70E-01	4.13E-01	2.18E-02
870	0.391962528	3.70E-01	4.14E-01	2.18E-02
871	0.392576694	3.71E-01	4.14E-01	2.19E-02
872	0.39324221	3.71E-01	4.15E-01	2.19E-02
873	0.393881083	3.72E-01	4.16E-01	0.021957915
874	0.394565463	3.73E-01	4.17E-01	2.20E-02
875	0.395157278	3.73E-01	4.17E-01	2.21E-02
876	0.395716578	3.74E-01	4.18E-01	0.02212145
877	0.396328181	3.74E-01	4.19E-01	0.022178715
878	0.39696312	3.75E-01	4.19E-01	2.22E-02
879	0.397647083	3.75E-01	4.20E-01	2.23E-02
880	0.398124188	3.76E-01	4.20E-01	0.022294033
881	0.398732066	3.76E-01	4.21E-01	2.24E-02
882	0.399297833	3.77E-01	4.22E-01	2.24E-02
883	0.399775743	3.77E-01	4.22E-01	2.25E-02
884	0.400349885	3.78E-01	4.23E-01	2.26E-02
885	0.400970668	3.78E-01	4.24E-01	2.26E-02
886	0.401587218	3.79E-01	4.24E-01	2.26E-02
887	0.40214169	3.79E-01	4.25E-01	2.27E-02
888	0.402636826	3.80E-01	4.25E-01	2.28E-02
889	0.403114468	3.80E-01	4.26E-01	2.28E-02
890	0.403416127	3.81E-01	4.26E-01	2.29E-02
891	0.403650671	3.81E-01	4.27E-01	2.29E-02
892	0.40381968	3.81E-01	4.27E-01	0.022969713
893	0.403877854	3.81E-01	4.27E-01	2.30E-02
894	0.4038091	3.81E-01	4.27E-01	2.30E-02
895	0.403744519	3.81E-01	4.27E-01	2.30E-02
896	0.403760076	3.81E-01	4.27E-01	2.30E-02
897	0.404037982	3.81E-01	4.27E-01	0.022911936
898	0.404410511	3.82E-01	4.27E-01	2.29E-02
899	0.404988497	3.82E-01	4.28E-01	2.28E-02
900	0.405878663	3.83E-01	4.29E-01	2.28E-02
901	0.406659096	3.84E-01	4.29E-01	2.28E-02
902	0.407455295	3.85E-01	4.30E-01	0.022947758
903	0.408203542	3.85E-01	4.31E-01	2.32E-02
904	0.408654571	3.85E-01	4.32E-01	2.34E-02
905	0.408968598	3.85E-01	4.32E-01	2.35E-02
906	0.409264356	3.86E-01	4.33E-01	2.35E-02
907	0.409571975	3.86E-01	4.33E-01	2.34E-02
908	0.409810334	3.87E-01	4.33E-01	2.33E-02
909	0.410006583	3.87E-01	4.33E-01	0.023252273
910	0.41043213	3.87E-01	4.34E-01	2.34E-02
911	0.410646975	3.87E-01	4.34E-01	2.34E-02
912	0.410929263	3.87E-01	4.34E-01	2.35E-02
913	0.411439717	3.88E-01	4.35E-01	2.35E-02
914	0.411947727	3.88E-01	4.35E-01	0.023460753
915	0.412539244	3.89E-01	4.36E-01	2.35E-02
916	0.413228393	3.90E-01	4.37E-01	0.023481784
917	0.414139837	3.91E-01	4.38E-01	0.023478752
918	0.415021449	3.91E-01	4.39E-01	0.023609571
919	0.415858716	3.92E-01	4.40E-01	2.38E-02
920	0.416610926	3.93E-01	4.41E-01	2.40E-02
921	0.417442203	3.93E-01	4.42E-01	2.41E-02
922	0.418115586	3.94E-01	4.42E-01	2.41E-02
923	0.41854459	3.94E-01	4.43E-01	2.41E-02
924	0.418670774	3.94E-01	4.43E-01	2.42E-02
925	0.418560356	3.94E-01	4.43E-01	2.43E-02
926	0.418290973	3.94E-01	4.43E-01	2.43E-02
927	0.417882293	3.93E-01	4.42E-01	2.44E-02
928	0.417399347	3.93E-01	4.42E-01	2.45E-02
929	0.416748226	3.92E-01	4.41E-01	2.44E-02
930	0.415839493	3.92E-01	4.40E-01	2.43E-02
931	0.414957494	3.91E-01	4.39E-01	2.40E-02
932	0.41400975	3.90E-01	4.38E-01	2.36E-02
933	0.413220078	3.90E-01	4.36E-01	2.32E-02
934	0.413310081	3.90E-01	4.36E-01	2.29E-02
935	0.413741469	3.91E-01	4.36E-01	0.022536363
936	0.41448307	3.92E-01	4.37E-01	2.23E-02
937	0.41567564	3.93E-01	4.38E-01	2.25E-02
938	0.416605294	3.94E-01	4.39E-01	2.28E-02
939	0.41736421	3.94E-01	4.41E-01	2.33E-02
940	0.418254167	3.95E-01	4.42E-01	2.36E-02
941	0.418963403	3.95E-01	4.43E-01	2.40E-02
942	0.419561177	3.95E-01	4.44E-01	2.41E-02
943	0.420193821	3.96E-01	4.44E-01	2.39E-02
944	0.420840085	3.97E-01	4.45E-01	2.37E-02
945	0.421301991	3.98E-01	4.45E-01	2.36E-02
946	0.421454072	3.98E-01	4.45E-01	2.36E-02
947	0.421771526	3.98E-01	4.45E-01	2.36E-02
948	0.422352672	3.99E-01	4.46E-01	2.36E-02
949	0.423076302	3.99E-01	4.47E-01	2.37E-02
950	0.423526376	4.00E-01	4.47E-01	2.38E-02
951	0.423904151	4.00E-01	4.48E-01	2.39E-02
952	0.424409062	4.00E-01	4.48E-01	2.41E-02
953	0.42514208	4.01E-01	4.49E-01	2.41E-02
954	0.425777614	4.02E-01	4.50E-01	0.024113642
955	0.426316619	4.02E-01	4.50E-01	0.024129681
956	0.426850349	4.03E-01	4.51E-01	2.41E-02
957	0.42757982	4.03E-01	4.52E-01	2.42E-02
958	0.428196907	4.04E-01	4.52E-01	2.42E-02
959	0.428800017	4.04E-01	4.53E-01	2.43E-02
960	0.429667264	4.05E-01	4.54E-01	2.44E-02
961	0.430378199	4.06E-01	4.55E-01	2.44E-02
962	0.431102097	4.07E-01	4.56E-01	2.45E-02
963	0.432085007	4.08E-01	4.57E-01	2.46E-02
964	0.433277965	4.09E-01	4.58E-01	2.46E-02
965	0.434359968	4.10E-01	4.59E-01	2.46E-02
966	0.435185105	4.11E-01	4.60E-01	2.47E-02
967	0.4356094	4.11E-01	4.60E-01	2.48E-02
968	0.435986757	4.11E-01	4.61E-01	2.50E-02
969	0.4363105	4.11E-01	4.61E-01	0.025182107
970	0.436815441	4.11E-01	4.62E-01	2.54E-02
971	0.437396526	4.12E-01	4.63E-01	2.55E-02
972	0.43791303	4.12E-01	4.64E-01	0.025600241
973	0.437939525	4.12E-01	4.64E-01	2.56E-02
974	0.43829757	4.13E-01	4.64E-01	2.56E-02
975	0.43866393	4.13E-01	4.64E-01	2.56E-02
976	0.43892464	4.13E-01	4.64E-01	2.55E-02
977	0.439240307	4.14E-01	4.65E-01	2.55E-02
978	0.439289898	4.14E-01	4.65E-01	2.55E-02
979	0.439319253	4.14E-01	4.65E-01	2.55E-02
980	0.439780653	4.14E-01	4.65E-01	2.56E-02
981	0.440470427	4.15E-01	4.66E-01	2.57E-02
982	0.441097766	4.15E-01	4.67E-01	2.58E-02
983	0.441127509	4.15E-01	4.67E-01	2.58E-02
984	0.44163841	4.16E-01	4.68E-01	2.59E-02
985	0.442301035	4.16E-01	4.68E-01	2.60E-02
986	0.442955673	4.17E-01	4.69E-01	2.61E-02
987	0.443193406	4.17E-01	4.69E-01	2.61E-02
988	0.443596035	4.17E-01	4.70E-01	2.62E-02
989	0.444213748	4.18E-01	4.70E-01	2.62E-02
990	0.444623768	4.18E-01	4.71E-01	2.63E-02
991	0.444985509	4.19E-01	4.71E-01	2.64E-02
992	0.445431292	4.19E-01	4.72E-01	2.65E-02
993	0.446408361	4.20E-01	4.73E-01	2.64E-02
994	0.446695596	4.20E-01	4.73E-01	2.65E-02
995	0.446902335	4.20E-01	4.73E-01	2.66E-02
996	0.447043568	4.21E-01	4.74E-01	2.65E-02
997	0.447962403	4.21E-01	4.75E-01	2.66E-02
998	0.448591083	4.22E-01	4.75E-01	2.67E-02
999	0.448928893	4.22E-01	4.76E-01	2.69E-02
1000	0.449576437	4.23E-01	4.76E-01	2.68E-02
1001	0.436776459	4.05E-01	4.68E-01	3.15E-02
1002	0.437440634	4.06E-01	4.69E-01	3.16E-02
1003	0.438038141	4.06E-01	4.70E-01	0.031550407
1004	0.438556165	4.07E-01	4.70E-01	0.031508807
1005	0.438837379	4.07E-01	4.70E-01	0.031575933
1006	0.439019769	4.07E-01	4.71E-01	3.17E-02
1007	0.43935281	4.08E-01	4.71E-01	3.17E-02
1008	0.439742923	4.08E-01	4.71E-01	3.16E-02
1009	0.440031797	4.08E-01	4.72E-01	0.031620231
1010	0.440265685	4.09E-01	4.72E-01	3.16E-02
1011	0.440494001	4.09E-01	4.72E-01	0.031671368
1012	0.440814972	4.09E-01	4.73E-01	3.17E-02
1013	0.441282123	4.10E-01	4.73E-01	3.17E-02
1014	0.441759735	4.10E-01	4.73E-01	3.17E-02
1015	0.442136168	4.10E-01	4.74E-01	3.17E-02
1016	0.442448527	4.11E-01	4.74E-01	0.031661645
1017	0.442788213	4.11E-01	4.74E-01	3.17E-02
1018	0.443177462	4.12E-01	4.75E-01	3.17E-02
1019	0.443597138	4.12E-01	4.75E-01	3.17E-02
1020	0.443942577	4.12E-01	4.76E-01	3.17E-02
1021	0.444343746	4.13E-01	4.76E-01	3.17E-02
1022	0.444852322	4.13E-01	4.77E-01	3.17E-02
1023	0.445270419	4.14E-01	4.77E-01	3.17E-02
1024	0.445585519	4.14E-01	4.77E-01	3.17E-02
1025	0.4458583	4.14E-01	4.78E-01	0.031806257
1026	0.446227163	4.14E-01	4.78E-01	3.18E-02
1027	0.446721226	4.15E-01	4.79E-01	0.031823069
1028	0.447276443	4.15E-01	4.79E-01	3.18E-02
1029	0.447786272	4.16E-01	4.80E-01	3.19E-02
1030	0.448107988	4.16E-01	4.80E-01	0.031935453
1031	0.448555261	4.17E-01	4.81E-01	3.20E-02
1032	0.449104965	4.17E-01	4.81E-01	3.20E-02
1033	0.449553281	4.18E-01	4.82E-01	3.20E-02
1034	0.450034291	4.18E-01	4.82E-01	3.21E-02
1035	0.450517416	4.18E-01	4.83E-01	3.21E-02
1036	0.451064497	4.19E-01	4.83E-01	0.03217756
1037	0.451605439	4.19E-01	4.84E-01	3.22E-02
1038	0.45207423	4.20E-01	4.84E-01	3.22E-02
1039	0.452474743	4.20E-01	4.85E-01	3.22E-02
1040	0.452956378	4.21E-01	4.85E-01	3.22E-02
1041	0.45335272	4.21E-01	4.85E-01	3.21E-02
1042	0.453615278	4.21E-01	4.86E-01	0.032153558
1043	0.454033941	4.22E-01	4.86E-01	3.22E-02
1044	0.454468995	4.22E-01	4.87E-01	3.23E-02
1045	0.454779238	4.22E-01	4.87E-01	3.23E-02
1046	0.455065429	4.23E-01	4.87E-01	0.032319363
1047	0.455539167	4.23E-01	4.88E-01	3.24E-02
1048	0.456104964	4.24E-01	4.89E-01	3.25E-02
1049	0.456492364	4.24E-01	4.89E-01	3.25E-02
1050	0.456816971	4.24E-01	4.89E-01	3.26E-02
1051	0.457270205	4.25E-01	4.90E-01	3.25E-02
1052	0.457705498	4.25E-01	4.90E-01	3.25E-02
1053	0.45805037	4.26E-01	4.91E-01	3.25E-02
1054	0.458399296	4.26E-01	4.91E-01	3.26E-02
1055	0.458772421	4.26E-01	4.91E-01	3.27E-02
1056	0.459148616	4.26E-01	4.92E-01	3.28E-02
1057	0.459624827	4.27E-01	4.92E-01	3.28E-02
1058	0.460115463	4.27E-01	4.93E-01	3.28E-02
1059	0.460683435	4.28E-01	4.94E-01	3.29E-02
1060	0.461122304	4.28E-01	4.94E-01	3.29E-02
1061	0.461563617	4.29E-01	4.94E-01	3.29E-02
1062	0.461956471	4.29E-01	4.95E-01	3.29E-02
1063	0.462120354	4.29E-01	4.95E-01	3.29E-02
1064	0.462341398	4.29E-01	4.95E-01	3.29E-02
1065	0.462732643	4.30E-01	4.96E-01	3.29E-02
1066	0.463209331	4.30E-01	4.96E-01	3.30E-02
1067	0.463558018	4.31E-01	4.97E-01	0.033015676
1068	0.463823229	4.31E-01	4.97E-01	3.30E-02
1069	0.464125037	4.31E-01	4.97E-01	0.033021867
1070	0.464447796	4.31E-01	4.98E-01	3.31E-02
1071	0.464822829	4.32E-01	4.98E-01	3.32E-02
1072	0.465184718	4.32E-01	4.98E-01	3.31E-02
1073	0.465543061	4.32E-01	4.99E-01	3.31E-02
1074	0.465662599	4.33E-01	4.99E-01	3.31E-02
1075	0.465707034	4.33E-01	4.99E-01	3.31E-02
1076	0.465917289	4.33E-01	4.99E-01	3.31E-02
1077	0.466139436	4.33E-01	4.99E-01	3.31E-02
1078	0.466322273	4.33E-01	4.99E-01	3.31E-02
1079	0.466433674	4.33E-01	4.99E-01	3.31E-02
1080	0.46666953	4.34E-01	5.00E-01	0.033067375
1081	0.466931611	4.34E-01	5.00E-01	3.31E-02
1082	0.467199773	4.34E-01	5.00E-01	3.31E-02
1083	0.46744597	4.34E-01	5.01E-01	0.03306051
1084	0.467773944	4.35E-01	5.01E-01	3.30E-02
1085	0.468004584	4.35E-01	5.01E-01	3.31E-02
1086	0.46818766	4.35E-01	5.01E-01	3.31E-02
1087	0.468271464	4.35E-01	5.01E-01	3.31E-02
1088	0.468442529	4.35E-01	5.02E-01	3.31E-02
1089	0.468690366	4.36E-01	5.02E-01	3.30E-02
1090	0.468865633	4.36E-01	5.02E-01	0.032905538
1091	0.468826532	4.36E-01	5.02E-01	3.29E-02
1092	0.468681216	4.36E-01	5.01E-01	3.28E-02
1093	0.468682528	4.36E-01	5.02E-01	3.28E-02
1094	0.468782365	4.36E-01	5.02E-01	3.28E-02
1095	0.468820184	4.36E-01	5.02E-01	3.28E-02
1096	0.468771785	4.36E-01	5.02E-01	3.28E-02
1097	0.468739986	4.36E-01	5.01E-01	3.27E-02
1098	0.468861043	4.36E-01	5.02E-01	3.27E-02
1099	0.468904227	4.36E-01	5.02E-01	3.26E-02
1100	0.468662322	4.36E-01	5.01E-01	3.26E-02
1101	0.468361974	4.36E-01	5.01E-01	3.25E-02
1102	0.468144745	4.36E-01	5.01E-01	3.26E-02
1103	0.467927545	4.35E-01	5.01E-01	3.26E-02
1104	0.467631429	4.35E-01	5.00E-01	3.26E-02
1105	0.467271984	4.35E-01	5.00E-01	3.25E-02
1106	0.466856837	4.34E-01	4.99E-01	3.25E-02
1107	0.466360807	4.34E-01	4.99E-01	3.25E-02
1108	0.465597957	4.33E-01	4.98E-01	3.24E-02
1109	0.464828819	4.32E-01	4.97E-01	3.24E-02
1110	0.464098036	4.32E-01	4.96E-01	3.24E-02
1111	0.463358998	4.31E-01	4.96E-01	3.23E-02
1112	0.462452322	4.30E-01	4.95E-01	3.23E-02
1113	0.461251169	4.29E-01	4.93E-01	3.22E-02
1114	0.459981978	4.28E-01	4.92E-01	3.22E-02
1115	0.458689004	4.27E-01	4.91E-01	3.22E-02
1116	0.457405657	4.25E-01	4.90E-01	3.21E-02
1117	0.456477612	4.25E-01	4.88E-01	3.20E-02
1118	0.455414981	4.24E-01	4.87E-01	3.19E-02
1119	0.454523772	4.23E-01	4.86E-01	3.16E-02
1120	0.453536868	4.22E-01	4.85E-01	3.14E-02
1121	0.452329159	4.21E-01	4.83E-01	3.11E-02
1122	0.451016963	4.20E-01	4.82E-01	0.030919861
1123	0.450662643	4.20E-01	4.81E-01	3.08E-02
1124	0.450560689	4.20E-01	4.81E-01	3.06E-02
1125	0.450541139	4.20E-01	4.81E-01	3.05E-02
1126	0.450506866	4.20E-01	4.81E-01	3.03E-02
1127	0.450981349	4.21E-01	4.81E-01	3.02E-02
1128	0.451589942	4.21E-01	4.82E-01	0.030151155
1129	0.451840013	4.22E-01	4.82E-01	3.02E-02
1130	0.451850027	4.22E-01	4.82E-01	0.030319246
1131	0.452000052	4.22E-01	4.82E-01	3.04E-02
1132	0.4524104	4.22E-01	4.83E-01	3.05E-02
1133	0.452701211	4.22E-01	4.83E-01	3.06E-02
1134	0.452670723	4.22E-01	4.83E-01	3.07E-02
1135	0.452589691	4.22E-01	4.83E-01	3.08E-02
1136	0.452004671	4.21E-01	4.83E-01	3.09E-02
1137	0.45144242	4.20E-01	4.82E-01	0.030965082
1138	0.45072338	4.20E-01	4.82E-01	3.09E-02
1139	0.450085998	4.19E-01	4.81E-01	3.09E-02
1140	0.44968456	4.19E-01	4.81E-01	3.08E-02
1141	0.449325532	4.19E-01	4.80E-01	3.08E-02
1142	0.44877401	4.18E-01	4.79E-01	3.07E-02
1143	0.4481408	4.17E-01	4.79E-01	0.030642606
1144	0.447669476	4.17E-01	4.78E-01	3.06E-02
1145	0.44729346	4.17E-01	4.78E-01	3.07E-02
1146	0.447070807	4.16E-01	4.78E-01	3.06E-02
1147	0.446979642	4.16E-01	4.77E-01	3.05E-02
1148	0.44685021	4.16E-01	4.77E-01	3.04E-02
1149	0.446762562	4.16E-01	4.77E-01	3.04E-02
1150	0.446677446	4.16E-01	4.77E-01	3.03E-02
1151	0.446662873	4.16E-01	4.77E-01	3.03E-02
1152	0.446700126	4.17E-01	4.77E-01	3.02E-02
1153	0.44683376	4.17E-01	4.77E-01	3.02E-02
1154	0.44693327	4.17E-01	4.77E-01	3.03E-02
1155	0.446886867	4.17E-01	4.77E-01	3.03E-02
1156	0.446845263	4.17E-01	4.77E-01	3.03E-02
1157	0.446658731	4.16E-01	4.77E-01	3.03E-02
1158	0.44639352	4.16E-01	4.77E-01	3.03E-02
1159	0.446166903	4.16E-01	4.76E-01	3.03E-02
1160	0.445908666	4.16E-01	4.76E-01	3.03E-02
1161	0.445557058	4.15E-01	4.76E-01	3.03E-02
1162	0.44518435	4.15E-01	4.76E-01	3.04E-02
1163	0.444798291	4.14E-01	4.75E-01	3.04E-02
1164	0.444345593	4.14E-01	4.75E-01	3.04E-02
1165	0.443904281	4.13E-01	4.74E-01	3.04E-02
1166	0.443514973	4.13E-01	4.74E-01	3.05E-02
1167	0.44299072	4.13E-01	4.73E-01	3.05E-02
1168	0.442362428	4.12E-01	4.73E-01	3.05E-02
1169	0.441768736	4.11E-01	4.72E-01	3.04E-02
1170	0.441223145	4.11E-01	4.72E-01	3.04E-02
1171	0.440622658	4.10E-01	4.71E-01	3.04E-02
1172	0.439913213	4.10E-01	4.70E-01	3.04E-02
1173	0.439260185	4.09E-01	4.70E-01	3.04E-02
1174	0.438638896	4.08E-01	4.69E-01	3.04E-02
1175	0.438023388	4.08E-01	4.68E-01	0.030383825
1176	0.437273085	4.07E-01	4.68E-01	3.04E-02
1177	0.436566144	4.06E-01	4.67E-01	3.04E-02
1178	0.435788453	4.05E-01	4.66E-01	3.03E-02
1179	0.434998393	4.05E-01	4.65E-01	3.02E-02
1180	0.434312969	4.04E-01	4.64E-01	3.02E-02
1181	0.433666319	4.04E-01	4.64E-01	3.01E-02
1182	0.432959646	4.03E-01	4.63E-01	3.01E-02
1183	0.432292014	4.02E-01	4.62E-01	3.01E-02
1184	0.431609452	4.02E-01	4.62E-01	0.030033603
1185	0.430915594	4.01E-01	4.61E-01	3.00E-02
1186	0.430318654	4.00E-01	4.60E-01	3.00E-02
1187	0.429757237	4.00E-01	4.60E-01	3.00E-02
1188	0.429268897	3.99E-01	4.59E-01	0.029957416
1189	0.428934485	3.99E-01	4.59E-01	0.029948877
1190	0.428599566	3.99E-01	4.59E-01	2.99E-02
1191	0.428262383	3.98E-01	4.58E-01	2.99E-02
1192	0.427964419	3.98E-01	4.58E-01	2.99E-02
1193	0.427555203	3.98E-01	4.57E-01	2.99E-02
1194	0.427106619	3.97E-01	4.57E-01	2.99E-02
1195	0.426913977	3.97E-01	4.57E-01	2.99E-02
1196	0.426687449	3.97E-01	4.57E-01	0.029906528
1197	0.426524401	3.97E-01	4.56E-01	2.99E-02
1198	0.426370054	3.96E-01	4.56E-01	2.99E-02
1199	0.426240653	3.96E-01	4.56E-01	2.99E-02
1200	0.426117301	3.96E-01	4.56E-01	2.99E-02
1201	0.426142067	3.96E-01	4.56E-01	0.029887818
1202	0.426247656	3.96E-01	4.56E-01	2.99E-02
1203	0.426487982	3.97E-01	4.56E-01	2.99E-02
1204	0.426752448	3.97E-01	4.57E-01	2.99E-02
1205	0.4270024	3.97E-01	4.57E-01	2.99E-02
1206	0.427189887	3.97E-01	4.57E-01	2.99E-02
1207	0.42743811	3.97E-01	4.57E-01	2.99E-02
1208	0.427640766	3.98E-01	4.58E-01	2.99E-02
1209	0.427914739	3.98E-01	4.58E-01	3.00E-02
1210	0.428297371	3.98E-01	4.58E-01	3.00E-02
1211	0.428756177	3.99E-01	4.59E-01	3.00E-02
1212	0.429387122	3.99E-01	4.59E-01	3.00E-02
1213	0.430009395	4.00E-01	4.60E-01	3.01E-02
1214	0.430662632	4.01E-01	4.61E-01	3.01E-02
1215	0.431309819	4.01E-01	4.62E-01	0.030212952
1216	0.432066649	4.02E-01	4.62E-01	0.030217495
1217	0.432819158	4.03E-01	4.63E-01	3.02E-02
1218	0.433713794	4.03E-01	4.64E-01	3.03E-02
1219	0.434627175	4.04E-01	4.65E-01	3.04E-02
1220	0.435540169	4.05E-01	4.66E-01	3.05E-02
1221	0.436454624	4.06E-01	4.67E-01	3.05E-02
1222	0.43743071	4.07E-01	4.68E-01	3.06E-02
1223	0.43849811	4.08E-01	4.69E-01	3.06E-02
1224	0.439568311	4.09E-01	4.70E-01	0.030621238
1225	0.44059208	4.10E-01	4.71E-01	3.07E-02
1226	0.441596508	4.11E-01	4.72E-01	0.030741885
1227	0.442473441	4.12E-01	4.73E-01	3.08E-02
1228	0.443375468	4.12E-01	4.74E-01	3.09E-02
1229	0.444253623	4.13E-01	4.75E-01	0.030921496
1230	0.445173115	4.14E-01	4.76E-01	3.10E-02
1231	0.446081549	4.15E-01	4.77E-01	3.10E-02
1232	0.447051018	4.16E-01	4.78E-01	3.11E-02
1233	0.448034286	4.17E-01	4.79E-01	3.11E-02
1234	0.448951244	4.18E-01	4.80E-01	3.12E-02
1235	0.449740142	4.19E-01	4.81E-01	3.12E-02
1236	0.450471163	4.19E-01	4.82E-01	3.13E-02
1237	0.451192498	4.20E-01	4.83E-01	3.13E-02
1238	0.451869309	4.21E-01	4.83E-01	3.14E-02
1239	0.452576131	4.21E-01	4.84E-01	3.14E-02
1240	0.453270286	4.22E-01	4.85E-01	3.14E-02
1241	0.453930795	4.22E-01	4.85E-01	0.031451903
1242	0.454529524	4.23E-01	4.86E-01	3.15E-02
1243	0.45514524	4.24E-01	4.87E-01	3.15E-02
1244	0.455751628	4.24E-01	4.87E-01	3.16E-02
1245	0.456402034	4.25E-01	4.88E-01	0.031597476
1246	0.456993133	4.25E-01	4.89E-01	3.16E-02
1247	0.457561523	4.26E-01	4.89E-01	3.17E-02
1248	0.458047807	4.26E-01	4.90E-01	3.17E-02
1249	0.458544403	4.27E-01	4.90E-01	0.031735647
1250	0.459008604	4.27E-01	4.91E-01	3.17E-02
1251	0.459490657	4.28E-01	4.91E-01	3.18E-02
1252	0.459919393	4.28E-01	4.92E-01	3.17E-02
1253	0.460362971	4.29E-01	4.92E-01	3.18E-02
1254	0.460817933	4.29E-01	4.93E-01	3.18E-02
1255	0.461149096	4.29E-01	4.93E-01	3.19E-02
1256	0.461404532	4.30E-01	4.93E-01	3.18E-02
1257	0.461630136	4.30E-01	4.93E-01	3.18E-02
1258	0.461982161	4.30E-01	4.94E-01	3.18E-02
1259	0.462335259	4.31E-01	4.94E-01	3.18E-02
1260	0.462690622	4.31E-01	4.95E-01	0.031879298
1261	0.463056624	4.31E-01	4.95E-01	3.19E-02
1262	0.463484079	4.32E-01	4.95E-01	3.20E-02
1263	0.463919163	4.32E-01	4.96E-01	3.19E-02
1264	0.464356601	4.32E-01	4.96E-01	3.20E-02
1265	0.464801043	4.33E-01	4.97E-01	3.20E-02
1266	0.465161532	4.33E-01	4.97E-01	3.20E-02
1267	0.465460628	4.34E-01	4.97E-01	3.19E-02
1268	0.465858608	4.34E-01	4.98E-01	3.19E-02
1269	0.466225356	4.34E-01	4.98E-01	3.20E-02
1270	0.466579437	4.35E-01	4.99E-01	3.20E-02
1271	0.46680665	4.35E-01	4.99E-01	3.20E-02
1272	0.467043459	4.35E-01	4.99E-01	0.031937238
1273	0.467368782	4.35E-01	4.99E-01	3.19E-02
1274	0.467668772	4.36E-01	5.00E-01	3.19E-02
1275	0.468004823	4.36E-01	5.00E-01	3.20E-02
1276	0.468233556	4.36E-01	5.00E-01	3.20E-02
1277	0.468463451	4.36E-01	5.00E-01	3.20E-02
1278	0.468658686	4.37E-01	5.01E-01	3.20E-02
1279	0.468863666	4.37E-01	5.01E-01	3.20E-02
1280	0.469024122	4.37E-01	5.01E-01	3.20E-02
1281	0.469352216	4.37E-01	5.01E-01	3.21E-02
1282	0.469646811	4.38E-01	5.02E-01	3.21E-02
1283	0.469982386	4.38E-01	5.02E-01	3.21E-02
1284	0.470255315	4.38E-01	5.02E-01	3.21E-02
1285	0.470417559	4.38E-01	5.03E-01	3.22E-02
1286	0.470575958	4.38E-01	5.03E-01	0.032174751
1287	0.470638961	4.38E-01	5.03E-01	3.22E-02
1288	0.470701903	4.38E-01	5.03E-01	3.22E-02
1289	0.470896304	4.39E-01	5.03E-01	3.23E-02
1290	0.471106261	4.39E-01	5.03E-01	3.23E-02
1291	0.471294343	4.39E-01	5.04E-01	3.23E-02
1292	0.471447885	4.39E-01	5.04E-01	3.23E-02
1293	0.471591532	4.39E-01	5.04E-01	3.23E-02
1294	0.471739113	4.39E-01	5.04E-01	0.032350693
1295	0.471835613	4.39E-01	5.04E-01	3.24E-02
1296	0.471843034	4.39E-01	5.04E-01	3.24E-02
1297	0.471833587	4.39E-01	5.04E-01	3.24E-02
1298	0.471961528	4.40E-01	5.04E-01	3.24E-02
1299	0.472046345	4.40E-01	5.04E-01	3.24E-02
1300	0.472003847	4.40E-01	5.04E-01	3.24E-02
1301	0.471993923	4.40E-01	5.04E-01	3.24E-02
1302	0.471925229	4.40E-01	5.04E-01	3.24E-02
1303	0.471892774	4.39E-01	5.04E-01	3.24E-02
1304	0.471807718	4.39E-01	5.04E-01	3.23E-02
1305	0.471729845	4.39E-01	5.04E-01	3.23E-02
1306	0.471439868	4.39E-01	5.04E-01	3.23E-02
1307	0.47120887	4.39E-01	5.03E-01	3.22E-02
1308	0.470907867	4.39E-01	5.03E-01	3.21E-02
1309	0.470599532	4.39E-01	5.03E-01	3.21E-02
1310	0.470330596	4.38E-01	5.02E-01	3.20E-02
1311	0.470072418	4.38E-01	5.02E-01	0.031967718
1312	0.469662726	4.38E-01	5.02E-01	3.19E-02
1313	0.469269186	4.37E-01	5.01E-01	3.18E-02
1314	0.468889415	4.37E-01	5.01E-01	3.17E-02
1315	0.468488693	4.37E-01	5.00E-01	3.15E-02
1316	0.468181163	4.37E-01	5.00E-01	3.15E-02
1317	0.46781382	4.36E-01	4.99E-01	3.14E-02
1318	0.467183769	4.36E-01	4.99E-01	3.13E-02
1319	0.466400146	4.35E-01	4.98E-01	3.12E-02
1320	0.465726942	4.35E-01	4.97E-01	3.11E-02
1321	0.465173751	4.34E-01	4.96E-01	0.031011026
1322	0.464369088	4.33E-01	4.95E-01	3.09E-02
1323	0.463264108	4.33E-01	4.94E-01	3.08E-02
1324	0.462185442	4.32E-01	4.93E-01	3.06E-02
1325	0.461073339	4.31E-01	4.92E-01	3.05E-02
1326	0.459855437	4.30E-01	4.90E-01	3.03E-02
1327	0.458573759	4.28E-01	4.89E-01	3.02E-02
1328	0.45730719	4.27E-01	4.87E-01	3.01E-02
1329	0.455932647	4.26E-01	4.86E-01	2.99E-02
1330	0.454504699	4.25E-01	4.84E-01	2.98E-02
1331	0.453046888	4.23E-01	4.83E-01	2.96E-02
1332	0.451575965	4.22E-01	4.81E-01	2.94E-02
1333	0.450336128	4.21E-01	4.80E-01	2.93E-02
1334	0.449079037	4.20E-01	4.78E-01	0.029128011
1335	0.447612375	4.19E-01	4.77E-01	2.90E-02
1336	0.446066618	4.17E-01	4.75E-01	2.88E-02
1337	0.444581836	4.16E-01	4.73E-01	2.87E-02
1338	0.442994088	4.14E-01	4.72E-01	2.86E-02
1339	0.441256225	4.13E-01	4.70E-01	2.85E-02
1340	0.439460784	4.11E-01	4.68E-01	2.84E-02
1341	0.437633932	4.09E-01	4.66E-01	2.84E-02
1342	0.435526848	4.07E-01	4.64E-01	2.83E-02
1343	0.433558762	4.05E-01	4.62E-01	2.83E-02
1344	0.431409657	4.03E-01	4.60E-01	2.83E-02
1345	0.429011852	4.01E-01	4.57E-01	2.82E-02
1346	0.426071078	3.98E-01	4.54E-01	2.81E-02
1347	0.422878653	3.95E-01	4.51E-01	2.79E-02
1348	0.419361383	3.92E-01	4.47E-01	2.78E-02
1349	0.416210622	3.89E-01	4.44E-01	2.76E-02
1350	0.412978828	3.86E-01	4.40E-01	2.74E-02
1351	0.408941627	3.82E-01	4.36E-01	2.73E-02
1352	0.404528946	3.78E-01	4.31E-01	0.026755204
1353	0.39980194	3.74E-01	4.26E-01	2.63E-02
1354	0.396386921	3.70E-01	4.22E-01	2.59E-02
1355	0.392900079	3.67E-01	4.19E-01	2.58E-02
1356	0.391565055	3.65E-01	4.18E-01	2.61E-02
1357	0.387372524	3.61E-01	4.14E-01	2.66E-02
1358	0.379597574	3.53E-01	4.06E-01	2.65E-02
1359	0.36868909	3.40E-01	3.97E-01	2.83E-02
1360	0.366615653	3.38E-01	3.95E-01	2.82E-02
1361	0.36498937	3.18E-01	4.12E-01	4.68E-02
1362	0.36305204	3.08E-01	4.18E-01	5.53E-02
1363	0.366273195	2.85E-01	4.48E-01	8.14E-02
1364	0.432385653	3.58E-01	5.07E-01	7.45E-02
1365	0.541077018	4.43E-01	6.39E-01	9.79E-02
1366	0.46897763	3.64E-01	5.74E-01	0.105175346
1367	0.388555616	2.46E-01	5.32E-01	0.143047288
1368	0.335517526	2.21E-01	4.50E-01	0.114369504
1369	0.292746961	1.79E-01	4.06E-01	0.113530718
1370	0.331868947	2.25E-01	4.39E-01	0.106803872
1371	0.377722442	2.51E-01	5.05E-01	0.126812398
1372	0.334068924	2.55E-01	4.14E-01	7.95E-02
1373	0.284402043	2.11E-01	3.58E-01	0.073412687
1374	0.288777828	2.28E-01	3.49E-01	6.03E-02
1375	0.306120098	2.24E-01	3.88E-01	0.082226887
1376	0.299270272	2.15E-01	3.84E-01	8.47E-02
1377	0.281026483	1.93E-01	3.69E-01	8.83E-02
1378	0.275117397	2.01E-01	3.49E-01	7.42E-02
1379	0.288275868	2.09E-01	3.68E-01	0.079618402
1380	0.310720533	2.27E-01	3.94E-01	8.34E-02
1381	0.327332675	2.37E-01	4.18E-01	9.02E-02
1382	0.315577298	2.36E-01	3.95E-01	7.95E-02
1383	0.292764783	2.31E-01	3.55E-01	6.20E-02
1384	0.289346039	2.49E-01	3.29E-01	3.99E-02
1385	0.302744448	2.62E-01	3.44E-01	0.041228149
1386	0.315424621	2.62E-01	3.69E-01	0.053677786
1387	0.318167418	2.65E-01	3.71E-01	5.32E-02
1388	0.307775408	2.43E-01	3.73E-01	6.48E-02
1389	0.277059853	2.19E-01	3.36E-01	0.058520071
1390	0.266591519	2.16E-01	3.17E-01	0.050519485
1391	0.287431657	2.50E-01	3.25E-01	3.76E-02
1392	0.30001986	2.66E-01	3.34E-01	3.41E-02
1393	0.301751405	2.72E-01	3.32E-01	3.01E-02
1394	0.303390324	2.69E-01	3.38E-01	3.46E-02
1395	0.296256334	2.63E-01	3.30E-01	3.35E-02
1396	0.292236656	2.56E-01	3.29E-01	3.64E-02
1397	0.293994129	2.62E-01	3.26E-01	3.20E-02
1398	0.293175578	2.63E-01	3.23E-01	3.00E-02
1399	0.28770867	2.64E-01	3.12E-01	2.42E-02
1400	0.284884661	2.62E-01	3.08E-01	0.023290679
1401	0.286200702	2.65E-01	3.08E-01	2.17E-02
1402	0.285456508	2.63E-01	3.08E-01	2.28E-02
1403	0.281521887	2.61E-01	3.02E-01	2.00E-02
1404	0.280294299	2.61E-01	3.00E-01	1.93E-02
1405	0.283277988	2.64E-01	3.02E-01	1.91E-02
1406	0.284162283	2.64E-01	3.05E-01	2.05E-02
1407	0.280688256	2.61E-01	3.00E-01	1.95E-02
1408	0.278432459	2.59E-01	2.98E-01	1.97E-02
1409	0.274203837	2.56E-01	2.93E-01	1.85E-02
1410	0.270488888	2.52E-01	2.89E-01	1.90E-02
1411	0.269406676	2.51E-01	2.88E-01	0.018401776
1412	0.268461496	2.50E-01	2.87E-01	1.80E-02
1413	0.267493457	2.50E-01	2.85E-01	1.77E-02
1414	0.267022818	2.49E-01	2.85E-01	1.78E-02
1415	0.264856845	2.47E-01	2.82E-01	1.74E-02
1416	0.262390524	2.46E-01	2.79E-01	0.016691905
1417	0.259165734	2.43E-01	2.76E-01	1.64E-02
1418	0.255867809	2.39E-01	2.73E-01	1.67E-02
1419	0.254095227	2.38E-01	2.71E-01	1.65E-02
1420	0.252963901	2.37E-01	2.69E-01	1.60E-02
1421	0.251508981	2.36E-01	2.67E-01	1.59E-02
1422	0.249860898	2.34E-01	2.66E-01	1.62E-02
1423	0.248474106	2.32E-01	2.65E-01	0.016225005
1424	0.247361511	2.31E-01	2.64E-01	1.61E-02
1425	0.246108934	2.30E-01	2.62E-01	1.63E-02
1426	0.244790152	2.28E-01	2.61E-01	1.63E-02
1427	0.243788958	2.27E-01	2.60E-01	1.63E-02
1428	0.243090197	2.27E-01	2.59E-01	1.61E-02
1429	0.242169395	2.26E-01	2.58E-01	1.60E-02
1430	0.240733966	2.25E-01	2.57E-01	1.60E-02
1431	0.239424899	2.24E-01	2.55E-01	1.58E-02
1432	0.238302171	2.23E-01	2.54E-01	1.57E-02
1433	0.237105563	2.21E-01	2.53E-01	1.58E-02
1434	0.235472515	2.20E-01	2.51E-01	1.56E-02
1435	0.23383829	2.18E-01	2.49E-01	1.55E-02
1436	0.232686117	2.17E-01	2.48E-01	1.54E-02
1437	0.231698141	2.16E-01	2.47E-01	1.55E-02
1438	0.230814561	2.15E-01	2.46E-01	1.54E-02
1439	0.230003163	2.15E-01	2.45E-01	1.53E-02
1440	0.229085505	2.14E-01	2.44E-01	0.015412476
1441	0.228344306	2.13E-01	2.44E-01	1.56E-02
1442	0.22823827	2.13E-01	2.44E-01	1.54E-02
1443	0.228044063	2.13E-01	2.43E-01	1.53E-02
1444	0.227667168	2.12E-01	2.43E-01	1.54E-02
1445	0.227432325	2.12E-01	2.43E-01	1.55E-02
1446	0.227813721	2.12E-01	2.43E-01	1.55E-02
1447	0.228194639	2.13E-01	2.44E-01	1.56E-02
1448	0.228525832	2.13E-01	2.44E-01	1.55E-02
1449	0.22881262	2.13E-01	2.44E-01	1.55E-02
1450	0.22913374	2.14E-01	2.45E-01	0.015575667
1451	0.229398116	2.14E-01	2.45E-01	0.015666738
1452	0.229468346	2.14E-01	2.45E-01	1.57E-02
1453	0.229547873	2.14E-01	2.45E-01	1.57E-02
1454	0.229591459	2.14E-01	2.45E-01	1.57E-02
1455	0.229604721	2.14E-01	2.45E-01	1.58E-02
1456	0.229564533	2.14E-01	2.45E-01	1.59E-02
1457	0.229496792	2.14E-01	2.45E-01	1.60E-02
1458	0.229389444	2.13E-01	2.45E-01	1.60E-02
1459	0.229320437	2.13E-01	2.45E-01	1.59E-02
1460	0.229128584	2.13E-01	2.45E-01	1.60E-02
1461	0.228872404	2.13E-01	2.45E-01	1.61E-02
1462	0.228592485	2.13E-01	2.45E-01	1.61E-02
1463	0.228247359	2.12E-01	2.44E-01	1.60E-02
1464	0.22806479	2.12E-01	2.44E-01	1.61E-02
1465	0.228004918	2.12E-01	2.44E-01	1.63E-02
1466	0.227689892	2.11E-01	2.44E-01	1.62E-02
1467	0.227247596	2.11E-01	2.43E-01	1.61E-02
1468	0.227351293	2.11E-01	2.43E-01	1.60E-02
1469	0.227809608	2.12E-01	2.44E-01	0.015963189
1470	0.228122249	2.12E-01	2.44E-01	1.60E-02
1471	0.22847043	2.12E-01	2.45E-01	1.60E-02
1472	0.229019895	2.13E-01	2.45E-01	1.59E-02
1473	0.229563668	2.14E-01	2.45E-01	1.58E-02
1474	0.229955256	2.14E-01	2.46E-01	1.58E-02
1475	0.230354816	2.14E-01	2.46E-01	1.59E-02
1476	0.230800748	2.15E-01	2.47E-01	1.60E-02
1477	0.231262982	2.15E-01	2.47E-01	1.62E-02
1478	0.231756568	2.16E-01	2.48E-01	1.62E-02
1479	0.232347146	2.16E-01	2.49E-01	0.016216954
1480	0.232890308	2.17E-01	2.49E-01	1.63E-02
1481	0.233264402	2.17E-01	2.50E-01	1.63E-02
1482	0.233689114	2.17E-01	2.50E-01	1.64E-02
1483	0.2342484	2.18E-01	2.51E-01	1.64E-02
1484	0.234901786	2.18E-01	2.51E-01	1.65E-02
1485	0.235662267	2.19E-01	2.52E-01	1.66E-02
1486	0.236391976	2.20E-01	2.53E-01	1.67E-02
1487	0.237149462	2.20E-01	2.54E-01	1.68E-02
1488	0.23789008	2.21E-01	2.55E-01	1.69E-02
1489	0.238781944	2.22E-01	2.56E-01	1.70E-02
1490	0.239529341	2.22E-01	2.57E-01	1.71E-02
1491	0.240137741	2.23E-01	2.57E-01	1.71E-02
1492	0.240690485	2.23E-01	2.58E-01	0.017202403
1493	0.241353974	2.24E-01	2.59E-01	1.72E-02
1494	0.241972476	2.25E-01	2.59E-01	1.72E-02
1495	0.242489919	2.25E-01	2.60E-01	1.73E-02
1496	0.242986962	2.26E-01	2.60E-01	1.74E-02
1497	0.243559375	2.26E-01	2.61E-01	1.74E-02
1498	0.244098455	2.27E-01	2.62E-01	1.74E-02
1499	0.244628772	2.27E-01	2.62E-01	1.74E-02
1500	0.245163694	2.28E-01	2.63E-01	1.75E-02
1501	0.245668545	2.28E-01	2.63E-01	1.75E-02
1502	0.246177837	2.29E-01	2.64E-01	1.76E-02
1503	0.246770129	2.29E-01	2.64E-01	1.77E-02
1504	0.247330174	2.30E-01	2.65E-01	1.77E-02
1505	0.247937247	2.30E-01	2.66E-01	1.77E-02
1506	0.248555392	2.31E-01	2.66E-01	1.77E-02
1507	0.249120429	2.31E-01	2.67E-01	0.017802982
1508	0.249666631	2.32E-01	2.68E-01	1.79E-02
1509	0.250203222	2.32E-01	2.68E-01	1.79E-02
1510	0.250702918	2.33E-01	2.69E-01	1.80E-02
1511	0.251173913	2.33E-01	2.69E-01	1.80E-02
1512	0.251597673	2.33E-01	2.70E-01	1.81E-02
1513	0.252050936	2.34E-01	2.70E-01	1.81E-02
1514	0.252535462	2.34E-01	2.71E-01	1.82E-02
1515	0.252957761	2.35E-01	2.71E-01	1.82E-02
1516	0.253390878	2.35E-01	2.72E-01	1.83E-02
1517	0.253830403	2.36E-01	2.72E-01	1.83E-02
1518	0.25426504	2.36E-01	2.73E-01	0.018321868
1519	0.254747003	2.36E-01	2.73E-01	1.84E-02
1520	0.255264103	2.37E-01	2.74E-01	1.84E-02
1521	0.255736262	2.37E-01	2.74E-01	0.018447308
1522	0.256185502	2.38E-01	2.75E-01	1.85E-02
1523	0.256571233	2.38E-01	2.75E-01	1.85E-02
1524	0.256950408	2.38E-01	2.76E-01	1.86E-02
1525	0.257355064	2.39E-01	2.76E-01	1.86E-02
1526	0.257739067	2.39E-01	2.76E-01	1.86E-02
1527	0.258132607	2.40E-01	2.77E-01	1.86E-02
1528	0.258507907	2.40E-01	2.77E-01	0.018679729
1529	0.258809328	2.40E-01	2.77E-01	1.87E-02
1530	0.259077132	2.40E-01	2.78E-01	1.87E-02
1531	0.259387046	2.41E-01	2.78E-01	1.87E-02
1532	0.259692073	2.41E-01	2.78E-01	1.88E-02
1533	0.259976983	2.41E-01	2.79E-01	1.88E-02
1534	0.260288268	2.41E-01	2.79E-01	1.89E-02
1535	0.2605111	2.42E-01	2.79E-01	0.018878574
1536	0.260692835	2.42E-01	2.80E-01	0.018897645
1537	0.260989547	2.42E-01	2.80E-01	1.89E-02
1538	0.261298299	2.42E-01	2.80E-01	1.90E-02
1539	0.261504471	2.43E-01	2.80E-01	1.89E-02
1540	0.261717528	2.43E-01	2.81E-01	1.89E-02
1541	0.262031436	2.43E-01	2.81E-01	1.90E-02
1542	0.262368739	2.43E-01	2.81E-01	0.019069966
1543	0.262647688	2.44E-01	2.82E-01	1.91E-02
1544	0.26287815	2.44E-01	2.82E-01	1.91E-02
1545	0.263099968	2.44E-01	2.82E-01	1.91E-02
1546	0.263314277	2.44E-01	2.82E-01	1.91E-02
1547	0.263554543	2.44E-01	2.83E-01	0.019172553
1548	0.263816923	2.45E-01	2.83E-01	1.92E-02
1549	0.264045298	2.45E-01	2.83E-01	1.92E-02
1550	0.264266163	2.45E-01	2.84E-01	1.92E-02
1551	0.264487833	2.45E-01	2.84E-01	1.93E-02
1552	0.264704704	2.45E-01	2.84E-01	1.93E-02
1553	0.264897764	2.46E-01	2.84E-01	0.019340331
1554	0.265083849	2.46E-01	2.84E-01	1.93E-02
1555	0.265279919	2.46E-01	2.85E-01	1.94E-02
1556	0.26547569	2.46E-01	2.85E-01	1.94E-02
1557	0.265690058	2.46E-01	2.85E-01	1.94E-02
1558	0.265918761	2.46E-01	2.85E-01	1.95E-02
1559	0.266108572	2.47E-01	2.86E-01	1.95E-02
1560	0.266320676	2.47E-01	2.86E-01	1.96E-02
1561	0.266517311	2.47E-01	2.86E-01	1.96E-02
1562	0.26667577	2.47E-01	2.86E-01	1.96E-02
1563	0.26684615	2.47E-01	2.86E-01	1.96E-02
1564	0.266994655	2.47E-01	2.87E-01	1.96E-02
1565	0.267169327	2.48E-01	2.87E-01	1.97E-02
1566	0.267307073	2.48E-01	2.87E-01	1.97E-02
1567	0.26747489	2.48E-01	2.87E-01	1.97E-02
1568	0.267612815	2.48E-01	2.87E-01	1.97E-02
1569	0.267819196	2.48E-01	2.88E-01	1.97E-02
1570	0.268027246	2.48E-01	2.88E-01	1.98E-02
1571	0.268263459	2.48E-01	2.88E-01	1.98E-02
1572	0.268554509	2.49E-01	2.88E-01	1.98E-02
1573	0.26879847	2.49E-01	2.89E-01	1.98E-02
1574	0.269007534	2.49E-01	2.89E-01	1.98E-02
1575	0.269264191	2.49E-01	2.89E-01	1.99E-02
1576	0.269563556	2.50E-01	2.89E-01	1.99E-02
1577	0.269811749	2.50E-01	2.90E-01	0.019881671
1578	0.269989252	2.50E-01	2.90E-01	1.99E-02
1579	0.270218492	2.50E-01	2.90E-01	1.99E-02
1580	0.27041477	2.50E-01	2.90E-01	1.99E-02
1581	0.270712852	2.51E-01	2.91E-01	1.99E-02
1582	0.271037459	2.51E-01	2.91E-01	1.99E-02
1583	0.27130878	2.51E-01	2.91E-01	1.99E-02
1584	0.271544188	2.52E-01	2.92E-01	2.00E-02
1585	0.271821231	2.52E-01	2.92E-01	2.00E-02
1586	0.272079557	2.52E-01	2.92E-01	2.00E-02
1587	0.272440374	2.52E-01	2.92E-01	2.00E-02
1588	0.272875994	2.53E-01	2.93E-01	2.01E-02
1589	0.27333352	2.53E-01	2.93E-01	2.01E-02
1590	0.273799568	2.54E-01	2.94E-01	2.02E-02
1591	0.274233609	2.54E-01	2.94E-01	2.02E-02
1592	0.274620801	2.54E-01	2.95E-01	2.02E-02
1593	0.275108963	2.55E-01	2.95E-01	2.03E-02
1594	0.275621176	2.55E-01	2.96E-01	2.03E-02
1595	0.276141316	2.56E-01	2.96E-01	2.03E-02
1596	0.276646256	2.56E-01	2.97E-01	2.03E-02
1597	0.277223796	2.57E-01	2.98E-01	0.020377629
1598	0.27780959	2.57E-01	2.98E-01	2.04E-02
1599	0.278372347	2.58E-01	2.99E-01	2.05E-02
1600	0.278891057	2.58E-01	2.99E-01	0.020487305
1601	0.27945599	2.59E-01	3.00E-01	2.05E-02
1602	0.280004978	2.59E-01	3.01E-01	2.05E-02
1603	0.280602902	2.60E-01	3.01E-01	2.06E-02
1604	0.281216919	2.61E-01	3.02E-01	2.06E-02
1605	0.28183198	2.61E-01	3.02E-01	2.07E-02
1606	0.282418817	2.62E-01	3.03E-01	2.07E-02
1607	0.283012182	2.62E-01	3.04E-01	2.07E-02
1608	0.283563137	2.63E-01	3.04E-01	2.08E-02
1609	0.284179181	2.63E-01	3.05E-01	2.08E-02
1610	0.28478235	2.64E-01	3.06E-01	2.09E-02
1611	0.285395771	2.64E-01	3.06E-01	2.09E-02
1612	0.285971612	2.65E-01	3.07E-01	2.10E-02
1613	0.286555231	2.66E-01	3.08E-01	2.10E-02
1614	0.287097573	2.66E-01	3.08E-01	2.10E-02
1615	0.287582129	2.67E-01	3.09E-01	2.11E-02
1616	0.288021028	2.67E-01	3.09E-01	2.11E-02
1617	0.288427204	2.67E-01	3.10E-01	2.11E-02
1618	0.288861871	2.68E-01	3.10E-01	2.11E-02
1619	0.289336413	2.68E-01	3.10E-01	2.11E-02
1620	0.289827585	2.69E-01	3.11E-01	2.11E-02
1621	0.290169924	2.69E-01	3.11E-01	2.11E-02
1622	0.290489554	2.69E-01	3.12E-01	2.11E-02
1623	0.290770948	2.70E-01	3.12E-01	2.11E-02
1624	0.291036725	2.70E-01	3.12E-01	0.021185664
1625	0.2913118	2.70E-01	3.12E-01	2.12E-02
1626	0.291632086	2.70E-01	3.13E-01	2.12E-02
1627	0.291849703	2.71E-01	3.13E-01	2.12E-02
1628	0.292071044	2.71E-01	3.13E-01	2.12E-02
1629	0.292205393	2.71E-01	3.13E-01	2.12E-02
1630	0.292350918	2.71E-01	3.14E-01	2.12E-02
1631	0.292576224	2.71E-01	3.14E-01	2.12E-02
1632	0.292799145	2.72E-01	3.14E-01	2.12E-02
1633	0.292988986	2.72E-01	3.14E-01	2.13E-02
1634	0.293160945	2.72E-01	3.14E-01	2.13E-02
1635	0.293337286	2.72E-01	3.15E-01	2.13E-02
1636	0.293486685	2.72E-01	3.15E-01	2.13E-02
1637	0.293712258	2.72E-01	3.15E-01	2.13E-02
1638	0.293920189	2.73E-01	3.15E-01	2.13E-02
1639	0.294122845	2.73E-01	3.15E-01	2.13E-02
1640	0.29428941	2.73E-01	3.16E-01	0.021357162
1641	0.294551045	2.73E-01	3.16E-01	2.14E-02
1642	0.294833839	2.73E-01	3.16E-01	2.14E-02
1643	0.29497382	2.74E-01	3.16E-01	2.14E-02
1644	0.295053959	2.74E-01	3.16E-01	2.14E-02
1645	0.295090318	2.74E-01	3.16E-01	2.14E-02
1646	0.295084655	2.74E-01	3.16E-01	2.13E-02
1647	0.29507643	2.74E-01	3.16E-01	2.13E-02
1648	0.295069754	2.74E-01	3.16E-01	2.14E-02
1649	0.294910848	2.74E-01	3.16E-01	2.14E-02
1650	0.2947025	2.73E-01	3.16E-01	2.14E-02
1651	0.294434935	2.73E-01	3.16E-01	2.14E-02
1652	0.294165045	2.73E-01	3.16E-01	2.14E-02
1653	0.293755144	2.72E-01	3.15E-01	2.14E-02
1654	0.293366373	2.72E-01	3.15E-01	2.14E-02
1655	0.292886078	2.72E-01	3.14E-01	2.14E-02
1656	0.292376488	2.71E-01	3.14E-01	2.13E-02
1657	0.291798651	2.71E-01	3.13E-01	0.021291634
1658	0.291214168	2.70E-01	3.12E-01	2.12E-02
1659	0.290571332	2.69E-01	3.12E-01	2.12E-02
1660	0.289892673	2.69E-01	3.11E-01	2.12E-02
1661	0.289225519	2.68E-01	3.10E-01	2.11E-02
1662	0.288587958	2.68E-01	3.10E-01	2.10E-02
1663	0.287990242	2.67E-01	3.09E-01	2.10E-02
1664	0.287417173	2.66E-01	3.08E-01	2.10E-02
1665	0.286775291	2.66E-01	3.08E-01	2.10E-02
1666	0.286162019	2.65E-01	3.07E-01	2.09E-02
1667	0.285598427	2.65E-01	3.06E-01	2.08E-02
1668	0.285028726	2.64E-01	3.06E-01	2.08E-02
1669	0.2844598	2.64E-01	3.05E-01	2.08E-02
1670	0.283913165	2.63E-01	3.05E-01	2.07E-02
1671	0.283478945	2.63E-01	3.04E-01	2.08E-02
1672	0.283035666	2.62E-01	3.04E-01	2.08E-02
1673	0.282571912	2.62E-01	3.03E-01	0.020712299
1674	0.282046556	2.61E-01	3.03E-01	2.06E-02
1675	0.281413674	2.61E-01	3.02E-01	2.06E-02
1676	0.280819505	2.60E-01	3.01E-01	2.06E-02
1677	0.280319452	2.60E-01	3.01E-01	0.020554056
1678	0.27984181	2.59E-01	3.00E-01	2.05E-02
1679	0.279466391	2.59E-01	3.00E-01	0.020482499
1680	0.279035449	2.59E-01	2.99E-01	0.020436144
1681	0.278529733	2.58E-01	2.99E-01	2.04E-02
1682	0.277973861	2.58E-01	2.98E-01	2.03E-02
1683	0.277360916	2.57E-01	2.98E-01	2.03E-02
1684	0.276729316	2.56E-01	2.97E-01	2.03E-02
1685	0.276126534	2.56E-01	2.96E-01	2.02E-02
1686	0.275523424	2.55E-01	2.96E-01	2.02E-02
1687	0.274918646	2.55E-01	2.95E-01	2.01E-02
1688	0.27419731	2.54E-01	2.94E-01	2.00E-02
1689	0.273369551	2.53E-01	2.93E-01	2.00E-02
1690	0.272570074	2.53E-01	2.92E-01	1.99E-02
1691	0.271840692	2.52E-01	2.92E-01	1.99E-02
1692	0.271097183	2.51E-01	2.91E-01	1.98E-02
1693	0.270373374	2.51E-01	2.90E-01	1.98E-02
1694	0.269616991	2.50E-01	2.89E-01	1.98E-02
1695	0.268853724	2.49E-01	2.88E-01	1.96E-02
1696	0.268142194	2.49E-01	2.88E-01	0.019570529
1697	0.267443895	2.48E-01	2.87E-01	1.95E-02
1698	0.266683966	2.47E-01	2.86E-01	1.95E-02
1699	0.265905321	2.46E-01	2.85E-01	1.95E-02
1700	0.26510042	2.46E-01	2.85E-01	1.94E-02
1701	0.264325291	2.45E-01	2.84E-01	1.94E-02
1702	0.26351282	2.44E-01	2.83E-01	0.019328361
1703	0.2627092	2.43E-01	2.82E-01	1.93E-02
1704	0.262023062	2.43E-01	2.81E-01	0.019200724
1705	0.261344254	2.42E-01	2.80E-01	1.91E-02
1706	0.260595918	2.42E-01	2.80E-01	0.019093657
1707	0.259775072	2.41E-01	2.79E-01	0.019033445
1708	0.259052694	2.40E-01	2.78E-01	1.90E-02
1709	0.258303225	2.39E-01	2.77E-01	1.89E-02
1710	0.257569879	2.39E-01	2.76E-01	1.89E-02
1711	0.256819874	2.38E-01	2.76E-01	1.89E-02
1712	0.25626421	2.37E-01	2.75E-01	1.89E-02
1713	0.255724639	2.37E-01	2.75E-01	1.88E-02
1714	0.255096525	2.36E-01	2.74E-01	0.018757701
1715	0.254425675	2.36E-01	2.73E-01	1.87E-02
1716	0.253840446	2.35E-01	2.73E-01	1.87E-02
1717	0.253231734	2.35E-01	2.72E-01	1.86E-02
1718	0.25247106	2.34E-01	2.71E-01	1.85E-02
1719	0.251732886	2.33E-01	2.70E-01	1.85E-02
1720	0.251263618	2.33E-01	2.70E-01	1.84E-02
1721	0.250764936	2.32E-01	2.69E-01	1.84E-02
1722	0.250196606	2.32E-01	2.69E-01	1.84E-02
1723	0.249629319	2.31E-01	2.68E-01	1.84E-02
1724	0.249187246	2.31E-01	2.68E-01	1.84E-02
1725	0.24878718	2.30E-01	2.67E-01	1.83E-02
1726	0.248399988	2.30E-01	2.67E-01	1.83E-02
1727	0.248076141	2.30E-01	2.66E-01	1.82E-02
1728	0.247961164	2.30E-01	2.66E-01	1.83E-02
1729	0.247874662	2.30E-01	2.66E-01	0.018298453
1730	0.24791494	2.30E-01	2.66E-01	1.83E-02
1731	0.24805218	2.30E-01	2.66E-01	1.82E-02
1732	0.248381153	2.30E-01	2.67E-01	1.83E-02
1733	0.248733222	2.30E-01	2.67E-01	1.83E-02
1734	0.249083355	2.31E-01	2.67E-01	1.83E-02
1735	0.249530673	2.31E-01	2.68E-01	1.83E-02
1736	0.250028163	2.32E-01	2.68E-01	1.84E-02
1737	0.250452578	2.32E-01	2.69E-01	1.84E-02
1738	0.250803441	2.32E-01	2.69E-01	1.84E-02
1739	0.251171887	2.33E-01	2.70E-01	1.84E-02
1740	0.251525372	2.33E-01	2.70E-01	1.85E-02
1741	0.251865864	2.33E-01	2.70E-01	1.85E-02
1742	0.252217382	2.34E-01	2.71E-01	1.84E-02
1743	0.252393275	2.34E-01	2.71E-01	1.84E-02
1744	0.252468467	2.34E-01	2.71E-01	1.85E-02
1745	0.252577126	2.34E-01	2.71E-01	1.85E-02
1746	0.252691835	2.34E-01	2.71E-01	1.85E-02
1747	0.252684742	2.34E-01	2.71E-01	1.85E-02
1748	0.252662867	2.34E-01	2.71E-01	0.018451877
1749	0.252585679	2.34E-01	2.71E-01	1.84E-02
1750	0.252503514	2.34E-01	2.71E-01	1.84E-02
1751	0.252504677	2.34E-01	2.71E-01	1.84E-02
1752	0.252515405	2.34E-01	2.71E-01	1.84E-02
1753	0.252495438	2.34E-01	2.71E-01	1.84E-02
1754	0.252507329	2.34E-01	2.71E-01	1.84E-02
1755	0.252553821	2.34E-01	2.71E-01	1.83E-02
1756	0.252628922	2.34E-01	2.71E-01	1.83E-02
1757	0.252581269	2.34E-01	2.71E-01	1.83E-02
1758	0.252537817	2.34E-01	2.71E-01	1.84E-02
1759	0.252475858	2.34E-01	2.71E-01	1.84E-02
1760	0.25240007	2.34E-01	2.71E-01	1.84E-02
1761	0.252319872	2.34E-01	2.71E-01	1.83E-02
1762	0.252310872	2.34E-01	2.71E-01	1.82E-02
1763	0.252571702	2.34E-01	2.71E-01	0.01822556
1764	0.252842337	2.35E-01	2.71E-01	1.82E-02
1765	0.253141582	2.35E-01	2.71E-01	1.82E-02
1766	0.253432035	2.35E-01	2.72E-01	1.81E-02
1767	0.253523082	2.35E-01	2.72E-01	0.018194331
1768	0.253651708	2.35E-01	2.72E-01	1.82E-02
1769	0.25398156	2.36E-01	2.72E-01	1.83E-02
1770	0.254248768	2.36E-01	2.73E-01	1.83E-02
1771	0.254318893	2.36E-01	2.73E-01	1.83E-02
1772	0.254452378	2.36E-01	2.73E-01	1.84E-02
1773	0.254703313	2.36E-01	2.73E-01	1.84E-02
1774	0.254932553	2.37E-01	2.73E-01	0.018390903
1775	0.255102098	2.37E-01	2.73E-01	1.84E-02
1776	0.255195469	2.37E-01	2.74E-01	1.83E-02
1777	0.255256683	2.37E-01	2.74E-01	1.83E-02
1778	0.255164862	2.37E-01	2.73E-01	1.83E-02
1779	0.25500989	2.37E-01	2.73E-01	1.83E-02
1780	0.255136907	2.37E-01	2.73E-01	1.82E-02
1781	0.255336851	2.37E-01	2.74E-01	1.82E-02
1782	0.255385935	2.37E-01	2.74E-01	1.83E-02
1783	0.255353868	2.37E-01	2.74E-01	1.84E-02
1784	0.25510186	2.37E-01	2.74E-01	1.84E-02
1785	0.254822731	2.36E-01	2.73E-01	1.85E-02
1786	0.254778236	2.36E-01	2.73E-01	1.84E-02
1787	0.254714638	2.36E-01	2.73E-01	1.84E-02
1788	0.254474878	2.36E-01	2.73E-01	1.83E-02
1789	0.254132092	2.36E-01	2.72E-01	1.82E-02
1790	0.253683537	2.36E-01	2.72E-01	1.80E-02
1791	0.253303945	2.35E-01	2.71E-01	0.017919211
1792	0.253072768	2.35E-01	2.71E-01	1.80E-02
1793	0.252713025	2.35E-01	2.71E-01	1.81E-02
1794	0.252056241	2.34E-01	2.70E-01	1.82E-02
1795	0.25142929	2.33E-01	2.70E-01	1.83E-02
1796	0.251389593	2.33E-01	2.70E-01	1.85E-02
1797	0.251137286	2.33E-01	2.70E-01	1.85E-02
1798	0.250245661	2.32E-01	2.69E-01	1.84E-02
1799	0.249488398	2.31E-01	2.68E-01	1.83E-02
1800	0.249051541	2.31E-01	2.68E-01	1.85E-02
1801	0.221448392	1.94E-01	2.49E-01	2.78E-02
1802	0.22093676	1.97E-01	2.45E-01	2.43E-02
1803	0.22276631	2.00E-01	2.45E-01	2.24E-02
1804	0.224066779	2.01E-01	2.48E-01	2.35E-02
1805	0.222795665	2.01E-01	2.45E-01	2.22E-02
1806	0.222176626	1.97E-01	2.47E-01	2.53E-02
1807	0.228638217	1.98E-01	2.59E-01	3.06E-02
1808	0.233287841	1.98E-01	2.68E-01	3.48E-02
1809	0.226957068	1.88E-01	2.66E-01	3.91E-02
1810	0.214854822	1.62E-01	2.68E-01	5.31E-02
1811	0.202512965	1.37E-01	2.68E-01	6.52E-02
1812	0.184890017	1.24E-01	2.46E-01	6.12E-02
1813	0.164313048	1.07E-01	2.21E-01	5.71E-02
1814	0.150905401	9.29E-02	2.09E-01	5.80E-02
1815	0.144407004	7.93E-02	2.10E-01	0.065100797
1816	0.135245085	6.67E-02	2.04E-01	6.85E-02
1817	0.132717907	4.83E-02	2.17E-01	0.084418923
1818	0.159491733	6.58E-02	2.53E-01	9.37E-02
1819	0.193739742	7.65E-02	3.11E-01	0.117237717
1820	0.193987861	6.30E-02	3.25E-01	0.131003067
1821	0.172232285	6.19E-02	2.83E-01	0.110375516
1822	0.15948531	4.39E-02	2.75E-01	0.11554502
1823	0.154046401	5.88E-03	3.02E-01	0.148162797
1824	0.146755785	-2.35E-02	3.17E-01	0.170211688
1825	0.171986476	-3.35E-02	3.78E-01	0.205524296
1826	0.1947961	-2.26E-02	4.12E-01	0.217432648
1827	0.171460792	-2.83E-02	3.71E-01	0.199781448
1828	0.206970021	-3.40E-02	4.48E-01	0.240961745
1829	0.297314823	-4.65E-03	5.99E-01	0.301963866
1830	0.365156531	-1.55E-02	7.46E-01	0.380636454
1831	0.364616752	-9.55E-02	8.25E-01	0.460072458
1832	0.639739096	-2.32E-01	1.51E+00	0.871802568
1833	0	0.00E+00	0.00E+00	0
1834	0	0.00E+00	0.00E+00	0
1835	0	0.00E+00	0.00E+00	0
1836	45.39810562	-3.76E+01	1.28E+02	82.95879364
1837	19.18206406	-1.46E+01	5.30E+01	33.81599045
1838	13.53119564	-4.78E+00	3.18E+01	18.31232452
1839	1.384426475	-3.95E-01	3.16E+00	1.779663801
1840	0.396378815	-1.78E-01	9.71E-01	0.574697137
1841	0.193730757	-2.90E-02	4.16E-01	0.222746342
1842	0.21315366	-5.48E-02	4.81E-01	0.267972887
1843	0.629266858	5.50E-02	1.20E+00	0.574306607
1844	6.953873634	-2.51E+00	1.64E+01	9.461784363
1845	0	0.00E+00	0.00E+00	0
1846	4.382135391	-9.83E-01	9.75E+00	5.36514473
1847	0.745323122	-9.65E-02	1.59E+00	0.841821611
1848	0.337721318	-1.20E-01	7.95E-01	0.45761919
1849	0.223441586	-1.05E-01	5.52E-01	0.328906447
1850	0.206062824	-1.05E-01	5.17E-01	0.310581177
1851	0.185349613	-2.04E-01	5.75E-01	0.389178962
1852	0.103324085	-3.85E-02	2.45E-01	0.141873568
1853	7.88E-02	-2.72E-02	1.85E-01	0.106015921
1854	0.140636519	-2.99E-02	3.11E-01	0.170539379
1855	0.236315861	-9.32E-02	5.66E-01	0.329565257
1856	0.211805508	-9.87E-02	5.22E-01	0.310522676
1857	0.141360357	-8.58E-02	3.69E-01	0.227164462
1858	0.156401709	-6.93E-02	3.82E-01	0.225688517
1859	0.506738722	-1.69E-01	1.18E+00	0.675290346
1860	4.305065632	-3.37E+00	1.20E+01	7.670519352
1861	0.824771166	-1.24E+00	2.89E+00	2.064077854
1862	0.277352631	-4.14E-01	9.69E-01	0.691311896
1863	0.184907064	-1.82E-01	5.52E-01	0.366994113
1864	0.163464814	-1.27E-01	4.54E-01	0.290790677
1865	0.24922654	-1.44E-01	6.42E-01	0.393205732
1866	0.448228091	-2.57E-01	1.15E+00	0.705583334
1867	0.282888144	-1.58E-01	7.24E-01	0.440945476
1868	0.175641388	-1.69E-01	5.20E-01	0.344247431
1869	0.133873269	-1.25E-01	3.93E-01	0.258885503
1870	0.121798389	-9.91E-02	3.43E-01	0.220905781
1871	0.12224742	-1.04E-01	3.49E-01	0.226555854
1872	0.112518378	-1.14E-01	3.39E-01	0.226875782
1873	0.121704429	-1.51E-01	3.95E-01	0.273151904
1874	0.134646058	-1.24E-01	3.94E-01	0.259041101
1875	0.136211559	-6.80E-02	3.40E-01	0.204191938
1876	0.122939833	-5.04E-02	2.96E-01	0.173317418
1877	0.130445689	-3.09E-02	2.92E-01	0.16130358
1878	0.225140721	-4.77E-02	4.98E-01	0.272822917
1879	0.571339071	-1.12E-01	1.25E+00	0.683181703
1880	0.985695243	-1.87E-01	2.16E+00	1.173017979
1881	0.628608465	-1.63E-01	1.42E+00	0.791903794
1882	0.302603483	-3.16E-01	9.21E-01	0.618255973
1883	0.140971214	-9.32E-02	3.75E-01	0.23419109
1884	0.117826849	-5.94E-02	2.95E-01	0.177186012
1885	0.135521188	-2.46E-03	2.74E-01	0.137983263
1886	0.193912938	-1.50E-02	4.03E-01	0.208895192
1887	0.275675207	-1.19E-01	6.70E-01	0.394615412
1888	0.259854734	-1.43E-01	6.62E-01	0.402621627
1889	0.214330375	-1.68E-01	5.96E-01	0.382145107
1890	0.160989687	-1.13E-01	4.35E-01	0.273667127
1891	0.148208454	-8.24E-02	3.79E-01	0.230592906
1892	0.201724857	-3.04E-02	4.34E-01	0.232160002
1893	0.259884834	-6.72E-02	5.87E-01	0.327131838
1894	0.309606105	7.74E-05	6.19E-01	0.309528708
1895	0.404767931	6.15E-02	7.48E-01	0.343263805
1896	0.234194189	2.14E-02	4.47E-01	0.212755963
1897	0.137316346	-3.06E-02	3.05E-01	0.1679326
1898	0.107733451	-4.18E-02	2.57E-01	0.14954783
1899	8.40E-02	-9.76E-03	1.78E-01	9.38E-02
1900	8.93E-02	-9.19E-02	2.71E-01	0.181212187
1901	0.240783378	-2.87E-01	7.68E-01	0.527378023
1902	0.817505598	-1.26E+00	2.89E+00	2.074863434
1903	1.042150378	-1.25E+00	3.33E+00	2.290404558
1904	2.739603043	-4.43E+00	9.91E+00	7.170927525
1905	0.229177356	-3.62E-01	8.20E-01	0.591237128
1906	6.69E-02	-6.79E-02	2.02E-01	0.134755656
1907	8.28E-02	-2.93E-02	1.95E-01	0.112155713
1908	0.141542763	-5.94E-02	3.43E-01	0.200983465
1909	0.151501447	-7.51E-02	3.78E-01	0.226620808
1910	0.12951003	-5.73E-02	3.16E-01	0.186859697
1911	0.10240984	-1.17E-01	3.22E-01	0.219617561
1912	8.30E-02	-8.47E-02	2.51E-01	0.167662263
1913	6.53E-02	-5.75E-02	1.88E-01	0.122820497
1914	0.172688738	-1.71E-01	5.17E-01	0.344161779
1915	0.406356931	-4.26E-01	1.24E+00	0.832376063
1916	0.180413067	-1.09E-01	4.70E-01	0.28980121
1917	0.107485138	-4.53E-02	2.60E-01	0.152817979
1918	7.39E-02	-2.87E-02	1.77E-01	0.10261897
1919	4.72E-02	-1.75E-02	1.12E-01	6.47E-02
1920	3.37E-02	-1.20E-02	7.94E-02	4.57E-02
1921	4.24E-02	2.62E-03	8.22E-02	3.98E-02
1922	5.12E-02	-2.14E-03	1.05E-01	5.34E-02
1923	5.31E-02	-2.86E-04	1.06E-01	5.33E-02
1924	5.34E-02	-6.62E-03	1.13E-01	6.00E-02
1925	4.26E-02	-6.74E-03	9.19E-02	4.93E-02
1926	3.07E-02	-8.80E-03	7.01E-02	3.95E-02
1927	0.02827956	-6.35E-04	5.72E-02	2.89E-02
1928	0.032470342	5.25E-03	5.97E-02	0.02721997
1929	4.08E-02	5.49E-03	7.61E-02	3.53E-02
1930	5.53E-02	3.92E-03	1.07E-01	5.14E-02
1931	6.66E-02	3.31E-04	1.33E-01	6.63E-02
1932	6.77E-02	1.51E-02	1.20E-01	5.26E-02
1933	6.86E-02	1.58E-02	1.21E-01	5.28E-02
1934	7.17E-02	3.31E-02	1.10E-01	3.86E-02
1935	7.42E-02	4.01E-02	1.08E-01	3.41E-02
1936	7.77E-02	4.74E-02	1.08E-01	3.03E-02
1937	8.12E-02	5.30E-02	1.09E-01	2.82E-02
1938	8.49E-02	5.89E-02	1.11E-01	2.60E-02
1939	8.90E-02	6.26E-02	1.16E-01	2.65E-02
1940	9.30E-02	6.32E-02	1.23E-01	0.029823076
1941	9.74E-02	7.08E-02	1.24E-01	2.66E-02
1942	0.10102839	7.55E-02	1.27E-01	2.55E-02
1943	0.106866509	8.19E-02	1.32E-01	2.50E-02
1944	0.112023965	8.51E-02	1.39E-01	2.70E-02
1945	0.114070103	8.75E-02	1.41E-01	2.66E-02
1946	0.114967689	8.64E-02	1.44E-01	2.86E-02
1947	0.117345817	8.96E-02	1.45E-01	2.78E-02
1948	0.120759569	9.49E-02	1.47E-01	2.59E-02
1949	0.123055473	9.86E-02	1.47E-01	0.024433983
1950	0.1237344	1.02E-01	1.46E-01	2.19E-02
1951	0.124844253	1.04E-01	1.45E-01	2.06E-02
1952	0.12818639	1.10E-01	1.46E-01	1.81E-02
1953	0.13120079	1.14E-01	1.48E-01	0.017237201
1954	0.133858502	1.17E-01	1.50E-01	1.64E-02
1955	0.136200875	1.19E-01	1.54E-01	1.76E-02
1956	0.13871944	1.21E-01	1.56E-01	1.73E-02
1957	0.141028985	1.24E-01	1.59E-01	0.017509414
1958	0.143818215	1.26E-01	1.61E-01	1.73E-02
1959	0.146711648	1.30E-01	1.64E-01	1.69E-02
1960	0.148915187	1.32E-01	1.66E-01	1.70E-02
1961	0.150413051	1.33E-01	1.68E-01	1.75E-02
1962	0.15170303	1.34E-01	1.70E-01	1.81E-02
1963	0.153075397	1.35E-01	1.71E-01	1.76E-02
1964	0.154234797	1.37E-01	1.72E-01	1.73E-02
1965	0.155827537	1.40E-01	1.72E-01	1.58E-02
1966	0.157171041	1.42E-01	1.72E-01	1.47E-02
1967	0.157600731	1.43E-01	1.72E-01	1.44E-02
1968	0.15771395	1.43E-01	1.72E-01	0.014478556
1969	0.158405468	1.44E-01	1.73E-01	1.45E-02
1970	0.159531325	1.45E-01	1.74E-01	1.46E-02
1971	0.160508573	1.46E-01	1.75E-01	1.45E-02
1972	0.161418319	1.47E-01	1.76E-01	1.42E-02
1973	0.162327304	1.48E-01	1.76E-01	1.41E-02
1974	0.163708135	1.50E-01	1.78E-01	0.014186361
1975	0.164960146	1.51E-01	1.79E-01	1.44E-02
1976	0.166333929	1.52E-01	1.81E-01	1.48E-02
1977	0.167671159	1.52E-01	1.83E-01	1.53E-02
1978	0.16848509	1.53E-01	1.84E-01	1.54E-02
1979	0.169070691	1.54E-01	1.84E-01	1.54E-02
1980	0.169621646	1.54E-01	1.85E-01	1.54E-02
1981	0.170082346	1.55E-01	1.85E-01	1.54E-02
1982	0.170666814	1.55E-01	1.86E-01	0.015226113
1983	0.171420425	1.56E-01	1.86E-01	1.50E-02
1984	0.172005519	1.57E-01	1.87E-01	1.48E-02
1985	0.17217581	1.57E-01	1.87E-01	0.01493265
1986	0.172324538	1.57E-01	1.87E-01	1.52E-02
1987	0.172462448	1.57E-01	1.88E-01	1.51E-02
1988	0.172644034	1.58E-01	1.88E-01	1.50E-02
1989	0.173331633	1.58E-01	1.89E-01	1.52E-02
1990	0.174104601	1.59E-01	1.90E-01	1.55E-02
1991	0.174066857	1.59E-01	1.90E-01	1.55E-02
1992	0.173608735	1.58E-01	1.89E-01	1.52E-02
1993	0.173301309	1.58E-01	1.88E-01	0.015084627
1994	0.173140854	1.58E-01	1.88E-01	1.51E-02
1995	0.173133284	1.58E-01	1.88E-01	1.53E-02
1996	0.173100501	1.58E-01	1.88E-01	1.53E-02
1997	0.173018157	1.58E-01	1.88E-01	1.53E-02
1998	0.173354387	1.58E-01	1.89E-01	1.55E-02
1999	0.173937589	1.58E-01	1.90E-01	1.61E-02
2000	0.174147666	1.57E-01	1.91E-01	1.68E-02
2001	0.174239099	1.57E-01	1.92E-01	1.77E-02
2002	0.174406558	1.57E-01	1.92E-01	1.76E-02
2003	0.174472421	1.57E-01	1.92E-01	1.71E-02
2004	0.174507931	1.58E-01	1.91E-01	1.68E-02
2005	0.174678013	1.58E-01	1.92E-01	1.69E-02
2006	0.174884811	1.57E-01	1.92E-01	1.76E-02
2007	0.175321758	1.57E-01	1.93E-01	1.80E-02
2008	0.175654575	1.57E-01	1.94E-01	1.85E-02
2009	0.174898773	1.57E-01	1.92E-01	1.75E-02
2010	0.174105182	1.57E-01	1.91E-01	1.67E-02
2011	0.174239367	1.58E-01	1.90E-01	1.60E-02
2012	0.174501687	1.59E-01	1.90E-01	1.57E-02
2013	0.174562827	1.59E-01	1.90E-01	1.55E-02
2014	0.174726754	1.60E-01	1.90E-01	1.51E-02
2015	0.175198436	1.60E-01	1.90E-01	1.50E-02
2016	0.175534815	1.60E-01	1.91E-01	1.52E-02
2017	0.17557539	1.60E-01	1.91E-01	1.55E-02
2018	0.174874529	1.59E-01	1.90E-01	1.55E-02
2019	0.174238905	1.59E-01	1.90E-01	1.57E-02
2020	0.173979074	1.59E-01	1.89E-01	1.53E-02
2021	0.173771605	1.59E-01	1.89E-01	1.49E-02
2022	0.173158705	1.59E-01	1.88E-01	1.46E-02
2023	0.172501743	1.58E-01	1.87E-01	1.45E-02
2024	0.171730682	1.57E-01	1.87E-01	1.48E-02
2025	0.1711144	1.56E-01	1.86E-01	0.015135302
2026	0.170427442	1.55E-01	1.86E-01	1.53E-02
2027	0.169643238	1.54E-01	1.85E-01	0.015353462
2028	0.168705359	1.53E-01	1.84E-01	1.53E-02
2029	0.167508721	1.52E-01	1.83E-01	0.015335327
2030	0.166477069	1.51E-01	1.82E-01	1.53E-02
2031	0.165873528	1.51E-01	1.81E-01	1.50E-02
2032	0.165256277	1.50E-01	1.80E-01	0.014776275
2033	0.16448316	1.50E-01	1.79E-01	1.48E-02
2034	0.163731351	1.49E-01	1.79E-01	0.014935534
2035	0.163342059	1.48E-01	1.78E-01	1.50E-02
2036	0.162945867	1.48E-01	1.78E-01	1.50E-02
2037	0.16213353	1.47E-01	1.77E-01	1.50E-02
2038	0.161087707	1.46E-01	1.76E-01	1.50E-02
2039	0.159735277	1.45E-01	1.75E-01	1.49E-02
2040	0.15810363	1.43E-01	1.73E-01	0.014914877
2041	0.156729907	1.42E-01	1.72E-01	1.50E-02
2042	0.156061977	1.41E-01	1.71E-01	1.47E-02
2043	0.1553372	1.41E-01	1.70E-01	1.45E-02
2044	0.154641569	1.40E-01	1.69E-01	1.44E-02
2045	0.153899252	1.40E-01	1.68E-01	1.43E-02
2046	0.152624562	1.38E-01	1.67E-01	1.43E-02
2047	0.151171863	1.37E-01	1.65E-01	1.43E-02
2048	0.150200069	1.36E-01	1.65E-01	1.44E-02
2049	0.149409279	1.35E-01	1.64E-01	1.44E-02
2050	0.148752078	1.35E-01	1.63E-01	1.41E-02
2051	0.148225546	1.34E-01	1.62E-01	1.37E-02
2052	0.147509366	1.34E-01	1.61E-01	1.35E-02
2053	0.146640316	1.33E-01	1.60E-01	1.34E-02
2054	0.145777971	1.32E-01	1.59E-01	1.34E-02
2055	0.144806311	1.31E-01	1.58E-01	1.37E-02
2056	0.143813014	1.30E-01	1.58E-01	1.39E-02
2057	0.14324446	1.29E-01	1.57E-01	0.013874464
2058	0.142784506	1.29E-01	1.57E-01	1.38E-02
2059	0.142566726	1.29E-01	1.56E-01	1.36E-02
2060	0.142340541	1.29E-01	1.56E-01	1.36E-02
2061	0.141642377	1.28E-01	1.55E-01	1.35E-02
2062	0.140736505	1.27E-01	1.54E-01	1.35E-02
2063	0.139926463	1.27E-01	1.53E-01	1.33E-02
2064	0.139264017	1.26E-01	1.53E-01	1.33E-02
2065	0.138888776	1.25E-01	1.52E-01	1.35E-02
2066	0.138566747	1.25E-01	1.52E-01	1.38E-02
2067	0.138215646	1.24E-01	1.52E-01	1.40E-02
2068	0.137871042	1.24E-01	1.52E-01	0.0137229
2069	0.137497023	1.24E-01	1.51E-01	1.34E-02
2070	0.137022108	1.24E-01	1.50E-01	1.32E-02
2071	0.13652344	1.23E-01	1.50E-01	0.01305406
2072	0.136010617	1.23E-01	1.49E-01	1.29E-02
2073	0.13554655	1.23E-01	1.48E-01	1.28E-02
2074	0.135180324	1.22E-01	1.48E-01	1.27E-02
2075	0.134771839	1.22E-01	1.47E-01	1.26E-02
2076	0.134272024	1.21E-01	1.47E-01	1.28E-02
2077	0.13392356	1.21E-01	1.47E-01	1.32E-02
2078	0.133722439	1.20E-01	1.47E-01	1.33E-02
2079	0.133509099	1.20E-01	1.47E-01	0.01334865
2080	0.133297801	1.20E-01	1.47E-01	1.35E-02
2081	0.133260056	1.20E-01	1.47E-01	1.35E-02
2082	0.133144304	1.20E-01	1.47E-01	1.35E-02
2083	0.132780328	1.20E-01	1.46E-01	1.32E-02
2084	0.132430613	1.19E-01	1.45E-01	1.30E-02
2085	0.131843567	1.19E-01	1.45E-01	1.29E-02
2086	0.13115266	1.18E-01	1.44E-01	1.27E-02
2087	0.130740121	1.18E-01	1.43E-01	1.26E-02
2088	0.130356193	1.18E-01	1.43E-01	1.26E-02
2089	0.129994735	1.17E-01	1.43E-01	0.012548903
2090	0.129740298	1.17E-01	1.42E-01	1.24E-02
2091	0.129582509	1.17E-01	1.42E-01	1.24E-02
2092	0.129519999	1.17E-01	1.42E-01	1.25E-02
2093	0.129433066	1.17E-01	1.42E-01	1.25E-02
2094	0.129260272	1.17E-01	1.42E-01	1.26E-02
2095	0.129162386	1.17E-01	1.42E-01	1.26E-02
2096	0.129093125	1.17E-01	1.41E-01	1.23E-02
2097	0.128941447	1.17E-01	1.41E-01	1.21E-02
2098	0.128851622	1.17E-01	1.41E-01	1.22E-02
2099	0.128854036	1.17E-01	1.41E-01	1.23E-02
2100	0.128841624	1.16E-01	1.41E-01	1.25E-02
2101	0.128710791	1.16E-01	1.41E-01	1.27E-02
2102	0.128537029	1.16E-01	1.41E-01	1.26E-02
2103	0.128405914	1.16E-01	1.41E-01	1.25E-02
2104	0.128218174	1.16E-01	1.41E-01	1.25E-02
2105	0.127951041	1.16E-01	1.40E-01	1.24E-02
2106	0.127670005	1.15E-01	1.40E-01	1.24E-02
2107	0.127435803	1.15E-01	1.40E-01	1.24E-02
2108	0.127050236	1.15E-01	1.39E-01	1.23E-02
2109	0.126766264	1.14E-01	1.39E-01	1.23E-02
2110	0.126634106	1.14E-01	1.39E-01	1.22E-02
2111	0.126759008	1.15E-01	1.39E-01	1.22E-02
2112	0.126932099	1.15E-01	1.39E-01	1.21E-02
2113	0.127229869	1.15E-01	1.39E-01	1.20E-02
2114	0.127495795	1.15E-01	1.40E-01	1.21E-02
2115	0.127303854	1.15E-01	1.40E-01	1.22E-02
2116	0.127034009	1.15E-01	1.39E-01	0.012309143
2117	0.126995355	1.15E-01	1.39E-01	1.24E-02
2118	0.127065063	1.15E-01	1.40E-01	1.25E-02
2119	0.127102479	1.15E-01	1.40E-01	1.25E-02
2120	0.127164811	1.15E-01	1.40E-01	1.26E-02
2121	0.127275407	1.15E-01	1.40E-01	1.25E-02
2122	0.127195105	1.15E-01	1.40E-01	1.24E-02
2123	0.127064854	1.15E-01	1.40E-01	0.012443989
2124	0.127190426	1.15E-01	1.40E-01	1.26E-02
2125	0.127357453	1.15E-01	1.40E-01	1.27E-02
2126	0.127348095	1.15E-01	1.40E-01	1.27E-02
2127	0.127279103	1.15E-01	1.40E-01	1.27E-02
2128	0.127247944	1.15E-01	1.40E-01	1.25E-02
2129	0.127226874	1.15E-01	1.40E-01	1.24E-02
2130	0.12735647	1.15E-01	1.40E-01	1.23E-02
2131	0.127597764	1.15E-01	1.40E-01	1.21E-02
2132	0.127750412	1.15E-01	1.40E-01	1.24E-02
2133	0.12789385	1.15E-01	1.41E-01	1.28E-02
2134	0.127994806	1.15E-01	1.41E-01	1.28E-02
2135	0.128061563	1.15E-01	1.41E-01	1.26E-02
2136	0.128300294	1.16E-01	1.41E-01	1.25E-02
2137	0.128444269	1.16E-01	1.41E-01	1.25E-02
2138	0.128471479	1.16E-01	1.41E-01	1.25E-02
2139	0.128538132	1.16E-01	1.41E-01	0.01241105
2140	0.128635138	1.16E-01	1.41E-01	1.25E-02
2141	0.128842339	1.16E-01	1.41E-01	1.25E-02
2142	0.129011154	1.16E-01	1.42E-01	1.26E-02
2143	0.129028738	1.16E-01	1.42E-01	1.26E-02
2144	0.129039511	1.16E-01	1.42E-01	1.26E-02
2145	0.129178822	1.17E-01	1.42E-01	1.24E-02
2146	0.129347146	1.17E-01	1.42E-01	1.22E-02
2147	0.129454941	1.17E-01	1.42E-01	1.22E-02
2148	0.129709795	1.17E-01	1.42E-01	1.23E-02
2149	0.130067378	1.18E-01	1.42E-01	1.23E-02
2150	0.130414501	1.18E-01	1.43E-01	1.23E-02
2151	0.130919397	1.19E-01	1.43E-01	1.22E-02
2152	0.131432936	1.19E-01	1.44E-01	1.22E-02
2153	0.131923556	1.20E-01	1.44E-01	1.23E-02
2154	0.132601738	1.20E-01	1.45E-01	1.23E-02
2155	0.133247301	1.21E-01	1.46E-01	1.23E-02
2156	0.133494824	1.21E-01	1.46E-01	1.24E-02
2157	0.133635566	1.21E-01	1.46E-01	1.25E-02
2158	0.133673519	1.21E-01	1.46E-01	1.23E-02
2159	0.13378872	1.22E-01	1.46E-01	1.23E-02
2160	0.134058937	1.22E-01	1.47E-01	0.012495719
2161	0.134347141	1.22E-01	1.47E-01	1.28E-02
2162	0.134884879	1.22E-01	1.48E-01	0.01284873
2163	0.135418341	1.23E-01	1.48E-01	1.28E-02
2164	0.135843366	1.23E-01	1.49E-01	1.28E-02
2165	0.136289328	1.23E-01	1.49E-01	1.30E-02
2166	0.136669084	1.24E-01	1.50E-01	1.31E-02
2167	0.136872381	1.24E-01	1.50E-01	1.30E-02
2168	0.137236163	1.24E-01	1.50E-01	0.013008052
2169	0.137797877	1.25E-01	1.51E-01	1.29E-02
2170	0.138256431	1.25E-01	1.51E-01	0.01302967
2171	0.138670325	1.25E-01	1.52E-01	1.34E-02
2172	0.139075413	1.25E-01	1.53E-01	1.38E-02
2173	0.139330298	1.26E-01	1.53E-01	1.37E-02
2174	0.139542803	1.26E-01	1.53E-01	1.36E-02
2175	0.139962763	1.27E-01	1.53E-01	1.34E-02
2176	0.140479535	1.27E-01	1.54E-01	1.32E-02
2177	0.140682787	1.28E-01	1.54E-01	1.31E-02
2178	0.14072746	1.28E-01	1.54E-01	1.32E-02
2179	0.140877366	1.27E-01	1.54E-01	1.35E-02
2180	0.141056731	1.27E-01	1.55E-01	1.37E-02
2181	0.141428694	1.28E-01	1.55E-01	1.36E-02
2182	0.141910821	1.28E-01	1.55E-01	1.36E-02
2183	0.142385602	1.29E-01	1.56E-01	1.36E-02
2184	0.14271307	1.29E-01	1.56E-01	1.34E-02
2185	0.142960146	1.29E-01	1.57E-01	1.36E-02
2186	0.143166333	1.29E-01	1.57E-01	1.40E-02
2187	0.143328428	1.29E-01	1.57E-01	1.40E-02
2188	0.143475592	1.30E-01	1.57E-01	1.40E-02
2189	0.143698499	1.30E-01	1.58E-01	1.39E-02
2190	0.144236863	1.31E-01	1.58E-01	1.36E-02
2191	0.144809619	1.31E-01	1.58E-01	1.34E-02
2192	0.145130485	1.32E-01	1.59E-01	1.34E-02
2193	0.145449862	1.32E-01	1.59E-01	1.36E-02
2194	0.145847738	1.32E-01	1.60E-01	1.39E-02
2195	0.146184638	1.32E-01	1.60E-01	1.42E-02
2196	0.146313056	1.32E-01	1.61E-01	1.44E-02
2197	0.146525204	1.32E-01	1.61E-01	1.46E-02
2198	0.147123933	1.33E-01	1.62E-01	1.44E-02
2199	0.147765845	1.34E-01	1.62E-01	1.40E-02
2200	0.148031175	1.34E-01	1.62E-01	1.39E-02
2201	0.148295149	1.35E-01	1.62E-01	1.38E-02
2202	0.148575842	1.35E-01	1.62E-01	1.38E-02
2203	0.148731813	1.35E-01	1.63E-01	1.39E-02
2204	0.148800164	1.35E-01	1.63E-01	1.39E-02
2205	0.148980215	1.35E-01	1.63E-01	1.37E-02
2206	0.149397671	1.36E-01	1.63E-01	0.013801129
2207	0.150054216	1.36E-01	1.64E-01	1.39E-02
2208	0.150575131	1.37E-01	1.64E-01	1.38E-02
2209	0.150681064	1.37E-01	1.64E-01	1.38E-02
2210	0.15065597	1.37E-01	1.64E-01	1.38E-02
2211	0.150271147	1.36E-01	1.64E-01	1.41E-02
2212	0.149882734	1.36E-01	1.64E-01	1.43E-02
2213	0.149940223	1.36E-01	1.64E-01	1.42E-02
2214	0.150133982	1.36E-01	1.64E-01	1.41E-02
2215	0.150437832	1.36E-01	1.64E-01	1.40E-02
2216	0.150734141	1.37E-01	1.65E-01	1.40E-02
2217	0.150771573	1.37E-01	1.65E-01	0.014022627
2218	0.150692523	1.37E-01	1.65E-01	1.42E-02
2219	0.150353402	1.36E-01	1.65E-01	1.42E-02
2220	0.150148451	1.36E-01	1.65E-01	1.44E-02
2221	0.150182053	1.36E-01	1.65E-01	1.44E-02
2222	0.15004003	1.36E-01	1.64E-01	1.43E-02
2223	0.149787813	1.36E-01	1.64E-01	0.014013578
2224	0.149357408	1.36E-01	1.63E-01	1.37E-02
2225	0.148840398	1.35E-01	1.62E-01	1.36E-02
2226	0.148550987	1.35E-01	1.62E-01	0.013418305
2227	0.1483621	1.35E-01	1.62E-01	1.35E-02
2228	0.148166776	1.35E-01	1.62E-01	1.35E-02
2229	0.14790076	1.34E-01	1.61E-01	1.34E-02
2230	0.147362769	1.34E-01	1.61E-01	1.32E-02
2231	0.146689102	1.34E-01	1.60E-01	1.31E-02
2232	0.145883635	1.33E-01	1.59E-01	1.32E-02
2233	0.145163536	1.32E-01	1.58E-01	1.32E-02
2234	0.144519612	1.32E-01	1.58E-01	1.30E-02
2235	0.14387165	1.31E-01	1.57E-01	1.28E-02
2236	0.143243551	1.31E-01	1.56E-01	1.27E-02
2237	0.142591193	1.30E-01	1.55E-01	1.27E-02
2238	0.141685069	1.29E-01	1.54E-01	1.28E-02
2239	0.140629992	1.28E-01	1.54E-01	1.30E-02
2240	0.139367118	1.26E-01	1.52E-01	1.30E-02
2241	0.138092265	1.25E-01	1.51E-01	1.28E-02
2242	0.137012243	1.25E-01	1.50E-01	1.25E-02
2243	0.136117175	1.24E-01	1.48E-01	1.22E-02
2244	0.135091037	1.23E-01	1.47E-01	1.20E-02
2245	0.134002447	1.22E-01	1.46E-01	1.18E-02
2246	0.13290225	1.21E-01	1.45E-01	1.16E-02
2247	0.131666929	1.20E-01	1.43E-01	1.14E-02
2248	0.130657777	1.19E-01	1.42E-01	1.13E-02
2249	0.129965559	1.19E-01	1.41E-01	1.13E-02
2250	0.129133642	1.18E-01	1.40E-01	1.12E-02
2251	0.128132939	1.17E-01	1.40E-01	0.01138707
2252	0.127098009	1.15E-01	1.39E-01	1.16E-02
2253	0.125980467	1.14E-01	1.38E-01	1.17E-02
2254	0.124925941	1.13E-01	1.37E-01	1.17E-02
2255	0.123786695	1.12E-01	1.35E-01	0.011371742
2256	0.122484334	1.12E-01	1.33E-01	1.10E-02
2257	0.121013649	1.10E-01	1.32E-01	1.09E-02
2258	0.119618647	1.09E-01	1.31E-01	1.10E-02
2259	0.118384749	1.08E-01	1.29E-01	1.08E-02
2260	0.117178395	1.06E-01	1.28E-01	1.07E-02
2261	0.11626488	1.06E-01	1.27E-01	0.010756267
2262	0.115354694	1.04E-01	1.26E-01	1.09E-02
2263	0.114624269	1.04E-01	1.26E-01	0.01101141
2264	0.114143312	1.03E-01	1.25E-01	1.10E-02
2265	0.113660812	1.03E-01	1.25E-01	1.09E-02
2266	0.113239303	1.03E-01	1.24E-01	1.07E-02
2267	0.112640455	1.02E-01	1.23E-01	1.04E-02
2268	0.111802243	1.02E-01	1.22E-01	1.02E-02
2269	0.110982753	1.01E-01	1.21E-01	9.88E-03
2270	0.110067144	1.00E-01	1.20E-01	9.72E-03
2271	0.109265149	9.94E-02	1.19E-01	9.88E-03
2272	0.108598486	9.85E-02	1.19E-01	1.01E-02
2273	0.108035021	9.78E-02	1.18E-01	1.03E-02
2274	0.10770113	9.74E-02	1.18E-01	1.03E-02
2275	0.107448414	9.71E-02	1.18E-01	1.03E-02
2276	0.107498884	9.70E-02	1.18E-01	1.05E-02
2277	0.107494824	9.69E-02	1.18E-01	1.06E-02
2278	0.107100792	9.68E-02	1.17E-01	1.03E-02
2279	0.106610022	9.65E-02	1.17E-01	1.01E-02
2280	0.106038444	9.65E-02	1.16E-01	9.59E-03
2281	0.105548151	9.65E-02	1.15E-01	9.06E-03
2282	0.105447881	9.67E-02	1.14E-01	8.73E-03
2283	0.10540279	9.69E-02	1.14E-01	8.55E-03
2284	0.105187252	9.65E-02	1.14E-01	8.69E-03
2285	0.104959533	9.61E-02	1.14E-01	8.89E-03
2286	0.105078086	9.62E-02	1.14E-01	8.87E-03
2287	0.105085313	9.63E-02	1.14E-01	8.81E-03
2288	0.10493461	9.62E-02	1.14E-01	8.77E-03
2289	0.104703888	9.60E-02	1.13E-01	0.008685527
2290	0.104162827	9.57E-02	1.13E-01	8.42E-03
2291	0.103424452	9.54E-02	1.11E-01	7.99E-03
2292	0.102779657	9.49E-02	1.11E-01	7.90E-03
2293	0.102295242	9.38E-02	1.11E-01	8.45E-03
2294	0.10180372	9.29E-02	1.11E-01	8.86E-03
2295	0.101445287	9.24E-02	1.10E-01	9.02E-03
2296	0.101097047	9.18E-02	1.10E-01	9.33E-03
2297	0.100713961	9.12E-02	1.10E-01	9.47E-03
2298	0.100163527	9.06E-02	1.10E-01	9.57E-03
2299	9.95E-02	8.99E-02	1.09E-01	9.52E-03
2300	9.88E-02	8.92E-02	1.08E-01	9.58E-03
2301	9.79E-02	8.82E-02	1.08E-01	9.74E-03
2302	9.72E-02	8.73E-02	1.07E-01	9.89E-03
2303	9.71E-02	8.72E-02	1.07E-01	9.89E-03
2304	9.70E-02	8.71E-02	1.07E-01	9.88E-03
2305	9.69E-02	8.73E-02	1.07E-01	9.60E-03
2306	9.68E-02	8.75E-02	1.06E-01	9.27E-03
2307	9.65E-02	8.76E-02	1.06E-01	8.97E-03
2308	9.64E-02	8.76E-02	1.05E-01	8.73E-03
2309	9.63E-02	8.76E-02	1.05E-01	8.77E-03
2310	9.64E-02	8.75E-02	1.05E-01	8.94E-03
2311	9.65E-02	8.73E-02	1.06E-01	9.16E-03
2312	9.63E-02	8.69E-02	1.06E-01	9.40E-03
2313	9.65E-02	8.71E-02	1.06E-01	0.00943327
2314	9.72E-02	8.78E-02	1.07E-01	9.39E-03
2315	9.74E-02	8.81E-02	1.07E-01	9.36E-03
2316	9.75E-02	8.81E-02	1.07E-01	9.34E-03
2317	9.77E-02	8.85E-02	1.07E-01	9.20E-03
2318	9.79E-02	8.89E-02	1.07E-01	8.98E-03
2319	9.84E-02	8.96E-02	1.07E-01	8.78E-03
2320	9.88E-02	9.02E-02	1.07E-01	8.53E-03
2321	9.91E-02	9.06E-02	1.08E-01	8.45E-03
2322	9.91E-02	9.06E-02	1.08E-01	8.55E-03
2323	9.95E-02	9.07E-02	1.08E-01	8.77E-03
2324	0.100127473	9.12E-02	1.09E-01	8.96E-03
2325	0.10055621	9.16E-02	1.10E-01	8.99E-03
2326	0.100782372	9.20E-02	1.10E-01	8.79E-03
2327	0.100805953	9.21E-02	1.10E-01	8.72E-03
2328	0.100145802	9.16E-02	1.09E-01	8.56E-03
2329	9.94E-02	9.08E-02	1.08E-01	8.62E-03
2330	9.87E-02	8.95E-02	1.08E-01	9.20E-03
2331	9.80E-02	8.84E-02	1.08E-01	9.66E-03
2332	9.79E-02	8.85E-02	1.07E-01	9.39E-03
2333	9.78E-02	8.87E-02	1.07E-01	9.08E-03
2334	9.78E-02	8.91E-02	1.06E-01	8.62E-03
2335	9.76E-02	8.93E-02	1.06E-01	8.36E-03
2336	9.74E-02	8.89E-02	1.06E-01	8.45E-03
2337	9.71E-02	8.85E-02	1.06E-01	8.63E-03
2338	9.67E-02	8.80E-02	1.05E-01	8.63E-03
2339	9.61E-02	8.75E-02	1.05E-01	8.66E-03
2340	9.58E-02	8.72E-02	1.04E-01	8.58E-03
2341	9.55E-02	8.71E-02	1.04E-01	8.38E-03
2342	9.54E-02	8.73E-02	1.03E-01	8.04E-03
2343	9.55E-02	8.77E-02	1.03E-01	7.78E-03
2344	9.53E-02	8.72E-02	1.03E-01	8.17E-03
2345	9.48E-02	8.58E-02	1.04E-01	9.03E-03
2346	9.47E-02	8.51E-02	1.04E-01	9.55E-03
2347	9.45E-02	8.47E-02	1.04E-01	9.80E-03
2348	9.45E-02	8.49E-02	1.04E-01	9.62E-03
2349	9.42E-02	8.50E-02	1.03E-01	9.21E-03
2350	9.38E-02	8.49E-02	1.03E-01	8.87E-03
2351	9.42E-02	8.55E-02	1.03E-01	8.66E-03
2352	0.094909668	8.61E-02	1.04E-01	8.78E-03
2353	0.095490001	8.67E-02	1.04E-01	8.79E-03
2354	9.57E-02	8.70E-02	1.04E-01	8.71E-03
2355	9.56E-02	8.73E-02	1.04E-01	8.34E-03
2356	9.54E-02	8.73E-02	1.04E-01	8.15E-03
2357	9.55E-02	8.73E-02	1.04E-01	8.20E-03
2358	9.55E-02	8.71E-02	1.04E-01	8.41E-03
2359	9.60E-02	8.73E-02	1.05E-01	8.70E-03
2360	0.09668126	8.80E-02	1.05E-01	8.71E-03
2361	9.70E-02	8.84E-02	1.05E-01	8.50E-03
2362	9.69E-02	8.83E-02	1.06E-01	8.65E-03
2363	9.66E-02	8.76E-02	1.05E-01	8.93E-03
2364	9.64E-02	8.72E-02	1.06E-01	9.16E-03
2365	9.67E-02	8.80E-02	1.05E-01	8.70E-03
2366	9.68E-02	8.83E-02	1.05E-01	8.45E-03
2367	9.61E-02	8.74E-02	1.05E-01	8.74E-03
2368	0.095550574	8.65E-02	1.05E-01	9.05E-03
2369	9.55E-02	8.66E-02	1.04E-01	8.89E-03
2370	0.095474474	8.66E-02	1.04E-01	8.85E-03
2371	9.53E-02	8.61E-02	1.05E-01	9.25E-03
2372	9.52E-02	8.53E-02	1.05E-01	9.89E-03
2373	9.50E-02	8.57E-02	1.04E-01	9.32E-03
2374	9.48E-02	8.59E-02	1.04E-01	8.84E-03
2375	9.44E-02	8.64E-02	1.02E-01	8.02E-03
2376	9.42E-02	8.66E-02	1.02E-01	7.53E-03
2377	9.41E-02	8.58E-02	1.02E-01	8.24E-03
2378	9.39E-02	8.47E-02	1.03E-01	9.17E-03
2379	9.37E-02	8.42E-02	1.03E-01	9.53E-03
2380	9.37E-02	8.41E-02	1.03E-01	9.67E-03
2381	9.41E-02	8.51E-02	1.03E-01	8.99E-03
2382	0.094312996	8.60E-02	1.03E-01	8.31E-03
2383	9.41E-02	8.57E-02	1.03E-01	8.44E-03
2384	9.37E-02	8.43E-02	1.03E-01	9.41E-03
2385	9.37E-02	8.36E-02	1.04E-01	1.01E-02
2386	9.37E-02	8.35E-02	1.04E-01	1.02E-02
2387	9.35E-02	8.35E-02	1.03E-01	1.00E-02
2388	9.28E-02	8.29E-02	1.03E-01	9.91E-03
2389	9.26E-02	8.27E-02	1.02E-01	9.86E-03
2390	9.29E-02	8.30E-02	1.03E-01	9.98E-03
2391	9.34E-02	8.32E-02	1.04E-01	1.02E-02
2392	9.42E-02	8.43E-02	1.04E-01	9.87E-03
2393	9.47E-02	8.53E-02	1.04E-01	9.44E-03
2394	9.42E-02	8.54E-02	1.03E-01	8.80E-03
2395	0.093960129	8.52E-02	1.03E-01	8.75E-03
2396	9.46E-02	8.57E-02	1.03E-01	8.81E-03
2397	9.45E-02	8.54E-02	1.04E-01	9.12E-03
2398	9.42E-02	8.46E-02	1.04E-01	9.60E-03
2399	9.38E-02	8.37E-02	1.04E-01	1.01E-02
2400	0.092289962	8.32E-02	1.01E-01	9.12E-03
2401	9.11E-02	8.26E-02	9.95E-02	8.46E-03
2402	9.09E-02	8.27E-02	9.92E-02	8.25E-03
2403	9.05E-02	8.20E-02	9.90E-02	8.51E-03
2404	0.090287484	8.23E-02	9.83E-02	7.97E-03
2405	9.02E-02	8.24E-02	9.80E-02	7.77E-03
2406	8.97E-02	8.12E-02	9.82E-02	8.50E-03
2407	8.90E-02	7.95E-02	9.86E-02	9.54E-03
2408	8.93E-02	7.93E-02	9.92E-02	9.97E-03
2409	8.97E-02	7.91E-02	1.00E-01	1.06E-02
2410	0.089144155	7.83E-02	1.00E-01	0.01082655
2411	8.81E-02	7.67E-02	9.94E-02	1.14E-02
2412	8.62E-02	7.46E-02	9.79E-02	1.16E-02
2413	0.084579811	7.24E-02	9.67E-02	1.21E-02
2414	8.53E-02	7.41E-02	9.65E-02	1.12E-02
2415	8.64E-02	7.58E-02	9.70E-02	1.06E-02
2416	8.52E-02	7.53E-02	9.51E-02	9.91E-03
2417	8.36E-02	7.38E-02	9.34E-02	9.79E-03
2418	0.082277812	7.30E-02	9.16E-02	9.32E-03
2419	8.10E-02	7.17E-02	9.03E-02	9.27E-03
2420	8.25E-02	7.37E-02	9.13E-02	8.81E-03
2421	8.51E-02	7.57E-02	9.45E-02	9.39E-03
2422	8.63E-02	7.68E-02	9.59E-02	9.55E-03
2423	8.68E-02	7.69E-02	9.67E-02	9.91E-03
2424	8.67E-02	7.69E-02	9.65E-02	9.81E-03
2425	8.65E-02	7.65E-02	9.64E-02	9.98E-03
2426	8.61E-02	7.60E-02	9.61E-02	1.01E-02
2427	8.53E-02	7.47E-02	9.60E-02	1.07E-02
2428	8.50E-02	7.36E-02	9.63E-02	1.14E-02
2429	8.47E-02	7.24E-02	9.70E-02	0.012278413
2430	8.36E-02	7.18E-02	9.53E-02	1.18E-02
2431	8.25E-02	7.12E-02	9.39E-02	1.14E-02
2432	8.19E-02	7.16E-02	9.22E-02	1.03E-02
2433	8.10E-02	7.08E-02	9.12E-02	1.02E-02
2434	7.96E-02	6.76E-02	9.15E-02	1.20E-02
2435	7.82E-02	6.47E-02	9.17E-02	1.35E-02
2436	7.64E-02	6.36E-02	8.91E-02	1.27E-02
2437	7.52E-02	6.31E-02	8.72E-02	1.21E-02
2438	7.37E-02	6.24E-02	8.49E-02	1.12E-02
2439	7.16E-02	5.96E-02	8.37E-02	1.21E-02
2440	7.12E-02	5.88E-02	8.35E-02	1.23E-02
2441	7.08E-02	5.91E-02	8.24E-02	1.17E-02
2442	6.87E-02	5.60E-02	8.14E-02	1.27E-02
2443	0.066857323	5.20E-02	8.18E-02	0.01489676
2444	6.67E-02	5.13E-02	8.20E-02	1.53E-02
2445	6.78E-02	5.26E-02	8.30E-02	1.52E-02
2446	6.86E-02	5.27E-02	8.44E-02	1.58E-02
2447	0.067091703	5.19E-02	8.23E-02	1.52E-02
2448	6.30E-02	4.93E-02	7.66E-02	1.36E-02
2449	5.73E-02	4.39E-02	7.06E-02	1.33E-02
2450	5.42E-02	3.89E-02	6.95E-02	0.015297026
2451	0.05491202	3.69E-02	7.30E-02	1.81E-02
2452	5.56E-02	3.57E-02	7.56E-02	1.99E-02
2453	5.72E-02	3.77E-02	7.66E-02	1.95E-02
2454	0.057896476	3.93E-02	7.65E-02	1.86E-02
2455	5.77E-02	4.25E-02	7.29E-02	1.52E-02
2456	5.83E-02	4.53E-02	7.13E-02	1.30E-02
2457	6.01E-02	4.87E-02	7.15E-02	1.14E-02
2458	6.20E-02	5.02E-02	7.38E-02	1.18E-02
2459	6.14E-02	4.87E-02	7.41E-02	1.27E-02
2460	6.02E-02	4.50E-02	7.54E-02	1.52E-02
2461	5.93E-02	4.42E-02	7.43E-02	1.50E-02
2462	5.80E-02	4.10E-02	7.50E-02	1.70E-02
2463	5.93E-02	4.07E-02	7.78E-02	0.018532345
2464	6.04E-02	4.03E-02	8.06E-02	2.01E-02
2465	5.65E-02	3.84E-02	7.46E-02	1.81E-02
2466	5.22E-02	3.56E-02	6.88E-02	1.66E-02
2467	4.87E-02	3.57E-02	6.18E-02	1.30E-02
2468	4.57E-02	3.38E-02	5.76E-02	1.19E-02
2469	4.56E-02	3.08E-02	6.05E-02	1.49E-02
2470	4.57E-02	2.59E-02	6.56E-02	1.98E-02
2471	4.62E-02	2.29E-02	6.94E-02	2.32E-02
2472	4.73E-02	2.14E-02	7.32E-02	2.59E-02
2473	4.62E-02	2.37E-02	6.87E-02	2.25E-02
2474	4.42E-02	2.14E-02	6.69E-02	2.28E-02
2475	4.12E-02	1.71E-02	6.54E-02	2.41E-02
2476	0.035808653	9.60E-03	6.20E-02	2.62E-02
2477	2.95E-02	5.01E-03	5.40E-02	2.45E-02
2478	0.024915712	4.71E-05	4.98E-02	2.49E-02
2479	2.69E-02	4.39E-03	4.94E-02	2.25E-02
2480	2.99E-02	6.28E-03	5.36E-02	2.37E-02
2481	3.35E-02	7.14E-03	5.99E-02	2.64E-02
2482	3.92E-02	2.15E-03	7.62E-02	3.70E-02
2483	4.04E-02	6.71E-03	7.41E-02	3.37E-02
2484	3.73E-02	-1.77E-03	7.64E-02	3.91E-02
2485	3.67E-02	8.31E-05	7.33E-02	3.66E-02
2486	4.13E-02	-1.33E-02	9.59E-02	5.46E-02
2487	5.14E-02	-1.40E-02	1.17E-01	6.53E-02
2488	6.38E-02	-2.33E-02	1.51E-01	8.71E-02
2489	6.70E-02	-2.74E-02	1.61E-01	9.44E-02
2490	6.18E-02	-1.54E-02	1.39E-01	0.077193409
2491	5.37E-02	1.58E-03	1.06E-01	5.21E-02
2492	4.73E-02	-5.66E-03	1.00E-01	5.30E-02
2493	4.60E-02	3.59E-03	8.84E-02	4.24E-02
2494	5.01E-02	-7.40E-03	1.08E-01	5.75E-02
2495	5.70E-02	-1.64E-02	1.30E-01	7.34E-02
2496	6.11E-02	-2.45E-02	1.47E-01	8.56E-02
2497	7.28E-02	-2.58E-02	1.71E-01	9.86E-02
2498	8.52E-02	-3.22E-02	2.03E-01	0.11743287
2499	7.94E-02	-2.66E-02	1.85E-01	0.106016427
2500	0.072262354	-2.66E-02	1.71E-01	9.89E-02
