Wavelength	woodstrw.mn	std-	std+	woodstrw.st
350	7.91E-02	6.03E-02	9.78E-02	1.87E-02
351	7.90E-02	6.02E-02	9.78E-02	1.88E-02
352	7.90E-02	6.03E-02	9.76E-02	1.86E-02
353	7.91E-02	6.05E-02	9.76E-02	1.86E-02
354	0.079186887	6.07E-02	9.77E-02	1.85E-02
355	7.93E-02	6.09E-02	9.77E-02	1.84E-02
356	7.90E-02	6.06E-02	9.73E-02	1.84E-02
357	7.89E-02	6.06E-02	9.72E-02	1.83E-02
358	7.89E-02	6.08E-02	9.71E-02	1.82E-02
359	7.91E-02	6.09E-02	9.74E-02	1.82E-02
360	7.90E-02	6.08E-02	9.73E-02	1.82E-02
361	7.89E-02	6.06E-02	9.72E-02	1.83E-02
362	7.90E-02	6.06E-02	9.74E-02	1.84E-02
363	7.91E-02	6.06E-02	9.76E-02	1.85E-02
364	0.07919158	6.06E-02	9.77E-02	1.85E-02
365	7.92E-02	6.07E-02	9.77E-02	1.85E-02
366	7.93E-02	6.08E-02	9.77E-02	1.85E-02
367	7.92E-02	6.08E-02	9.76E-02	1.84E-02
368	7.91E-02	6.06E-02	9.75E-02	1.84E-02
369	7.92E-02	6.09E-02	9.76E-02	1.84E-02
370	7.92E-02	6.10E-02	9.75E-02	1.83E-02
371	7.92E-02	6.10E-02	9.74E-02	1.82E-02
372	7.91E-02	6.09E-02	9.74E-02	1.82E-02
373	7.90E-02	6.08E-02	9.73E-02	1.82E-02
374	0.079156868	6.09E-02	9.74E-02	1.83E-02
375	7.95E-02	6.11E-02	9.79E-02	1.84E-02
376	7.97E-02	6.12E-02	9.82E-02	1.85E-02
377	7.98E-02	6.12E-02	9.84E-02	1.86E-02
378	8.00E-02	6.14E-02	9.86E-02	1.86E-02
379	8.00E-02	6.14E-02	9.86E-02	1.86E-02
380	8.01E-02	6.15E-02	9.88E-02	1.86E-02
381	8.01E-02	6.15E-02	9.87E-02	1.86E-02
382	0.079707995	6.11E-02	9.83E-02	1.86E-02
383	8.01E-02	6.16E-02	9.87E-02	1.86E-02
384	8.05E-02	6.19E-02	9.92E-02	1.86E-02
385	8.07E-02	6.19E-02	9.94E-02	1.88E-02
386	8.09E-02	6.20E-02	9.98E-02	1.89E-02
387	8.10E-02	6.19E-02	1.00E-01	1.91E-02
388	8.11E-02	6.19E-02	1.00E-01	0.019252336
389	8.13E-02	6.20E-02	1.01E-01	1.93E-02
390	8.15E-02	6.22E-02	1.01E-01	1.93E-02
391	8.15E-02	6.23E-02	1.01E-01	1.93E-02
392	8.15E-02	6.23E-02	1.01E-01	1.93E-02
393	8.15E-02	6.22E-02	1.01E-01	1.93E-02
394	8.16E-02	6.23E-02	1.01E-01	1.93E-02
395	8.19E-02	6.25E-02	1.01E-01	1.94E-02
396	0.082191028	6.25E-02	1.02E-01	1.96E-02
397	8.25E-02	6.26E-02	1.02E-01	1.99E-02
398	8.27E-02	6.27E-02	1.03E-01	2.00E-02
399	0.082907498	6.27E-02	1.03E-01	2.02E-02
400	8.31E-02	6.28E-02	1.03E-01	2.02E-02
401	0.0831687	6.30E-02	1.03E-01	2.02E-02
402	8.32E-02	6.31E-02	1.03E-01	2.02E-02
403	8.32E-02	6.32E-02	1.03E-01	2.00E-02
404	8.32E-02	6.33E-02	1.03E-01	1.99E-02
405	8.32E-02	6.34E-02	1.03E-01	1.99E-02
406	8.33E-02	6.34E-02	1.03E-01	1.99E-02
407	8.35E-02	6.36E-02	1.03E-01	1.99E-02
408	8.37E-02	6.38E-02	1.04E-01	1.99E-02
409	8.38E-02	6.38E-02	1.04E-01	2.00E-02
410	8.40E-02	6.39E-02	1.04E-01	2.01E-02
411	8.42E-02	6.40E-02	1.04E-01	2.01E-02
412	8.42E-02	6.41E-02	1.04E-01	2.02E-02
413	8.43E-02	6.41E-02	1.04E-01	2.02E-02
414	8.44E-02	6.42E-02	1.05E-01	2.02E-02
415	8.46E-02	6.44E-02	1.05E-01	2.02E-02
416	8.47E-02	6.45E-02	1.05E-01	2.02E-02
417	8.48E-02	6.46E-02	1.05E-01	2.02E-02
418	8.49E-02	6.47E-02	1.05E-01	2.02E-02
419	8.51E-02	6.48E-02	1.05E-01	2.03E-02
420	8.52E-02	6.49E-02	1.06E-01	2.03E-02
421	8.54E-02	6.50E-02	1.06E-01	2.03E-02
422	8.55E-02	6.52E-02	1.06E-01	2.04E-02
423	8.57E-02	6.53E-02	1.06E-01	2.04E-02
424	8.59E-02	6.55E-02	1.06E-01	2.04E-02
425	8.60E-02	6.56E-02	1.06E-01	2.04E-02
426	8.61E-02	6.57E-02	1.06E-01	2.04E-02
427	8.62E-02	6.58E-02	1.07E-01	2.04E-02
428	8.63E-02	6.59E-02	1.07E-01	2.04E-02
429	8.66E-02	6.61E-02	1.07E-01	2.05E-02
430	8.68E-02	6.62E-02	1.07E-01	2.06E-02
431	0.086975172	6.63E-02	1.08E-01	2.07E-02
432	8.72E-02	6.64E-02	1.08E-01	2.08E-02
433	8.75E-02	6.66E-02	1.08E-01	0.020953681
434	8.77E-02	6.67E-02	1.09E-01	2.11E-02
435	8.79E-02	6.67E-02	1.09E-01	2.11E-02
436	8.79E-02	6.69E-02	1.09E-01	2.11E-02
437	8.81E-02	6.70E-02	1.09E-01	2.10E-02
438	8.83E-02	6.72E-02	1.09E-01	0.021044223
439	8.85E-02	6.74E-02	1.10E-01	2.11E-02
440	8.87E-02	6.75E-02	1.10E-01	2.11E-02
441	0.088825524	6.77E-02	1.10E-01	2.12E-02
442	0.089034729	6.78E-02	1.10E-01	2.13E-02
443	0.089212455	6.79E-02	1.11E-01	2.13E-02
444	8.94E-02	6.80E-02	1.11E-01	0.021356139
445	8.96E-02	6.82E-02	1.11E-01	2.14E-02
446	0.089761995	6.84E-02	1.11E-01	2.14E-02
447	8.99E-02	6.85E-02	1.11E-01	2.14E-02
448	9.02E-02	6.86E-02	1.12E-01	2.15E-02
449	9.03E-02	6.88E-02	1.12E-01	2.16E-02
450	9.06E-02	6.89E-02	1.12E-01	2.16E-02
451	0.09076035	6.91E-02	1.12E-01	2.16E-02
452	0.090924047	6.93E-02	1.13E-01	2.16E-02
453	9.11E-02	6.94E-02	1.13E-01	2.17E-02
454	9.13E-02	6.96E-02	1.13E-01	2.17E-02
455	9.15E-02	6.97E-02	1.13E-01	2.18E-02
456	9.17E-02	6.98E-02	1.14E-01	2.19E-02
457	9.19E-02	6.99E-02	1.14E-01	2.20E-02
458	9.21E-02	7.01E-02	1.14E-01	2.20E-02
459	9.23E-02	7.02E-02	1.14E-01	2.21E-02
460	9.25E-02	7.04E-02	1.15E-01	2.21E-02
461	9.27E-02	7.05E-02	1.15E-01	2.22E-02
462	9.29E-02	7.07E-02	1.15E-01	2.22E-02
463	9.31E-02	7.08E-02	1.15E-01	2.23E-02
464	9.32E-02	7.09E-02	1.15E-01	2.23E-02
465	9.33E-02	7.10E-02	1.16E-01	2.23E-02
466	9.35E-02	7.11E-02	1.16E-01	2.24E-02
467	0.093708262	7.13E-02	1.16E-01	2.24E-02
468	9.39E-02	7.14E-02	1.16E-01	2.25E-02
469	9.41E-02	7.15E-02	1.17E-01	2.26E-02
470	9.44E-02	7.17E-02	1.17E-01	2.27E-02
471	9.46E-02	7.18E-02	1.17E-01	2.28E-02
472	9.48E-02	7.19E-02	1.18E-01	2.28E-02
473	9.50E-02	7.20E-02	1.18E-01	2.29E-02
474	9.52E-02	7.22E-02	1.18E-01	2.30E-02
475	9.53E-02	7.23E-02	1.18E-01	2.30E-02
476	9.55E-02	7.24E-02	1.19E-01	2.31E-02
477	9.57E-02	7.26E-02	1.19E-01	2.31E-02
478	9.59E-02	7.27E-02	1.19E-01	2.32E-02
479	9.61E-02	7.28E-02	1.19E-01	2.33E-02
480	9.63E-02	7.29E-02	1.20E-01	2.33E-02
481	9.64E-02	7.31E-02	1.20E-01	2.33E-02
482	9.66E-02	7.32E-02	1.20E-01	2.34E-02
483	9.67E-02	7.34E-02	1.20E-01	2.33E-02
484	9.69E-02	7.35E-02	1.20E-01	2.34E-02
485	9.71E-02	7.37E-02	1.21E-01	0.023394825
486	9.73E-02	7.38E-02	1.21E-01	0.023478927
487	9.75E-02	7.39E-02	1.21E-01	2.36E-02
488	9.78E-02	7.40E-02	1.22E-01	2.38E-02
489	9.81E-02	7.42E-02	1.22E-01	2.39E-02
490	9.83E-02	7.43E-02	1.22E-01	2.40E-02
491	0.098430723	7.44E-02	1.22E-01	2.40E-02
492	9.86E-02	7.46E-02	1.23E-01	2.40E-02
493	9.87E-02	7.47E-02	1.23E-01	2.41E-02
494	9.89E-02	7.48E-02	1.23E-01	2.41E-02
495	9.92E-02	7.50E-02	1.23E-01	2.42E-02
496	9.94E-02	7.51E-02	1.24E-01	2.43E-02
497	9.95E-02	7.53E-02	1.24E-01	2.43E-02
498	9.97E-02	7.54E-02	1.24E-01	2.43E-02
499	9.99E-02	7.56E-02	1.24E-01	2.43E-02
500	0.10009414	7.57E-02	1.24E-01	2.44E-02
501	0.1003085	7.58E-02	1.25E-01	2.45E-02
502	0.100535937	7.60E-02	1.25E-01	2.46E-02
503	0.100773379	7.61E-02	1.25E-01	0.024664881
504	0.101004273	7.62E-02	1.26E-01	2.48E-02
505	0.101200335	7.64E-02	1.26E-01	2.48E-02
506	0.101375088	7.65E-02	1.26E-01	2.49E-02
507	0.101560779	7.67E-02	1.26E-01	2.49E-02
508	0.1017766	7.68E-02	1.27E-01	2.49E-02
509	0.101973288	7.70E-02	1.27E-01	2.50E-02
510	0.102186449	7.71E-02	1.27E-01	2.50E-02
511	0.102412716	7.73E-02	1.28E-01	2.51E-02
512	0.102571219	7.75E-02	1.28E-01	2.51E-02
513	0.10277012	7.76E-02	1.28E-01	2.51E-02
514	0.102986343	7.78E-02	1.28E-01	2.52E-02
515	0.103177905	7.80E-02	1.28E-01	2.52E-02
516	0.103387102	7.81E-02	1.29E-01	2.52E-02
517	0.103630304	7.83E-02	1.29E-01	2.54E-02
518	0.103925988	7.84E-02	1.29E-01	2.55E-02
519	0.104218319	7.86E-02	1.30E-01	2.56E-02
520	0.104475044	7.87E-02	1.30E-01	2.58E-02
521	0.104681365	7.88E-02	1.31E-01	2.58E-02
522	0.10487964	7.90E-02	1.31E-01	2.58E-02
523	0.105089545	7.92E-02	1.31E-01	0.025852645
524	0.105300158	7.94E-02	1.31E-01	2.59E-02
525	0.105480455	7.96E-02	1.31E-01	2.59E-02
526	0.105717763	7.98E-02	1.32E-01	0.025947955
527	0.105967216	8.00E-02	1.32E-01	2.60E-02
528	0.106208622	8.01E-02	1.32E-01	2.61E-02
529	0.106476702	8.02E-02	1.33E-01	2.62E-02
530	0.106696077	8.04E-02	1.33E-01	2.63E-02
531	0.10687986	8.06E-02	1.33E-01	2.63E-02
532	0.107067302	8.08E-02	1.33E-01	2.63E-02
533	0.107283279	8.09E-02	1.34E-01	2.63E-02
534	0.107524298	8.11E-02	1.34E-01	2.64E-02
535	0.107793517	8.13E-02	1.34E-01	2.65E-02
536	0.108017065	8.15E-02	1.35E-01	2.65E-02
537	0.108219557	8.16E-02	1.35E-01	2.66E-02
538	0.108423345	8.18E-02	1.35E-01	0.02660339
539	0.10866344	8.20E-02	1.35E-01	2.67E-02
540	0.108907238	8.22E-02	1.36E-01	2.67E-02
541	0.10914664	8.23E-02	1.36E-01	2.68E-02
542	0.109408118	8.25E-02	1.36E-01	2.69E-02
543	0.109654024	8.27E-02	1.37E-01	2.70E-02
544	0.109892122	8.28E-02	1.37E-01	0.027046887
545	0.110081337	8.30E-02	1.37E-01	2.71E-02
546	0.11031466	8.32E-02	1.37E-01	2.71E-02
547	0.110560685	8.34E-02	1.38E-01	2.72E-02
548	0.110808566	8.36E-02	1.38E-01	2.72E-02
549	0.111047283	8.37E-02	1.38E-01	0.027308028
550	0.111281954	8.39E-02	1.39E-01	2.74E-02
551	0.111510649	8.41E-02	1.39E-01	2.74E-02
552	0.111745924	8.43E-02	1.39E-01	2.75E-02
553	0.111972295	8.44E-02	1.40E-01	2.75E-02
554	0.112189777	8.46E-02	1.40E-01	2.76E-02
555	0.112391062	8.48E-02	1.40E-01	2.76E-02
556	0.112619817	8.50E-02	1.40E-01	2.76E-02
557	0.112837031	8.52E-02	1.41E-01	2.77E-02
558	0.113076873	8.53E-02	1.41E-01	2.77E-02
559	0.11333257	8.55E-02	1.41E-01	2.78E-02
560	0.113582037	8.57E-02	1.41E-01	2.79E-02
561	0.113845102	8.59E-02	1.42E-01	2.80E-02
562	0.114026964	8.60E-02	1.42E-01	2.80E-02
563	0.114228539	8.62E-02	1.42E-01	2.81E-02
564	0.114467658	8.64E-02	1.43E-01	2.81E-02
565	0.114680491	8.65E-02	1.43E-01	2.82E-02
566	0.114922732	8.67E-02	1.43E-01	2.82E-02
567	0.115164973	8.69E-02	1.43E-01	2.83E-02
568	0.115370095	8.70E-02	1.44E-01	2.83E-02
569	0.115607396	8.72E-02	1.44E-01	2.84E-02
570	0.115848005	8.74E-02	1.44E-01	2.85E-02
571	0.116074376	8.75E-02	1.45E-01	2.85E-02
572	0.116312511	8.77E-02	1.45E-01	2.86E-02
573	0.11652717	8.79E-02	1.45E-01	2.87E-02
574	0.116711348	8.80E-02	1.45E-01	2.87E-02
575	0.116926879	8.82E-02	1.46E-01	2.87E-02
576	0.117167048	8.84E-02	1.46E-01	2.88E-02
577	0.117398292	8.85E-02	1.46E-01	2.89E-02
578	0.117607281	8.87E-02	1.47E-01	2.89E-02
579	0.117845647	8.88E-02	1.47E-01	2.90E-02
580	0.118090369	8.90E-02	1.47E-01	0.029069971
581	0.118333198	8.92E-02	1.47E-01	2.91E-02
582	0.118514486	8.93E-02	1.48E-01	2.92E-02
583	0.118702099	8.95E-02	1.48E-01	2.92E-02
584	0.118901737	8.97E-02	1.48E-01	2.92E-02
585	0.119121641	8.99E-02	1.48E-01	2.92E-02
586	0.119309843	9.00E-02	1.49E-01	2.93E-02
587	0.119498573	9.02E-02	1.49E-01	2.93E-02
588	0.119746357	9.04E-02	1.49E-01	2.93E-02
589	0.11994721	9.05E-02	1.49E-01	2.94E-02
590	0.120175272	9.06E-02	1.50E-01	2.96E-02
591	0.12047147	9.08E-02	1.50E-01	2.97E-02
592	0.120641068	9.09E-02	1.50E-01	2.97E-02
593	0.120818809	9.11E-02	1.51E-01	2.97E-02
594	0.121021435	9.12E-02	1.51E-01	2.98E-02
595	0.121300496	9.14E-02	1.51E-01	2.99E-02
596	0.121536002	9.16E-02	1.51E-01	2.99E-02
597	0.121759623	9.17E-02	1.52E-01	3.00E-02
598	0.121974811	9.19E-02	1.52E-01	3.01E-02
599	0.122179702	9.20E-02	1.52E-01	3.02E-02
600	0.122415207	9.22E-02	1.53E-01	3.03E-02
601	0.122682892	9.23E-02	1.53E-01	3.04E-02
602	0.122965872	9.25E-02	1.53E-01	3.05E-02
603	0.123225547	9.26E-02	1.54E-01	3.06E-02
604	0.123455919	9.27E-02	1.54E-01	3.07E-02
605	0.123654827	9.28E-02	1.54E-01	3.08E-02
606	0.123856507	9.30E-02	1.55E-01	3.09E-02
607	0.124064267	9.31E-02	1.55E-01	3.09E-02
608	0.124283426	9.33E-02	1.55E-01	3.10E-02
609	0.124508113	9.35E-02	1.56E-01	3.11E-02
610	0.124723405	9.36E-02	1.56E-01	3.11E-02
611	0.124909803	9.38E-02	1.56E-01	3.11E-02
612	0.125099704	9.39E-02	1.56E-01	3.12E-02
613	0.12528348	9.41E-02	1.56E-01	3.12E-02
614	0.125471994	9.43E-02	1.57E-01	3.12E-02
615	0.125642329	9.45E-02	1.57E-01	3.12E-02
616	0.12583141	9.46E-02	1.57E-01	3.12E-02
617	0.126022086	9.48E-02	1.57E-01	3.12E-02
618	0.126233339	9.50E-02	1.57E-01	3.13E-02
619	0.126430124	9.52E-02	1.58E-01	3.13E-02
620	0.126609594	9.54E-02	1.58E-01	3.12E-02
621	0.126773745	9.55E-02	1.58E-01	3.12E-02
622	0.126951739	9.57E-02	1.58E-01	3.12E-02
623	0.127130896	9.59E-02	1.58E-01	3.12E-02
624	0.127305284	9.61E-02	1.59E-01	3.12E-02
625	0.127494827	9.63E-02	1.59E-01	3.12E-02
626	0.127692759	9.64E-02	1.59E-01	3.12E-02
627	0.127885178	9.66E-02	1.59E-01	3.13E-02
628	0.128018081	9.68E-02	1.59E-01	3.13E-02
629	0.12821582	9.69E-02	1.60E-01	3.13E-02
630	0.128419518	9.71E-02	1.60E-01	3.13E-02
631	0.128666922	9.73E-02	1.60E-01	3.14E-02
632	0.128875747	9.75E-02	1.60E-01	3.14E-02
633	0.129062355	9.77E-02	1.60E-01	3.14E-02
634	0.129228845	9.78E-02	1.61E-01	3.14E-02
635	0.129446134	9.80E-02	1.61E-01	3.14E-02
636	0.12962617	9.82E-02	1.61E-01	3.15E-02
637	0.12978448	9.83E-02	1.61E-01	3.15E-02
638	0.129988402	9.85E-02	1.61E-01	3.15E-02
639	0.130168974	9.86E-02	1.62E-01	3.15E-02
640	0.130381629	9.88E-02	1.62E-01	3.16E-02
641	0.13064374	9.90E-02	1.62E-01	3.17E-02
642	0.130847231	9.91E-02	1.63E-01	3.17E-02
643	0.131054133	9.93E-02	1.63E-01	3.18E-02
644	0.131286144	9.95E-02	1.63E-01	3.18E-02
645	0.131476283	9.96E-02	1.63E-01	3.19E-02
646	0.131703943	9.97E-02	1.64E-01	0.031995166
647	0.131964937	9.99E-02	1.64E-01	3.21E-02
648	0.132244289	1.00E-01	1.64E-01	3.22E-02
649	0.132515475	1.00E-01	1.65E-01	3.23E-02
650	0.132784307	1.00E-01	1.65E-01	3.24E-02
651	0.133060396	1.01E-01	1.66E-01	3.25E-02
652	0.133257568	1.01E-01	1.66E-01	0.032594196
653	0.133450061	1.01E-01	1.66E-01	0.032620907
654	0.133639827	1.01E-01	1.66E-01	3.26E-02
655	0.133942842	1.01E-01	1.67E-01	3.27E-02
656	0.134269968	1.01E-01	1.67E-01	3.29E-02
657	0.134564027	1.01E-01	1.68E-01	0.033106156
658	0.134747088	1.02E-01	1.68E-01	3.31E-02
659	0.1349549	1.02E-01	1.68E-01	3.31E-02
660	0.135180965	1.02E-01	1.68E-01	3.31E-02
661	0.135429963	1.02E-01	1.69E-01	0.033159964
662	0.13558957	1.02E-01	1.69E-01	0.033181407
663	0.135782033	1.03E-01	1.69E-01	3.32E-02
664	0.136038005	1.03E-01	1.69E-01	3.32E-02
665	0.136228621	1.03E-01	1.69E-01	3.33E-02
666	0.136437923	1.03E-01	1.70E-01	3.33E-02
667	0.136657476	1.03E-01	1.70E-01	3.33E-02
668	0.136912555	1.04E-01	1.70E-01	3.34E-02
669	0.137134314	1.04E-01	1.71E-01	3.34E-02
670	0.137344599	1.04E-01	1.71E-01	0.033454105
671	0.137576312	1.04E-01	1.71E-01	3.35E-02
672	0.137792856	1.04E-01	1.71E-01	3.36E-02
673	0.138011307	1.04E-01	1.72E-01	3.36E-02
674	0.138241485	1.05E-01	1.72E-01	0.033629049
675	0.138449281	1.05E-01	1.72E-01	0.033677515
676	0.13864319	1.05E-01	1.72E-01	3.37E-02
677	0.138856456	1.05E-01	1.73E-01	0.033746175
678	0.139114797	1.05E-01	1.73E-01	3.38E-02
679	0.139347196	1.06E-01	1.73E-01	3.38E-02
680	0.139570117	1.06E-01	1.73E-01	3.39E-02
681	0.139801949	1.06E-01	1.74E-01	0.033922616
682	0.140041545	1.06E-01	1.74E-01	3.40E-02
683	0.140281126	1.06E-01	1.74E-01	0.033978708
684	0.140541971	1.07E-01	1.75E-01	3.40E-02
685	0.140704945	1.07E-01	1.75E-01	3.39E-02
686	0.140930459	1.07E-01	1.75E-01	3.40E-02
687	0.141238198	1.07E-01	1.75E-01	0.034157321
688	0.141549662	1.07E-01	1.76E-01	0.034285769
689	0.141848594	1.07E-01	1.76E-01	3.44E-02
690	0.142127439	1.08E-01	1.77E-01	3.44E-02
691	0.142368913	1.08E-01	1.77E-01	3.44E-02
692	0.142661288	1.08E-01	1.77E-01	0.034442812
693	0.142970294	1.08E-01	1.77E-01	3.45E-02
694	0.143279538	1.09E-01	1.78E-01	3.45E-02
695	0.143565685	1.09E-01	1.78E-01	3.46E-02
696	0.143848225	1.09E-01	1.78E-01	3.46E-02
697	0.144134104	1.10E-01	1.79E-01	3.46E-02
698	0.144458935	1.10E-01	1.79E-01	3.47E-02
699	0.14476487	1.10E-01	1.79E-01	3.47E-02
700	0.145081207	1.10E-01	1.80E-01	3.48E-02
701	0.145422444	1.11E-01	1.80E-01	3.48E-02
702	0.1457261	1.11E-01	1.81E-01	3.49E-02
703	0.14602612	1.11E-01	1.81E-01	3.49E-02
704	0.146339834	1.11E-01	1.81E-01	3.50E-02
705	0.146650746	1.12E-01	1.82E-01	3.50E-02
706	0.146963745	1.12E-01	1.82E-01	3.50E-02
707	0.147282436	1.12E-01	1.82E-01	3.51E-02
708	0.147583336	1.12E-01	1.83E-01	3.51E-02
709	0.147908077	1.13E-01	1.83E-01	3.52E-02
710	0.148242444	1.13E-01	1.83E-01	3.52E-02
711	0.148534566	1.13E-01	1.84E-01	0.035240676
712	0.148833439	1.14E-01	1.84E-01	3.53E-02
713	0.149140909	1.14E-01	1.84E-01	3.53E-02
714	0.14946638	1.14E-01	1.85E-01	3.54E-02
715	0.149714708	1.14E-01	1.85E-01	3.54E-02
716	0.149993643	1.15E-01	1.85E-01	3.54E-02
717	0.150339872	1.15E-01	1.86E-01	3.55E-02
718	0.1506951	1.15E-01	1.86E-01	3.56E-02
719	0.151070818	1.15E-01	1.87E-01	0.035719346
720	0.151427105	1.16E-01	1.87E-01	3.58E-02
721	0.151690945	1.16E-01	1.87E-01	3.58E-02
722	0.151998714	1.16E-01	1.88E-01	3.58E-02
723	0.152358413	1.17E-01	1.88E-01	3.58E-02
724	0.152714744	1.17E-01	1.89E-01	3.59E-02
725	0.15300861	1.17E-01	1.89E-01	3.60E-02
726	0.153314471	1.17E-01	1.89E-01	3.60E-02
727	0.153632447	1.18E-01	1.90E-01	3.60E-02
728	0.153939411	1.18E-01	1.90E-01	3.61E-02
729	0.154271826	1.18E-01	1.90E-01	3.62E-02
730	0.154607907	1.18E-01	1.91E-01	3.62E-02
731	0.154974654	1.19E-01	1.91E-01	3.63E-02
732	0.155257672	1.19E-01	1.92E-01	3.63E-02
733	0.155529201	1.19E-01	1.92E-01	3.63E-02
734	0.155887499	1.20E-01	1.92E-01	3.64E-02
735	0.156191915	1.20E-01	1.93E-01	3.64E-02
736	0.156487942	1.20E-01	1.93E-01	3.65E-02
737	0.156758994	1.20E-01	1.93E-01	3.65E-02
738	0.157036453	1.20E-01	1.94E-01	3.65E-02
739	0.157329619	1.21E-01	1.94E-01	3.66E-02
740	0.157610923	1.21E-01	1.94E-01	3.67E-02
741	0.157972306	1.21E-01	1.95E-01	3.67E-02
742	0.15831542	1.22E-01	1.95E-01	3.68E-02
743	0.158627793	1.22E-01	1.95E-01	3.68E-02
744	0.158872962	1.22E-01	1.96E-01	3.69E-02
745	0.159161448	1.22E-01	1.96E-01	3.69E-02
746	0.15947023	1.23E-01	1.96E-01	3.70E-02
747	0.159762189	1.23E-01	1.97E-01	3.70E-02
748	0.160070941	1.23E-01	1.97E-01	3.71E-02
749	0.160373926	1.23E-01	1.97E-01	3.71E-02
750	0.160668999	1.23E-01	1.98E-01	3.72E-02
751	0.16096507	1.24E-01	1.98E-01	3.72E-02
752	0.161255181	1.24E-01	1.99E-01	0.037291232
753	0.161540017	1.24E-01	1.99E-01	3.73E-02
754	0.161820233	1.24E-01	1.99E-01	3.74E-02
755	0.162129626	1.25E-01	2.00E-01	3.75E-02
756	0.16242367	1.25E-01	2.00E-01	3.75E-02
757	0.162687182	1.25E-01	2.00E-01	3.74E-02
758	0.162656486	1.25E-01	2.00E-01	3.72E-02
759	0.162857994	1.26E-01	2.00E-01	3.72E-02
760	0.163497761	1.26E-01	2.01E-01	3.78E-02
761	0.163723946	1.26E-01	2.02E-01	3.78E-02
762	0.163981944	1.26E-01	2.02E-01	3.79E-02
763	0.164297298	1.26E-01	2.02E-01	3.80E-02
764	0.164690793	1.27E-01	2.03E-01	0.038103711
765	0.164993599	1.27E-01	2.03E-01	3.81E-02
766	0.165285856	1.27E-01	2.03E-01	3.82E-02
767	0.165626422	1.27E-01	2.04E-01	3.82E-02
768	0.165957555	1.28E-01	2.04E-01	3.82E-02
769	0.166266724	1.28E-01	2.05E-01	3.83E-02
770	0.166555718	1.28E-01	2.05E-01	3.83E-02
771	0.166824296	1.28E-01	2.05E-01	3.84E-02
772	0.167147562	1.29E-01	2.06E-01	3.84E-02
773	0.167466834	1.29E-01	2.06E-01	0.038491253
774	0.167730376	1.29E-01	2.06E-01	3.85E-02
775	0.168024182	1.29E-01	2.07E-01	3.86E-02
776	0.168333724	1.30E-01	2.07E-01	3.86E-02
777	0.168657452	1.30E-01	2.07E-01	0.038709644
778	0.168940529	1.30E-01	2.08E-01	3.88E-02
779	0.169226199	1.30E-01	2.08E-01	3.88E-02
780	0.169521794	1.31E-01	2.08E-01	3.89E-02
781	0.16982685	1.31E-01	2.09E-01	3.89E-02
782	0.170142502	1.31E-01	2.09E-01	3.90E-02
783	0.170479774	1.31E-01	2.10E-01	3.91E-02
784	0.170772299	1.32E-01	2.10E-01	3.91E-02
785	0.171082184	1.32E-01	2.10E-01	0.03919347
786	0.171405852	1.32E-01	2.11E-01	3.93E-02
787	0.17174384	1.32E-01	2.11E-01	3.93E-02
788	0.172006473	1.33E-01	2.11E-01	3.94E-02
789	0.172281623	1.33E-01	2.12E-01	3.94E-02
790	0.172587693	1.33E-01	2.12E-01	3.95E-02
791	0.17290473	1.33E-01	2.12E-01	3.96E-02
792	0.173227787	1.34E-01	2.13E-01	3.96E-02
793	0.173551202	1.34E-01	2.13E-01	3.97E-02
794	0.173850343	1.34E-01	2.14E-01	3.97E-02
795	0.174136385	1.34E-01	2.14E-01	3.98E-02
796	0.174431667	1.35E-01	2.14E-01	3.99E-02
797	0.174764678	1.35E-01	2.15E-01	3.99E-02
798	0.17507799	1.35E-01	2.15E-01	4.00E-02
799	0.175397515	1.35E-01	2.15E-01	4.01E-02
800	0.175726116	1.36E-01	2.16E-01	4.01E-02
801	0.176019296	1.36E-01	2.16E-01	4.02E-02
802	0.176341757	1.36E-01	2.17E-01	4.02E-02
803	0.176685333	1.36E-01	2.17E-01	4.03E-02
804	0.177017123	1.37E-01	2.17E-01	4.04E-02
805	0.177290529	1.37E-01	2.18E-01	4.04E-02
806	0.177553371	1.37E-01	2.18E-01	4.05E-02
807	0.177911624	1.37E-01	2.18E-01	4.06E-02
808	0.178198844	1.38E-01	2.19E-01	4.06E-02
809	0.178518653	1.38E-01	2.19E-01	4.07E-02
810	0.17890875	1.38E-01	2.20E-01	4.08E-02
811	0.179192752	1.38E-01	2.20E-01	4.08E-02
812	0.179481581	1.39E-01	2.20E-01	0.040918555
813	0.179786041	1.39E-01	2.21E-01	4.10E-02
814	0.180089816	1.39E-01	2.21E-01	4.11E-02
815	0.18035841	1.39E-01	2.21E-01	4.11E-02
816	0.18062456	1.39E-01	2.22E-01	4.12E-02
817	0.180965006	1.40E-01	2.22E-01	4.12E-02
818	0.181266725	1.40E-01	2.23E-01	4.13E-02
819	0.181607917	1.40E-01	2.23E-01	0.041335505
820	0.181995392	1.41E-01	2.23E-01	4.14E-02
821	0.182279214	1.41E-01	2.24E-01	4.15E-02
822	0.182564557	1.41E-01	2.24E-01	0.041530717
823	0.182849497	1.41E-01	2.24E-01	4.16E-02
824	0.183239892	1.42E-01	2.25E-01	4.17E-02
825	0.183588132	1.42E-01	2.25E-01	4.17E-02
826	0.183916613	1.42E-01	2.26E-01	4.18E-02
827	0.184215859	1.42E-01	2.26E-01	4.19E-02
828	0.184536636	1.43E-01	2.26E-01	4.19E-02
829	0.18488282	1.43E-01	2.27E-01	4.20E-02
830	0.185245082	1.43E-01	2.27E-01	4.21E-02
831	0.185542449	1.43E-01	2.28E-01	4.21E-02
832	0.185845837	1.44E-01	2.28E-01	4.22E-02
833	0.186194092	1.44E-01	2.28E-01	4.22E-02
834	0.186506212	1.44E-01	2.29E-01	4.23E-02
835	0.186857551	1.44E-01	2.29E-01	4.24E-02
836	0.187206328	1.45E-01	2.30E-01	0.042434324
837	0.187551498	1.45E-01	2.30E-01	0.042514481
838	0.18789275	1.45E-01	2.30E-01	4.26E-02
839	0.188203722	1.46E-01	2.31E-01	4.26E-02
840	0.188459337	1.46E-01	2.31E-01	4.27E-02
841	0.18887344	1.46E-01	2.32E-01	4.28E-02
842	0.189255863	1.46E-01	2.32E-01	4.28E-02
843	0.189587906	1.47E-01	2.32E-01	4.29E-02
844	0.189896703	1.47E-01	2.33E-01	4.30E-02
845	0.190222085	1.47E-01	2.33E-01	4.31E-02
846	0.190552548	1.47E-01	2.34E-01	4.31E-02
847	0.190858632	1.48E-01	2.34E-01	4.32E-02
848	0.191138491	1.48E-01	2.34E-01	4.32E-02
849	0.191460684	1.48E-01	2.35E-01	4.33E-02
850	0.191877857	1.49E-01	2.35E-01	4.34E-02
851	0.192204833	1.49E-01	2.36E-01	4.35E-02
852	0.192484215	1.49E-01	2.36E-01	4.35E-02
853	0.19275108	1.49E-01	2.36E-01	4.35E-02
854	0.193158865	1.50E-01	2.37E-01	4.36E-02
855	0.193559647	1.50E-01	2.37E-01	4.37E-02
856	0.193936646	1.50E-01	2.38E-01	4.38E-02
857	0.194310367	1.50E-01	2.38E-01	0.043886375
858	0.194622189	1.51E-01	2.39E-01	4.40E-02
859	0.194945127	1.51E-01	2.39E-01	4.40E-02
860	0.195285633	1.51E-01	2.39E-01	4.41E-02
861	0.195614129	1.51E-01	2.40E-01	4.42E-02
862	0.195978791	1.52E-01	2.40E-01	4.43E-02
863	0.196349159	1.52E-01	2.41E-01	4.44E-02
864	0.196687102	1.52E-01	2.41E-01	4.44E-02
865	0.196980208	1.53E-01	2.41E-01	4.44E-02
866	0.197296664	1.53E-01	2.42E-01	4.44E-02
867	0.197782397	1.53E-01	2.42E-01	4.45E-02
868	0.198134288	1.54E-01	2.43E-01	4.46E-02
869	0.198443606	1.54E-01	2.43E-01	4.47E-02
870	0.198781729	1.54E-01	2.44E-01	4.48E-02
871	0.199156478	1.54E-01	2.44E-01	4.49E-02
872	0.199513286	1.55E-01	2.44E-01	4.50E-02
873	0.199784279	1.55E-01	2.45E-01	4.50E-02
874	0.200077772	1.55E-01	2.45E-01	4.51E-02
875	0.200393558	1.55E-01	2.46E-01	4.52E-02
876	0.200738907	1.56E-01	2.46E-01	4.52E-02
877	0.201064706	1.56E-01	2.46E-01	4.53E-02
878	0.201415509	1.56E-01	2.47E-01	4.54E-02
879	0.201823771	1.56E-01	2.47E-01	4.55E-02
880	0.202197224	1.57E-01	2.48E-01	4.55E-02
881	0.202513859	1.57E-01	2.48E-01	4.56E-02
882	0.202822611	1.57E-01	2.48E-01	4.57E-02
883	0.203138724	1.57E-01	2.49E-01	4.58E-02
884	0.203481272	1.58E-01	2.49E-01	4.58E-02
885	0.20387125	1.58E-01	2.50E-01	4.59E-02
886	0.20426774	1.58E-01	2.50E-01	4.59E-02
887	0.204543114	1.59E-01	2.51E-01	4.60E-02
888	0.204944298	1.59E-01	2.51E-01	4.61E-02
889	0.205394819	1.59E-01	2.52E-01	4.62E-02
890	0.205715507	1.59E-01	2.52E-01	4.63E-02
891	0.206077933	1.60E-01	2.52E-01	4.64E-02
892	0.206457153	1.60E-01	2.53E-01	4.65E-02
893	0.20683533	1.60E-01	2.53E-01	4.66E-02
894	0.207158029	1.60E-01	2.54E-01	0.046733595
895	0.207447708	1.61E-01	2.54E-01	4.68E-02
896	0.207745388	1.61E-01	2.55E-01	4.69E-02
897	0.20818074	1.61E-01	2.55E-01	4.70E-02
898	0.208443537	1.61E-01	2.55E-01	4.70E-02
899	0.208697826	1.62E-01	2.56E-01	4.70E-02
900	0.209130749	1.62E-01	2.56E-01	4.70E-02
901	0.209473789	1.62E-01	2.57E-01	0.047075629
902	0.20988299	1.63E-01	2.57E-01	4.72E-02
903	0.210369259	1.63E-01	2.58E-01	4.73E-02
904	0.210858896	1.63E-01	2.58E-01	4.75E-02
905	0.211252093	1.64E-01	2.59E-01	4.76E-02
906	0.211595923	1.64E-01	2.59E-01	4.77E-02
907	0.211825415	1.64E-01	2.60E-01	0.047697227
908	0.21217081	1.64E-01	2.60E-01	4.77E-02
909	0.212561235	1.65E-01	2.60E-01	4.78E-02
910	0.212982163	1.65E-01	2.61E-01	4.79E-02
911	0.213246673	1.65E-01	2.61E-01	4.80E-02
912	0.213554159	1.65E-01	2.62E-01	4.81E-02
913	0.214016527	1.66E-01	2.62E-01	4.81E-02
914	0.214372098	1.66E-01	2.63E-01	4.82E-02
915	0.214751646	1.66E-01	2.63E-01	4.83E-02
916	0.215152457	1.67E-01	2.64E-01	4.84E-02
917	0.215414703	1.67E-01	2.64E-01	4.84E-02
918	0.215834558	1.67E-01	2.64E-01	4.86E-02
919	0.216290429	1.68E-01	2.65E-01	4.87E-02
920	0.216548756	1.68E-01	2.65E-01	4.88E-02
921	0.217076272	1.68E-01	2.66E-01	4.89E-02
922	0.217607945	1.69E-01	2.67E-01	4.89E-02
923	0.218045443	1.69E-01	2.67E-01	4.90E-02
924	0.218253672	1.69E-01	2.67E-01	4.91E-02
925	0.218540058	1.69E-01	2.68E-01	0.04920331
926	0.218987942	1.70E-01	2.68E-01	4.93E-02
927	0.219298154	1.70E-01	2.69E-01	0.04950086
928	0.219554111	1.70E-01	2.69E-01	0.049661897
929	0.219749287	1.70E-01	2.70E-01	4.98E-02
930	0.219903693	1.70E-01	2.70E-01	4.98E-02
931	0.220009178	1.70E-01	2.70E-01	4.98E-02
932	0.220130458	1.70E-01	2.70E-01	4.97E-02
933	0.220421493	1.71E-01	2.70E-01	4.96E-02
934	0.220024228	1.70E-01	2.70E-01	0.049578708
935	0.22016722	1.71E-01	2.70E-01	4.95E-02
936	0.221152291	1.72E-01	2.71E-01	4.94E-02
937	0.221451879	1.72E-01	2.71E-01	4.95E-02
938	0.221864909	1.72E-01	2.72E-01	4.97E-02
939	0.222351745	1.72E-01	2.72E-01	5.00E-02
940	0.222912088	1.73E-01	2.73E-01	5.02E-02
941	0.223348156	1.73E-01	2.74E-01	5.05E-02
942	0.223671913	1.73E-01	2.74E-01	0.050607692
943	0.22391513	1.73E-01	2.75E-01	5.06E-02
944	0.224201337	1.74E-01	2.75E-01	5.05E-02
945	0.224550873	1.74E-01	2.75E-01	5.04E-02
946	0.224935308	1.75E-01	2.75E-01	5.04E-02
947	0.224691108	1.74E-01	2.75E-01	5.04E-02
948	0.225021586	1.74E-01	2.76E-01	5.05E-02
949	0.225720972	1.75E-01	2.76E-01	5.08E-02
950	0.226096466	1.75E-01	2.77E-01	5.09E-02
951	0.22653538	1.76E-01	2.78E-01	5.10E-02
952	0.227013633	1.76E-01	2.78E-01	0.05105627
953	0.227442995	1.76E-01	2.79E-01	5.11E-02
954	0.227830529	1.77E-01	2.79E-01	5.11E-02
955	0.228172809	1.77E-01	2.79E-01	5.11E-02
956	0.228516802	1.77E-01	2.80E-01	5.12E-02
957	0.228761271	1.77E-01	2.80E-01	5.14E-02
958	0.22920163	1.78E-01	2.81E-01	5.15E-02
959	0.229723662	1.78E-01	2.81E-01	5.15E-02
960	0.229696825	1.78E-01	2.81E-01	5.15E-02
961	0.230269507	1.79E-01	2.82E-01	5.16E-02
962	0.230929464	1.79E-01	2.83E-01	5.17E-02
963	0.231169105	1.79E-01	2.83E-01	5.18E-02
964	0.231370211	1.80E-01	2.83E-01	5.19E-02
965	0.231771156	1.80E-01	2.84E-01	5.20E-02
966	0.232431382	1.80E-01	2.85E-01	5.21E-02
967	0.232365891	1.80E-01	2.84E-01	5.21E-02
968	0.232806846	1.81E-01	2.85E-01	5.22E-02
969	0.233550921	1.81E-01	2.86E-01	5.23E-02
970	0.233648896	1.81E-01	2.86E-01	5.25E-02
971	0.234081894	1.82E-01	2.87E-01	5.26E-02
972	0.234655753	1.82E-01	2.87E-01	5.26E-02
973	0.235092387	1.82E-01	2.88E-01	5.27E-02
974	0.235272601	1.83E-01	2.88E-01	5.27E-02
975	0.235416591	1.83E-01	2.88E-01	5.27E-02
976	0.235593691	1.83E-01	2.88E-01	5.28E-02
977	0.235942036	1.83E-01	2.89E-01	5.27E-02
978	0.23645328	1.84E-01	2.89E-01	5.27E-02
979	0.237154141	1.84E-01	2.90E-01	5.30E-02
980	0.237398848	1.84E-01	2.90E-01	5.31E-02
981	0.237723976	1.85E-01	2.91E-01	5.31E-02
982	0.238078505	1.85E-01	2.91E-01	5.32E-02
983	0.238372028	1.85E-01	2.92E-01	5.33E-02
984	0.238493547	1.85E-01	2.92E-01	5.33E-02
985	0.238750964	1.85E-01	2.92E-01	0.053301714
986	0.239261553	1.86E-01	2.93E-01	5.33E-02
987	0.239480048	1.86E-01	2.93E-01	5.36E-02
988	0.239618436	1.86E-01	2.93E-01	5.38E-02
989	0.239771351	1.86E-01	2.94E-01	5.39E-02
990	0.240511298	1.87E-01	2.94E-01	5.37E-02
991	0.240930572	1.87E-01	2.95E-01	5.38E-02
992	0.241225556	1.87E-01	2.95E-01	0.053854302
993	0.241781905	1.88E-01	2.96E-01	5.39E-02
994	0.241909161	1.88E-01	2.96E-01	5.40E-02
995	0.242144868	1.88E-01	2.96E-01	0.054180846
996	0.24265562	1.88E-01	2.97E-01	5.43E-02
997	0.24335663	1.89E-01	2.98E-01	5.44E-02
998	0.243747368	1.89E-01	2.98E-01	5.44E-02
999	0.243844181	1.89E-01	2.98E-01	5.44E-02
1000	0.244210839	1.90E-01	2.99E-01	5.45E-02
1001	0.25298357	1.91E-01	3.15E-01	6.22E-02
1002	0.253365308	1.91E-01	3.16E-01	0.062380563
1003	0.253803611	1.91E-01	3.16E-01	6.25E-02
1004	0.254100502	1.92E-01	3.17E-01	6.26E-02
1005	0.254278928	1.92E-01	3.17E-01	0.062473476
1006	0.254512131	1.92E-01	3.17E-01	6.25E-02
1007	0.254947245	1.92E-01	3.18E-01	6.26E-02
1008	0.255439192	1.93E-01	3.18E-01	6.28E-02
1009	0.255815893	1.93E-01	3.19E-01	6.28E-02
1010	0.256166518	1.93E-01	3.19E-01	6.28E-02
1011	0.25656575	1.94E-01	3.19E-01	6.29E-02
1012	0.256908298	1.94E-01	3.20E-01	6.29E-02
1013	0.25716874	1.94E-01	3.20E-01	6.30E-02
1014	0.25755015	1.94E-01	3.21E-01	0.063130334
1015	0.257868111	1.95E-01	3.21E-01	6.32E-02
1016	0.258079678	1.95E-01	3.21E-01	6.32E-02
1017	0.258554965	1.95E-01	3.22E-01	6.31E-02
1018	0.259122372	1.96E-01	3.22E-01	6.31E-02
1019	0.259588242	1.96E-01	3.23E-01	6.33E-02
1020	0.260035396	1.97E-01	3.23E-01	6.33E-02
1021	0.26053822	1.97E-01	3.24E-01	6.33E-02
1022	0.261045158	1.98E-01	3.24E-01	6.34E-02
1023	0.261419266	1.98E-01	3.25E-01	6.36E-02
1024	0.261667311	1.98E-01	3.25E-01	6.37E-02
1025	0.261892766	1.98E-01	3.26E-01	0.063703753
1026	0.262254596	1.99E-01	3.26E-01	6.37E-02
1027	0.262710869	1.99E-01	3.26E-01	6.37E-02
1028	0.263109624	1.99E-01	3.27E-01	6.39E-02
1029	0.263499469	1.99E-01	3.28E-01	0.064039834
1030	0.263907999	2.00E-01	3.28E-01	6.42E-02
1031	0.264288932	2.00E-01	3.29E-01	6.43E-02
1032	0.26473847	2.00E-01	3.29E-01	6.43E-02
1033	0.265256196	2.01E-01	3.30E-01	6.42E-02
1034	0.265688062	2.01E-01	3.30E-01	6.43E-02
1035	0.266016513	2.02E-01	3.30E-01	6.44E-02
1036	0.266363263	2.02E-01	3.31E-01	6.45E-02
1037	0.266750246	2.02E-01	3.31E-01	6.47E-02
1038	0.26717025	2.02E-01	3.32E-01	6.48E-02
1039	0.267558366	2.03E-01	3.32E-01	6.49E-02
1040	0.268008411	2.03E-01	3.33E-01	6.50E-02
1041	0.268483639	2.03E-01	3.34E-01	6.51E-02
1042	0.268943489	2.04E-01	3.34E-01	6.52E-02
1043	0.269385874	2.04E-01	3.35E-01	6.53E-02
1044	0.269778758	2.04E-01	3.35E-01	6.53E-02
1045	0.270232528	2.05E-01	3.36E-01	6.54E-02
1046	0.270640016	2.05E-01	3.36E-01	6.55E-02
1047	0.271042675	2.05E-01	3.37E-01	6.57E-02
1048	0.271495432	2.06E-01	3.37E-01	6.58E-02
1049	0.271917343	2.06E-01	3.38E-01	6.58E-02
1050	0.272273123	2.06E-01	3.38E-01	6.59E-02
1051	0.272600591	2.07E-01	3.39E-01	6.60E-02
1052	0.272916973	2.07E-01	3.39E-01	6.61E-02
1053	0.273175567	2.07E-01	3.39E-01	6.61E-02
1054	0.273502022	2.07E-01	3.40E-01	6.61E-02
1055	0.274043262	2.08E-01	3.40E-01	6.62E-02
1056	0.274592698	2.08E-01	3.41E-01	0.066403441
1057	0.275036573	2.08E-01	3.42E-01	6.67E-02
1058	0.275464028	2.09E-01	3.42E-01	6.69E-02
1059	0.275847346	2.09E-01	3.43E-01	6.70E-02
1060	0.276124001	2.09E-01	3.43E-01	6.70E-02
1061	0.276494682	2.09E-01	3.44E-01	6.70E-02
1062	0.276876181	2.10E-01	3.44E-01	6.71E-02
1063	0.277300775	2.10E-01	3.44E-01	6.71E-02
1064	0.277812272	2.11E-01	3.45E-01	6.73E-02
1065	0.278271854	2.11E-01	3.46E-01	0.067405604
1066	0.278590649	2.11E-01	3.46E-01	6.76E-02
1067	0.278880537	2.11E-01	3.47E-01	6.77E-02
1068	0.279215723	2.11E-01	3.47E-01	0.067762479
1069	0.27951315	2.12E-01	3.47E-01	6.78E-02
1070	0.279782683	2.12E-01	3.48E-01	0.067844883
1071	0.280146688	2.12E-01	3.48E-01	6.79E-02
1072	0.28058964	2.13E-01	3.49E-01	6.79E-02
1073	0.281007946	2.13E-01	3.49E-01	6.80E-02
1074	0.281330019	2.13E-01	3.49E-01	6.81E-02
1075	0.281644046	2.13E-01	3.50E-01	6.82E-02
1076	0.281968921	2.14E-01	3.50E-01	6.82E-02
1077	0.282188475	2.14E-01	3.50E-01	6.81E-02
1078	0.282507449	2.14E-01	3.51E-01	6.82E-02
1079	0.282980323	2.15E-01	3.51E-01	6.84E-02
1080	0.283405662	2.15E-01	3.52E-01	6.85E-02
1081	0.283730567	2.15E-01	3.52E-01	6.84E-02
1082	0.284119785	2.16E-01	3.52E-01	0.06837187
1083	0.284463972	2.16E-01	3.53E-01	6.86E-02
1084	0.284879178	2.16E-01	3.54E-01	0.068785734
1085	0.285271943	2.16E-01	3.54E-01	6.88E-02
1086	0.285632432	2.17E-01	3.54E-01	6.88E-02
1087	0.285990238	2.17E-01	3.55E-01	6.88E-02
1088	0.286416709	2.18E-01	3.55E-01	6.89E-02
1089	0.28682074	2.18E-01	3.56E-01	0.068968877
1090	0.287178993	2.18E-01	3.56E-01	6.90E-02
1091	0.287460417	2.18E-01	3.56E-01	6.90E-02
1092	0.287689686	2.19E-01	3.57E-01	6.90E-02
1093	0.288054407	2.19E-01	3.57E-01	6.90E-02
1094	0.288465977	2.19E-01	3.58E-01	6.91E-02
1095	0.288757622	2.20E-01	3.58E-01	0.069159061
1096	0.289003044	2.20E-01	3.58E-01	6.91E-02
1097	0.289383382	2.20E-01	3.59E-01	6.92E-02
1098	0.289837897	2.21E-01	3.59E-01	6.92E-02
1099	0.290235907	2.21E-01	3.60E-01	6.93E-02
1100	0.29072395	2.21E-01	3.60E-01	6.93E-02
1101	0.291129768	2.22E-01	3.60E-01	6.93E-02
1102	0.291344136	2.22E-01	3.61E-01	6.93E-02
1103	0.291568667	2.22E-01	3.61E-01	6.93E-02
1104	0.291889548	2.22E-01	3.61E-01	6.94E-02
1105	0.292180091	2.23E-01	3.62E-01	6.95E-02
1106	0.292349637	2.23E-01	3.62E-01	6.95E-02
1107	0.292527825	2.23E-01	3.62E-01	6.96E-02
1108	0.292750686	2.23E-01	3.62E-01	6.97E-02
1109	0.292996049	2.23E-01	3.63E-01	6.98E-02
1110	0.293342292	2.23E-01	3.63E-01	6.99E-02
1111	0.29379943	2.24E-01	3.64E-01	6.99E-02
1112	0.294115275	2.24E-01	3.64E-01	7.00E-02
1113	0.294227064	2.24E-01	3.64E-01	7.02E-02
1114	0.294465899	2.24E-01	3.65E-01	7.04E-02
1115	0.2949045	2.24E-01	3.65E-01	7.04E-02
1116	0.2954036	2.25E-01	3.66E-01	7.05E-02
1117	0.295919269	2.25E-01	3.66E-01	7.06E-02
1118	0.296463251	2.26E-01	3.67E-01	7.06E-02
1119	0.297045588	2.26E-01	3.68E-01	7.07E-02
1120	0.297662288	2.27E-01	3.68E-01	7.08E-02
1121	0.297971815	2.27E-01	3.69E-01	7.07E-02
1122	0.298246473	2.28E-01	3.69E-01	7.06E-02
1123	0.298684776	2.28E-01	3.69E-01	7.06E-02
1124	0.299209267	2.29E-01	3.70E-01	7.06E-02
1125	0.299764484	2.29E-01	3.70E-01	0.070654884
1126	0.300251216	2.29E-01	3.71E-01	7.08E-02
1127	0.300572455	2.30E-01	3.71E-01	7.08E-02
1128	0.300777376	2.30E-01	3.71E-01	7.07E-02
1129	0.30107981	2.30E-01	3.72E-01	7.07E-02
1130	0.301481366	2.31E-01	3.72E-01	7.09E-02
1131	0.301856637	2.31E-01	3.73E-01	7.10E-02
1132	0.302184492	2.31E-01	3.73E-01	7.11E-02
1133	0.302506357	2.31E-01	3.74E-01	7.11E-02
1134	0.302929938	2.32E-01	3.74E-01	0.071142852
1135	0.303320765	2.32E-01	3.74E-01	7.12E-02
1136	0.30350399	2.32E-01	3.75E-01	0.071218841
1137	0.303678304	2.32E-01	3.75E-01	7.13E-02
1138	0.303931534	2.33E-01	3.75E-01	0.071418859
1139	0.304214746	2.33E-01	3.76E-01	0.07159093
1140	0.304526836	2.33E-01	3.76E-01	0.071741521
1141	0.304831326	2.33E-01	3.77E-01	7.19E-02
1142	0.305219471	2.33E-01	3.77E-01	7.20E-02
1143	0.30565244	2.34E-01	3.78E-01	7.21E-02
1144	0.306128889	2.34E-01	3.78E-01	7.22E-02
1145	0.306576312	2.34E-01	3.79E-01	7.23E-02
1146	0.307001024	2.35E-01	3.79E-01	7.24E-02
1147	0.30743593	2.35E-01	3.80E-01	7.24E-02
1148	0.307856739	2.35E-01	3.80E-01	7.24E-02
1149	0.308303505	2.36E-01	3.81E-01	7.24E-02
1150	0.308692575	2.36E-01	3.81E-01	7.25E-02
1151	0.309017122	2.37E-01	3.82E-01	7.25E-02
1152	0.309342057	2.37E-01	3.82E-01	7.26E-02
1153	0.309691906	2.37E-01	3.82E-01	7.26E-02
1154	0.310008109	2.37E-01	3.83E-01	7.25E-02
1155	0.310231477	2.38E-01	3.83E-01	7.26E-02
1156	0.310438961	2.38E-01	3.83E-01	7.27E-02
1157	0.310818166	2.38E-01	3.84E-01	7.28E-02
1158	0.311121434	2.38E-01	3.84E-01	7.28E-02
1159	0.311303586	2.38E-01	3.84E-01	7.28E-02
1160	0.31141302	2.39E-01	3.84E-01	7.28E-02
1161	0.311611801	2.39E-01	3.84E-01	7.28E-02
1162	0.311836421	2.39E-01	3.85E-01	7.29E-02
1163	0.312115312	2.39E-01	3.85E-01	7.29E-02
1164	0.312371016	2.39E-01	3.85E-01	7.30E-02
1165	0.312592924	2.40E-01	3.86E-01	7.30E-02
1166	0.312825859	2.40E-01	3.86E-01	7.31E-02
1167	0.313081503	2.40E-01	3.86E-01	0.07314045
1168	0.313446045	2.40E-01	3.87E-01	7.32E-02
1169	0.31376186	2.40E-01	3.87E-01	0.073272169
1170	0.313969016	2.41E-01	3.87E-01	7.33E-02
1171	0.314150155	2.41E-01	3.87E-01	7.33E-02
1172	0.314378262	2.41E-01	3.88E-01	7.34E-02
1173	0.314636916	2.41E-01	3.88E-01	7.35E-02
1174	0.314915329	2.41E-01	3.88E-01	7.35E-02
1175	0.315192372	2.42E-01	3.89E-01	7.35E-02
1176	0.315506011	2.42E-01	3.89E-01	7.35E-02
1177	0.315855771	2.42E-01	3.89E-01	7.36E-02
1178	0.316137195	2.43E-01	3.90E-01	7.36E-02
1179	0.316403896	2.43E-01	3.90E-01	7.37E-02
1180	0.316694796	2.43E-01	3.90E-01	7.37E-02
1181	0.316996098	2.43E-01	3.91E-01	7.37E-02
1182	0.317279041	2.44E-01	3.91E-01	7.38E-02
1183	0.317600787	2.44E-01	3.91E-01	7.38E-02
1184	0.317889333	2.44E-01	3.92E-01	7.38E-02
1185	0.318149269	2.44E-01	3.92E-01	0.073820449
1186	0.318462372	2.45E-01	3.92E-01	7.38E-02
1187	0.31876421	2.45E-01	3.93E-01	7.38E-02
1188	0.319043905	2.45E-01	3.93E-01	7.39E-02
1189	0.319275945	2.45E-01	3.93E-01	7.40E-02
1190	0.319494337	2.45E-01	3.94E-01	7.40E-02
1191	0.319690019	2.46E-01	3.94E-01	7.40E-02
1192	0.31992349	2.46E-01	3.94E-01	7.39E-02
1193	0.320183128	2.46E-01	3.94E-01	7.40E-02
1194	0.320409417	2.46E-01	3.95E-01	7.41E-02
1195	0.320699185	2.47E-01	3.95E-01	7.41E-02
1196	0.320954531	2.47E-01	3.95E-01	0.074160062
1197	0.321238488	2.47E-01	3.95E-01	7.42E-02
1198	0.321536899	2.47E-01	3.96E-01	7.42E-02
1199	0.321931928	2.48E-01	3.96E-01	7.43E-02
1200	0.322345942	2.48E-01	3.97E-01	7.44E-02
1201	0.322674751	2.48E-01	3.97E-01	7.44E-02
1202	0.322967768	2.49E-01	3.97E-01	7.44E-02
1203	0.323246986	2.49E-01	3.98E-01	0.07443618
1204	0.323450714	2.49E-01	3.98E-01	7.45E-02
1205	0.323720276	2.49E-01	3.98E-01	7.45E-02
1206	0.324031264	2.49E-01	3.99E-01	7.46E-02
1207	0.324385136	2.50E-01	3.99E-01	7.46E-02
1208	0.324710101	2.50E-01	3.99E-01	7.47E-02
1209	0.325061649	2.50E-01	4.00E-01	7.47E-02
1210	0.325365603	2.51E-01	4.00E-01	7.47E-02
1211	0.325684607	2.51E-01	4.00E-01	7.46E-02
1212	0.325931013	2.51E-01	4.01E-01	7.47E-02
1213	0.326174587	2.51E-01	4.01E-01	7.47E-02
1214	0.326451302	2.52E-01	4.01E-01	7.47E-02
1215	0.326726794	2.52E-01	4.01E-01	7.47E-02
1216	0.327028602	2.52E-01	4.02E-01	7.48E-02
1217	0.327328503	2.52E-01	4.02E-01	7.49E-02
1218	0.327564806	2.53E-01	4.02E-01	7.49E-02
1219	0.327784061	2.53E-01	4.03E-01	7.48E-02
1220	0.327979177	2.53E-01	4.03E-01	7.49E-02
1221	0.328168869	2.53E-01	4.03E-01	0.074888289
1222	0.328383088	2.53E-01	4.03E-01	7.49E-02
1223	0.32865566	2.54E-01	4.04E-01	7.50E-02
1224	0.328820527	2.54E-01	4.04E-01	7.50E-02
1225	0.328901917	2.54E-01	4.04E-01	7.49E-02
1226	0.329063863	2.54E-01	4.04E-01	7.49E-02
1227	0.329206944	2.54E-01	4.04E-01	7.49E-02
1228	0.32942462	2.55E-01	4.04E-01	7.49E-02
1229	0.329719126	2.55E-01	4.05E-01	7.49E-02
1230	0.330019206	2.55E-01	4.05E-01	7.50E-02
1231	0.330224127	2.55E-01	4.05E-01	7.50E-02
1232	0.330491304	2.55E-01	4.06E-01	7.51E-02
1233	0.330837518	2.56E-01	4.06E-01	7.51E-02
1234	0.331128746	2.56E-01	4.06E-01	7.51E-02
1235	0.331333905	2.56E-01	4.06E-01	7.51E-02
1236	0.33151406	2.56E-01	4.07E-01	0.075080931
1237	0.331898689	2.57E-01	4.07E-01	7.52E-02
1238	0.332258046	2.57E-01	4.08E-01	7.53E-02
1239	0.332505465	2.57E-01	4.08E-01	7.52E-02
1240	0.332740963	2.58E-01	4.08E-01	7.52E-02
1241	0.333064348	2.58E-01	4.08E-01	7.53E-02
1242	0.333366394	2.58E-01	4.09E-01	7.53E-02
1243	0.333664984	2.58E-01	4.09E-01	7.54E-02
1244	0.333951354	2.59E-01	4.09E-01	7.54E-02
1245	0.33431676	2.59E-01	4.10E-01	7.55E-02
1246	0.334669709	2.59E-01	4.10E-01	7.55E-02
1247	0.335054934	2.59E-01	4.11E-01	7.56E-02
1248	0.335424393	2.60E-01	4.11E-01	0.075651154
1249	0.335785419	2.60E-01	4.11E-01	7.57E-02
1250	0.33611533	2.60E-01	4.12E-01	7.57E-02
1251	0.336455673	2.61E-01	4.12E-01	7.57E-02
1252	0.336737603	2.61E-01	4.13E-01	7.58E-02
1253	0.337033778	2.61E-01	4.13E-01	7.58E-02
1254	0.337381631	2.61E-01	4.13E-01	7.59E-02
1255	0.337653428	2.62E-01	4.14E-01	7.59E-02
1256	0.337882638	2.62E-01	4.14E-01	7.60E-02
1257	0.338085353	2.62E-01	4.14E-01	7.60E-02
1258	0.338384032	2.62E-01	4.14E-01	7.60E-02
1259	0.338690817	2.63E-01	4.15E-01	7.60E-02
1260	0.339115381	2.63E-01	4.15E-01	7.61E-02
1261	0.339567602	2.63E-01	4.16E-01	7.62E-02
1262	0.339904428	2.64E-01	4.16E-01	7.62E-02
1263	0.340211898	2.64E-01	4.16E-01	7.62E-02
1264	0.340518922	2.64E-01	4.17E-01	0.076247938
1265	0.340847641	2.65E-01	4.17E-01	7.63E-02
1266	0.341223538	2.65E-01	4.18E-01	7.64E-02
1267	0.341577977	2.65E-01	4.18E-01	7.64E-02
1268	0.341970623	2.66E-01	4.18E-01	7.64E-02
1269	0.342320234	2.66E-01	4.19E-01	0.076417089
1270	0.342672795	2.66E-01	4.19E-01	7.64E-02
1271	0.342970163	2.67E-01	4.19E-01	0.076345332
1272	0.343306243	2.67E-01	4.20E-01	7.63E-02
1273	0.343727708	2.67E-01	4.20E-01	0.076465979
1274	0.344041258	2.68E-01	4.21E-01	7.65E-02
1275	0.344241083	2.68E-01	4.21E-01	7.65E-02
1276	0.344452202	2.68E-01	4.21E-01	7.65E-02
1277	0.344779193	2.68E-01	4.21E-01	7.66E-02
1278	0.345057964	2.68E-01	4.22E-01	7.67E-02
1279	0.345440775	2.69E-01	4.22E-01	7.68E-02
1280	0.345782608	2.69E-01	4.23E-01	7.68E-02
1281	0.346159041	2.69E-01	4.23E-01	7.69E-02
1282	0.346503317	2.70E-01	4.23E-01	7.69E-02
1283	0.346893579	2.70E-01	4.24E-01	7.70E-02
1284	0.347248167	2.70E-01	4.24E-01	7.71E-02
1285	0.347646981	2.70E-01	4.25E-01	7.72E-02
1286	0.348048657	2.71E-01	4.25E-01	0.077211507
1287	0.348395228	2.71E-01	4.26E-01	7.73E-02
1288	0.348768413	2.71E-01	4.26E-01	7.74E-02
1289	0.349175662	2.72E-01	4.27E-01	7.75E-02
1290	0.349534243	2.72E-01	4.27E-01	7.76E-02
1291	0.349909514	2.72E-01	4.28E-01	7.77E-02
1292	0.350321501	2.73E-01	4.28E-01	7.78E-02
1293	0.350734651	2.73E-01	4.29E-01	7.79E-02
1294	0.351119041	2.73E-01	4.29E-01	7.80E-02
1295	0.351448327	2.73E-01	4.30E-01	7.81E-02
1296	0.351726085	2.74E-01	4.30E-01	7.82E-02
1297	0.351990551	2.74E-01	4.30E-01	7.82E-02
1298	0.35239464	2.74E-01	4.31E-01	7.83E-02
1299	0.352810889	2.74E-01	4.31E-01	7.84E-02
1300	0.353107214	2.75E-01	4.32E-01	7.85E-02
1301	0.353401124	2.75E-01	4.32E-01	7.86E-02
1302	0.353602648	2.75E-01	4.32E-01	7.86E-02
1303	0.353884101	2.75E-01	4.32E-01	7.86E-02
1304	0.354261011	2.76E-01	4.33E-01	7.87E-02
1305	0.354625076	2.76E-01	4.33E-01	7.87E-02
1306	0.354833782	2.76E-01	4.34E-01	7.88E-02
1307	0.35510996	2.76E-01	4.34E-01	7.88E-02
1308	0.355368644	2.77E-01	4.34E-01	7.89E-02
1309	0.355647087	2.77E-01	4.35E-01	7.89E-02
1310	0.355973244	2.77E-01	4.35E-01	7.89E-02
1311	0.35631296	2.77E-01	4.35E-01	7.89E-02
1312	0.356555015	2.78E-01	4.35E-01	7.89E-02
1313	0.356824756	2.78E-01	4.36E-01	7.89E-02
1314	0.357102573	2.78E-01	4.36E-01	7.89E-02
1315	0.357366413	2.79E-01	4.36E-01	7.89E-02
1316	0.357586563	2.79E-01	4.36E-01	7.88E-02
1317	0.357745171	2.79E-01	4.37E-01	0.07877025
1318	0.357890636	2.79E-01	4.37E-01	7.87E-02
1319	0.358054668	2.79E-01	4.37E-01	7.87E-02
1320	0.358212292	2.80E-01	4.37E-01	7.86E-02
1321	0.358331561	2.80E-01	4.37E-01	7.85E-02
1322	0.358355492	2.80E-01	4.37E-01	7.84E-02
1323	0.35831669	2.80E-01	4.37E-01	7.84E-02
1324	0.35833624	2.80E-01	4.37E-01	7.83E-02
1325	0.358418524	2.80E-01	4.37E-01	7.83E-02
1326	0.358485788	2.80E-01	4.37E-01	7.82E-02
1327	0.358501881	2.80E-01	4.37E-01	7.81E-02
1328	0.358538896	2.81E-01	4.36E-01	7.79E-02
1329	0.358446687	2.81E-01	4.36E-01	7.79E-02
1330	0.358373463	2.81E-01	4.36E-01	7.78E-02
1331	0.358205259	2.81E-01	4.36E-01	7.76E-02
1332	0.35805428	2.81E-01	4.35E-01	0.077419788
1333	0.357965976	2.81E-01	4.35E-01	7.74E-02
1334	0.357945651	2.81E-01	4.35E-01	7.73E-02
1335	0.357945979	2.81E-01	4.35E-01	7.72E-02
1336	0.357860833	2.81E-01	4.35E-01	7.71E-02
1337	0.357705384	2.81E-01	4.35E-01	7.70E-02
1338	0.35757181	2.81E-01	4.35E-01	7.70E-02
1339	0.357396364	2.81E-01	4.34E-01	7.69E-02
1340	0.357202441	2.80E-01	4.34E-01	7.68E-02
1341	0.356947631	2.80E-01	4.34E-01	7.68E-02
1342	0.356581926	2.80E-01	4.33E-01	7.68E-02
1343	0.356220841	2.79E-01	4.33E-01	7.68E-02
1344	0.355935097	2.79E-01	4.33E-01	7.70E-02
1345	0.355646163	2.79E-01	4.33E-01	7.70E-02
1346	0.355319113	2.78E-01	4.32E-01	0.077082485
1347	0.35475409	2.78E-01	4.32E-01	7.70E-02
1348	0.35413152	2.77E-01	4.31E-01	0.076965332
1349	0.353540808	2.76E-01	4.31E-01	7.71E-02
1350	0.352919191	2.76E-01	4.30E-01	7.71E-02
1351	0.352396578	2.75E-01	4.30E-01	7.71E-02
1352	0.351940215	2.75E-01	4.29E-01	7.70E-02
1353	0.351172715	2.74E-01	4.28E-01	7.72E-02
1354	0.350136012	2.72E-01	4.28E-01	7.77E-02
1355	0.349412501	2.71E-01	4.27E-01	7.79E-02
1356	0.350494534	2.72E-01	4.29E-01	7.80E-02
1357	0.352495968	2.74E-01	4.31E-01	7.85E-02
1358	0.35460192	2.75E-01	4.34E-01	7.97E-02
1359	0.354958653	2.74E-01	4.36E-01	8.11E-02
1360	0.344477952	2.67E-01	4.22E-01	7.79E-02
1361	0.332084417	2.57E-01	4.07E-01	7.48E-02
1362	0.338726014	2.63E-01	4.15E-01	7.61E-02
1363	0.348971158	2.70E-01	4.28E-01	7.93E-02
1364	0.351775825	2.75E-01	4.29E-01	7.68E-02
1365	0.350795895	2.72E-01	4.30E-01	7.91E-02
1366	0.338862598	2.64E-01	4.14E-01	7.51E-02
1367	0.33010149	2.57E-01	4.03E-01	7.33E-02
1368	0.330408275	2.59E-01	4.02E-01	7.14E-02
1369	0.330904663	2.59E-01	4.03E-01	7.21E-02
1370	0.338947296	2.64E-01	4.14E-01	7.54E-02
1371	0.346479893	2.67E-01	4.26E-01	7.99E-02
1372	0.349321216	2.70E-01	4.28E-01	7.89E-02
1373	0.351033539	2.73E-01	4.29E-01	0.077726275
1374	0.35017094	2.74E-01	4.27E-01	7.63E-02
1375	0.348254651	2.71E-01	4.25E-01	7.71E-02
1376	0.35034883	2.73E-01	4.28E-01	7.76E-02
1377	0.353740692	2.77E-01	4.31E-01	7.70E-02
1378	0.353808194	2.75E-01	4.33E-01	0.078980029
1379	0.352912992	2.71E-01	4.35E-01	8.23E-02
1380	0.352950305	2.70E-01	4.36E-01	8.30E-02
1381	0.354009807	2.70E-01	4.38E-01	8.43E-02
1382	0.352756172	2.68E-01	4.38E-01	8.48E-02
1383	0.350497216	2.68E-01	4.33E-01	8.20E-02
1384	0.352837205	2.72E-01	4.33E-01	8.07E-02
1385	0.35656178	2.74E-01	4.39E-01	0.082152322
1386	0.357698381	2.75E-01	4.41E-01	8.29E-02
1387	0.356580466	2.74E-01	4.39E-01	8.24E-02
1388	0.35512054	2.73E-01	4.37E-01	8.16E-02
1389	0.353965163	2.74E-01	4.34E-01	7.99E-02
1390	0.352292091	2.74E-01	4.31E-01	7.85E-02
1391	0.349942446	2.73E-01	4.27E-01	7.73E-02
1392	0.348619044	2.72E-01	4.25E-01	7.63E-02
1393	0.348671168	2.72E-01	4.25E-01	7.62E-02
1394	0.348521709	2.72E-01	4.25E-01	7.69E-02
1395	0.347431749	2.70E-01	4.25E-01	7.78E-02
1396	0.346518606	2.68E-01	4.25E-01	7.85E-02
1397	0.34602052	2.68E-01	4.24E-01	7.78E-02
1398	0.34529978	2.68E-01	4.22E-01	7.68E-02
1399	0.344010681	2.68E-01	4.20E-01	7.58E-02
1400	0.343079954	2.68E-01	4.18E-01	7.50E-02
1401	0.342606217	2.68E-01	4.17E-01	7.42E-02
1402	0.342035949	2.68E-01	4.16E-01	7.37E-02
1403	0.341374576	2.67E-01	4.16E-01	7.44E-02
1404	0.340775192	2.66E-01	4.16E-01	0.074912503
1405	0.338955671	2.64E-01	4.14E-01	7.47E-02
1406	0.337036848	2.62E-01	4.12E-01	7.45E-02
1407	0.33370465	2.61E-01	4.07E-01	0.073179804
1408	0.330664486	2.59E-01	4.03E-01	7.19E-02
1409	0.329393536	2.58E-01	4.01E-01	7.14E-02
1410	0.328456283	2.58E-01	3.99E-01	7.08E-02
1411	0.327308297	2.57E-01	3.98E-01	7.05E-02
1412	0.32634607	2.56E-01	3.97E-01	7.05E-02
1413	0.325404704	2.55E-01	3.95E-01	6.99E-02
1414	0.324541062	2.55E-01	3.94E-01	6.93E-02
1415	0.322489262	2.53E-01	3.92E-01	6.90E-02
1416	0.320168406	2.51E-01	3.89E-01	6.87E-02
1417	0.318898022	2.51E-01	3.87E-01	6.83E-02
1418	0.318192959	2.50E-01	3.86E-01	0.068111889
1419	0.317213953	2.49E-01	3.85E-01	6.79E-02
1420	0.316000998	2.48E-01	3.84E-01	6.76E-02
1421	0.314622104	2.47E-01	3.82E-01	6.72E-02
1422	0.313177824	2.46E-01	3.80E-01	6.69E-02
1423	0.312154233	2.46E-01	3.79E-01	6.66E-02
1424	0.311401188	2.45E-01	3.78E-01	0.066149004
1425	0.310681194	2.45E-01	3.77E-01	6.58E-02
1426	0.309921741	2.44E-01	3.76E-01	6.57E-02
1427	0.309240341	2.44E-01	3.75E-01	6.55E-02
1428	0.308537543	2.43E-01	3.74E-01	0.06538076
1429	0.307936966	2.43E-01	3.73E-01	6.53E-02
1430	0.30767557	2.42E-01	3.73E-01	6.53E-02
1431	0.307250559	2.42E-01	3.73E-01	6.53E-02
1432	0.306389064	2.41E-01	3.72E-01	6.53E-02
1433	0.305678338	2.40E-01	3.71E-01	6.53E-02
1434	0.305353701	2.40E-01	3.70E-01	6.50E-02
1435	0.305084974	2.40E-01	3.70E-01	6.48E-02
1436	0.304618776	2.40E-01	3.69E-01	6.47E-02
1437	0.304269731	2.40E-01	3.69E-01	6.46E-02
1438	0.30443573	2.40E-01	3.69E-01	6.44E-02
1439	0.304511279	2.40E-01	3.69E-01	6.42E-02
1440	0.304121822	2.40E-01	3.68E-01	6.43E-02
1441	0.303737074	2.39E-01	3.68E-01	6.43E-02
1442	0.303420663	2.39E-01	3.68E-01	6.41E-02
1443	0.303182811	2.39E-01	3.67E-01	6.40E-02
1444	0.303337932	2.39E-01	3.67E-01	6.41E-02
1445	0.303480595	2.39E-01	3.68E-01	6.41E-02
1446	0.30359	2.40E-01	3.68E-01	6.41E-02
1447	0.303678632	2.40E-01	3.68E-01	6.41E-02
1448	0.30356124	2.40E-01	3.68E-01	6.40E-02
1449	0.303447068	2.40E-01	3.67E-01	6.39E-02
1450	0.30348295	2.40E-01	3.67E-01	0.063953809
1451	0.303524852	2.40E-01	3.68E-01	6.40E-02
1452	0.303683102	2.40E-01	3.68E-01	6.39E-02
1453	0.30386287	2.40E-01	3.68E-01	6.39E-02
1454	0.303770006	2.40E-01	3.68E-01	6.38E-02
1455	0.303628236	2.40E-01	3.67E-01	6.38E-02
1456	0.303670168	2.40E-01	3.67E-01	6.38E-02
1457	0.303731829	2.40E-01	3.68E-01	6.39E-02
1458	0.303700387	2.40E-01	3.68E-01	6.39E-02
1459	0.303640157	2.40E-01	3.68E-01	6.39E-02
1460	0.303647339	2.40E-01	3.67E-01	6.38E-02
1461	0.303705215	2.40E-01	3.67E-01	6.38E-02
1462	0.303765446	2.40E-01	3.68E-01	6.38E-02
1463	0.303806782	2.40E-01	3.68E-01	6.38E-02
1464	0.303838491	2.40E-01	3.68E-01	6.38E-02
1465	0.303893834	2.40E-01	3.68E-01	6.38E-02
1466	0.303807706	2.40E-01	3.68E-01	6.39E-02
1467	0.303664714	2.40E-01	3.68E-01	6.38E-02
1468	0.303795546	2.40E-01	3.68E-01	6.39E-02
1469	0.304046273	2.40E-01	3.68E-01	6.39E-02
1470	0.304141551	2.40E-01	3.68E-01	6.38E-02
1471	0.304257274	2.40E-01	3.68E-01	6.38E-02
1472	0.304418981	2.41E-01	3.68E-01	6.38E-02
1473	0.304638445	2.41E-01	3.68E-01	6.38E-02
1474	0.304822028	2.41E-01	3.69E-01	6.38E-02
1475	0.304988444	2.41E-01	3.69E-01	0.063867062
1476	0.305122733	2.41E-01	3.69E-01	6.38E-02
1477	0.30524233	2.41E-01	3.69E-01	6.37E-02
1478	0.305412948	2.42E-01	3.69E-01	6.37E-02
1479	0.305663824	2.42E-01	3.69E-01	6.37E-02
1480	0.305920511	2.42E-01	3.70E-01	6.38E-02
1481	0.306059718	2.42E-01	3.70E-01	0.063777469
1482	0.306291044	2.42E-01	3.70E-01	6.38E-02
1483	0.306696177	2.43E-01	3.71E-01	6.39E-02
1484	0.307064563	2.43E-01	3.71E-01	0.063922331
1485	0.307337195	2.43E-01	3.71E-01	6.39E-02
1486	0.307613194	2.44E-01	3.72E-01	6.39E-02
1487	0.307975322	2.44E-01	3.72E-01	6.40E-02
1488	0.308301896	2.44E-01	3.72E-01	6.40E-02
1489	0.308569849	2.45E-01	3.73E-01	0.063938208
1490	0.308815777	2.45E-01	3.73E-01	6.39E-02
1491	0.309262067	2.45E-01	3.73E-01	6.40E-02
1492	0.309620887	2.46E-01	3.74E-01	6.41E-02
1493	0.309923798	2.46E-01	3.74E-01	6.41E-02
1494	0.310228199	2.46E-01	3.74E-01	6.42E-02
1495	0.310580611	2.46E-01	3.75E-01	6.42E-02
1496	0.310940266	2.47E-01	3.75E-01	6.42E-02
1497	0.311356068	2.47E-01	3.76E-01	6.43E-02
1498	0.311728477	2.47E-01	3.76E-01	6.43E-02
1499	0.311987013	2.48E-01	3.76E-01	6.43E-02
1500	0.312288731	2.48E-01	3.77E-01	6.43E-02
1501	0.312652826	2.48E-01	3.77E-01	0.064404272
1502	0.313012153	2.49E-01	3.77E-01	6.45E-02
1503	0.313481659	2.49E-01	3.78E-01	6.45E-02
1504	0.313936502	2.49E-01	3.79E-01	6.46E-02
1505	0.314400673	2.50E-01	3.79E-01	6.47E-02
1506	0.314890355	2.50E-01	3.80E-01	6.47E-02
1507	0.315336138	2.51E-01	3.80E-01	6.47E-02
1508	0.31577307	2.51E-01	3.81E-01	6.48E-02
1509	0.31633386	2.51E-01	3.81E-01	6.49E-02
1510	0.316844046	2.52E-01	3.82E-01	6.50E-02
1511	0.317205489	2.52E-01	3.82E-01	6.50E-02
1512	0.31753993	2.52E-01	3.83E-01	6.51E-02
1513	0.317966908	2.53E-01	3.83E-01	6.52E-02
1514	0.318412602	2.53E-01	3.84E-01	6.52E-02
1515	0.318775833	2.54E-01	3.84E-01	6.52E-02
1516	0.319168121	2.54E-01	3.84E-01	6.53E-02
1517	0.319562912	2.54E-01	3.85E-01	6.53E-02
1518	0.319954574	2.55E-01	3.85E-01	0.06540259
1519	0.320135117	2.55E-01	3.86E-01	6.55E-02
1520	0.32033509	2.55E-01	3.86E-01	6.56E-02
1521	0.320762396	2.55E-01	3.86E-01	0.065603994
1522	0.321211696	2.56E-01	3.87E-01	6.56E-02
1523	0.321519941	2.56E-01	3.87E-01	6.57E-02
1524	0.32179895	2.56E-01	3.87E-01	6.57E-02
1525	0.32220313	2.56E-01	3.88E-01	6.57E-02
1526	0.322591037	2.57E-01	3.88E-01	6.58E-02
1527	0.322821856	2.57E-01	3.89E-01	6.58E-02
1528	0.323021114	2.57E-01	3.89E-01	6.58E-02
1529	0.323318899	2.57E-01	3.89E-01	6.58E-02
1530	0.32359767	2.58E-01	3.89E-01	6.59E-02
1531	0.323862016	2.58E-01	3.90E-01	6.59E-02
1532	0.324137956	2.58E-01	3.90E-01	6.58E-02
1533	0.324427187	2.59E-01	3.90E-01	0.065889761
1534	0.324737847	2.59E-01	3.91E-01	6.60E-02
1535	0.325011134	2.59E-01	3.91E-01	6.60E-02
1536	0.325244665	2.59E-01	3.91E-01	6.60E-02
1537	0.325628102	2.60E-01	3.92E-01	6.61E-02
1538	0.326040745	2.60E-01	3.92E-01	0.066101111
1539	0.3262842	2.60E-01	3.92E-01	6.61E-02
1540	0.326517493	2.60E-01	3.93E-01	6.61E-02
1541	0.326884568	2.61E-01	3.93E-01	6.62E-02
1542	0.327281535	2.61E-01	3.94E-01	6.63E-02
1543	0.327555507	2.61E-01	3.94E-01	6.63E-02
1544	0.327757925	2.61E-01	3.94E-01	0.066323958
1545	0.328078806	2.62E-01	3.94E-01	6.63E-02
1546	0.328447729	2.62E-01	3.95E-01	6.63E-02
1547	0.328776956	2.62E-01	3.95E-01	0.066371463
1548	0.329087347	2.63E-01	3.96E-01	0.06643381
1549	0.329371363	2.63E-01	3.96E-01	6.65E-02
1550	0.329657525	2.63E-01	3.96E-01	6.65E-02
1551	0.32992211	2.63E-01	3.96E-01	6.66E-02
1552	0.330175728	2.64E-01	3.97E-01	6.66E-02
1553	0.330475748	2.64E-01	3.97E-01	6.66E-02
1554	0.330798388	2.64E-01	3.97E-01	6.67E-02
1555	0.331135899	2.64E-01	3.98E-01	6.67E-02
1556	0.331489921	2.65E-01	3.98E-01	6.68E-02
1557	0.33182165	2.65E-01	3.99E-01	6.68E-02
1558	0.332134694	2.65E-01	3.99E-01	6.69E-02
1559	0.332403898	2.65E-01	3.99E-01	6.70E-02
1560	0.332711786	2.66E-01	4.00E-01	6.70E-02
1561	0.33296293	2.66E-01	4.00E-01	6.71E-02
1562	0.333132833	2.66E-01	4.00E-01	6.71E-02
1563	0.33337453	2.66E-01	4.00E-01	0.067096621
1564	0.333621025	2.66E-01	4.01E-01	6.71E-02
1565	0.333882034	2.67E-01	4.01E-01	6.72E-02
1566	0.334097415	2.67E-01	4.01E-01	6.73E-02
1567	0.334314167	2.67E-01	4.02E-01	6.73E-02
1568	0.334473521	2.67E-01	4.02E-01	6.73E-02
1569	0.334778368	2.67E-01	4.02E-01	6.74E-02
1570	0.335121423	2.68E-01	4.03E-01	6.75E-02
1571	0.335403264	2.68E-01	4.03E-01	6.75E-02
1572	0.335672677	2.68E-01	4.03E-01	6.75E-02
1573	0.33597064	2.68E-01	4.03E-01	6.75E-02
1574	0.336287796	2.69E-01	4.04E-01	6.75E-02
1575	0.336662024	2.69E-01	4.04E-01	6.76E-02
1576	0.337099761	2.69E-01	4.05E-01	6.76E-02
1577	0.33745566	2.70E-01	4.05E-01	6.76E-02
1578	0.337703109	2.70E-01	4.05E-01	6.77E-02
1579	0.337999284	2.70E-01	4.06E-01	6.77E-02
1580	0.338243753	2.71E-01	4.06E-01	6.77E-02
1581	0.338545442	2.71E-01	4.06E-01	6.77E-02
1582	0.338837385	2.71E-01	4.07E-01	6.77E-02
1583	0.339180201	2.71E-01	4.07E-01	6.78E-02
1584	0.339559764	2.72E-01	4.07E-01	6.78E-02
1585	0.339988172	2.72E-01	4.08E-01	6.79E-02
1586	0.340382963	2.72E-01	4.08E-01	6.79E-02
1587	0.340777516	2.73E-01	4.09E-01	6.79E-02
1588	0.341181874	2.73E-01	4.09E-01	6.80E-02
1589	0.341630667	2.74E-01	4.10E-01	6.81E-02
1590	0.342105776	2.74E-01	4.10E-01	6.82E-02
1591	0.34254092	2.74E-01	4.11E-01	6.83E-02
1592	0.342908621	2.75E-01	4.11E-01	6.83E-02
1593	0.343443155	2.75E-01	4.12E-01	6.84E-02
1594	0.344039261	2.76E-01	4.13E-01	6.85E-02
1595	0.344627768	2.76E-01	4.13E-01	6.86E-02
1596	0.345188856	2.77E-01	4.14E-01	6.86E-02
1597	0.345818609	2.77E-01	4.15E-01	6.87E-02
1598	0.346441746	2.78E-01	4.15E-01	6.89E-02
1599	0.347056121	2.78E-01	4.16E-01	6.90E-02
1600	0.347626626	2.79E-01	4.17E-01	6.90E-02
1601	0.348280072	2.79E-01	4.17E-01	6.91E-02
1602	0.348928332	2.80E-01	4.18E-01	6.93E-02
1603	0.349628478	2.80E-01	4.19E-01	6.94E-02
1604	0.350342095	2.81E-01	4.20E-01	6.95E-02
1605	0.351075858	2.81E-01	4.21E-01	0.069610596
1606	0.351789325	2.82E-01	4.22E-01	6.98E-02
1607	0.35251081	2.83E-01	4.22E-01	6.99E-02
1608	0.353173822	2.83E-01	4.23E-01	7.00E-02
1609	0.353904635	2.84E-01	4.24E-01	0.070061482
1610	0.354621142	2.84E-01	4.25E-01	0.070135623
1611	0.355323076	2.85E-01	4.26E-01	0.07025335
1612	0.355957568	2.86E-01	4.26E-01	7.04E-02
1613	0.35661307	2.86E-01	4.27E-01	7.05E-02
1614	0.357226104	2.87E-01	4.28E-01	0.070620984
1615	0.357904941	2.87E-01	4.29E-01	0.070729949
1616	0.358595967	2.88E-01	4.29E-01	7.08E-02
1617	0.359132022	2.88E-01	4.30E-01	0.07087934
1618	0.359647781	2.89E-01	4.31E-01	0.070912279
1619	0.360289872	2.89E-01	4.31E-01	7.10E-02
1620	0.360990703	2.90E-01	4.32E-01	7.11E-02
1621	0.361556351	2.90E-01	4.33E-01	7.12E-02
1622	0.36211428	2.91E-01	4.33E-01	0.071340486
1623	0.362650216	2.91E-01	4.34E-01	7.14E-02
1624	0.363176882	2.92E-01	4.35E-01	7.14E-02
1625	0.363767833	2.92E-01	4.35E-01	7.15E-02
1626	0.364436895	2.93E-01	4.36E-01	7.16E-02
1627	0.364878356	2.93E-01	4.37E-01	7.17E-02
1628	0.365287781	2.94E-01	4.37E-01	7.18E-02
1629	0.365665525	2.94E-01	4.37E-01	7.18E-02
1630	0.366084307	2.94E-01	4.38E-01	7.18E-02
1631	0.36648646	2.95E-01	4.38E-01	7.19E-02
1632	0.366848558	2.95E-01	4.39E-01	7.19E-02
1633	0.36726591	2.95E-01	4.39E-01	7.19E-02
1634	0.367693216	2.96E-01	4.40E-01	7.19E-02
1635	0.368079811	2.96E-01	4.40E-01	7.20E-02
1636	0.368419468	2.96E-01	4.40E-01	7.21E-02
1637	0.368752122	2.97E-01	4.41E-01	7.21E-02
1638	0.369038612	2.97E-01	4.41E-01	7.21E-02
1639	0.369328856	2.97E-01	4.41E-01	7.21E-02
1640	0.36957705	2.97E-01	4.42E-01	7.21E-02
1641	0.369845182	2.98E-01	4.42E-01	7.22E-02
1642	0.370117098	2.98E-01	4.42E-01	7.22E-02
1643	0.370342761	2.98E-01	4.43E-01	0.072217271
1644	0.37051937	2.98E-01	4.43E-01	7.22E-02
1645	0.370719522	2.99E-01	4.43E-01	7.22E-02
1646	0.370876789	2.99E-01	4.43E-01	7.22E-02
1647	0.370913774	2.99E-01	4.43E-01	7.23E-02
1648	0.370936275	2.99E-01	4.43E-01	7.23E-02
1649	0.370991111	2.99E-01	4.43E-01	7.23E-02
1650	0.371010989	2.99E-01	4.43E-01	7.23E-02
1651	0.371104985	2.99E-01	4.43E-01	7.23E-02
1652	0.371202826	2.99E-01	4.43E-01	0.07220082
1653	0.371198326	2.99E-01	4.43E-01	0.072162464
1654	0.371225774	2.99E-01	4.43E-01	7.21E-02
1655	0.371186137	2.99E-01	4.43E-01	0.072083056
1656	0.371109605	2.99E-01	4.43E-01	7.20E-02
1657	0.371094644	2.99E-01	4.43E-01	7.20E-02
1658	0.371071905	2.99E-01	4.43E-01	7.20E-02
1659	0.370971441	2.99E-01	4.43E-01	7.19E-02
1660	0.370839059	2.99E-01	4.43E-01	7.18E-02
1661	0.370690107	2.99E-01	4.43E-01	7.19E-02
1662	0.370591819	2.99E-01	4.42E-01	7.19E-02
1663	0.370690137	2.99E-01	4.43E-01	7.18E-02
1664	0.370808959	2.99E-01	4.43E-01	7.18E-02
1665	0.370730698	2.99E-01	4.42E-01	7.18E-02
1666	0.370702386	2.99E-01	4.42E-01	7.17E-02
1667	0.370779335	2.99E-01	4.43E-01	7.18E-02
1668	0.37084648	2.99E-01	4.43E-01	7.18E-02
1669	0.370828569	2.99E-01	4.43E-01	7.17E-02
1670	0.370846152	2.99E-01	4.43E-01	7.17E-02
1671	0.371087611	2.99E-01	4.43E-01	7.17E-02
1672	0.37131232	3.00E-01	4.43E-01	7.17E-02
1673	0.371449411	3.00E-01	4.43E-01	7.17E-02
1674	0.371564209	3.00E-01	4.43E-01	7.18E-02
1675	0.371699572	3.00E-01	4.43E-01	0.071795791
1676	0.371857911	3.00E-01	4.44E-01	7.18E-02
1677	0.372064859	3.00E-01	4.44E-01	7.18E-02
1678	0.372297555	3.01E-01	4.44E-01	7.18E-02
1679	0.372650832	3.01E-01	4.45E-01	7.19E-02
1680	0.372927874	3.01E-01	4.45E-01	7.20E-02
1681	0.373121142	3.01E-01	4.45E-01	0.072041281
1682	0.373388916	3.01E-01	4.45E-01	7.21E-02
1683	0.373808682	3.02E-01	4.46E-01	7.22E-02
1684	0.374129444	3.02E-01	4.46E-01	7.22E-02
1685	0.374399811	3.02E-01	4.47E-01	7.22E-02
1686	0.374653459	3.02E-01	4.47E-01	7.22E-02
1687	0.3748281	3.03E-01	4.47E-01	7.23E-02
1688	0.375014216	3.03E-01	4.47E-01	7.23E-02
1689	0.375271022	3.03E-01	4.48E-01	7.23E-02
1690	0.375415206	3.03E-01	4.48E-01	7.23E-02
1691	0.375523448	3.03E-01	4.48E-01	7.24E-02
1692	0.375564784	3.03E-01	4.48E-01	7.24E-02
1693	0.375570387	3.03E-01	4.48E-01	7.24E-02
1694	0.375625908	3.03E-01	4.48E-01	7.24E-02
1695	0.375772089	3.03E-01	4.48E-01	7.24E-02
1696	0.375804991	3.03E-01	4.48E-01	0.072489932
1697	0.375712574	3.03E-01	4.48E-01	7.26E-02
1698	0.37566328	3.03E-01	4.48E-01	7.26E-02
1699	0.375671297	3.03E-01	4.48E-01	7.27E-02
1700	0.375757933	3.03E-01	4.48E-01	7.26E-02
1701	0.375953466	3.03E-01	4.49E-01	7.26E-02
1702	0.375890851	3.03E-01	4.48E-01	7.26E-02
1703	0.37577641	3.03E-01	4.48E-01	7.26E-02
1704	0.375928164	3.03E-01	4.49E-01	0.072621115
1705	0.376129627	3.04E-01	4.49E-01	7.26E-02
1706	0.376342863	3.04E-01	4.49E-01	7.27E-02
1707	0.376500964	3.04E-01	4.49E-01	7.28E-02
1708	0.376742572	3.04E-01	4.50E-01	7.28E-02
1709	0.376922339	3.04E-01	4.50E-01	7.28E-02
1710	0.376934052	3.04E-01	4.50E-01	7.28E-02
1711	0.37689507	3.04E-01	4.50E-01	7.27E-02
1712	0.377016276	3.04E-01	4.50E-01	0.072768822
1713	0.377176881	3.04E-01	4.50E-01	7.29E-02
1714	0.37730974	3.04E-01	4.50E-01	7.30E-02
1715	0.377377033	3.04E-01	4.50E-01	7.30E-02
1716	0.377485573	3.04E-01	4.51E-01	7.31E-02
1717	0.377567708	3.05E-01	4.51E-01	7.31E-02
1718	0.377720177	3.05E-01	4.51E-01	7.30E-02
1719	0.377897114	3.05E-01	4.51E-01	7.30E-02
1720	0.377924562	3.05E-01	4.51E-01	7.30E-02
1721	0.377942502	3.05E-01	4.51E-01	7.30E-02
1722	0.378096759	3.05E-01	4.51E-01	7.30E-02
1723	0.378232539	3.05E-01	4.51E-01	7.31E-02
1724	0.378279686	3.05E-01	4.51E-01	7.31E-02
1725	0.378398806	3.05E-01	4.52E-01	7.31E-02
1726	0.378559262	3.06E-01	4.52E-01	7.31E-02
1727	0.378761649	3.06E-01	4.52E-01	7.30E-02
1728	0.379166961	3.06E-01	4.52E-01	7.32E-02
1729	0.379515648	3.06E-01	4.53E-01	7.33E-02
1730	0.379682869	3.06E-01	4.53E-01	7.33E-02
1731	0.379734725	3.06E-01	4.53E-01	7.32E-02
1732	0.379568309	3.06E-01	4.53E-01	0.073193222
1733	0.379453987	3.06E-01	4.53E-01	7.32E-02
1734	0.379297882	3.06E-01	4.52E-01	7.32E-02
1735	0.379173547	3.06E-01	4.52E-01	7.32E-02
1736	0.379059076	3.06E-01	4.52E-01	7.32E-02
1737	0.378896236	3.06E-01	4.52E-01	7.32E-02
1738	0.378617495	3.06E-01	4.52E-01	7.31E-02
1739	0.37840727	3.05E-01	4.51E-01	7.30E-02
1740	0.378246546	3.05E-01	4.51E-01	7.29E-02
1741	0.378017038	3.05E-01	4.51E-01	0.072817788
1742	0.377772212	3.05E-01	4.51E-01	7.27E-02
1743	0.377602756	3.05E-01	4.50E-01	7.27E-02
1744	0.377475977	3.05E-01	4.50E-01	7.27E-02
1745	0.377343684	3.05E-01	4.50E-01	7.27E-02
1746	0.3772524	3.05E-01	4.50E-01	7.27E-02
1747	0.377204895	3.05E-01	4.50E-01	7.27E-02
1748	0.377178848	3.05E-01	4.50E-01	7.25E-02
1749	0.377129436	3.05E-01	4.50E-01	7.25E-02
1750	0.37707743	3.04E-01	4.50E-01	0.072589748
1751	0.377126485	3.05E-01	4.50E-01	7.25E-02
1752	0.377179563	3.05E-01	4.50E-01	7.25E-02
1753	0.377048761	3.05E-01	4.50E-01	7.25E-02
1754	0.376964569	3.04E-01	4.49E-01	7.25E-02
1755	0.376945466	3.04E-01	4.49E-01	7.25E-02
1756	0.376967162	3.05E-01	4.49E-01	7.24E-02
1757	0.37700969	3.05E-01	4.49E-01	7.24E-02
1758	0.377072841	3.05E-01	4.50E-01	0.072440468
1759	0.377106756	3.05E-01	4.50E-01	7.25E-02
1760	0.377143115	3.05E-01	4.50E-01	7.26E-02
1761	0.377205759	3.05E-01	4.50E-01	7.25E-02
1762	0.377307475	3.05E-01	4.50E-01	7.25E-02
1763	0.377464712	3.05E-01	4.50E-01	0.072524406
1764	0.377535224	3.05E-01	4.50E-01	7.26E-02
1765	0.377304971	3.05E-01	4.50E-01	7.24E-02
1766	0.377164066	3.05E-01	4.50E-01	7.24E-02
1767	0.377192944	3.05E-01	4.50E-01	7.24E-02
1768	0.377213359	3.05E-01	4.50E-01	7.23E-02
1769	0.377104044	3.05E-01	4.49E-01	7.23E-02
1770	0.376943231	3.05E-01	4.49E-01	7.23E-02
1771	0.376807094	3.04E-01	4.49E-01	7.24E-02
1772	0.376547903	3.04E-01	4.49E-01	0.072265513
1773	0.376073837	3.04E-01	4.48E-01	7.20E-02
1774	0.375846058	3.04E-01	4.48E-01	7.19E-02
1775	0.375840038	3.04E-01	4.48E-01	7.19E-02
1776	0.375781775	3.04E-01	4.48E-01	7.20E-02
1777	0.375712425	3.04E-01	4.48E-01	7.20E-02
1778	0.375588834	3.04E-01	4.48E-01	7.20E-02
1779	0.37544629	3.03E-01	4.48E-01	7.21E-02
1780	0.375409067	3.03E-01	4.47E-01	7.20E-02
1781	0.375350624	3.03E-01	4.47E-01	7.20E-02
1782	0.375589311	3.04E-01	4.48E-01	0.0720108
1783	0.375921369	3.04E-01	4.48E-01	7.20E-02
1784	0.376019329	3.04E-01	4.48E-01	7.20E-02
1785	0.376025766	3.04E-01	4.48E-01	7.20E-02
1786	0.376014024	3.04E-01	4.48E-01	7.20E-02
1787	0.375977933	3.04E-01	4.48E-01	7.19E-02
1788	0.375930488	3.04E-01	4.48E-01	7.20E-02
1789	0.37586534	3.04E-01	4.48E-01	0.072106235
1790	0.376187235	3.04E-01	4.48E-01	7.20E-02
1791	0.376491725	3.05E-01	4.48E-01	7.19E-02
1792	0.376528025	3.05E-01	4.48E-01	7.19E-02
1793	0.376578361	3.05E-01	4.49E-01	7.19E-02
1794	0.376778662	3.05E-01	4.49E-01	7.22E-02
1795	0.376904815	3.04E-01	4.49E-01	7.25E-02
1796	0.376922876	3.04E-01	4.49E-01	0.072551392
1797	0.377099484	3.04E-01	4.50E-01	0.072680227
1798	0.377603084	3.05E-01	4.50E-01	0.072791576
1799	0.378053278	3.05E-01	4.51E-01	7.28E-02
1800	0.378129005	3.05E-01	4.51E-01	7.28E-02
1801	0.387299776	3.15E-01	4.60E-01	7.28E-02
1802	0.389896363	3.15E-01	4.65E-01	7.49E-02
1803	0.39132756	3.17E-01	4.66E-01	7.47E-02
1804	0.393537164	3.19E-01	4.68E-01	7.48E-02
1805	0.397740781	3.21E-01	4.74E-01	7.66E-02
1806	0.401661575	3.22E-01	4.82E-01	8.00E-02
1807	0.398334473	3.18E-01	4.78E-01	7.99E-02
1808	0.396526575	3.18E-01	4.75E-01	0.078334242
1809	0.394628793	3.16E-01	4.73E-01	7.83E-02
1810	0.385879666	3.07E-01	4.64E-01	7.84E-02
1811	0.383225352	3.03E-01	4.64E-01	8.06E-02
1812	0.38975656	3.07E-01	4.73E-01	8.32E-02
1813	0.395311147	3.11E-01	4.79E-01	8.42E-02
1814	0.391706735	3.10E-01	4.74E-01	0.082002267
1815	0.385190994	3.06E-01	4.65E-01	7.93E-02
1816	0.380461454	3.03E-01	4.58E-01	7.76E-02
1817	0.379542768	3.01E-01	4.58E-01	7.88E-02
1818	0.382701129	3.01E-01	4.64E-01	8.13E-02
1819	0.383615762	2.98E-01	4.69E-01	8.52E-02
1820	0.388959736	2.99E-01	4.79E-01	9.01E-02
1821	0.396553367	3.02E-01	4.91E-01	0.094718836
1822	0.399011463	3.01E-01	4.97E-01	9.85E-02
1823	0.392520428	2.93E-01	4.92E-01	9.94E-02
1824	0.38696292	2.88E-01	4.86E-01	9.91E-02
1825	0.388036907	2.89E-01	4.87E-01	0.099200003
1826	0.389345467	3.08E-01	4.71E-01	8.13E-02
1827	0.36209017	2.80E-01	4.44E-01	8.24E-02
1828	0.327161103	2.40E-01	4.14E-01	8.72E-02
1829	0.314271986	2.20E-01	4.08E-01	9.40E-02
1830	0.323668301	2.24E-01	4.24E-01	9.99E-02
1831	0.343663573	2.42E-01	4.45E-01	0.101697251
1832	0.376635462	2.47E-01	5.06E-01	0.129192784
1833	0.440147698	2.24E-01	6.56E-01	0.215671331
1834	0.488316596	1.86E-01	7.91E-01	0.302615911
1835	0.534789503	2.48E-01	8.22E-01	0.287060231
1836	0.554534435	3.10E-01	7.99E-01	0.2440494
1837	0.448332101	2.54E-01	6.43E-01	0.194357082
1838	0.361877233	1.96E-01	5.28E-01	0.165832788
1839	0.363635421	1.75E-01	5.52E-01	0.188192457
1840	0.382925957	1.50E-01	6.16E-01	0.232805207
1841	0.315139204	8.20E-02	5.48E-01	0.233138055
1842	0.244698748	3.79E-02	4.51E-01	0.206794485
1843	0.243998662	3.10E-02	4.57E-01	0.212982967
1844	0.251697719	3.97E-02	4.64E-01	0.211989701
1845	0.224697679	5.95E-02	3.90E-01	0.165229678
1846	0.203591675	6.06E-02	3.47E-01	0.142972648
1847	0.213195771	4.95E-02	3.77E-01	0.163687348
1848	0.248714507	2.44E-02	4.73E-01	0.224298358
1849	0.274859875	4.81E-02	5.02E-01	0.226797596
1850	0.279154003	5.24E-02	5.06E-01	0.226765916
1851	0.281778872	4.45E-02	5.19E-01	0.237261713
1852	0.264826298	2.23E-02	5.07E-01	0.242571071
1853	0.267716318	6.32E-02	4.72E-01	0.204563007
1854	0.283119917	1.50E-01	4.16E-01	0.133375049
1855	0.277158976	1.78E-01	3.76E-01	9.91E-02
1856	0.293696672	1.81E-01	4.06E-01	0.112620167
1857	0.333145171	1.89E-01	4.77E-01	0.144055247
1858	0.362818062	2.11E-01	5.14E-01	0.151385278
1859	0.36549437	1.71E-01	5.60E-01	0.194505244
1860	0.422321975	1.60E-01	6.85E-01	0.26264751
1861	0.586239755	2.17E-01	9.55E-01	0.368815333
1862	0.683054626	2.71E-01	1.10E+00	0.412190199
1863	0.513350308	1.87E-01	8.40E-01	0.326665878
1864	0.442613512	1.63E-01	7.22E-01	0.279630005
1865	0.497616976	1.94E-01	8.01E-01	0.303381443
1866	0.570868433	2.06E-01	9.36E-01	0.364827096
1867	0.542299628	1.73E-01	9.12E-01	0.369597524
1868	0.516652226	1.46E-01	8.87E-01	0.370473117
1869	0.56491816	2.36E-01	8.94E-01	0.329367846
1870	0.585291982	2.81E-01	8.90E-01	0.304420769
1871	0.56777662	2.58E-01	8.78E-01	0.310168087
1872	0.563360631	2.23E-01	9.04E-01	0.340744913
1873	0.573488474	2.03E-01	9.44E-01	0.370511144
1874	0.542178929	2.46E-01	8.38E-01	0.295893133
1875	0.509221375	2.80E-01	7.38E-01	0.229192391
1876	0.477060795	3.16E-01	6.38E-01	0.160783395
1877	0.447274029	2.82E-01	6.13E-01	0.165322244
1878	0.405228734	2.65E-01	5.45E-01	0.14013733
1879	0.379433185	2.76E-01	4.83E-01	0.1037651
1880	0.354062557	2.55E-01	4.53E-01	9.88E-02
1881	0.324329525	2.25E-01	4.24E-01	9.96E-02
1882	0.312463999	2.05E-01	4.20E-01	0.107668176
1883	0.343666285	2.31E-01	4.56E-01	0.112705223
1884	0.376850963	2.45E-01	5.08E-01	0.131473303
1885	0.384907007	2.59E-01	5.11E-01	0.125986829
1886	0.385531455	2.67E-01	5.04E-01	0.118374795
1887	0.387762159	2.66E-01	5.10E-01	0.122105449
1888	0.382669359	2.51E-01	5.14E-01	0.13119939
1889	0.36899209	2.44E-01	4.94E-01	0.124655597
1890	0.356404066	2.59E-01	4.54E-01	9.73E-02
1891	0.356612265	2.73E-01	4.40E-01	8.33E-02
1892	0.372406721	2.94E-01	4.51E-01	7.84E-02
1893	0.382580966	2.92E-01	4.73E-01	9.02E-02
1894	0.371800631	2.83E-01	4.60E-01	8.87E-02
1895	0.361960202	2.67E-01	4.57E-01	9.50E-02
1896	0.368784994	2.70E-01	4.67E-01	9.87E-02
1897	0.388711035	2.74E-01	5.04E-01	0.114891477
1898	0.417464137	2.87E-01	5.48E-01	0.130078912
1899	0.458979577	3.15E-01	6.03E-01	0.143848389
1900	0.485799342	3.19E-01	6.52E-01	0.166548431
1901	0.423808694	2.64E-01	5.84E-01	0.15988034
1902	0.36997053	2.03E-01	5.37E-01	0.167067617
1903	0.365898281	2.11E-01	5.21E-01	0.155251831
1904	0.366701424	2.04E-01	5.30E-01	0.162991971
1905	0.349809557	2.09E-01	4.91E-01	0.140746713
1906	0.322528243	1.76E-01	4.69E-01	0.146713689
1907	0.317594498	1.78E-01	4.57E-01	0.139243826
1908	0.328478903	1.91E-01	4.66E-01	0.137035668
1909	0.332106233	1.99E-01	4.66E-01	0.13342391
1910	0.337295532	2.08E-01	4.66E-01	0.128842294
1911	0.341663301	2.13E-01	4.71E-01	0.128929451
1912	0.346558303	2.53E-01	4.40E-01	9.31E-02
1913	0.350460678	2.58E-01	4.43E-01	9.29E-02
1914	0.34037739	2.53E-01	4.28E-01	8.74E-02
1915	0.328141212	2.40E-01	4.16E-01	8.78E-02
1916	0.311678469	2.27E-01	3.96E-01	8.48E-02
1917	0.29916051	2.15E-01	3.83E-01	8.43E-02
1918	0.294384837	2.11E-01	3.78E-01	8.39E-02
1919	0.297863483	2.11E-01	3.84E-01	8.64E-02
1920	0.303685099	2.15E-01	3.93E-01	8.89E-02
1921	0.309423327	2.24E-01	3.95E-01	8.56E-02
1922	0.314541072	2.27E-01	4.02E-01	0.087305374
1923	0.311183512	2.32E-01	3.90E-01	7.92E-02
1924	0.307188272	2.34E-01	3.80E-01	7.29E-02
1925	0.309032232	2.40E-01	3.78E-01	0.068751335
1926	0.314270139	2.48E-01	3.80E-01	6.61E-02
1927	0.320466369	2.58E-01	3.83E-01	6.22E-02
1928	0.327757895	2.68E-01	3.88E-01	5.98E-02
1929	0.331067204	2.71E-01	3.91E-01	6.04E-02
1930	0.325466454	2.68E-01	3.83E-01	0.057811301
1931	0.321071357	2.64E-01	3.78E-01	5.70E-02
1932	0.318599492	2.58E-01	3.80E-01	6.09E-02
1933	0.316427201	2.51E-01	3.82E-01	6.54E-02
1934	0.320154607	2.49E-01	3.91E-01	7.09E-02
1935	0.324758887	2.48E-01	4.02E-01	7.69E-02
1936	0.323569179	2.46E-01	4.01E-01	7.78E-02
1937	0.320449263	2.43E-01	3.98E-01	7.73E-02
1938	0.319932133	2.43E-01	3.97E-01	7.67E-02
1939	0.321049958	2.46E-01	3.96E-01	7.51E-02
1940	0.321267933	2.47E-01	3.95E-01	7.41E-02
1941	0.319612056	2.45E-01	3.94E-01	7.45E-02
1942	0.318144232	2.43E-01	3.93E-01	7.52E-02
1943	0.318163335	2.45E-01	3.91E-01	7.28E-02
1944	0.318242848	2.47E-01	3.89E-01	7.11E-02
1945	0.320671916	2.51E-01	3.91E-01	6.99E-02
1946	0.323393434	2.54E-01	3.92E-01	6.91E-02
1947	0.325740933	2.57E-01	3.95E-01	6.88E-02
1948	0.327798069	2.59E-01	3.97E-01	6.90E-02
1949	0.328328222	2.58E-01	3.98E-01	7.00E-02
1950	0.326455086	2.55E-01	3.98E-01	7.17E-02
1951	0.324914813	2.52E-01	3.98E-01	7.27E-02
1952	0.32532379	2.55E-01	3.96E-01	7.05E-02
1953	0.325684428	2.57E-01	3.94E-01	6.87E-02
1954	0.325781196	2.58E-01	3.94E-01	6.79E-02
1955	0.325823545	2.58E-01	3.93E-01	6.74E-02
1956	0.327833235	2.60E-01	3.96E-01	6.80E-02
1957	0.330266684	2.61E-01	3.99E-01	6.90E-02
1958	0.331033111	2.62E-01	4.00E-01	6.94E-02
1959	0.330621392	2.61E-01	4.00E-01	6.94E-02
1960	0.331068844	2.62E-01	4.00E-01	6.94E-02
1961	0.332795441	2.63E-01	4.02E-01	6.93E-02
1962	0.334451765	2.65E-01	4.04E-01	6.93E-02
1963	0.336705804	2.68E-01	4.06E-01	6.89E-02
1964	0.3387357	2.70E-01	4.07E-01	6.87E-02
1965	0.339654267	2.70E-01	4.09E-01	0.069628969
1966	0.34043932	2.70E-01	4.11E-01	7.05E-02
1967	0.340384662	2.69E-01	4.11E-01	7.09E-02
1968	0.339997381	2.69E-01	4.11E-01	7.12E-02
1969	0.340006709	2.69E-01	4.11E-01	7.13E-02
1970	0.340286106	2.69E-01	4.12E-01	7.14E-02
1971	0.341180772	2.69E-01	4.13E-01	7.17E-02
1972	0.343521386	2.71E-01	4.16E-01	7.25E-02
1973	0.345526516	2.72E-01	4.19E-01	7.31E-02
1974	0.345982403	2.73E-01	4.19E-01	7.28E-02
1975	0.346369594	2.74E-01	4.19E-01	7.24E-02
1976	0.345980197	2.74E-01	4.18E-01	7.25E-02
1977	0.345547199	2.73E-01	4.18E-01	7.26E-02
1978	0.345407307	2.73E-01	4.18E-01	7.29E-02
1979	0.345410973	2.72E-01	4.19E-01	7.32E-02
1980	0.346094668	2.73E-01	4.20E-01	7.35E-02
1981	0.347367257	2.74E-01	4.21E-01	7.37E-02
1982	0.3479321	2.74E-01	4.22E-01	0.073697917
1983	0.347132444	2.74E-01	4.20E-01	7.33E-02
1984	0.346570313	2.74E-01	4.19E-01	7.28E-02
1985	0.347147554	2.75E-01	4.20E-01	0.072403111
1986	0.347679943	2.76E-01	4.20E-01	7.20E-02
1987	0.347576648	2.76E-01	4.19E-01	7.18E-02
1988	0.347573608	2.76E-01	4.19E-01	7.16E-02
1989	0.347787172	2.76E-01	4.19E-01	0.071653314
1990	0.348046303	2.76E-01	4.20E-01	7.18E-02
1991	0.348218739	2.76E-01	4.20E-01	7.22E-02
1992	0.348474354	2.75E-01	4.21E-01	7.30E-02
1993	0.348911971	2.76E-01	4.22E-01	7.33E-02
1994	0.349768102	2.77E-01	4.22E-01	0.072668545
1995	0.350861818	2.79E-01	4.23E-01	7.20E-02
1996	0.352365285	2.81E-01	4.24E-01	7.16E-02
1997	0.353942424	2.83E-01	4.25E-01	7.12E-02
1998	0.353485584	2.82E-01	4.25E-01	0.071307436
1999	0.352908075	2.81E-01	4.24E-01	7.15E-02
2000	0.352586716	2.81E-01	4.24E-01	7.14E-02
2001	0.351944923	2.81E-01	4.23E-01	7.13E-02
2002	0.35174337	2.80E-01	4.23E-01	7.15E-02
2003	0.351955146	2.80E-01	4.24E-01	0.071745828
2004	0.351820439	2.80E-01	4.24E-01	7.17E-02
2005	0.351897329	2.80E-01	4.24E-01	0.071619414
2006	0.352081925	2.81E-01	4.23E-01	7.12E-02
2007	0.352921307	2.82E-01	4.23E-01	7.05E-02
2008	0.353815854	2.84E-01	4.24E-01	7.01E-02
2009	0.354456037	2.83E-01	4.25E-01	7.10E-02
2010	0.354986548	2.83E-01	4.27E-01	7.19E-02
2011	0.35377112	2.82E-01	4.26E-01	7.18E-02
2012	0.352111667	2.81E-01	4.24E-01	0.071471743
2013	0.350380421	2.79E-01	4.22E-01	7.16E-02
2014	0.348645061	2.76E-01	4.21E-01	7.23E-02
2015	0.347368598	2.75E-01	4.20E-01	0.072603278
2016	0.346168429	2.74E-01	4.19E-01	7.25E-02
2017	0.344475478	2.72E-01	4.16E-01	7.20E-02
2018	0.342158765	2.72E-01	4.13E-01	7.05E-02
2019	0.339967966	2.71E-01	4.09E-01	6.93E-02
2020	0.33830899	2.70E-01	4.07E-01	6.87E-02
2021	0.336922884	2.69E-01	4.05E-01	6.83E-02
2022	0.336436808	2.68E-01	4.05E-01	6.85E-02
2023	0.336044997	2.67E-01	4.05E-01	6.88E-02
2024	0.335406035	2.66E-01	4.05E-01	6.91E-02
2025	0.334460586	2.65E-01	4.04E-01	6.95E-02
2026	0.333457351	2.64E-01	4.03E-01	6.94E-02
2027	0.332374156	2.63E-01	4.01E-01	6.89E-02
2028	0.331295669	2.63E-01	4.00E-01	6.85E-02
2029	0.330735773	2.62E-01	3.99E-01	6.83E-02
2030	0.330120862	2.62E-01	3.98E-01	6.82E-02
2031	0.329203218	2.61E-01	3.97E-01	6.82E-02
2032	0.328282863	2.60E-01	3.96E-01	6.81E-02
2033	0.327193916	2.60E-01	3.95E-01	6.76E-02
2034	0.326119244	2.59E-01	3.93E-01	6.71E-02
2035	0.325287014	2.58E-01	3.93E-01	6.73E-02
2036	0.324480772	2.57E-01	3.92E-01	6.74E-02
2037	0.323489487	2.56E-01	3.91E-01	6.71E-02
2038	0.322257668	2.56E-01	3.89E-01	6.67E-02
2039	0.321467161	2.55E-01	3.88E-01	6.63E-02
2040	0.321296006	2.55E-01	3.87E-01	6.60E-02
2041	0.320613325	2.55E-01	3.86E-01	6.57E-02
2042	0.318969905	2.53E-01	3.85E-01	6.59E-02
2043	0.317392558	2.51E-01	3.83E-01	0.065982424
2044	0.316088557	2.50E-01	3.82E-01	6.57E-02
2045	0.314718485	2.49E-01	3.80E-01	6.54E-02
2046	0.313391894	2.48E-01	3.79E-01	6.54E-02
2047	0.312088132	2.47E-01	3.78E-01	6.54E-02
2048	0.311124742	2.46E-01	3.76E-01	0.065268375
2049	0.310241818	2.45E-01	3.75E-01	6.51E-02
2050	0.309351653	2.45E-01	3.74E-01	6.46E-02
2051	0.30867976	2.45E-01	3.73E-01	6.39E-02
2052	0.307706207	2.44E-01	3.71E-01	6.34E-02
2053	0.306447387	2.43E-01	3.70E-01	6.32E-02
2054	0.305578738	2.42E-01	3.69E-01	0.063166581
2055	0.304936796	2.42E-01	3.68E-01	6.33E-02
2056	0.304096937	2.41E-01	3.67E-01	6.33E-02
2057	0.303008109	2.40E-01	3.66E-01	0.062862292
2058	0.301945418	2.39E-01	3.64E-01	0.062453881
2059	0.300378531	2.38E-01	3.62E-01	6.20E-02
2060	0.298595428	2.37E-01	3.60E-01	6.15E-02
2061	0.297778696	2.36E-01	3.59E-01	6.16E-02
2062	0.297416389	2.35E-01	3.59E-01	6.20E-02
2063	0.296692252	2.35E-01	3.59E-01	6.18E-02
2064	0.295907944	2.35E-01	3.57E-01	6.14E-02
2065	0.295054436	2.34E-01	3.56E-01	6.12E-02
2066	0.294053882	2.33E-01	3.55E-01	6.10E-02
2067	0.293321192	2.33E-01	3.54E-01	6.08E-02
2068	0.293011039	2.33E-01	3.53E-01	6.04E-02
2069	0.292548537	2.32E-01	3.53E-01	6.01E-02
2070	0.291066676	2.31E-01	3.51E-01	5.98E-02
2071	0.289459825	2.30E-01	3.49E-01	5.96E-02
2072	0.28823027	2.28E-01	3.48E-01	5.97E-02
2073	0.28723076	2.27E-01	3.47E-01	5.99E-02
2074	0.286790431	2.26E-01	3.47E-01	6.04E-02
2075	0.286128044	2.25E-01	3.47E-01	6.09E-02
2076	0.285260409	2.24E-01	3.46E-01	6.10E-02
2077	0.284689248	2.24E-01	3.46E-01	6.09E-02
2078	0.284049422	2.23E-01	3.45E-01	6.08E-02
2079	0.283601612	2.23E-01	3.44E-01	6.07E-02
2080	0.283528835	2.23E-01	3.44E-01	6.05E-02
2081	0.283361882	2.23E-01	3.44E-01	0.060507245
2082	0.283206463	2.23E-01	3.44E-01	6.05E-02
2083	0.282939911	2.23E-01	3.43E-01	6.01E-02
2084	0.282643437	2.23E-01	3.42E-01	0.059743371
2085	0.282154948	2.23E-01	3.42E-01	5.96E-02
2086	0.281624913	2.22E-01	3.41E-01	5.94E-02
2087	0.281149417	2.22E-01	3.41E-01	5.94E-02
2088	0.28092432	2.21E-01	3.41E-01	5.96E-02
2089	0.281421274	2.22E-01	3.41E-01	5.97E-02
2090	0.281859577	2.22E-01	3.42E-01	5.97E-02
2091	0.281839728	2.22E-01	3.42E-01	5.97E-02
2092	0.281740457	2.22E-01	3.42E-01	5.98E-02
2093	0.281583697	2.22E-01	3.42E-01	6.00E-02
2094	0.28124401	2.21E-01	3.41E-01	6.00E-02
2095	0.281074136	2.21E-01	3.41E-01	0.059888806
2096	0.280694842	2.21E-01	3.40E-01	5.96E-02
2097	0.280347377	2.21E-01	3.40E-01	5.95E-02
2098	0.280453533	2.21E-01	3.40E-01	5.99E-02
2099	0.280566424	2.20E-01	3.41E-01	6.02E-02
2100	0.280232757	2.20E-01	3.40E-01	5.99E-02
2101	0.279827565	2.20E-01	3.40E-01	0.059755303
2102	0.279617608	2.20E-01	3.39E-01	5.98E-02
2103	0.279526025	2.20E-01	3.39E-01	5.98E-02
2104	0.279437244	2.20E-01	3.39E-01	5.96E-02
2105	0.279603988	2.20E-01	3.39E-01	5.92E-02
2106	0.27991429	2.21E-01	3.39E-01	5.90E-02
2107	0.280425906	2.21E-01	3.40E-01	5.92E-02
2108	0.280801058	2.21E-01	3.40E-01	5.94E-02
2109	0.28075096	2.21E-01	3.41E-01	5.98E-02
2110	0.281024098	2.21E-01	3.41E-01	6.02E-02
2111	0.28173396	2.21E-01	3.42E-01	6.03E-02
2112	0.282305092	2.22E-01	3.43E-01	6.02E-02
2113	0.282537162	2.23E-01	3.43E-01	6.00E-02
2114	0.282790452	2.23E-01	3.43E-01	5.98E-02
2115	0.283095002	2.24E-01	3.43E-01	5.95E-02
2116	0.283589751	2.24E-01	3.43E-01	5.93E-02
2117	0.283950835	2.25E-01	3.43E-01	5.93E-02
2118	0.284171164	2.25E-01	3.44E-01	5.94E-02
2119	0.284396261	2.25E-01	3.44E-01	5.96E-02
2120	0.284457147	2.24E-01	3.45E-01	6.01E-02
2121	0.284389585	2.24E-01	3.45E-01	6.01E-02
2122	0.284465045	2.25E-01	3.44E-01	5.97E-02
2123	0.28473419	2.25E-01	3.44E-01	0.059358399
2124	0.28527379	2.26E-01	3.44E-01	5.91E-02
2125	0.28586033	2.27E-01	3.45E-01	5.89E-02
2126	0.286507547	2.27E-01	3.46E-01	0.059276957
2127	0.287088513	2.27E-01	3.47E-01	5.97E-02
2128	0.287496388	2.28E-01	3.47E-01	5.99E-02
2129	0.287885696	2.28E-01	3.48E-01	6.00E-02
2130	0.288541377	2.28E-01	3.49E-01	6.03E-02
2131	0.28918311	2.28E-01	3.50E-01	6.07E-02
2132	0.289534628	2.29E-01	3.50E-01	0.060731903
2133	0.290126562	2.29E-01	3.51E-01	6.07E-02
2134	0.290702999	2.30E-01	3.51E-01	6.07E-02
2135	0.291172504	2.30E-01	3.52E-01	6.07E-02
2136	0.291558623	2.31E-01	3.52E-01	6.06E-02
2137	0.291307598	2.31E-01	3.52E-01	6.03E-02
2138	0.291091025	2.31E-01	3.51E-01	6.01E-02
2139	0.291374862	2.31E-01	3.52E-01	6.03E-02
2140	0.291722417	2.31E-01	3.52E-01	6.05E-02
2141	0.292320758	2.32E-01	3.53E-01	6.07E-02
2142	0.292814076	2.32E-01	3.54E-01	0.060828336
2143	0.293105572	2.32E-01	3.54E-01	6.09E-02
2144	0.293467253	2.32E-01	3.54E-01	0.061002005
2145	0.294211984	2.33E-01	3.56E-01	6.15E-02
2146	0.295063049	2.33E-01	3.57E-01	6.21E-02
2147	0.295368314	2.33E-01	3.58E-01	6.22E-02
2148	0.295401752	2.33E-01	3.57E-01	6.20E-02
2149	0.295964569	2.34E-01	3.58E-01	6.19E-02
2150	0.2968795	2.35E-01	3.59E-01	6.17E-02
2151	0.297500312	2.36E-01	3.59E-01	6.16E-02
2152	0.297889143	2.36E-01	3.60E-01	0.061861765
2153	0.29827562	2.36E-01	3.60E-01	6.21E-02
2154	0.29889977	2.37E-01	3.61E-01	0.061891183
2155	0.299713254	2.38E-01	3.62E-01	6.18E-02
2156	0.300037861	2.38E-01	3.62E-01	6.18E-02
2157	0.30029273	2.39E-01	3.62E-01	0.061705507
2158	0.300416619	2.39E-01	3.62E-01	6.14E-02
2159	0.300507993	2.39E-01	3.62E-01	0.061192911
2160	0.300593495	2.39E-01	3.62E-01	0.061127245
2161	0.300699174	2.40E-01	3.62E-01	6.11E-02
2162	0.300823629	2.40E-01	3.62E-01	6.12E-02
2163	0.301030815	2.40E-01	3.62E-01	6.13E-02
2164	0.302193433	2.41E-01	3.64E-01	6.16E-02
2165	0.303643882	2.42E-01	3.66E-01	0.062059436
2166	0.304704607	2.42E-01	3.67E-01	6.26E-02
2167	0.305631131	2.43E-01	3.69E-01	6.30E-02
2168	0.306340158	2.43E-01	3.69E-01	6.30E-02
2169	0.306398898	2.44E-01	3.69E-01	6.28E-02
2170	0.306658089	2.44E-01	3.69E-01	6.26E-02
2171	0.306790531	2.45E-01	3.69E-01	6.22E-02
2172	0.306966573	2.45E-01	3.69E-01	6.20E-02
2173	0.307166338	2.45E-01	3.69E-01	6.23E-02
2174	0.307403564	2.45E-01	3.70E-01	6.25E-02
2175	0.308142513	2.46E-01	3.71E-01	6.25E-02
2176	0.309034586	2.47E-01	3.71E-01	6.24E-02
2177	0.309681684	2.47E-01	3.72E-01	6.28E-02
2178	0.310239881	2.47E-01	3.73E-01	6.31E-02
2179	0.310846686	2.48E-01	3.74E-01	6.33E-02
2180	0.311514646	2.48E-01	3.75E-01	6.35E-02
2181	0.311800063	2.48E-01	3.75E-01	6.34E-02
2182	0.311954826	2.49E-01	3.75E-01	6.33E-02
2183	0.312649339	2.49E-01	3.76E-01	6.33E-02
2184	0.313684434	2.50E-01	3.77E-01	6.33E-02
2185	0.315047979	2.51E-01	3.79E-01	6.36E-02
2186	0.316189289	2.52E-01	3.80E-01	6.38E-02
2187	0.316904455	2.53E-01	3.81E-01	6.36E-02
2188	0.316926718	2.54E-01	3.80E-01	6.34E-02
2189	0.316863924	2.54E-01	3.80E-01	6.33E-02
2190	0.316821337	2.53E-01	3.80E-01	6.37E-02
2191	0.316881657	2.53E-01	3.81E-01	6.40E-02
2192	0.316872895	2.53E-01	3.81E-01	6.40E-02
2193	0.316776752	2.53E-01	3.81E-01	0.06386891
2194	0.316687614	2.53E-01	3.80E-01	6.37E-02
2195	0.316652507	2.53E-01	3.80E-01	6.35E-02
2196	0.316283613	2.53E-01	3.80E-01	6.33E-02
2197	0.315839291	2.53E-01	3.79E-01	6.30E-02
2198	0.315805733	2.53E-01	3.79E-01	6.31E-02
2199	0.316118568	2.53E-01	3.80E-01	0.063486323
2200	0.316133529	2.53E-01	3.80E-01	6.36E-02
2201	0.315884352	2.52E-01	3.80E-01	6.37E-02
2202	0.316276431	2.53E-01	3.80E-01	6.36E-02
2203	0.316953391	2.54E-01	3.80E-01	6.33E-02
2204	0.317906857	2.55E-01	3.81E-01	6.32E-02
2205	0.31896916	2.55E-01	3.83E-01	6.36E-02
2206	0.319572449	2.56E-01	3.83E-01	6.37E-02
2207	0.319422781	2.56E-01	3.83E-01	6.33E-02
2208	0.319452405	2.56E-01	3.83E-01	0.063138984
2209	0.320116252	2.57E-01	3.84E-01	6.34E-02
2210	0.320753396	2.57E-01	3.84E-01	6.37E-02
2211	0.321537495	2.58E-01	3.85E-01	6.38E-02
2212	0.322242349	2.58E-01	3.86E-01	6.39E-02
2213	0.322236568	2.58E-01	3.86E-01	6.41E-02
2214	0.322035909	2.58E-01	3.86E-01	6.42E-02
2215	0.321844608	2.58E-01	3.86E-01	6.42E-02
2216	0.321536869	2.57E-01	3.86E-01	6.42E-02
2217	0.321253568	2.57E-01	3.86E-01	0.064294659
2218	0.320853174	2.57E-01	3.85E-01	6.42E-02
2219	0.320476204	2.57E-01	3.84E-01	6.39E-02
2220	0.320483953	2.57E-01	3.84E-01	6.37E-02
2221	0.320367724	2.57E-01	3.84E-01	6.38E-02
2222	0.320499122	2.56E-01	3.85E-01	0.06417793
2223	0.320605695	2.56E-01	3.85E-01	6.45E-02
2224	0.320255637	2.56E-01	3.85E-01	0.064421184
2225	0.320068687	2.56E-01	3.84E-01	6.41E-02
2226	0.319660276	2.56E-01	3.83E-01	6.38E-02
2227	0.319087625	2.55E-01	3.83E-01	6.37E-02
2228	0.318283528	2.54E-01	3.82E-01	6.38E-02
2229	0.317286909	2.53E-01	3.81E-01	6.39E-02
2230	0.316348135	2.53E-01	3.80E-01	6.35E-02
2231	0.315657586	2.53E-01	3.79E-01	6.31E-02
2232	0.3153027	2.52E-01	3.78E-01	0.062860295
2233	0.314879358	2.52E-01	3.78E-01	6.26E-02
2234	0.314255834	2.52E-01	3.77E-01	6.27E-02
2235	0.313776791	2.51E-01	3.77E-01	6.29E-02
2236	0.313201755	2.50E-01	3.76E-01	6.30E-02
2237	0.312484056	2.49E-01	3.76E-01	6.31E-02
2238	0.311794519	2.48E-01	3.75E-01	6.34E-02
2239	0.311033905	2.48E-01	3.75E-01	6.35E-02
2240	0.310249954	2.47E-01	3.73E-01	6.30E-02
2241	0.309364468	2.47E-01	3.72E-01	6.23E-02
2242	0.308186322	2.46E-01	3.70E-01	6.21E-02
2243	0.306901962	2.45E-01	3.69E-01	6.19E-02
2244	0.305783987	2.44E-01	3.68E-01	6.20E-02
2245	0.304464757	2.42E-01	3.67E-01	6.21E-02
2246	0.303098708	2.41E-01	3.65E-01	6.19E-02
2247	0.302488506	2.41E-01	3.64E-01	6.14E-02
2248	0.301821738	2.41E-01	3.63E-01	6.08E-02
2249	0.300789952	2.40E-01	3.61E-01	6.05E-02
2250	0.300007045	2.40E-01	3.60E-01	6.04E-02
2251	0.298829377	2.39E-01	3.59E-01	0.060260434
2252	0.297495037	2.37E-01	3.58E-01	6.01E-02
2253	0.296708137	2.37E-01	3.57E-01	5.98E-02
2254	0.296048254	2.37E-01	3.55E-01	5.94E-02
2255	0.295185387	2.36E-01	3.54E-01	5.92E-02
2256	0.294491738	2.35E-01	3.54E-01	5.92E-02
2257	0.293721706	2.35E-01	3.53E-01	5.88E-02
2258	0.292521179	2.34E-01	3.51E-01	5.83E-02
2259	0.290412784	2.32E-01	3.49E-01	5.81E-02
2260	0.288389355	2.30E-01	3.46E-01	5.80E-02
2261	0.287064821	2.29E-01	3.45E-01	5.79E-02
2262	0.285726964	2.28E-01	3.43E-01	5.77E-02
2263	0.284917504	2.27E-01	3.43E-01	5.78E-02
2264	0.284496248	2.27E-01	3.42E-01	5.78E-02
2265	0.283843547	2.26E-01	3.41E-01	5.76E-02
2266	0.283457816	2.26E-01	3.41E-01	5.74E-02
2267	0.283260584	2.26E-01	3.40E-01	5.70E-02
2268	0.282743275	2.26E-01	3.39E-01	5.67E-02
2269	0.282198519	2.25E-01	3.39E-01	5.67E-02
2270	0.281889141	2.25E-01	3.39E-01	5.69E-02
2271	0.281624705	2.25E-01	3.39E-01	5.71E-02
2272	0.281376839	2.24E-01	3.38E-01	5.71E-02
2273	0.281156629	2.24E-01	3.38E-01	5.70E-02
2274	0.281472534	2.25E-01	3.38E-01	5.69E-02
2275	0.281743586	2.25E-01	3.39E-01	0.057079017
2276	0.281367034	2.24E-01	3.39E-01	5.74E-02
2277	0.280918628	2.23E-01	3.39E-01	5.77E-02
2278	0.280747145	2.23E-01	3.39E-01	5.78E-02
2279	0.280778527	2.23E-01	3.39E-01	5.79E-02
2280	0.281612039	2.24E-01	3.39E-01	5.76E-02
2281	0.282334685	2.25E-01	3.40E-01	5.72E-02
2282	0.282569557	2.25E-01	3.40E-01	5.76E-02
2283	0.282907724	2.25E-01	3.41E-01	5.81E-02
2284	0.283097863	2.25E-01	3.41E-01	5.80E-02
2285	0.283578575	2.26E-01	3.42E-01	5.79E-02
2286	0.283993244	2.26E-01	3.42E-01	5.77E-02
2287	0.284203172	2.26E-01	3.42E-01	5.80E-02
2288	0.284880012	2.26E-01	3.43E-01	5.85E-02
2289	0.285427839	2.27E-01	3.44E-01	5.87E-02
2290	0.285800725	2.27E-01	3.45E-01	5.88E-02
2291	0.286134213	2.28E-01	3.45E-01	5.86E-02
2292	0.286362857	2.28E-01	3.45E-01	0.058438454
2293	0.286115289	2.28E-01	3.44E-01	5.82E-02
2294	0.285660237	2.27E-01	3.44E-01	5.82E-02
2295	0.286041647	2.28E-01	3.44E-01	5.80E-02
2296	0.286583275	2.29E-01	3.44E-01	0.057655182
2297	0.286766887	2.29E-01	3.45E-01	0.057765394
2298	0.286902487	2.29E-01	3.45E-01	5.80E-02
2299	0.2864981	2.28E-01	3.45E-01	5.83E-02
2300	0.286021352	2.28E-01	3.44E-01	5.84E-02
2301	0.285577565	2.27E-01	3.44E-01	5.83E-02
2302	0.285190523	2.27E-01	3.44E-01	0.058421966
2303	0.284915268	2.26E-01	3.43E-01	5.85E-02
2304	0.284674793	2.26E-01	3.43E-01	5.85E-02
2305	0.284118026	2.26E-01	3.43E-01	5.86E-02
2306	0.283370703	2.25E-01	3.42E-01	5.86E-02
2307	0.282659709	2.25E-01	3.41E-01	5.81E-02
2308	0.28211081	2.24E-01	3.40E-01	5.77E-02
2309	0.28137809	2.24E-01	3.39E-01	5.77E-02
2310	0.28054297	2.23E-01	3.38E-01	5.78E-02
2311	0.280097544	2.22E-01	3.38E-01	5.78E-02
2312	0.279914171	2.22E-01	3.38E-01	5.80E-02
2313	0.279522032	2.21E-01	3.38E-01	5.81E-02
2314	0.278997958	2.21E-01	3.37E-01	5.80E-02
2315	0.278017908	2.20E-01	3.36E-01	5.78E-02
2316	0.277008265	2.20E-01	3.34E-01	5.75E-02
2317	0.2763699	2.20E-01	3.33E-01	5.68E-02
2318	0.275609881	2.20E-01	3.32E-01	5.60E-02
2319	0.27504769	2.20E-01	3.31E-01	5.55E-02
2320	0.27449587	2.19E-01	3.30E-01	5.53E-02
2321	0.273673862	2.18E-01	3.29E-01	5.53E-02
2322	0.272985429	2.18E-01	3.28E-01	5.53E-02
2323	0.272697926	2.18E-01	3.28E-01	5.50E-02
2324	0.27198109	2.17E-01	3.27E-01	5.49E-02
2325	0.271118164	2.16E-01	3.26E-01	5.48E-02
2326	0.271068364	2.16E-01	3.26E-01	5.48E-02
2327	0.271022797	2.16E-01	3.26E-01	5.50E-02
2328	0.270850599	2.16E-01	3.26E-01	5.51E-02
2329	0.270822138	2.15E-01	3.26E-01	5.53E-02
2330	0.271455139	2.16E-01	3.27E-01	0.055557907
2331	0.272282511	2.17E-01	3.28E-01	5.56E-02
2332	0.272482365	2.17E-01	3.28E-01	5.56E-02
2333	0.272276521	2.17E-01	3.28E-01	5.58E-02
2334	0.27110821	2.15E-01	3.27E-01	5.58E-02
2335	0.269957393	2.14E-01	3.25E-01	5.55E-02
2336	0.270589083	2.15E-01	3.26E-01	5.54E-02
2337	0.271513909	2.16E-01	3.27E-01	5.55E-02
2338	0.271416306	2.16E-01	3.26E-01	5.51E-02
2339	0.271487415	2.17E-01	3.26E-01	5.45E-02
2340	0.272558808	2.18E-01	3.28E-01	5.50E-02
2341	0.273327559	2.18E-01	3.29E-01	5.57E-02
2342	0.27314204	2.17E-01	3.29E-01	5.58E-02
2343	0.273107439	2.17E-01	3.29E-01	0.055698887
2344	0.273060769	2.18E-01	3.28E-01	5.54E-02
2345	0.272680014	2.18E-01	3.28E-01	0.055139247
2346	0.272354603	2.16E-01	3.29E-01	5.63E-02
2347	0.272119373	2.15E-01	3.29E-01	5.74E-02
2348	0.271988451	2.15E-01	3.29E-01	5.74E-02
2349	0.272638202	2.15E-01	3.30E-01	5.78E-02
2350	0.273323655	2.16E-01	3.31E-01	0.057778925
2351	0.273709118	2.17E-01	3.31E-01	0.057022687
2352	0.274156064	2.18E-01	3.31E-01	5.66E-02
2353	0.274030268	2.17E-01	3.31E-01	5.69E-02
2354	0.273825169	2.17E-01	3.31E-01	5.71E-02
2355	0.274087965	2.17E-01	3.31E-01	5.73E-02
2356	0.274170548	2.17E-01	3.32E-01	5.75E-02
2357	0.27453512	2.17E-01	3.32E-01	5.71E-02
2358	0.274951279	2.18E-01	3.32E-01	0.056663804
2359	0.27531004	2.20E-01	3.31E-01	5.58E-02
2360	0.275886774	2.21E-01	3.31E-01	5.51E-02
2361	0.275956362	2.20E-01	3.32E-01	5.56E-02
2362	0.275428087	2.20E-01	3.31E-01	5.58E-02
2363	0.274794221	2.19E-01	3.31E-01	5.58E-02
2364	0.274448633	2.19E-01	3.30E-01	5.58E-02
2365	0.274064451	2.19E-01	3.29E-01	5.53E-02
2366	0.273674726	2.19E-01	3.29E-01	5.49E-02
2367	0.273767143	2.19E-01	3.29E-01	5.49E-02
2368	0.274107099	2.19E-01	3.29E-01	5.50E-02
2369	0.27453056	2.20E-01	3.29E-01	5.48E-02
2370	0.274581313	2.20E-01	3.29E-01	5.45E-02
2371	0.275012136	2.20E-01	3.30E-01	5.48E-02
2372	0.275929302	2.20E-01	3.32E-01	5.57E-02
2373	0.276052237	2.19E-01	3.33E-01	5.67E-02
2374	0.275608867	2.18E-01	3.33E-01	5.71E-02
2375	0.275631875	2.19E-01	3.33E-01	5.69E-02
2376	0.276207417	2.19E-01	3.33E-01	0.056965034
2377	0.276238918	2.19E-01	3.33E-01	5.72E-02
2378	0.276344061	2.19E-01	3.34E-01	0.0573285
2379	0.276508063	2.20E-01	3.33E-01	5.65E-02
2380	0.276102424	2.21E-01	3.31E-01	5.54E-02
2381	0.275663912	2.20E-01	3.31E-01	5.54E-02
2382	0.27507624	2.19E-01	3.31E-01	5.62E-02
2383	0.274791598	2.19E-01	3.31E-01	5.61E-02
2384	0.275154471	2.20E-01	3.31E-01	5.56E-02
2385	0.275434256	2.20E-01	3.31E-01	5.59E-02
2386	0.274975419	2.19E-01	3.31E-01	0.056200773
2387	0.27504763	2.18E-01	3.32E-01	5.69E-02
2388	0.275834709	2.18E-01	3.33E-01	5.77E-02
2389	0.276052266	2.18E-01	3.34E-01	5.81E-02
2390	0.27576071	2.17E-01	3.35E-01	5.88E-02
2391	0.275636405	2.16E-01	3.35E-01	5.92E-02
2392	0.275811166	2.17E-01	3.35E-01	5.89E-02
2393	0.274911642	2.16E-01	3.34E-01	5.86E-02
2394	0.273911446	2.16E-01	3.31E-01	5.74E-02
2395	0.273549289	2.17E-01	3.30E-01	5.64E-02
2396	0.272401273	2.17E-01	3.28E-01	5.57E-02
2397	0.271579266	2.16E-01	3.27E-01	5.52E-02
2398	0.271524847	2.16E-01	3.27E-01	5.55E-02
2399	0.271351635	2.16E-01	3.27E-01	5.54E-02
2400	0.271897316	2.16E-01	3.27E-01	0.055551354
2401	0.272903621	2.17E-01	3.29E-01	0.056174099
2402	0.275209963	2.18E-01	3.32E-01	5.72E-02
2403	0.277044803	2.19E-01	3.35E-01	5.81E-02
2404	0.276841909	2.19E-01	3.35E-01	5.78E-02
2405	0.276616573	2.19E-01	3.34E-01	5.76E-02
2406	0.277372152	2.19E-01	3.35E-01	5.80E-02
2407	0.277969927	2.20E-01	3.36E-01	5.80E-02
2408	0.276435792	2.19E-01	3.34E-01	5.73E-02
2409	0.274494618	2.17E-01	3.32E-01	0.057142649
2410	0.274071127	2.17E-01	3.31E-01	5.66E-02
2411	0.274634421	2.19E-01	3.30E-01	5.56E-02
2412	0.275488615	2.21E-01	3.30E-01	5.46E-02
2413	0.275549293	2.22E-01	3.29E-01	5.36E-02
2414	0.274857461	2.22E-01	3.28E-01	5.31E-02
2415	0.274251103	2.21E-01	3.27E-01	5.29E-02
2416	0.27254191	2.19E-01	3.26E-01	5.38E-02
2417	0.270839602	2.15E-01	3.26E-01	0.055342048
2418	0.269550383	2.15E-01	3.25E-01	5.50E-02
2419	0.26786682	2.14E-01	3.22E-01	5.39E-02
2420	0.266941994	2.14E-01	3.20E-01	5.31E-02
2421	0.266573757	2.14E-01	3.19E-01	5.23E-02
2422	0.266896009	2.13E-01	3.21E-01	5.42E-02
2423	0.267040312	2.10E-01	3.24E-01	5.72E-02
2424	0.267559886	2.12E-01	3.23E-01	5.59E-02
2425	0.268916667	2.15E-01	3.23E-01	0.053679071
2426	0.270854592	2.18E-01	3.24E-01	5.33E-02
2427	0.272587091	2.19E-01	3.26E-01	5.35E-02
2428	0.271602988	2.17E-01	3.26E-01	0.054248434
2429	0.269469738	2.15E-01	3.24E-01	5.42E-02
2430	0.266503245	2.13E-01	3.20E-01	5.35E-02
2431	0.264298916	2.09E-01	3.19E-01	5.49E-02
2432	0.262004286	2.07E-01	3.17E-01	5.53E-02
2433	0.2590729	2.04E-01	3.14E-01	5.49E-02
2434	0.257128626	2.02E-01	3.12E-01	5.47E-02
2435	0.254214346	2.00E-01	3.09E-01	5.47E-02
2436	0.253361702	1.99E-01	3.08E-01	5.48E-02
2437	0.254146248	2.00E-01	3.08E-01	5.39E-02
2438	0.255319506	2.02E-01	3.09E-01	5.36E-02
2439	0.25769186	2.03E-01	3.13E-01	5.50E-02
2440	0.258495986	2.03E-01	3.14E-01	0.055704802
2441	0.258125186	2.01E-01	3.16E-01	5.75E-02
2442	0.256672561	1.98E-01	3.15E-01	5.86E-02
2443	0.254046798	1.97E-01	3.11E-01	5.67E-02
2444	0.253017604	2.00E-01	3.07E-01	5.35E-02
2445	0.252994508	2.02E-01	3.04E-01	5.14E-02
2446	0.25110954	2.01E-01	3.02E-01	5.04E-02
2447	0.247306511	1.97E-01	2.98E-01	5.06E-02
2448	0.244202599	1.92E-01	2.96E-01	5.20E-02
2449	0.242920399	1.90E-01	2.96E-01	5.30E-02
2450	0.241730765	1.89E-01	2.95E-01	5.29E-02
2451	0.240444705	1.89E-01	2.92E-01	5.18E-02
2452	0.239391923	1.88E-01	2.91E-01	5.12E-02
2453	0.238479152	1.88E-01	2.89E-01	5.00E-02
2454	0.236984119	1.89E-01	2.85E-01	4.81E-02
2455	0.235012889	1.89E-01	2.81E-01	0.045534473
2456	0.233457267	1.88E-01	2.79E-01	4.53E-02
2457	0.232862398	1.86E-01	2.80E-01	4.66E-02
2458	0.233220741	1.86E-01	2.80E-01	4.71E-02
2459	0.236647829	1.89E-01	2.84E-01	4.76E-02
2460	0.240919679	1.92E-01	2.89E-01	4.84E-02
2461	0.242996395	1.93E-01	2.93E-01	0.04990992
2462	0.244184807	1.93E-01	2.95E-01	5.08E-02
2463	0.240354985	1.91E-01	2.89E-01	4.89E-02
2464	0.235506922	1.88E-01	2.83E-01	4.73E-02
2465	0.230383709	1.84E-01	2.77E-01	4.69E-02
2466	0.22648862	1.78E-01	2.75E-01	4.85E-02
2467	0.229972735	1.81E-01	2.79E-01	0.048972987
2468	0.232373819	1.84E-01	2.81E-01	4.88E-02
2469	0.234096497	1.83E-01	2.85E-01	5.08E-02
2470	0.236072928	1.83E-01	2.89E-01	5.31E-02
2471	0.233062521	1.81E-01	2.85E-01	5.19E-02
2472	0.230434686	1.79E-01	2.82E-01	5.15E-02
2473	0.231575266	1.82E-01	2.81E-01	4.99E-02
2474	0.232654512	1.85E-01	2.80E-01	4.74E-02
2475	0.229148999	1.80E-01	2.78E-01	4.91E-02
2476	0.224385843	1.73E-01	2.76E-01	5.17E-02
2477	0.223588631	1.71E-01	2.76E-01	5.27E-02
2478	0.224204168	1.68E-01	2.80E-01	5.62E-02
2479	0.225601017	1.68E-01	2.83E-01	5.73E-02
2480	0.227323622	1.69E-01	2.85E-01	5.78E-02
2481	0.218968824	1.63E-01	2.75E-01	5.63E-02
2482	0.209946305	1.51E-01	2.69E-01	5.86E-02
2483	0.223410621	1.63E-01	2.83E-01	5.99E-02
2484	0.241306409	1.78E-01	3.05E-01	6.35E-02
2485	0.244044304	1.89E-01	2.99E-01	5.52E-02
2486	0.248652145	1.93E-01	3.04E-01	0.055472944
2487	0.260313243	2.05E-01	3.16E-01	5.54E-02
2488	0.267499685	2.07E-01	3.28E-01	6.04E-02
2489	0.247303694	1.89E-01	3.05E-01	5.80E-02
2490	0.222832456	1.63E-01	2.83E-01	6.00E-02
2491	0.213317916	1.51E-01	2.76E-01	6.23E-02
2492	0.210923404	1.37E-01	2.85E-01	7.38E-02
2493	0.21333991	1.46E-01	2.81E-01	6.74E-02
2494	0.22050117	1.50E-01	2.91E-01	7.06E-02
2495	0.232957765	1.60E-01	3.06E-01	0.072948195
2496	0.237898782	1.65E-01	3.11E-01	7.33E-02
2497	0.2406995	1.65E-01	3.16E-01	7.54E-02
2498	0.251351595	1.66E-01	3.37E-01	8.52E-02
2499	0.261926919	1.76E-01	3.48E-01	8.56E-02
2500	0.267281651	1.71E-01	3.64E-01	9.67E-02
