Wavelength	Mean	Std+	Std-
350	0.10764355	0.12492555	0.09036155
351	0.10748645	0.124841994	0.090130906
352	0.1072105	0.124610621	0.089810379
353	0.1074813	0.124922314	0.090040286
354	0.10768375	0.125152412	0.090215088
355	0.10777105	0.125256446	0.090285654
356	0.1076055	0.125107076	0.090103924
357	0.10751715	0.125087571	0.089946729
358	0.10757265	0.125225598	0.089919702
359	0.1080203	0.12569258	0.09034802
360	0.1079664	0.125648181	0.090284619
361	0.10790035	0.125597634	0.090203066
362	0.10805615	0.125779574	0.090332726
363	0.1079626	0.125700306	0.090224894
364	0.1079264	0.12570752	0.09014528
365	0.10800125	0.125859594	0.090142906
366	0.10796595	0.125843963	0.090087937
367	0.10800505	0.125916001	0.090094099
368	0.10805955	0.126022126	0.090096974
369	0.10791395	0.125969696	0.089858204
370	0.10817265	0.126255913	0.090089387
371	0.1083669	0.126466429	0.090267371
372	0.1081431	0.126282687	0.090003513
373	0.10830505	0.126484709	0.090125391
374	0.10846805	0.126681976	0.090254124
375	0.10856825	0.126807828	0.090328672
376	0.10890265	0.127192571	0.090612729
377	0.10886825	0.12719851	0.09053799
378	0.1086319	0.126996319	0.090267481
379	0.1087603	0.127173292	0.090347308
380	0.1089224	0.127344803	0.090499997
381	0.108986	0.127418855	0.090553145
382	0.1088395	0.127325893	0.090353107
383	0.10914285	0.127609742	0.090675958
384	0.1093968	0.127901762	0.090891838
385	0.10948975	0.128113594	0.090865906
386	0.10942555	0.128031266	0.090819834
387	0.1095354	0.128174877	0.090895923
388	0.1097189	0.128422851	0.091014949
389	0.1096083	0.128340189	0.090876411
390	0.10979905	0.128561852	0.091036248
391	0.1100539	0.128846215	0.091261585
392	0.11022485	0.129048966	0.091400734
393	0.11000335	0.128821756	0.091184944
394	0.10996	0.128798939	0.091121061
395	0.1101899	0.129084789	0.091295011
396	0.1102878	0.129220975	0.091354625
397	0.11042265	0.129381759	0.091463541
398	0.11057535	0.129556588	0.091594112
399	0.11061915	0.129632693	0.091605607
400	0.11059425	0.129623708	0.091564792
401	0.11058925	0.129630138	0.091548362
402	0.1106992	0.129757714	0.091640686
403	0.1108227	0.129888699	0.091756701
404	0.11091605	0.130013835	0.091818265
405	0.11094125	0.130101425	0.091781075
406	0.11112645	0.130303636	0.091949264
407	0.111145	0.130334902	0.091955098
408	0.1110504	0.130254855	0.091845945
409	0.11112445	0.130377745	0.091871155
410	0.1112035	0.130472353	0.091934647
411	0.111293	0.130564698	0.092021302
412	0.1114076	0.130687884	0.092127316
413	0.11150115	0.130827593	0.092174707
414	0.1115708	0.130933116	0.092208484
415	0.1116122	0.130983121	0.092241279
416	0.11170675	0.131099408	0.092314092
417	0.111805	0.131219256	0.092390744
418	0.1119044	0.131339504	0.092469296
419	0.11200895	0.131468707	0.092549193
420	0.11210005	0.13158282	0.09261728
421	0.112169	0.131677376	0.092660624
422	0.1122008	0.131747973	0.092653627
423	0.1122942	0.131859289	0.092729111
424	0.11241445	0.131996633	0.092832267
425	0.11255045	0.132155944	0.092944956
426	0.1126109	0.132253202	0.092968598
427	0.1126548	0.132325142	0.092984458
428	0.11271885	0.132411453	0.093026247
429	0.1128972	0.132615686	0.093178714
430	0.1129959	0.132736664	0.093255136
431	0.11306535	0.132822636	0.093308064
432	0.11319195	0.1329532	0.0934307
433	0.1133002	0.133081398	0.093519002
434	0.1133898	0.133197042	0.093582558
435	0.1134186	0.133248963	0.093588237
436	0.11353925	0.133397107	0.093681393
437	0.11364185	0.13352636	0.09375734
438	0.11373175	0.133643623	0.093819877
439	0.1138139	0.133750656	0.093877144
440	0.113959	0.133920908	0.093997092
441	0.11411075	0.134093691	0.094127809
442	0.11422635	0.134229121	0.094223579
443	0.1143035	0.134333622	0.094273378
444	0.11437805	0.134436044	0.094320056
445	0.114429	0.134503835	0.094354165
446	0.1145148	0.134616133	0.094413467
447	0.1146185	0.134743416	0.094493584
448	0.1147601	0.134909514	0.094610686
449	0.11478815	0.134957139	0.094619161
450	0.1148682	0.135060319	0.094676081
451	0.11494775	0.135162896	0.094732604
452	0.11497265	0.135216023	0.094729277
453	0.1150834	0.135348719	0.094818081
454	0.1152232	0.135508905	0.094937495
455	0.11531445	0.135613581	0.095015319
456	0.1153592	0.135679463	0.095038937
457	0.1153843	0.135725211	0.095043389
458	0.11542225	0.13578717	0.09505733
459	0.1155086	0.135887345	0.095129855
460	0.1155886	0.135986333	0.095190867
461	0.11564535	0.136062107	0.095228593
462	0.1157204	0.136159523	0.095281277
463	0.1157835	0.13623762	0.09532938
464	0.1158504	0.136319672	0.095381128
465	0.115937	0.136429103	0.095444897
466	0.1159479	0.136464983	0.095430817
467	0.115991	0.136527355	0.095454645
468	0.11607525	0.136619626	0.095530874
469	0.1161482	0.136699619	0.095596781
470	0.1161945	0.136764429	0.095624571
471	0.11620695	0.136798938	0.095614962
472	0.1162736	0.136880944	0.095666256
473	0.1162999	0.136922986	0.095676814
474	0.1163404	0.136979781	0.095701019
475	0.11640305	0.137049626	0.095756474
476	0.11644115	0.137099801	0.095782499
477	0.11648105	0.137157437	0.095804663
478	0.1165011	0.137196849	0.095805351
479	0.11658905	0.137296882	0.095881218
480	0.1166593	0.137385317	0.095933283
481	0.11669935	0.137443292	0.095955408
482	0.11679985	0.137552145	0.096047555
483	0.11688845	0.137651572	0.096125328
484	0.11697605	0.137758221	0.096193879
485	0.1170122	0.137821387	0.096203013
486	0.1170483	0.137875352	0.096221248
487	0.11710545	0.137943297	0.096267603
488	0.11721485	0.138059795	0.096369905
489	0.11729525	0.138146635	0.096443865
490	0.1173713	0.13823919	0.09650341
491	0.1174257	0.138314704	0.096536696
492	0.11751405	0.138433381	0.096594719
493	0.11757045	0.13851323	0.09662767
494	0.1176295	0.138594518	0.096664482
495	0.1176877	0.138672548	0.096702852
496	0.11782385	0.138822556	0.096825144
497	0.11797805	0.138992433	0.096963667
498	0.1181022	0.1391322	0.0970722
499	0.1181845	0.139233385	0.097135615
500	0.1182598	0.139328621	0.097190979
501	0.118337	0.13942656	0.09724744
502	0.11847785	0.139584046	0.097371654
503	0.11858505	0.139707165	0.097462935
504	0.1186764	0.139814471	0.097538329
505	0.11877475	0.139930201	0.097619299
506	0.11885845	0.140028726	0.097688174
507	0.1189543	0.140141574	0.097767026
508	0.11907805	0.140287505	0.097868595
509	0.11920045	0.140425324	0.097975576
510	0.1193349	0.1405774	0.0980924
511	0.11948265	0.140745576	0.098219724
512	0.1196442	0.140928673	0.098359727
513	0.11975565	0.141059948	0.098451352
514	0.11984605	0.141169316	0.098522784
515	0.11995965	0.141301357	0.098617943
516	0.12006785	0.141423011	0.098712689
517	0.12019795	0.141564492	0.098831408
518	0.12037105	0.14174809	0.09899401
519	0.12051945	0.141899834	0.099139066
520	0.1206732	0.142065287	0.099281113
521	0.1208199	0.142229795	0.099410005
522	0.12094015	0.142365847	0.099514453
523	0.12106465	0.142508734	0.099620566
524	0.12119765	0.142663011	0.099732289
525	0.1213536	0.142846487	0.099860713
526	0.12150415	0.1430133	0.099995
527	0.12165185	0.143171577	0.100132123
528	0.1217989	0.143325145	0.100272655
529	0.12188195	0.143425546	0.100338354
530	0.12197795	0.143539806	0.100416094
531	0.12212285	0.143707553	0.100538147
532	0.1222557	0.143856635	0.100654765
533	0.1223845	0.14400596	0.10076304
534	0.122513	0.144155114	0.100870886
535	0.1226514	0.144301802	0.101000998
536	0.122772	0.144440988	0.101103012
537	0.1228796	0.144569091	0.101190109
538	0.12298615	0.144694981	0.101277319
539	0.12313615	0.144866708	0.101405592
540	0.12326605	0.145014213	0.101517887
541	0.1233619	0.145122473	0.101601327
542	0.12346835	0.145241395	0.101695305
543	0.12358915	0.145376629	0.101801671
544	0.12372055	0.145526371	0.101914729
545	0.12377515	0.145600996	0.101949304
546	0.1238841	0.145729218	0.102038982
547	0.1240065	0.145869387	0.102143613
548	0.12412355	0.146004271	0.102242829
549	0.12423255	0.146130278	0.102334822
550	0.12432615	0.14623939	0.10241291
551	0.1243991	0.146325947	0.102472253
552	0.12449845	0.146443486	0.102553414
553	0.1245918	0.146550388	0.102633212
554	0.12467645	0.146646277	0.102706623
555	0.1247288	0.146717511	0.102740089
556	0.12482595	0.146837427	0.102814473
557	0.12490745	0.146937957	0.102876943
558	0.12499185	0.147042714	0.102940986
559	0.125048	0.147112891	0.102983109
560	0.1250826	0.14715995	0.10300525
561	0.12512505	0.147219958	0.103030142
562	0.1251812	0.14728827	0.10307413
563	0.12523025	0.147349032	0.103111468
564	0.1252954	0.147429961	0.103160839
565	0.1253373	0.147487775	0.103186825
566	0.12537375	0.147541659	0.103205841
567	0.12540045	0.14758487	0.10321603
568	0.1254102	0.147606808	0.103213592
569	0.12541405	0.147622739	0.103205361
570	0.12541435	0.147635307	0.103193393
571	0.12540255	0.147634585	0.103170515
572	0.12545265	0.147693709	0.103211591
573	0.1254927	0.147744857	0.103240543
574	0.1255059	0.147768306	0.103243494
575	0.1255048	0.147777603	0.103231997
576	0.12551475	0.147799399	0.103230101
577	0.12552145	0.147815646	0.103227254
578	0.12555415	0.147856709	0.103251591
579	0.1255822	0.147900063	0.103264337
580	0.12560405	0.147934559	0.103273541
581	0.1256173	0.147953921	0.103280679
582	0.1256382	0.14798123	0.10329517
583	0.12568245	0.148036591	0.103328309
584	0.1257422	0.148111574	0.103372826
585	0.12571725	0.148093287	0.103341213
586	0.12569595	0.148081205	0.103310695
587	0.12568805	0.148084448	0.103291652
588	0.12572115	0.148127799	0.103314501
589	0.12572235	0.148135231	0.103309469
590	0.12573795	0.148154392	0.103321508
591	0.12579635	0.148213537	0.103379163
592	0.12587065	0.148300973	0.103440327
593	0.12592875	0.148373475	0.103484025
594	0.12597125	0.148430273	0.103512227
595	0.1260317	0.148502059	0.103561341
596	0.126091	0.14857172	0.10361028
597	0.1261544	0.148648144	0.103660656
598	0.12616945	0.148676751	0.103662149
599	0.1261978	0.148715608	0.103679992
600	0.12625825	0.148786709	0.103729791
601	0.12634035	0.148875544	0.103805156
602	0.12642405	0.148972678	0.103875422
603	0.12648375	0.149047154	0.103920346
604	0.12652035	0.149099119	0.103941581
605	0.12662945	0.149226545	0.104032355
606	0.1267123	0.149324718	0.104099882
607	0.1267828	0.149411759	0.104153841
608	0.12686905	0.149525929	0.104212171
609	0.1269515	0.14962801	0.10427499
610	0.12702465	0.149720215	0.104329085
611	0.12707945	0.149798759	0.104360141
612	0.1271743	0.149921857	0.104426743
613	0.1273	0.150076769	0.104523231
614	0.1274684	0.150277222	0.104659578
615	0.127554	0.150390873	0.104717127
616	0.1276645	0.150523394	0.104805606
617	0.12776815	0.150645148	0.104891152
618	0.1278307	0.150742431	0.104918969
619	0.1278925	0.150838632	0.104946368
620	0.1279543	0.150925085	0.104983515
621	0.12803055	0.151006116	0.105054984
622	0.12809625	0.151095999	0.105096501
623	0.12817865	0.151198186	0.105159114
624	0.12828195	0.151311145	0.105252755
625	0.1283169	0.151358436	0.105275364
626	0.1283857	0.151443441	0.105327959
627	0.12847515	0.151552515	0.105397785
628	0.128541	0.151643209	0.105438791
629	0.1286457	0.151762453	0.105528947
630	0.1287258	0.151850162	0.105601438
631	0.1288	0.151940904	0.105659096
632	0.1289018	0.152059686	0.105743914
633	0.128992	0.152163522	0.105820478
634	0.12906245	0.152243754	0.105881146
635	0.1291276	0.15233376	0.10592144
636	0.12921755	0.152446286	0.105988814
637	0.1293189	0.152569838	0.106067962
638	0.12937065	0.152651394	0.106089906
639	0.12946865	0.152766438	0.106170862
640	0.1295893	0.15290154	0.10627706
641	0.1296563	0.152980553	0.106332047
642	0.1297567	0.153102358	0.106411042
643	0.1298563	0.153225798	0.106486802
644	0.1299507	0.153345979	0.106555421
645	0.13004355	0.153464263	0.106622837
646	0.13013405	0.153570949	0.106697151
647	0.1302252	0.153673362	0.106777038
648	0.1303358	0.153816692	0.106854908
649	0.13044035	0.153944384	0.106936316
650	0.13055715	0.154083929	0.107030371
651	0.13071945	0.154282255	0.107156645
652	0.1308498	0.154438195	0.107261405
653	0.1309806	0.154596261	0.107364939
654	0.13110095	0.154745966	0.107455934
655	0.13122245	0.154883602	0.107561298
656	0.13135205	0.155033265	0.107670835
657	0.1314628	0.155164114	0.107761486
658	0.1316074	0.155338562	0.107876238
659	0.1317297	0.155496056	0.107963344
660	0.1318429	0.155643817	0.108041983
661	0.1319607	0.155786999	0.108134401
662	0.1320788	0.155926282	0.108231318
663	0.13219265	0.156066057	0.108319243
664	0.13227075	0.156174843	0.108366657
665	0.1323639	0.156283121	0.108444679
666	0.1324762	0.15641536	0.10853704
667	0.1325891	0.156550679	0.108627521
668	0.1326736	0.156651052	0.108696148
669	0.13276255	0.156762049	0.108763051
670	0.13285915	0.156883126	0.108835174
671	0.132972	0.157016386	0.108927614
672	0.13308	0.157151911	0.109008089
673	0.1332004	0.157300786	0.109100014
674	0.1333468	0.157473108	0.109220492
675	0.1334526	0.157601428	0.109303772
676	0.1335359	0.157704221	0.109367579
677	0.13363255	0.157821773	0.109443327
678	0.13380485	0.158012017	0.109597683
679	0.1339612	0.158191653	0.109730747
680	0.13410015	0.158354296	0.109846004
681	0.13419425	0.158458278	0.109930222
682	0.1343673	0.158656341	0.110078259
683	0.13453605	0.158856771	0.110215329
684	0.13467415	0.159035527	0.110312773
685	0.1348165	0.159218209	0.110414791
686	0.13500255	0.159437113	0.110567987
687	0.1352342	0.159690032	0.110778368
688	0.135431	0.159908271	0.110953729
689	0.1356628	0.160173744	0.111151856
690	0.13592375	0.160473504	0.111373996
691	0.1362424	0.160824526	0.111660274
692	0.13655685	0.16117186	0.11194184
693	0.13685855	0.161502506	0.112214594
694	0.137132	0.161794682	0.112469318
695	0.13747545	0.162163234	0.112787666
696	0.13779995	0.162515456	0.113084444
697	0.138099	0.16284411	0.11335389
698	0.13839995	0.163168493	0.113631407
699	0.1387281	0.163514896	0.113941304
700	0.13908035	0.163884858	0.114275842
701	0.1393718	0.164192864	0.114550736
702	0.1396372	0.164473379	0.114801021
703	0.13990465	0.164758136	0.115051164
704	0.14018995	0.165063739	0.115316161
705	0.14049135	0.16537976	0.11560294
706	0.1407695	0.165677843	0.115861157
707	0.14101795	0.165954305	0.116081595
708	0.14131835	0.166275174	0.116361526
709	0.1416013	0.166580146	0.116622454
710	0.1418752	0.166877129	0.116873271
711	0.14216875	0.1671941	0.1171434
712	0.14243885	0.167485562	0.117392138
713	0.14268475	0.167750113	0.117619387
714	0.142892	0.167970132	0.117813868
715	0.1431531	0.168259624	0.118046576
716	0.1434286	0.168561143	0.118296057
717	0.1437062	0.168855762	0.118556638
718	0.1438967	0.169044009	0.118749391
719	0.1441121	0.169261775	0.118962425
720	0.144329	0.169487448	0.119170552
721	0.14454775	0.169732902	0.119362598
722	0.14477165	0.169989724	0.119553576
723	0.1450179	0.170269314	0.119766486
724	0.14522005	0.170482274	0.119957826
725	0.14542235	0.170691493	0.120153207
726	0.1456554	0.170939843	0.120370957
727	0.14591115	0.171220122	0.120602178
728	0.1461076	0.171437389	0.120777811
729	0.1462961	0.171649977	0.120942223
730	0.1464656	0.171842787	0.121088413
731	0.14667685	0.172072763	0.121280937
732	0.1468512	0.172265928	0.121436472
733	0.1470299	0.172464842	0.121594958
734	0.14727915	0.172738636	0.121819664
735	0.1474725	0.172948868	0.121996132
736	0.1476476	0.173146097	0.122149103
737	0.1477844	0.173310915	0.122257885
738	0.1479247	0.173464577	0.122384823
739	0.14807125	0.173629545	0.122512955
740	0.1482008	0.173778398	0.122623202
741	0.14841805	0.174025908	0.122810192
742	0.148586	0.174214259	0.122957741
743	0.1487293	0.174372978	0.123085622
744	0.14887655	0.174533585	0.123219515
745	0.14900695	0.174684024	0.123329876
746	0.14916415	0.174866305	0.123461995
747	0.1493428	0.175070618	0.123614982
748	0.14945675	0.17521427	0.12369923
749	0.14959395	0.175375316	0.123812584
750	0.1497572	0.175556476	0.123957924
751	0.14991675	0.175734632	0.124098868
752	0.1500491	0.175895222	0.124202978
753	0.1501723	0.176050885	0.124293715
754	0.15032015	0.176227057	0.124413243
755	0.1504975	0.176434626	0.124560374
756	0.1506505	0.176620329	0.124680671
757	0.15074795	0.176757465	0.124738435
758	0.15067575	0.176706384	0.124645116
759	0.15057935	0.176623243	0.124535457
760	0.1505232	0.176552053	0.124494347
761	0.1506378	0.176683357	0.124592243
762	0.1508185	0.176889278	0.124747722
763	0.15106725	0.1771697	0.1249648
764	0.1513858	0.177520689	0.125250911
765	0.15169845	0.177865357	0.125531543
766	0.1519786	0.178177378	0.125779822
767	0.15224585	0.178480643	0.126011057
768	0.1524341	0.178698671	0.126169529
769	0.15261055	0.178903385	0.126317715
770	0.15278655	0.179106859	0.126466241
771	0.1529796	0.179326314	0.126632886
772	0.1531542	0.179523105	0.126785295
773	0.15330215	0.179686615	0.126917685
774	0.1534969	0.179898581	0.127095219
775	0.15368715	0.180122063	0.127252237
776	0.15386475	0.180338065	0.127391435
777	0.15401915	0.180529933	0.127508367
778	0.1541737	0.180708338	0.127639062
779	0.15433295	0.180889097	0.127776803
780	0.15449715	0.181074123	0.127920177
781	0.15465485	0.181265816	0.128043884
782	0.1548142	0.181456887	0.128171513
783	0.1549997	0.181675582	0.128323818
784	0.15521375	0.181921878	0.128505622
785	0.15538965	0.18212927	0.12865003
786	0.15555785	0.182327844	0.128787856
787	0.1557397	0.182537951	0.128941449
788	0.155893	0.182724323	0.129061677
789	0.15605235	0.18291283	0.12919187
790	0.15622445	0.183107085	0.129341815
791	0.1564641	0.183374546	0.129553654
792	0.1566475	0.183584352	0.129710648
793	0.15678675	0.183750579	0.129822921
794	0.1569266	0.183928439	0.129924761
795	0.15709865	0.184119069	0.130078231
796	0.1572816	0.184319002	0.130244198
797	0.1574587	0.184529488	0.130387912
798	0.1576804	0.184774244	0.130586556
799	0.15787355	0.184993446	0.130753654
800	0.1580123	0.185164678	0.130859922
801	0.1582008	0.18538583	0.13101577
802	0.1583992	0.185615583	0.131182817
803	0.1585894	0.185835972	0.131342828
804	0.1586771	0.185956832	0.131397368
805	0.1588638	0.186168004	0.131559596
806	0.1590649	0.186390832	0.131738968
807	0.1592225	0.186581344	0.131863656
808	0.15937705	0.186760434	0.131993666
809	0.15953925	0.186951589	0.132126911
810	0.15971275	0.187163519	0.132261981
811	0.15987905	0.187351847	0.132406253
812	0.1600402	0.187546643	0.132533757
813	0.1602083	0.187759406	0.132657194
814	0.1604232	0.188008279	0.132838121
815	0.16059665	0.188203733	0.132989567
816	0.1607544	0.188377465	0.133131335
817	0.16095785	0.188602285	0.133313415
818	0.16106115	0.188726426	0.133395874
819	0.1612229	0.188904619	0.133541181
820	0.16148495	0.189172441	0.133797459
821	0.16157895	0.189310639	0.133847261
822	0.16177865	0.189549443	0.134007857
823	0.1620578	0.189853527	0.134262073
824	0.16219265	0.189979382	0.134405918
825	0.16229535	0.190094872	0.134495828
826	0.1624174	0.190245514	0.134589286
827	0.1626459	0.190518802	0.134772998
828	0.1628369	0.190749076	0.134924724
829	0.1630234	0.190968925	0.135077875
830	0.16320215	0.19117024	0.13523406
831	0.16344355	0.191443117	0.135443983
832	0.16361705	0.191642768	0.135591332
833	0.16375525	0.191806566	0.135703934
834	0.1639575	0.192030995	0.135884005
835	0.16414315	0.192236085	0.136050215
836	0.1643067	0.192418799	0.136194601
837	0.1645003	0.192649428	0.136351172
838	0.16468835	0.192867957	0.136508743
839	0.16490475	0.193115077	0.136694423
840	0.16517835	0.193424098	0.136932602
841	0.16531255	0.193579011	0.137046089
842	0.16542025	0.193710548	0.137129952
843	0.1655214	0.193840333	0.137202467
844	0.16579265	0.194134381	0.137450919
845	0.1660162	0.194384516	0.137647884
846	0.16621905	0.19461437	0.13782373
847	0.1664597	0.194873124	0.138046276
848	0.16660525	0.195044621	0.138165879
849	0.1667178	0.195189087	0.138246513
850	0.1668206	0.195330012	0.138311188
851	0.16703705	0.195561713	0.138512387
852	0.16721585	0.195763322	0.138668378
853	0.16736265	0.195948538	0.138776762
854	0.16767585	0.196287739	0.139063961
855	0.1679337	0.196589316	0.139278084
856	0.1681278	0.19682951	0.13942609
857	0.1682397	0.196954646	0.139524754
858	0.16841575	0.197153517	0.139677983
859	0.16863795	0.197405075	0.139870825
860	0.1688669	0.197661935	0.140071865
861	0.1690529	0.197865462	0.140240338
862	0.16926305	0.198101004	0.140425096
863	0.1694737	0.198342673	0.140604727
864	0.1696353	0.198536266	0.140734334
865	0.16983425	0.1987653	0.1409032
866	0.17006775	0.19902822	0.14110728
867	0.17022345	0.199197426	0.141249474
868	0.1704105	0.199407808	0.141413192
869	0.17063005	0.199654418	0.141605682
870	0.17090905	0.199961265	0.141856835
871	0.17104145	0.200123095	0.141959805
872	0.1712053	0.200313216	0.142097384
873	0.17139925	0.200520184	0.142278316
874	0.17163735	0.200797363	0.142477337
875	0.171806	0.201005576	0.142606424
876	0.17195025	0.201186716	0.142713784
877	0.172191	0.201430689	0.142951311
878	0.1723458	0.201610775	0.143080825
879	0.17250135	0.201801223	0.143201477
880	0.17262225	0.201936129	0.143308371
881	0.17284625	0.202195221	0.143497279
882	0.1730789	0.202466414	0.143691386
883	0.17330085	0.202726674	0.143875026
884	0.17346065	0.202916149	0.144005151
885	0.17367495	0.203160132	0.144189768
886	0.17390545	0.203415916	0.144394984
887	0.17401375	0.203535963	0.144491537
888	0.17422035	0.203777447	0.144663253
889	0.17447785	0.20408318	0.14487252
890	0.17466525	0.20431124	0.14501926
891	0.1749115	0.204582985	0.145240015
892	0.17509285	0.204786805	0.145398895
893	0.17513665	0.204852682	0.145420618
894	0.1752063	0.204964096	0.145448504
895	0.17538945	0.205177887	0.145601013
896	0.17569475	0.205506305	0.145883195
897	0.17586915	0.205713142	0.146025158
898	0.1760008	0.205895837	0.146105763
899	0.1761549	0.206100553	0.146209247
900	0.17637975	0.206325907	0.146433593
901	0.1765971	0.206567467	0.146626733
902	0.17683785	0.206837923	0.146837777
903	0.17706745	0.207088646	0.147046254
904	0.1772383	0.207298132	0.147178468
905	0.1773437	0.207443861	0.147243539
906	0.17743185	0.207577598	0.147286102
907	0.1775311	0.207699951	0.147362249
908	0.1777394	0.207926239	0.147552561
909	0.17799225	0.20818987	0.14779463
910	0.1782677	0.208478444	0.148056956
911	0.1783396	0.208619714	0.148059486
912	0.17841695	0.20875884	0.14807506
913	0.1786058	0.208966784	0.148244816
914	0.17895935	0.209326474	0.148592226
915	0.17918515	0.209574072	0.148796228
916	0.17928225	0.209709201	0.148855299
917	0.1796154	0.210068705	0.149162095
918	0.1797802	0.210275191	0.149285209
919	0.17992725	0.210464009	0.149390491
920	0.1803582	0.210906319	0.149810081
921	0.1806017	0.2111874	0.150016
922	0.18072205	0.2113402	0.1501039
923	0.18075705	0.211390751	0.150123349
924	0.1809931	0.211637318	0.150348882
925	0.181185	0.211860057	0.150509943
926	0.1813542	0.212089975	0.150618425
927	0.1817215	0.212473611	0.150969389
928	0.1819281	0.212688735	0.151167465
929	0.1819521	0.212713857	0.151190343
930	0.1816998	0.212469419	0.150930181
931	0.1815378	0.212315406	0.150760194
932	0.18148965	0.21228449	0.15069481
933	0.18175875	0.212607332	0.150910168
934	0.18193665	0.212819275	0.151054025
935	0.18208265	0.212966548	0.151198752
936	0.1822213	0.213068683	0.151373917
937	0.1827415	0.213707351	0.151775649
938	0.18322605	0.214229063	0.152223037
939	0.1836161	0.214608855	0.152623345
940	0.18375985	0.214756965	0.152762735
941	0.18415305	0.215246426	0.153059674
942	0.1844623	0.215604734	0.153319866
943	0.1844659	0.215495977	0.153435823
944	0.1845632	0.215660944	0.153465456
945	0.184871	0.216053298	0.153688702
946	0.18540945	0.216661573	0.154157327
947	0.18557455	0.216854655	0.154294445
948	0.18573875	0.217050026	0.154427474
949	0.185893	0.217249385	0.154536615
950	0.1860042	0.217471154	0.154537246
951	0.1866079	0.218023004	0.155192796
952	0.18726735	0.21862281	0.15591189
953	0.1875339	0.218949971	0.156117829
954	0.1873913	0.218868971	0.155913629
955	0.1875447	0.219060434	0.156028966
956	0.1882218	0.219750366	0.156693234
957	0.1880072	0.219584695	0.156429705
958	0.1883456	0.219988451	0.156702749
959	0.18900945	0.220712467	0.157306433
960	0.1890513	0.220686565	0.157416035
961	0.1893802	0.221089251	0.157671149
962	0.1897027	0.221513101	0.157892299
963	0.1897182	0.221549475	0.157886925
964	0.1899766	0.221809301	0.158143899
965	0.1902724	0.222118158	0.158426642
966	0.19053365	0.222408741	0.158658559
967	0.1906374	0.222593673	0.158681127
968	0.19101455	0.223010531	0.159018569
969	0.19152185	0.223526953	0.159516747
970	0.19157445	0.223620101	0.159528799
971	0.1917384	0.223846497	0.159630303
972	0.19191135	0.224053429	0.159769271
973	0.1918779	0.223924669	0.159831131
974	0.1922456	0.22433059	0.16016061
975	0.19268345	0.224818964	0.160547936
976	0.1930917	0.225248243	0.160935157
977	0.19306535	0.225265764	0.160864936
978	0.19305015	0.225287939	0.160812361
979	0.1931384	0.225415112	0.160861688
980	0.19320865	0.225481055	0.160936245
981	0.19365435	0.225997633	0.161311067
982	0.1941712	0.22659073	0.16175167
983	0.19430645	0.226696451	0.161916449
984	0.1947482	0.227151995	0.162344405
985	0.1950195	0.227468992	0.162570008
986	0.1948631	0.227388132	0.162338068
987	0.1953308	0.227861416	0.162800184
988	0.1955466	0.228106457	0.162986743
989	0.195542	0.228150703	0.162933297
990	0.19604555	0.228574456	0.163516644
991	0.1962471	0.228787976	0.163706224
992	0.1962818	0.228861842	0.163701758
993	0.19637405	0.228916758	0.163831342
994	0.1966721	0.229281033	0.164063167
995	0.197014	0.229716266	0.164311734
996	0.19721515	0.229989231	0.164441069
997	0.19758495	0.230343291	0.164826609
998	0.19776015	0.230527779	0.164992521
999	0.19777195	0.230585017	0.164958883
1000	0.19824555	0.231084357	0.165406743
1001	0.1974377	0.231064329	0.163811071
1002	0.19775265	0.231445903	0.164059397
1003	0.19807825	0.231828981	0.164327519
1004	0.19832875	0.232085877	0.164571623
1005	0.19850775	0.232281364	0.164734136
1006	0.19872095	0.232601461	0.164840439
1007	0.199016	0.233028545	0.165003455
1008	0.19931655	0.233400661	0.165232439
1009	0.1995944	0.23369088	0.16549792
1010	0.1998918	0.233990276	0.165793324
1011	0.200187	0.234295529	0.166078471
1012	0.2004387	0.234578851	0.166298549
1013	0.2006221	0.234786358	0.166457842
1014	0.2007737	0.234941493	0.166605907
1015	0.20094305	0.235138176	0.166747924
1016	0.201192	0.235464394	0.166919606
1017	0.20146645	0.235853484	0.167079416
1018	0.20171325	0.236122267	0.167304233
1019	0.20199075	0.23635307	0.16762843
1020	0.20225455	0.236624794	0.167884306
1021	0.202526	0.23697127	0.16808073
1022	0.2027864	0.237275947	0.168296853
1023	0.20300415	0.237460554	0.168547746
1024	0.2032525	0.237666314	0.168838686
1025	0.2035331	0.237952742	0.169113458
1026	0.20379375	0.238246354	0.169341146
1027	0.203994	0.238463132	0.169524868
1028	0.2042093	0.238699422	0.169719178
1029	0.2045112	0.239094843	0.169927557
1030	0.2048581	0.239560778	0.170155422
1031	0.20519715	0.239933749	0.170460551
1032	0.2054314	0.240177007	0.170685793
1033	0.2057103	0.240529947	0.170890653
1034	0.206046	0.240939063	0.171152937
1035	0.20629545	0.241211996	0.171378904
1036	0.20651615	0.241449615	0.171582685
1037	0.2067339	0.241714994	0.171752806
1038	0.206958	0.241990671	0.171925329
1039	0.207167	0.242236411	0.172097589
1040	0.20742345	0.242541186	0.172305714
1041	0.2076889	0.242849294	0.172528506
1042	0.20798105	0.24315294	0.17280916
1043	0.2083142	0.243510178	0.173118222
1044	0.20860925	0.243834632	0.173383868
1045	0.2088646	0.244118993	0.173610207
1046	0.2090923	0.244392387	0.173792213
1047	0.2093579	0.244701114	0.174014686
1048	0.20965075	0.245022596	0.174278904
1049	0.20995565	0.245358571	0.174552729
1050	0.2102458	0.245684783	0.174806817
1051	0.21055185	0.246023447	0.175080253
1052	0.2108313	0.246321134	0.175341466
1053	0.21108515	0.246581288	0.175589012
1054	0.21135605	0.246884215	0.175827885
1055	0.2116274	0.247261975	0.175992825
1056	0.21189365	0.247642594	0.176144706
1057	0.2122161	0.248003969	0.176428231
1058	0.2125237	0.248311287	0.176736113
1059	0.21282315	0.248630804	0.177015496
1060	0.2131167	0.248953532	0.177279868
1061	0.2134624	0.249366234	0.177558566
1062	0.21380395	0.249785099	0.177822801
1063	0.2141094	0.250123937	0.178094863
1064	0.21435665	0.25038479	0.17832851
1065	0.21461465	0.250680743	0.178548557
1066	0.21494895	0.251046693	0.178851207
1067	0.2152611	0.251392223	0.179129977
1068	0.21562185	0.251823647	0.179420053
1069	0.2159625	0.252213912	0.179711088
1070	0.216154	0.252424086	0.179883914
1071	0.21635975	0.252680273	0.180039227
1072	0.2166405	0.253045955	0.180235045
1073	0.2169337	0.253396197	0.180471203
1074	0.21719655	0.253662284	0.180730816
1075	0.2174506	0.253923698	0.180977502
1076	0.2177236	0.254203629	0.181243571
1077	0.2180035	0.254496859	0.181510141
1078	0.21824055	0.254760204	0.181720896
1079	0.218423	0.254973281	0.181872719
1080	0.21868365	0.255273967	0.182093333
1081	0.21896755	0.255592443	0.182342657
1082	0.21929715	0.255972249	0.182622051
1083	0.21965605	0.25639095	0.18292115
1084	0.2200241	0.25681109	0.18323711
1085	0.2203361	0.257149101	0.183523099
1086	0.2206388	0.257483178	0.183794422
1087	0.22086325	0.257750659	0.183975841
1088	0.22110735	0.258043631	0.184171069
1089	0.22141385	0.258406803	0.184420897
1090	0.22172045	0.258770367	0.184670533
1091	0.2220218	0.259088958	0.184954642
1092	0.2222698	0.259340867	0.185198733
1093	0.2225825	0.259696734	0.185468266
1094	0.22294115	0.260112787	0.185769513
1095	0.22326705	0.260474404	0.186059696
1096	0.22357465	0.260796711	0.186352589
1097	0.22386205	0.261111897	0.186612203
1098	0.2241134	0.261426336	0.186800464
1099	0.2243779	0.261748383	0.187007417
1100	0.22472145	0.262117495	0.187325405
1101	0.22503785	0.262456176	0.187619524
1102	0.2253626	0.262806394	0.187918806
1103	0.2256996	0.263177376	0.188221824
1104	0.22601115	0.263578147	0.188444153
1105	0.2262918	0.263951734	0.188631866
1106	0.22662415	0.264350408	0.188897892
1107	0.2269988	0.264797982	0.189199618
1108	0.22734445	0.265202216	0.189486684
1109	0.22769745	0.265612605	0.189782295
1110	0.22790115	0.265862243	0.189940057
1111	0.2280634	0.266048684	0.190078116
1112	0.22829765	0.266287249	0.190308051
1113	0.2285626	0.266550661	0.190574539
1114	0.22878885	0.266795886	0.190781814
1115	0.2290356	0.267139656	0.190931544
1116	0.22932085	0.267510919	0.191130781
1117	0.2295707	0.267715184	0.191426216
1118	0.2298568	0.26796518	0.19174842
1119	0.2300671	0.268227292	0.191906908
1120	0.2302843	0.26850444	0.19206416
1121	0.23029415	0.268433972	0.192154328
1122	0.2302936	0.268325879	0.192261321
1123	0.2305461	0.268609444	0.192482756
1124	0.2308402	0.268989987	0.192690413
1125	0.23115075	0.269303717	0.192997783
1126	0.2314441	0.269560957	0.193327243
1127	0.2316028	0.269768357	0.193437243
1128	0.2316862	0.269969267	0.193403133
1129	0.2318349	0.270244082	0.193425718
1130	0.2319562	0.270441832	0.193470568
1131	0.2321037	0.270677096	0.193530304
1132	0.2323133	0.270987959	0.193638641
1133	0.2324602	0.271179358	0.193741042
1134	0.23247655	0.271122709	0.193830391
1135	0.232559	0.271164864	0.193953136
1136	0.23300435	0.271791054	0.194217646
1137	0.23340235	0.272358106	0.194446594
1138	0.23349045	0.27252735	0.19445355
1139	0.23358465	0.272695685	0.194473615
1140	0.2337564	0.27294712	0.19456568
1141	0.23393575	0.273206768	0.194664732
1142	0.23399035	0.273303028	0.194677672
1143	0.23401605	0.273371568	0.194660532
1144	0.234001	0.273378701	0.194623299
1145	0.2339834	0.273364979	0.194601821
1146	0.2340239	0.273384272	0.194663528
1147	0.234096	0.273418588	0.194773412
1148	0.23411165	0.273426522	0.194796778
1149	0.23411445	0.273471205	0.194757695
1150	0.2341396	0.273546838	0.194732362
1151	0.2342132	0.273690136	0.194736264
1152	0.23430025	0.273850963	0.194749537
1153	0.2344677	0.274111249	0.194824151
1154	0.2346257	0.274347265	0.194904135
1155	0.23480725	0.274538729	0.195075771
1156	0.2349696	0.274710469	0.195228731
1157	0.2352969	0.275076245	0.195517555
1158	0.23555625	0.275364268	0.195748232
1159	0.2357916	0.27568764	0.19589556
1160	0.23597785	0.275960533	0.195995167
1161	0.23616785	0.276207919	0.196127781
1162	0.23634585	0.276432333	0.196259367
1163	0.23653885	0.276664379	0.196413321
1164	0.23670065	0.276851596	0.196549704
1165	0.23685855	0.277040944	0.196676156
1166	0.2370358	0.277261445	0.196810155
1167	0.23719785	0.277465494	0.196930206
1168	0.2374067	0.277723971	0.197089429
1169	0.2376236	0.277996496	0.197250704
1170	0.23787485	0.278324714	0.197424986
1171	0.2380917	0.278607704	0.197575696
1172	0.2382831	0.278836368	0.197729832
1173	0.23849505	0.279090159	0.197899941
1174	0.238695	0.279343986	0.198046014
1175	0.2388929	0.279595471	0.198190329
1176	0.23906425	0.279783567	0.198344933
1177	0.2392588	0.279997117	0.198520483
1178	0.2394502	0.280239373	0.198661027
1179	0.23964075	0.280487302	0.198794198
1180	0.2397902	0.280692953	0.198887447
1181	0.2399239	0.280882393	0.198965407
1182	0.2400482	0.281044872	0.199051528
1183	0.240206	0.28123725	0.19917475
1184	0.24038295	0.281452901	0.199312999
1185	0.24057495	0.281686713	0.199463187
1186	0.24080035	0.281965677	0.199635023
1187	0.2410205	0.282246966	0.199794034
1188	0.24125305	0.282535535	0.199970565
1189	0.24151585	0.282841418	0.200190282
1190	0.24177165	0.283137744	0.200405556
1191	0.24202265	0.283431596	0.200613704
1192	0.24229875	0.283756397	0.200841103
1193	0.2425934	0.284101644	0.201085156
1194	0.24286135	0.284415479	0.201307221
1195	0.24314525	0.284716265	0.201574235
1196	0.2434035	0.284986725	0.201820275
1197	0.24370785	0.285345086	0.202070614
1198	0.2440193	0.285715273	0.202323327
1199	0.24426615	0.286002432	0.202529868
1200	0.2444946	0.286267706	0.202721494
1201	0.2447212	0.286517879	0.202924521
1202	0.2449459	0.286756475	0.203135325
1203	0.2452268	0.287080448	0.203373152
1204	0.2455037	0.28742011	0.20358729
1205	0.2457664	0.287731845	0.203800955
1206	0.2459826	0.287973237	0.203991963
1207	0.24622945	0.28826175	0.20419715
1208	0.24645485	0.288548109	0.204361591
1209	0.24670695	0.288861134	0.204552766
1210	0.2469496	0.289144593	0.204754607
1211	0.24720605	0.289444156	0.204967944
1212	0.24742845	0.289719766	0.205137134
1213	0.24765325	0.289995637	0.205310863
1214	0.2479449	0.290319851	0.205569949
1215	0.2482327	0.290640061	0.205825339
1216	0.24849345	0.290936111	0.206050789
1217	0.2487503	0.291224382	0.206276218
1218	0.24900425	0.291510192	0.206498308
1219	0.2492557	0.291793974	0.206717426
1220	0.24959565	0.292162838	0.207028462
1221	0.24996615	0.292569816	0.207362484
1222	0.25031905	0.29294604	0.20769206
1223	0.25069145	0.293332122	0.208050778
1224	0.25103205	0.293688552	0.208375548
1225	0.2513249	0.294000024	0.208649776
1226	0.2516745	0.29438069	0.20896831
1227	0.25205125	0.294793528	0.209308972
1228	0.2524389	0.295210681	0.209667119
1229	0.2527912	0.295566722	0.210015678
1230	0.25319535	0.29598755	0.21040315
1231	0.2536351	0.296477309	0.210792891
1232	0.2540896	0.296983213	0.211195987
1233	0.2545374	0.29746651	0.21160829
1234	0.2549549	0.297918934	0.211990866
1235	0.25532795	0.298331854	0.212324046
1236	0.2556721	0.298709331	0.212634869
1237	0.25606435	0.299128714	0.212999986
1238	0.25643125	0.299518452	0.213344048
1239	0.2567652	0.299874757	0.213655643
1240	0.2570958	0.30023086	0.21396074
1241	0.2575086	0.300682427	0.214334773
1242	0.25790595	0.30111447	0.21469743
1243	0.25829545	0.301535228	0.215055672
1244	0.2586732	0.301940374	0.215406026
1245	0.25911175	0.302418855	0.215804645
1246	0.2595519	0.302903173	0.216200627
1247	0.2599891	0.303402072	0.216576128
1248	0.2603923	0.303870365	0.216914235
1249	0.2607828	0.304301946	0.217263654
1250	0.26113025	0.304660483	0.217600017
1251	0.2615114	0.305071982	0.217950818
1252	0.26189105	0.305510183	0.218271917
1253	0.2622718	0.305949061	0.218594539
1254	0.2626467	0.30637923	0.21891417
1255	0.26297655	0.306751567	0.219201533
1256	0.26332615	0.307158983	0.219493317
1257	0.2636528	0.30754512	0.21976048
1258	0.26402285	0.307962168	0.220083532
1259	0.26440145	0.308384283	0.220418617
1260	0.2647664	0.308805035	0.220727765
1261	0.26513535	0.30923312	0.22103758
1262	0.26553555	0.309692441	0.221378659
1263	0.2659518	0.310170558	0.221733042
1264	0.26633565	0.310562112	0.222109188
1265	0.26671525	0.310937225	0.222493275
1266	0.2670483	0.311295812	0.222800788
1267	0.2673242	0.311604854	0.223043546
1268	0.2676729	0.312006345	0.223339455
1269	0.2680342	0.312424806	0.223643594
1270	0.26841675	0.312857852	0.223975648
1271	0.26875965	0.313245297	0.224274003
1272	0.2691247	0.313653648	0.224595752
1273	0.2695737	0.314149816	0.224997584
1274	0.26998625	0.314607291	0.225365209
1275	0.27037755	0.315035814	0.225719286
1276	0.2707163	0.315404275	0.226028325
1277	0.27104795	0.315792452	0.226303448
1278	0.27134875	0.316146985	0.226550515
1279	0.2717016	0.316531555	0.226871645
1280	0.27203085	0.316889482	0.227172218
1281	0.27239475	0.317299141	0.227490359
1282	0.2727255	0.317671433	0.227779567
1283	0.27309125	0.318098635	0.228083865
1284	0.27343025	0.318497867	0.228362633
1285	0.27373525	0.31886858	0.22860192
1286	0.2740345	0.319234434	0.228834566
1287	0.2743491	0.319614196	0.229084004
1288	0.2747124	0.320049734	0.229375066
1289	0.27507365	0.320459315	0.229687985
1290	0.2753913	0.320803869	0.229978731
1291	0.27575145	0.321217294	0.230285606
1292	0.27611385	0.321642762	0.230584938
1293	0.27643225	0.322008987	0.230855513
1294	0.2767342	0.322361603	0.231106797
1295	0.27704945	0.322745884	0.231353016
1296	0.2773694	0.323148249	0.231590551
1297	0.27765345	0.323495112	0.231811788
1298	0.27795085	0.323828792	0.232072908
1299	0.2782418	0.324164261	0.232319339
1300	0.27851805	0.324509423	0.232526677
1301	0.2788388	0.32490068	0.23277692
1302	0.27919265	0.32529393	0.23309137
1303	0.27958435	0.325728828	0.233439872
1304	0.2798862	0.32609305	0.23367935
1305	0.2801852	0.326458469	0.233911931
1306	0.28043455	0.326747524	0.234121576
1307	0.28076315	0.327128614	0.234397686
1308	0.2810711	0.327493072	0.234649128
1309	0.2813743	0.327848463	0.234900137
1310	0.2816522	0.328150338	0.235154062
1311	0.2819487	0.328476198	0.235421202
1312	0.28221325	0.32878716	0.23563934
1313	0.28250725	0.329135716	0.235878784
1314	0.28278405	0.329461613	0.236106487
1315	0.28305695	0.329777677	0.236336223
1316	0.28333815	0.330131228	0.236545072
1317	0.2836147	0.330495688	0.236733712
1318	0.2838673	0.330798816	0.236935784
1319	0.2840732	0.331020177	0.237126223
1320	0.28430365	0.331247705	0.237359595
1321	0.2845638	0.331512413	0.237615187
1322	0.2847434	0.331704877	0.237781923
1323	0.2849015	0.331896062	0.237906938
1324	0.28513885	0.332178041	0.238099659
1325	0.28539235	0.332448641	0.238336059
1326	0.28562665	0.332700293	0.238553007
1327	0.2858324	0.332917288	0.238747512
1328	0.28605405	0.333159896	0.238948204
1329	0.28613675	0.333301656	0.238971844
1330	0.28628285	0.333507806	0.239057894
1331	0.28647795	0.33369775	0.23925815
1332	0.28666995	0.333881686	0.239458214
1333	0.28680945	0.334051009	0.239567891
1334	0.28698515	0.334269744	0.239700556
1335	0.2872353	0.334565609	0.239904991
1336	0.28747045	0.334849478	0.240091422
1337	0.28764645	0.335076608	0.240216292
1338	0.28780015	0.335266117	0.240334183
1339	0.2878477	0.335283296	0.240412104
1340	0.28790585	0.335310799	0.240500901
1341	0.2881147	0.335570284	0.240659116
1342	0.28834625	0.335874237	0.240818263
1343	0.2884707	0.335999616	0.240941784
1344	0.28861545	0.336145865	0.241085035
1345	0.28867325	0.336224425	0.241122075
1346	0.28866165	0.336236492	0.241086808
1347	0.28853385	0.336160136	0.240907564
1348	0.28837855	0.335996842	0.240760258
1349	0.28823215	0.335815403	0.240648897
1350	0.2880584	0.335754298	0.240362502
1351	0.2878669	0.335642368	0.240091432
1352	0.28772365	0.33543095	0.24001635
1353	0.2874986	0.335157926	0.239839274
1354	0.2870369	0.334589086	0.239484714
1355	0.2864578	0.333589884	0.239325716
1356	0.28586565	0.331814518	0.239916782
1357	0.2844691	0.328846068	0.240092132
1358	0.2840758	0.327635326	0.240516274
1359	0.2828236	0.324547901	0.241099299
1360	0.27920685	0.317403738	0.241009962
1361	0.27456975	0.317448976	0.231690524
1362	0.2697379	0.312502421	0.226973379
1363	0.26153295	0.325708007	0.197357893
1364	0.2726957	0.335696184	0.209695216
1365	0.29939925	0.387258436	0.211540064
1366	0.30322145	0.386513032	0.219929868
1367	0.2923761	0.397471322	0.187280878
1368	0.28350595	0.378271039	0.188740861
1369	0.27778075	0.389238581	0.166322919
1370	0.25220185	0.335454277	0.168949423
1371	0.23763325	0.320770765	0.154495735
1372	0.248968	0.316451926	0.181484074
1373	0.2474797	0.31694559	0.17801381
1374	0.2407028	0.306792084	0.174613516
1375	0.2349688	0.328252464	0.141685136
1376	0.2404042	0.328923069	0.151885331
1377	0.2548856	0.347286018	0.162485182
1378	0.26670225	0.361539699	0.171864801
1379	0.2709888	0.373021739	0.168955861
1380	0.2618736	0.349132799	0.174614401
1381	0.2487789	0.32777121	0.16978659
1382	0.2509449	0.333021024	0.168868776
1383	0.261601	0.350182722	0.173019278
1384	0.26698465	0.355963197	0.178006103
1385	0.287954	0.378902155	0.197005845
1386	0.30080325	0.39022229	0.21138421
1387	0.2870381	0.356203463	0.217872737
1388	0.2775638	0.346518301	0.208609299
1389	0.2611488	0.327115502	0.195182098
1390	0.2573986	0.321536876	0.193260324
1391	0.2765709	0.341131755	0.212010045
1392	0.2822844	0.34703379	0.21753501
1393	0.2691709	0.332737883	0.205603917
1394	0.261538	0.325434625	0.197641375
1395	0.2673048	0.319989135	0.214620465
1396	0.2743389	0.323986862	0.224690938
1397	0.2814641	0.327938368	0.234989832
1398	0.28624775	0.333038923	0.239456577
1399	0.2860099	0.336628841	0.235390959
1400	0.28569085	0.341045275	0.230336425
1401	0.28496425	0.337844575	0.232083925
1402	0.28424845	0.335996857	0.232500043
1403	0.28103155	0.330059047	0.232004053
1404	0.2787058	0.326982969	0.230428631
1405	0.2852305	0.33447968	0.23598132
1406	0.29086575	0.341174926	0.240556574
1407	0.28621065	0.334935426	0.237485874
1408	0.28164295	0.329779902	0.233505998
1409	0.2809209	0.327745933	0.234095867
1410	0.2808771	0.326576186	0.235178014
1411	0.2799032	0.325652067	0.234154333
1412	0.27915215	0.3252727	0.2330316
1413	0.2794339	0.325907101	0.232960699
1414	0.27980495	0.326954447	0.232655453
1415	0.2794648	0.327121254	0.231808346
1416	0.2786955	0.32649264	0.23089836
1417	0.27784365	0.325587585	0.230099715
1418	0.27728095	0.325032142	0.229529758
1419	0.2770747	0.324399041	0.229750359
1420	0.27706115	0.323865696	0.230256604
1421	0.2770181	0.3237795	0.2302567
1422	0.27672915	0.323609229	0.229849071
1423	0.27637885	0.323182275	0.229575425
1424	0.2760104	0.322632434	0.229388366
1425	0.27574805	0.322325216	0.229170884
1426	0.2754914	0.32222846	0.22875434
1427	0.2754073	0.322295052	0.228519548
1428	0.27550045	0.322283218	0.228717682
1429	0.27542515	0.322106822	0.228743478
1430	0.27532355	0.322105579	0.228541521
1431	0.27521485	0.322039627	0.228390073
1432	0.2748327	0.321419253	0.228246147
1433	0.2745394	0.320893947	0.228184853
1434	0.2744995	0.320837535	0.228161465
1435	0.2744491	0.320870233	0.228027967
1436	0.2741234	0.320639731	0.227607069
1437	0.27380205	0.320345879	0.227258221
1438	0.27368705	0.320164984	0.227209116
1439	0.27369105	0.320077856	0.227304244
1440	0.27369165	0.319887891	0.227495409
1441	0.27365625	0.319728132	0.227584368
1442	0.2739309	0.320126547	0.227735253
1443	0.2741711	0.320513855	0.227828345
1444	0.27414365	0.320659954	0.227627346
1445	0.2741267	0.320743226	0.227510174
1446	0.2744058	0.321011813	0.227799787
1447	0.27465495	0.321303876	0.228006024
1448	0.2746587	0.32138278	0.22793462
1449	0.27467065	0.321421827	0.227919473
1450	0.2749913	0.321725697	0.228256903
1451	0.27528255	0.322019148	0.228545952
1452	0.27536645	0.322067319	0.228665581
1453	0.27543615	0.322090607	0.228781693
1454	0.27548725	0.32206381	0.22891069
1455	0.2755216	0.322025412	0.229017788
1456	0.27570375	0.322325797	0.229081703
1457	0.27590115	0.322662454	0.229139846
1458	0.27600605	0.322776094	0.229236006
1459	0.2761107	0.322865876	0.229355524
1460	0.27626715	0.323000441	0.229533859
1461	0.27644475	0.323139577	0.229749923
1462	0.27666825	0.323378087	0.229958413
1463	0.2768561	0.323609875	0.230102325
1464	0.27699155	0.323808331	0.230174769
1465	0.27716295	0.324066215	0.230259685
1466	0.2773421	0.324289655	0.230394545
1467	0.2775156	0.324447635	0.230583565
1468	0.2776462	0.324566532	0.230725868
1469	0.2778143	0.324761796	0.230866804
1470	0.2780642	0.325013603	0.231114797
1471	0.27836435	0.325301501	0.231427199
1472	0.27861855	0.325578911	0.231658189
1473	0.27888555	0.325910227	0.231860873
1474	0.2790873	0.32610271	0.23207189
1475	0.27927465	0.326231833	0.232317467
1476	0.27954765	0.32653871	0.23255659
1477	0.27988435	0.327005434	0.232763266
1478	0.28017525	0.327377388	0.232973112
1479	0.28040245	0.327607874	0.233197026
1480	0.28062285	0.327818493	0.233427207
1481	0.2807681	0.327946084	0.233590116
1482	0.28097845	0.328182243	0.233774657
1483	0.2813129	0.328593524	0.234032276
1484	0.2816281	0.328972243	0.234283957
1485	0.2818817	0.329262423	0.234500977
1486	0.28214545	0.329542496	0.234748404
1487	0.2825032	0.329894274	0.235112126
1488	0.2828393	0.330249341	0.235429259
1489	0.28319545	0.330706015	0.235684885
1490	0.28349	0.331081783	0.235898217
1491	0.2838209	0.331482243	0.236159557
1492	0.28408725	0.331796359	0.236378141
1493	0.28442615	0.332151508	0.236700792
1494	0.28474745	0.332489956	0.237004944
1495	0.2850962	0.332818432	0.237373968
1496	0.2854498	0.333157973	0.237741627
1497	0.28585805	0.333637583	0.238078517
1498	0.28624175	0.334087858	0.238395642
1499	0.2866486	0.334524699	0.238772501
1500	0.28706945	0.334989539	0.239149361
1501	0.2874488	0.335430423	0.239467177
1502	0.28783135	0.335865321	0.239797379
1503	0.2883027	0.336387188	0.240218212
1504	0.2887378	0.336873299	0.240602301
1505	0.2891844	0.337386615	0.240982185
1506	0.28964965	0.337917115	0.241382185
1507	0.29008415	0.338388805	0.241779495
1508	0.2905069	0.33885145	0.24216235
1509	0.29096775	0.339377557	0.242557943
1510	0.2913946	0.339860797	0.242928403
1511	0.29181315	0.340320157	0.243306143
1512	0.2921885	0.340732699	0.243644301
1513	0.29261215	0.341218918	0.244005382
1514	0.29306065	0.341733802	0.244387498
1515	0.2934164	0.342115524	0.244717276
1516	0.29378955	0.342516537	0.245062563
1517	0.2941159	0.342875479	0.245356321
1518	0.29444125	0.34323242	0.24565008
1519	0.2947653	0.343591467	0.245939133
1520	0.29511205	0.343979885	0.246244215
1521	0.295534	0.34443877	0.24662923
1522	0.29595925	0.344900215	0.247018285
1523	0.29631115	0.345285663	0.247336637
1524	0.2966562	0.345661402	0.247650998
1525	0.2970016	0.346045023	0.247958177
1526	0.2973059	0.346387122	0.248224678
1527	0.29763835	0.346776963	0.248499737
1528	0.2979821	0.347178887	0.248785313
1529	0.29834505	0.347580269	0.249109831
1530	0.29866265	0.347926144	0.249399156
1531	0.29899415	0.348287734	0.249700566
1532	0.29932535	0.348647797	0.250002903
1533	0.29962185	0.348992448	0.250251252
1534	0.29995145	0.349379132	0.250523768
1535	0.30026485	0.349730591	0.250799109
1536	0.30053425	0.350029208	0.251039292
1537	0.3008342	0.350351257	0.251317143
1538	0.30113335	0.350669571	0.251597129
1539	0.3014093	0.350971268	0.251847332
1540	0.3017192	0.351313297	0.252125103
1541	0.30202395	0.351647179	0.252400721
1542	0.30231295	0.351965275	0.252660625
1543	0.3026035	0.352280382	0.252926618
1544	0.3028652	0.352553576	0.253176824
1545	0.3031202	0.352833559	0.253406841
1546	0.3033702	0.353118647	0.253621753
1547	0.3036456	0.353415077	0.253876123
1548	0.303932	0.353714231	0.254149769
1549	0.304137	0.353927729	0.254346271
1550	0.30431845	0.354118134	0.254518766
1551	0.3045395	0.354342562	0.254736438
1552	0.3047846	0.354592344	0.254976856
1553	0.30507235	0.354901748	0.255242952
1554	0.30537675	0.355232246	0.255521254
1555	0.30565115	0.355530546	0.255771754
1556	0.3059152	0.355819441	0.256010959
1557	0.3061892	0.35613241	0.25624599
1558	0.30647805	0.356471845	0.256484255
1559	0.3067444	0.356753742	0.256735058
1560	0.30703525	0.357047291	0.257023209
1561	0.3073668	0.357439878	0.257293722
1562	0.3076953	0.357854708	0.257535892
1563	0.30796015	0.358170806	0.257749494
1564	0.3081411	0.358377151	0.257905049
1565	0.30842295	0.358713277	0.258132623
1566	0.30871675	0.359070137	0.258363363
1567	0.3090204	0.359427067	0.258613733
1568	0.30928035	0.359726567	0.258834133
1569	0.30957405	0.36004504	0.25910306
1570	0.3098361	0.360315886	0.259356314
1571	0.31010355	0.360599486	0.259607614
1572	0.31041195	0.360931489	0.259892411
1573	0.31072955	0.361274281	0.260184819
1574	0.31106075	0.3616313	0.2604902
1575	0.31136115	0.361974012	0.260748288
1576	0.31163305	0.362299913	0.260966187
1577	0.3118805	0.362595117	0.261165883
1578	0.31207925	0.362835844	0.261322656
1579	0.31235115	0.363141364	0.261560936
1580	0.31259665	0.363399414	0.261793886
1581	0.3128935	0.36373323	0.26205377
1582	0.31317655	0.364061061	0.262292039
1583	0.31346225	0.364378745	0.262545755
1584	0.3137433	0.364685727	0.262800873
1585	0.3140212	0.365004215	0.263038185
1586	0.3142461	0.365270092	0.263222108
1587	0.31452805	0.365595683	0.263460417
1588	0.31485035	0.365964547	0.263736153
1589	0.31518045	0.36635334	0.26400756
1590	0.31551405	0.366753373	0.264274727
1591	0.3158724	0.367169134	0.264575666
1592	0.3162198	0.36756082	0.26487878
1593	0.31661965	0.368007151	0.265232149
1594	0.3169955	0.368422573	0.265568427
1595	0.3173789	0.368878089	0.265879711
1596	0.3177472	0.369338129	0.266156271
1597	0.31821385	0.369895705	0.266531995
1598	0.31869895	0.370462698	0.266935202
1599	0.31910835	0.370939597	0.267277103
1600	0.3194353	0.371318544	0.267552056
1601	0.31983735	0.371788107	0.267886593
1602	0.32023745	0.372258916	0.268215984
1603	0.32066025	0.372746731	0.268573769
1604	0.32107475	0.373217922	0.268931578
1605	0.32149155	0.373683602	0.269299498
1606	0.32187765	0.374111242	0.269644058
1607	0.32228945	0.374605684	0.269973216
1608	0.3226642	0.375076915	0.270251485
1609	0.3230283	0.375531884	0.270524716
1610	0.3233353	0.375917961	0.270752639
1611	0.3236838	0.376310119	0.271057481
1612	0.3240022	0.376645383	0.271359017
1613	0.32439925	0.377105078	0.271693422
1614	0.32478345	0.377566606	0.272000294
1615	0.3251294	0.377966274	0.272292526
1616	0.3254391	0.378315771	0.272562429
1617	0.325727	0.378645125	0.272808875
1618	0.3260542	0.379021449	0.273086951
1619	0.3263724	0.379409338	0.273335462
1620	0.32668535	0.379801913	0.273568787
1621	0.32694195	0.380115022	0.273768878
1622	0.32722225	0.380449657	0.273994843
1623	0.32750635	0.380763714	0.274248986
1624	0.32779205	0.381069539	0.274514561
1625	0.3279911	0.381307465	0.274674735
1626	0.3282032	0.381573761	0.274832639
1627	0.32847205	0.381875701	0.275068399
1628	0.32880865	0.382245321	0.275371979
1629	0.3290741	0.382573292	0.275574908
1630	0.32936175	0.382941553	0.275781947
1631	0.32963025	0.383270607	0.275989893
1632	0.32986015	0.383549719	0.276170581
1633	0.33010245	0.383817753	0.276387147
1634	0.33034065	0.384073598	0.276607702
1635	0.3305619	0.384363336	0.276760464
1636	0.3307454	0.384624288	0.276866512
1637	0.3309378	0.38484931	0.27702629
1638	0.33109265	0.385019316	0.277165984
1639	0.3313588	0.385354697	0.277362903
1640	0.3316108	0.385681492	0.277540108
1641	0.33174715	0.385873747	0.277620553
1642	0.33186125	0.386040222	0.277682278
1643	0.33202145	0.386200816	0.277842084
1644	0.33214915	0.386314342	0.277983958
1645	0.33237895	0.386596378	0.278161522
1646	0.33258555	0.386857633	0.278313467
1647	0.3327102	0.386996054	0.278424346
1648	0.33282625	0.387121926	0.278530574
1649	0.332954	0.387257098	0.278650902
1650	0.33304365	0.387348228	0.278739072
1651	0.3331361	0.387488057	0.278784143
1652	0.33322925	0.387632895	0.278825605
1653	0.3333554	0.387772634	0.278938166
1654	0.33351685	0.387949612	0.279084088
1655	0.3336736	0.388108666	0.279238534
1656	0.3337928	0.388226408	0.279359192
1657	0.3338426	0.38830978	0.27937542
1658	0.3338961	0.38839452	0.27939768
1659	0.3339248	0.388383984	0.279465616
1660	0.3339175	0.388335939	0.279499061
1661	0.33397635	0.388424029	0.279528671
1662	0.33407775	0.388558214	0.279597286
1663	0.3341596	0.388626596	0.279692604
1664	0.33425585	0.3887159	0.2797958
1665	0.3342092	0.388673508	0.279744892
1666	0.3342143	0.388685496	0.279743104
1667	0.3342979	0.388753079	0.279842721
1668	0.33439305	0.388837103	0.279948997
1669	0.33456835	0.389028295	0.280108405
1670	0.3347334	0.389206486	0.280260314
1671	0.334858	0.389326077	0.280389923
1672	0.3349673	0.389439307	0.280495293
1673	0.3350233	0.389530881	0.280515719
1674	0.3350548	0.389597906	0.280511694
1675	0.3351266	0.389734374	0.280518826
1676	0.33521025	0.389871147	0.280549353
1677	0.33529935	0.389965633	0.280633067
1678	0.335364	0.390050629	0.280677371
1679	0.3353986	0.390156727	0.280640473
1680	0.33537485	0.39019755	0.28055215
1681	0.33529885	0.390177543	0.280420157
1682	0.33521465	0.390145683	0.280283617
1683	0.3351482	0.390124972	0.280171428
1684	0.33502605	0.390045628	0.280006472
1685	0.33485955	0.389929977	0.279789123
1686	0.33469505	0.389810279	0.279579821
1687	0.33455385	0.389712776	0.279394924
1688	0.33441695	0.389627876	0.279206024
1689	0.3343013	0.389566279	0.279036321
1690	0.33413235	0.38945195	0.27881275
1691	0.33398625	0.389384329	0.278588171
1692	0.33392495	0.389369362	0.278480538
1693	0.33397135	0.389434998	0.278507702
1694	0.33397535	0.38947114	0.27847956
1695	0.33398025	0.389518875	0.278441625
1696	0.3340566	0.389635064	0.278478136
1697	0.33415725	0.389772526	0.278541974
1698	0.3342455	0.389891622	0.278599378
1699	0.3343608	0.390040005	0.278681595
1700	0.33442425	0.390134049	0.278714451
1701	0.3345194	0.390268317	0.278770483
1702	0.33465925	0.390467501	0.278850999
1703	0.3348525	0.390732424	0.278972576
1704	0.33507965	0.390979562	0.279179738
1705	0.3352853	0.391186045	0.279384555
1706	0.33542395	0.39138645	0.27946145
1707	0.33550185	0.391530627	0.279473073
1708	0.3357118	0.391752726	0.279670874
1709	0.3358721	0.391904509	0.279839691
1710	0.3360455	0.392117278	0.279973722
1711	0.33621735	0.392336407	0.280098293
1712	0.3364252	0.392605032	0.280245368
1713	0.3366445	0.392883041	0.280405959
1714	0.33662975	0.392868303	0.280391197
1715	0.33655385	0.39278511	0.28032259
1716	0.33668525	0.392955848	0.280414652
1717	0.3367987	0.393101801	0.280495599
1718	0.33681525	0.393097148	0.280533352
1719	0.3368562	0.3931294	0.280583
1720	0.33684755	0.393166337	0.280528763
1721	0.3367822	0.393133238	0.280431162
1722	0.3367094	0.392998284	0.280420516
1723	0.33667195	0.392912159	0.280431741
1724	0.3367633	0.393058447	0.280468153
1725	0.33687915	0.393223654	0.280534646
1726	0.33694625	0.393292087	0.280600413
1727	0.3369911	0.393340309	0.280641891
1728	0.33693135	0.393292577	0.280570123
1729	0.33689085	0.393262168	0.280519532
1730	0.33694905	0.393313004	0.280585096
1731	0.3370522	0.393417918	0.280686482
1732	0.3371954	0.393568882	0.280821918
1733	0.33733195	0.393722472	0.280941428
1734	0.33742535	0.39385364	0.28099706
1735	0.33755925	0.394038316	0.281080184
1736	0.33763835	0.394165577	0.281111123
1737	0.33776775	0.3943363	0.2811992
1738	0.33795765	0.394566354	0.281348946
1739	0.33816515	0.394763587	0.281566713
1740	0.33835055	0.394881672	0.281819428
1741	0.338453	0.394993825	0.281912175
1742	0.33853735	0.39514179	0.28193291
1743	0.33864945	0.395226404	0.282072496
1744	0.33875915	0.395264459	0.282253841
1745	0.338849	0.395373069	0.282324931
1746	0.3389732	0.39555852	0.28238788
1747	0.3391678	0.395812412	0.282523188
1748	0.33939225	0.396107342	0.282677158
1749	0.33948915	0.396209666	0.282768634
1750	0.33955635	0.396244499	0.282868201
1751	0.3396325	0.396404484	0.282860516
1752	0.3396958	0.396593214	0.282798386
1753	0.339681	0.396557451	0.282804549
1754	0.3397202	0.396560104	0.282880296
1755	0.33982295	0.396701251	0.282944649
1756	0.33996285	0.396888715	0.283036985
1757	0.34001235	0.396954521	0.283070179
1758	0.3400835	0.39704459	0.28312241
1759	0.3400844	0.397013611	0.283155189
1760	0.34009275	0.396998762	0.283186738
1761	0.340086	0.397027152	0.283144848
1762	0.3401055	0.397082574	0.283128426
1763	0.3402285	0.39725853	0.28319847
1764	0.34030495	0.397385801	0.283224099
1765	0.34024145	0.39730609	0.28317681
1766	0.34024495	0.39728568	0.28320422
1767	0.34030175	0.397311206	0.283292294
1768	0.3403509	0.397364016	0.283337784
1769	0.34039835	0.397473563	0.283323137
1770	0.34051775	0.397619946	0.283415554
1771	0.340749	0.397864559	0.283633441
1772	0.34090065	0.398064295	0.283737005
1773	0.34097635	0.398199518	0.283753182
1774	0.34115115	0.398407772	0.283894528
1775	0.3413095	0.398546542	0.284072458
1776	0.3414283	0.39867179	0.28418481
1777	0.34158975	0.39888512	0.28429438
1778	0.34156075	0.398818034	0.284303466
1779	0.3414266	0.398598189	0.284255011
1780	0.34158925	0.39880159	0.28437691
1781	0.34182575	0.399120303	0.284531197
1782	0.3419208	0.399181607	0.284659993
1783	0.34195875	0.399142504	0.284774996
1784	0.3421019	0.399320689	0.284883111
1785	0.34224515	0.399515703	0.284974597
1786	0.34267915	0.400023275	0.285335025
1787	0.3431182	0.400557908	0.285678492
1788	0.34311815	0.400543134	0.285693166
1789	0.3430973	0.400455756	0.285738844
1790	0.34353825	0.400792748	0.286283752
1791	0.34402205	0.401208707	0.286835393
1792	0.34449	0.401846172	0.287133828
1793	0.3448464	0.402332963	0.287359837
1794	0.3447084	0.402143571	0.287273229
1795	0.3447108	0.402166614	0.287254986
1796	0.34507995	0.402613842	0.287546058
1797	0.3453294	0.402861046	0.287797754
1798	0.3452616	0.402752367	0.287770833
1799	0.34540655	0.402960668	0.287852432
1800	0.34563785	0.403338325	0.287937375
1801	0.3320552	0.397799241	0.266311159
1802	0.33174035	0.398692895	0.264787805
1803	0.33157645	0.398746071	0.264406829
1804	0.33246925	0.399587644	0.265350856
1805	0.33349465	0.397599964	0.269389336
1806	0.33410705	0.39519077	0.27302333
1807	0.3363535	0.397753653	0.274953347
1808	0.3341225	0.398978793	0.269266207
1809	0.32225665	0.388079294	0.256434006
1810	0.31598565	0.384016086	0.247955214
1811	0.3132596	0.388568371	0.237950829
1812	0.3139019	0.395620041	0.232183759
1813	0.31406565	0.403569103	0.224562197
1814	0.3143778	0.409214747	0.219540853
1815	0.319185	0.419505289	0.218864711
1816	0.33504345	0.441490246	0.228596654
1817	0.3457685	0.468861704	0.222675296
1818	0.35454065	0.484375452	0.224705848
1819	0.3608654	0.503756147	0.217974653
1820	0.3767876	0.542348582	0.211226618
1821	0.38022815	0.563978855	0.196477445
1822	0.3606703	0.550785627	0.170554973
1823	0.3363783	0.519346063	0.153410537
1824	0.3300951	0.518480529	0.141709671
1825	0.3332523	0.54638785	0.12011675
1826	0.357769	0.616260887	0.099277113
1827	0.38847035	0.656208666	0.120732034
1828	0.4571893	0.805009297	0.109369303
1829	0.43907495	0.785606904	0.092542996
1830	0.31529835	0.554189126	0.076407574
1831	0.2561184	0.45851736	0.05371944
1832	0.2991824	0.538906324	0.059458476
1833	0.35453555	0.749597506	-0.040526406
1834	0.23354975	0.460754689	0.006344811
1835	0.2674776	0.525979064	0.008976136
1836	0.7822745	1.505628409	0.058920591
1837	5.6966809	11.40913621	-0.015774413
1838	11.42582955	23.44356518	-0.591906076
1839	4.75953025	9.953608771	-0.434548271
1840	2.1607331	4.37946519	-0.05799899
1841	1.0525041	2.131884492	-0.026876292
1842	0.7239205	1.594955596	-0.147114596
1843	1.09183745	2.596011577	-0.412336677
1844	8.9801437	21.01410195	-3.053814552
1845	0	0	0
1846	0	0	0
1847	0	0	0
1848	25.37413065	51.64946455	-0.901203251
1849	2.772984	5.518646787	0.027321213
1850	0.9009854	1.829766795	-0.027795995
1851	0.47375345	1.008327978	-0.060821078
1852	0.34189355	0.710900015	-0.027112915
1853	0.2680419	0.591260134	-0.055176334
1854	0.29232265	0.707769676	-0.123124376
1855	0.38765335	1.00386553	-0.22855883
1856	0.38654475	0.817756281	-0.044666781
1857	0.32397855	0.608137131	0.039819969
1858	0.29770725	0.511450447	0.083964053
1859	0.32640295	0.589884148	0.062921752
1860	0.46100265	0.92956531	-0.00756001
1861	1.02977415	2.016096843	0.043451457
1862	1.0649452	2.151978554	-0.022088154
1863	0.44795175	0.887903781	0.007999719
1864	0.3758151	0.919705043	-0.168074843
1865	0.39586355	1.068360192	-0.276633092
1866	0.34003365	0.966348589	-0.286281289
1867	0.2981688	0.763240371	-0.166902771
1868	0.33760615	0.755413721	-0.080201421
1869	0.35088715	0.802723618	-0.100949318
1870	0.44044035	0.990666684	-0.109785984
1871	0.4181398	1.051051211	-0.214771611
1872	0.19488055	0.5118118	-0.1220507
1873	0.1583766	0.419337463	-0.102584263
1874	0.33066675	0.716542124	-0.055208624
1875	1.82022245	3.622866517	0.017578383
1876	8.24809175	15.69834773	0.797835773
1877	20.43970005	40.85580748	0.023592615
1878	6.2633121	11.87593073	0.650693468
1879	1.8211131	3.303690651	0.338535549
1880	1.2567316	2.282328049	0.231135151
1881	2.1152883	3.935268139	0.295308461
1882	16.5106893	33.39253657	-0.371157975
1883	0	0	0
1884	9.42213545	19.00237247	-0.158101574
1885	1.2594397	2.405323703	0.113555697
1886	0.6034436	1.219813485	-0.012926285
1887	0.50153935	1.033719622	-0.030640922
1888	0.39245385	0.840427441	-0.055519741
1889	0.31654825	0.698679626	-0.065583126
1890	0.4452425	0.952205151	-0.061720151
1891	0.6494336	1.396524736	-0.097657536
1892	0.65497515	1.321754766	-0.011804466
1893	0.67482405	1.377056084	-0.027407984
1894	1.16793705	2.121321943	0.214552157
1895	5.34383	9.56238255	1.12527745
1896	63.03362625	116.0091502	10.05810234
1897	147.2383248	288.4078312	6.068818361
1898	20.5250476	41.9314375	-0.881342297
1899	4.261616	9.041873503	-0.518641503
1900	1.9172058	4.274512579	-0.440100979
1901	1.7614703	3.929447682	-0.406507082
1902	1.85890865	4.520552247	-0.802734947
1903	1.3989486	2.980444842	-0.182547642
1904	1.0564197	2.171093335	-0.058253935
1905	0.6289712	1.168493415	0.089448985
1906	0.4175788	0.841978753	-0.006821153
1907	0.38598995	0.832023828	-0.060043928
1908	0.5404708	1.179589185	-0.098647585
1909	0.8490265	1.804732122	-0.106679122
1910	0.8071551	1.682627174	-0.068316974
1911	0.6995824	1.463510107	-0.064345307
1912	0.57117325	1.043248313	0.099098187
1913	0.50224145	0.896969525	0.107513375
1914	0.3493108	0.61029584	0.08832576
1915	0.25947425	0.474932318	0.044016182
1916	0.2400595	0.416182934	0.063936066
1917	0.223854	0.375585942	0.072122058
1918	0.2539977	0.436401517	0.071593883
1919	0.36015915	0.597392092	0.122926208
1920	0.42448675	0.687926174	0.161047326
1921	0.36901845	0.570154759	0.167882141
1922	0.3342167	0.514597236	0.153836164
1923	0.2883097	0.436647381	0.139972019
1924	0.2571189	0.409670404	0.104567396
1925	0.26039305	0.410897523	0.109888577
1926	0.2734403	0.438066409	0.108814191
1927	0.2913039	0.451103189	0.131504611
1928	0.31190055	0.45631995	0.16748115
1929	0.32342375	0.449988034	0.196859466
1930	0.3211147	0.404431334	0.237798066
1931	0.3203123	0.386782094	0.253842506
1932	0.31288015	0.379870565	0.245889735
1933	0.30751535	0.380352198	0.234678502
1934	0.313606	0.38136244	0.24584956
1935	0.32043565	0.388544786	0.252326514
1936	0.32036995	0.388024958	0.252714942
1937	0.3178246	0.385088614	0.250560586
1938	0.3183355	0.384169127	0.252501873
1939	0.3208379	0.384267442	0.257408358
1940	0.32367025	0.385980119	0.261360381
1941	0.32648505	0.389017753	0.263952347
1942	0.32806505	0.39225543	0.26387467
1943	0.32324405	0.385449769	0.261038331
1944	0.31926555	0.380656305	0.257874795
1945	0.319952	0.382463159	0.257440841
1946	0.32124685	0.38575959	0.25673411
1947	0.32186005	0.387618252	0.256101848
1948	0.3219847	0.388969152	0.255000248
1949	0.3236332	0.391330003	0.255936397
1950	0.3282491	0.39540671	0.26109149
1951	0.33110915	0.397422433	0.264795867
1952	0.32610685	0.388758984	0.263454716
1953	0.3214459	0.381347352	0.261544448
1954	0.3188783	0.379685372	0.258071228
1955	0.31661815	0.378593745	0.254642555
1956	0.3172574	0.380176933	0.254337867
1957	0.31857095	0.382392329	0.254749571
1958	0.3201469	0.383377112	0.256916688
1959	0.3217779	0.38372915	0.25982665
1960	0.3238711	0.385027832	0.262714368
1961	0.326866	0.387535855	0.266196145
1962	0.3290439	0.38966093	0.26842687
1963	0.3292559	0.391291106	0.267220694
1964	0.32945965	0.392766979	0.266152321
1965	0.33053125	0.39316101	0.26790149
1966	0.33146925	0.393503955	0.269434545
1967	0.33137755	0.393193922	0.269561178
1968	0.33095905	0.392688704	0.269229396
1969	0.33070035	0.392346054	0.269054646
1970	0.3305437	0.392145307	0.268942093
1971	0.3307704	0.392444886	0.269095914
1972	0.3316993	0.393565738	0.269832862
1973	0.3325386	0.394605722	0.270471478
1974	0.3336283	0.39618135	0.27107525
1975	0.3345893	0.397591253	0.271587347
1976	0.33451215	0.397167917	0.271856383
1977	0.3343415	0.396621809	0.272061191
1978	0.33451835	0.396566063	0.272470637
1979	0.33484425	0.396700013	0.272988487
1980	0.33553035	0.397482464	0.273578236
1981	0.33649375	0.398748712	0.274238788
1982	0.33715905	0.399718158	0.274599942
1983	0.3373203	0.400269504	0.274371096
1984	0.3374643	0.400744846	0.274183754
1985	0.33782025	0.40115082	0.27448968
1986	0.3381362	0.401524458	0.274747942
1987	0.3381895	0.401382091	0.274996909
1988	0.33824465	0.401244753	0.275244547
1989	0.33843925	0.401308414	0.275570086
1990	0.33876995	0.401519478	0.276020422
1991	0.33913365	0.401932737	0.276334563
1992	0.33952675	0.402562719	0.276490781
1993	0.33974035	0.402885575	0.276595125
1994	0.3398272	0.402758592	0.276895808
1995	0.33996085	0.402657753	0.277263947
1996	0.3397979	0.402372985	0.277222815
1997	0.339598	0.402073811	0.277122189
1998	0.3394591	0.402542609	0.276375591
1999	0.33924605	0.403141025	0.275351075
2000	0.33847645	0.402427528	0.274525372
2001	0.33749245	0.401265695	0.273719205
2002	0.33735595	0.401273111	0.273438789
2003	0.33787455	0.402348379	0.273400721
2004	0.33764075	0.4020978	0.2731837
2005	0.33675455	0.400113301	0.273395799
2006	0.3361947	0.398614518	0.273774882
2007	0.33570495	0.397331083	0.274078817
2008	0.33527395	0.396326003	0.274221897
2009	0.33614585	0.397644851	0.274646849
2010	0.33711755	0.399099205	0.275135895
2011	0.33812245	0.400538128	0.275706772
2012	0.33895215	0.401989809	0.275914491
2013	0.33825815	0.401312721	0.275203579
2014	0.3370737	0.399930339	0.274217061
2015	0.33677675	0.399312331	0.274241169
2016	0.33708685	0.399147433	0.275026267
2017	0.33684685	0.398557544	0.275136156
2018	0.3352128	0.396626492	0.273799108
2019	0.33382605	0.395060887	0.272591213
2020	0.33284325	0.39383815	0.27184835
2021	0.33204845	0.392840343	0.271256557
2022	0.3324001	0.393115612	0.271684588
2023	0.33283355	0.393547855	0.272119245
2024	0.33270155	0.393066803	0.272336297
2025	0.33255785	0.392600943	0.272514757
2026	0.33208855	0.392215092	0.271962008
2027	0.33120145	0.391516576	0.270886324
2028	0.3303983	0.390747462	0.270049138
2029	0.3296827	0.389978245	0.269387155
2030	0.3288544	0.389146769	0.268562031
2031	0.3282876	0.388318345	0.268256855
2032	0.327773	0.387539689	0.268006311
2033	0.32729085	0.386965438	0.267616262
2034	0.32679515	0.386440438	0.267149862
2035	0.32595045	0.385422105	0.266478795
2036	0.325125	0.38439306	0.26585694
2037	0.32451575	0.383513438	0.265518062
2038	0.3238266	0.38258191	0.26507129
2039	0.32320195	0.381886722	0.264517178
2040	0.32274215	0.381413361	0.264070939
2041	0.3222954	0.380816682	0.263774118
2042	0.32197095	0.38034058	0.26360132
2043	0.3214529	0.379759469	0.263146331
2044	0.32020675	0.37838138	0.26203212
2045	0.31891715	0.376945362	0.260888938
2046	0.31823565	0.376317624	0.260153676
2047	0.31763585	0.375820108	0.259451592
2048	0.31700775	0.375062229	0.258953271
2049	0.31627075	0.374223032	0.258318468
2050	0.3151757	0.372933954	0.257417446
2051	0.3140557	0.371630753	0.256480647
2052	0.31291095	0.370404483	0.255417417
2053	0.31200165	0.369469052	0.254534248
2054	0.3112524	0.368686716	0.253818084
2055	0.31082325	0.368036859	0.253609641
2056	0.31043015	0.367456277	0.253404023
2057	0.3098214	0.366611546	0.253031254
2058	0.3091503	0.365713737	0.252586863
2059	0.3085621	0.365262793	0.251861407
2060	0.30801895	0.364990728	0.251047172
2061	0.30682015	0.363560492	0.250079808
2062	0.3057216	0.362111348	0.249331852
2063	0.30545155	0.36151288	0.24939022
2064	0.30544975	0.36112515	0.24977435
2065	0.30495855	0.360275576	0.249641524
2066	0.303718	0.35887464	0.24856136
2067	0.30276255	0.357897254	0.247627846
2068	0.3019701	0.357017851	0.246922349
2069	0.3010692	0.35599025	0.24614815
2070	0.300288	0.35515805	0.24541795
2071	0.29958125	0.354420957	0.244741543
2072	0.298884	0.353605913	0.244162087
2073	0.2981694	0.3527729	0.2435659
2074	0.29769185	0.352288877	0.243094823
2075	0.29737375	0.351963305	0.242784195
2076	0.2972446	0.351872239	0.242616961
2077	0.29718565	0.351925938	0.242445362
2078	0.29715685	0.351938657	0.242375043
2079	0.29701205	0.351655061	0.242369039
2080	0.29673375	0.351245925	0.242221575
2081	0.29627565	0.350531144	0.242020156
2082	0.2959144	0.349951063	0.241877737
2083	0.29579015	0.349852897	0.241727403
2084	0.2957465	0.349890789	0.241602211
2085	0.29571545	0.350002815	0.241428085
2086	0.2956328	0.350070251	0.241195349
2087	0.295883	0.350491976	0.241274024
2088	0.2962229	0.350938976	0.241506824
2089	0.29612375	0.350952618	0.241294882
2090	0.2958457	0.350920662	0.240770738
2091	0.2956034	0.350647682	0.240559118
2092	0.2952581	0.350036273	0.240479927
2093	0.2949937	0.349600875	0.240386525
2094	0.29481195	0.349310019	0.240313881
2095	0.2945837	0.349032798	0.240134602
2096	0.29471565	0.34947051	0.23996079
2097	0.29491935	0.350009551	0.239829149
2098	0.2950009	0.350130973	0.239870827
2099	0.29499345	0.35004776	0.23993914
2100	0.2950232	0.349974655	0.240071745
2101	0.29506035	0.349972318	0.240148382
2102	0.2951427	0.349806485	0.240478915
2103	0.295149	0.349462069	0.240835931
2104	0.29518235	0.349408208	0.240956492
2105	0.29542175	0.349759609	0.241083891
2106	0.29586965	0.350341758	0.241397542
2107	0.296722	0.351349841	0.242094159
2108	0.2974189	0.352128402	0.242709398
2109	0.29790265	0.352578049	0.243227251
2110	0.2981858	0.352843312	0.243528288
2111	0.29803045	0.352628806	0.243432094
2112	0.29796115	0.352530809	0.243391491
2113	0.2980559	0.35280417	0.24330763
2114	0.29813405	0.35308313	0.24318497
2115	0.29859615	0.35361644	0.24357586
2116	0.29924865	0.35441825	0.24407905
2117	0.2996585	0.355009832	0.244307168
2118	0.3001328	0.355484068	0.244781532
2119	0.30067545	0.356033556	0.245317344
2120	0.3008896	0.356322216	0.245456984
2121	0.3012351	0.356751087	0.245719113
2122	0.30178725	0.357553589	0.246020911
2123	0.3021742	0.358218504	0.246129896
2124	0.30275855	0.358926261	0.246590839
2125	0.30333735	0.359621769	0.247052931
2126	0.3038685	0.360224632	0.247512368
2127	0.304443	0.360809396	0.248076604
2128	0.30503785	0.36114758	0.24892812
2129	0.30550295	0.361330008	0.249675892
2130	0.3057483	0.361643583	0.249853017
2131	0.30585025	0.361925851	0.249774649
2132	0.3058376	0.361934235	0.249740965
2133	0.30621575	0.362365828	0.250065672
2134	0.30663645	0.363014059	0.250258841
2135	0.30694525	0.363618443	0.250272057
2136	0.30746185	0.364324987	0.250598713
2137	0.30804505	0.364888952	0.251201148
2138	0.30834295	0.365170951	0.251514949
2139	0.30835435	0.365320771	0.251387929
2140	0.3084017	0.365396949	0.251406451
2141	0.3085407	0.365424753	0.251656647
2142	0.308711	0.365599831	0.251822169
2143	0.3093869	0.366435935	0.252337865
2144	0.3102229	0.36737492	0.25307088
2145	0.3108881	0.368062626	0.253713574
2146	0.3114404	0.368644017	0.254236783
2147	0.31189665	0.369214924	0.254578376
2148	0.31212605	0.36965982	0.25459228
2149	0.3125693	0.370239795	0.254898805
2150	0.313284	0.371013065	0.255554935
2151	0.3135626	0.371226974	0.255898226
2152	0.31374705	0.371339392	0.256154708
2153	0.3141151	0.371729537	0.256500663
2154	0.31465275	0.372314717	0.256990783
2155	0.31531515	0.372993726	0.257636574
2156	0.31597515	0.373732416	0.258217884
2157	0.3164196	0.374270092	0.258569108
2158	0.31635215	0.37423251	0.25847179
2159	0.31641975	0.374363369	0.258476131
2160	0.31682785	0.37493264	0.25872306
2161	0.31717545	0.375431859	0.258919041
2162	0.31776735	0.376206115	0.259328585
2163	0.31849275	0.377119125	0.259866375
2164	0.31879275	0.377320786	0.260264714
2165	0.3188866	0.377312694	0.260460506
2166	0.31932155	0.377726262	0.260916838
2167	0.3196759	0.378013262	0.261338538
2168	0.31994005	0.378411598	0.261468502
2169	0.32006595	0.378610279	0.261521621
2170	0.32019485	0.378756796	0.261632904
2171	0.32036515	0.379084413	0.261645887
2172	0.3206565	0.379506743	0.261806257
2173	0.32141635	0.380351244	0.262481456
2174	0.32216635	0.381155369	0.263177331
2175	0.3228521	0.381904727	0.263799473
2176	0.32353925	0.382667953	0.264410547
2177	0.3238171	0.382959344	0.264674856
2178	0.32396345	0.383110608	0.264816292
2179	0.32411925	0.383099661	0.265138839
2180	0.3243046	0.383004574	0.265604626
2181	0.32457385	0.383436112	0.265711588
2182	0.32453565	0.383681195	0.265390105
2183	0.32479955	0.384131657	0.265467443
2184	0.32497095	0.384428184	0.265513716
2185	0.32512165	0.384551606	0.265691694
2186	0.32581475	0.385089755	0.266539745
2187	0.3266388	0.385846651	0.267430949
2188	0.32712445	0.386627175	0.267621725
2189	0.3274089	0.387226625	0.267591175
2190	0.327747	0.387689156	0.267804844
2191	0.32807585	0.388032926	0.268118774
2192	0.32826305	0.388020436	0.268505664
2193	0.3283956	0.388047344	0.268743856
2194	0.3282588	0.387991718	0.268525882
2195	0.32816975	0.387958097	0.268381403
2196	0.3284753	0.388387297	0.268563303
2197	0.3288297	0.388942672	0.268716728
2198	0.329291	0.389519463	0.269062537
2199	0.32983495	0.390226468	0.269443432
2200	0.32998965	0.39049808	0.26948122
2201	0.3300683	0.390659392	0.269477208
2202	0.3299831	0.390444213	0.269521987
2203	0.32972165	0.389958495	0.269484805
2204	0.32985515	0.390034961	0.269675339
2205	0.33024925	0.390592681	0.269905819
2206	0.33064345	0.391211554	0.270075346
2207	0.3311427	0.391848501	0.270436899
2208	0.3315164	0.392383844	0.270648956
2209	0.3316301	0.392744793	0.270515407
2210	0.3318542	0.393131417	0.270576983
2211	0.33229525	0.393435938	0.271154562
2212	0.33265225	0.39366638	0.27163812
2213	0.33288845	0.393918546	0.271858354
2214	0.3330844	0.394091218	0.272077582
2215	0.33329915	0.394118556	0.272479744
2216	0.33353065	0.394183721	0.272877579
2217	0.3333641	0.393971431	0.272756769
2218	0.3331374	0.393736391	0.272538409
2219	0.33306305	0.393854752	0.272271348
2220	0.3329331	0.393876178	0.271990022
2221	0.333001	0.393913915	0.272088085
2222	0.3333207	0.394212882	0.272428518
2223	0.33343295	0.394296248	0.272569652
2224	0.3331969	0.39405925	0.27233455
2225	0.332918	0.393805097	0.272030903
2226	0.33261745	0.393661789	0.271573111
2227	0.3322901	0.393520505	0.271059695
2228	0.3320361	0.39325385	0.27081835
2229	0.33161455	0.392683223	0.270545877
2230	0.3309647	0.391728484	0.270200916
2231	0.3304371	0.390984726	0.269889474
2232	0.3301818	0.390788293	0.269575307
2233	0.32999425	0.390725036	0.269263464
2234	0.32974595	0.390447834	0.269044066
2235	0.329524	0.390099659	0.268948341
2236	0.32921325	0.389618175	0.268808325
2237	0.3287078	0.388975293	0.268440307
2238	0.32805995	0.388306166	0.267813734
2239	0.3274159	0.387680971	0.267150829
2240	0.3264528	0.386484446	0.266421154
2241	0.3254589	0.38519982	0.26571798
2242	0.3246051	0.384134866	0.265075334
2243	0.32382175	0.383033707	0.264609793
2244	0.32299315	0.381885292	0.264101008
2245	0.32205435	0.380846323	0.263262377
2246	0.321354	0.38008554	0.26262246
2247	0.32068375	0.379409072	0.261958428
2248	0.31987835	0.378606071	0.261150629
2249	0.3193317	0.377731176	0.260932224
2250	0.31850485	0.376572716	0.260436984
2251	0.3170225	0.375062234	0.258982766
2252	0.3157295	0.3737094	0.2577496
2253	0.3149684	0.372713794	0.257223006
2254	0.3142932	0.371869125	0.256717275
2255	0.3134766	0.370921071	0.256032129
2256	0.3125883	0.369850411	0.255326189
2257	0.3116462	0.36888912	0.25440328
2258	0.31073995	0.368088681	0.253391219
2259	0.3103166	0.367833053	0.252800147
2260	0.31005415	0.367596782	0.252511518
2261	0.3091077	0.366534781	0.251680619
2262	0.3078352	0.365224614	0.250445786
2263	0.3066111	0.363680785	0.249541415
2264	0.30558445	0.362427756	0.248741144
2265	0.30464045	0.361522883	0.247758017
2266	0.30397185	0.36078817	0.24715553
2267	0.3032863	0.35993017	0.24664243
2268	0.3023678	0.358734329	0.246001271
2269	0.30178505	0.357914805	0.245655295
2270	0.3014338	0.357588763	0.245278837
2271	0.30104975	0.357256986	0.244842514
2272	0.3006604	0.356893632	0.244427168
2273	0.30013985	0.356443562	0.243836138
2274	0.2997447	0.356160145	0.243329255
2275	0.2996279	0.356160073	0.243095727
2276	0.300073	0.356644279	0.243501721
2277	0.3004723	0.357032278	0.243912322
2278	0.30069595	0.357050375	0.244341525
2279	0.3009706	0.35708476	0.24485644
2280	0.30153425	0.357547424	0.245521076
2281	0.30204175	0.3580164	0.2460671
2282	0.30234435	0.358469366	0.246219334
2283	0.3025442	0.358972989	0.246115411
2284	0.30284475	0.359599522	0.246089978
2285	0.30338025	0.360403456	0.246357044
2286	0.3038421	0.361076038	0.246608162
2287	0.304145	0.361436485	0.246853515
2288	0.3044351	0.361573021	0.247297179
2289	0.30454175	0.361538006	0.247545494
2290	0.30458705	0.361617644	0.247556456
2291	0.3048541	0.362110799	0.247597401
2292	0.3047723	0.362161481	0.247383119
2293	0.30448455	0.361826457	0.247142643
2294	0.3041732	0.361403111	0.246943289
2295	0.3037442	0.361064516	0.246423884
2296	0.30368795	0.361163032	0.246212868
2297	0.30394165	0.361335237	0.246548063
2298	0.30406685	0.361485617	0.246648083
2299	0.3034483	0.36107518	0.24582142
2300	0.3026634	0.360354721	0.244972079
2301	0.30200695	0.359294252	0.244719648
2302	0.3014143	0.358271961	0.244556639
2303	0.30099505	0.357509331	0.244480769
2304	0.3007258	0.356907762	0.244543838
2305	0.30017425	0.355992137	0.244356363
2306	0.29938665	0.354895006	0.243878294
2307	0.298811	0.354240599	0.243381401
2308	0.2984825	0.353919567	0.243045433
2309	0.29877855	0.35451485	0.24304225
2310	0.2991788	0.355136662	0.243220938
2311	0.29859455	0.354351321	0.242837779
2312	0.2976803	0.353165534	0.242195066
2313	0.29720675	0.352854919	0.241558581
2314	0.29673855	0.352897109	0.240579991
2315	0.29653685	0.352843848	0.240229852
2316	0.2966124	0.352657802	0.240566998
2317	0.29680075	0.352725438	0.240876062
2318	0.29665505	0.352674059	0.240636041
2319	0.29614975	0.352006638	0.240292862
2320	0.29581205	0.351270141	0.240353959
2321	0.2954023	0.350561772	0.240242828
2322	0.2947142	0.34957286	0.23985554
2323	0.2942244	0.348837186	0.239611614
2324	0.29378575	0.348500417	0.239071083
2325	0.2930643	0.347879524	0.238249076
2326	0.29243825	0.347186059	0.237690441
2327	0.29210175	0.346744795	0.237458705
2328	0.2920482	0.34650408	0.23759232
2329	0.29200705	0.346415015	0.237599085
2330	0.291964	0.346533884	0.237394116
2331	0.2918226	0.346502907	0.237142293
2332	0.29133265	0.346056362	0.236608938
2333	0.2910336	0.345843776	0.236223424
2334	0.29132405	0.346016494	0.236631606
2335	0.29151115	0.346016183	0.237006117
2336	0.2914868	0.345781213	0.237192387
2337	0.29155145	0.345666429	0.237436471
2338	0.29115365	0.345357538	0.236949762
2339	0.29079895	0.345307656	0.236290244
2340	0.29124255	0.346082554	0.236402546
2341	0.29131235	0.346406415	0.236218285
2342	0.2910684	0.346276478	0.235860322
2343	0.29100015	0.346115514	0.235884786
2344	0.29094385	0.346111414	0.235776286
2345	0.29096415	0.346321034	0.235607266
2346	0.2911966	0.3467306	0.2356626
2347	0.29137465	0.34685371	0.23589559
2348	0.29104525	0.346239584	0.235850916
2349	0.29047755	0.345361288	0.235593812
2350	0.29036835	0.345115406	0.235621294
2351	0.2906739	0.34591322	0.23543458
2352	0.29110505	0.346863741	0.235346359
2353	0.29193345	0.347971298	0.235895602
2354	0.2922027	0.34842716	0.23597824
2355	0.29226365	0.348160746	0.236366554
2356	0.2925917	0.348077129	0.237106271
2357	0.29263135	0.347848952	0.237413748
2358	0.2926666	0.347667731	0.237665469
2359	0.29308445	0.347829533	0.238339367
2360	0.2932984	0.347856667	0.238740133
2361	0.2931576	0.347754248	0.238560952
2362	0.2931851	0.347804975	0.238565225
2363	0.29326925	0.347990284	0.238548216
2364	0.2932726	0.348172869	0.238372331
2365	0.29325075	0.348304881	0.238196619
2366	0.2932119	0.348478487	0.237945313
2367	0.29306785	0.34852025	0.23761545
2368	0.29298705	0.348495827	0.237478273
2369	0.29312805	0.348605299	0.237650801
2370	0.2932874	0.348948906	0.237625894
2371	0.2939894	0.350160931	0.237817869
2372	0.2947658	0.351402297	0.238129303
2373	0.2950424	0.351749664	0.238335136
2374	0.2952157	0.351802765	0.238628635
2375	0.2951421	0.35054063	0.23974357
2376	0.2952521	0.349633138	0.240871062
2377	0.2958916	0.350581584	0.241201616
2378	0.2964661	0.351649983	0.241282217
2379	0.2962919	0.351659321	0.240924479
2380	0.2960972	0.351503861	0.240690539
2381	0.29658575	0.352210854	0.240960646
2382	0.29697885	0.352820587	0.241137113
2383	0.29698335	0.352811227	0.241155473
2384	0.29678975	0.352180547	0.241398953
2385	0.29674805	0.351900814	0.241595286
2386	0.29684935	0.352215496	0.241483204
2387	0.29725235	0.353092968	0.241411732
2388	0.2973924	0.35371665	0.24106815
2389	0.2967536	0.352885856	0.240621344
2390	0.29644285	0.352170705	0.240714995
2391	0.29681475	0.352483975	0.241145525
2392	0.2973339	0.353319901	0.241347899
2393	0.29765515	0.353874582	0.241435718
2394	0.2978377	0.354338942	0.241336458
2395	0.2979475	0.354487402	0.241407598
2396	0.2978996	0.353955557	0.241843643
2397	0.2978895	0.353807223	0.241971777
2398	0.2985804	0.354651856	0.242508944
2399	0.2991946	0.355381404	0.243007796
2400	0.2990484	0.355092952	0.243003848
2401	0.29918205	0.355098764	0.243265336
2402	0.2992231	0.355388767	0.243057433
2403	0.2984299	0.35520543	0.24165437
2404	0.2970182	0.354584801	0.239451599
2405	0.29587795	0.353889173	0.237866727
2406	0.29565635	0.353414798	0.237897902
2407	0.2958219	0.353388246	0.238255554
2408	0.29638295	0.353760343	0.239005557
2409	0.296699	0.354031373	0.239366627
2410	0.29594335	0.352722335	0.239164365
2411	0.29514675	0.351056497	0.239237003
2412	0.2949929	0.349613278	0.240372522
2413	0.29450665	0.348244032	0.240769268
2414	0.2932962	0.347332056	0.239260344
2415	0.29273935	0.347498727	0.237979973
2416	0.29281265	0.348741107	0.236884193
2417	0.29242645	0.349545127	0.235307773
2418	0.29170275	0.348775626	0.234629874
2419	0.29093605	0.347870786	0.234001314
2420	0.2902808	0.346134168	0.234427432
2421	0.28986925	0.344840127	0.234898373
2422	0.28882365	0.343855764	0.233791536
2423	0.2872871	0.342959559	0.231614641
2424	0.28563915	0.341941044	0.229337256
2425	0.28451915	0.340806419	0.228231881
2426	0.28539285	0.341507835	0.229277865
2427	0.2862178	0.342173004	0.230262596
2428	0.2856506	0.340906349	0.230394851
2429	0.28495035	0.339518288	0.230382412
2430	0.28442965	0.33883941	0.23001989
2431	0.2835128	0.33792431	0.22910129
2432	0.28275675	0.336342761	0.229170739
2433	0.28249465	0.335424919	0.229564381
2434	0.28132085	0.334894148	0.227747552
2435	0.2802434	0.334662008	0.225824792
2436	0.279684	0.333518613	0.225849387
2437	0.2794862	0.332452195	0.226520205
2438	0.27970105	0.332026823	0.227375277
2439	0.27941755	0.33147529	0.22735981
2440	0.2793263	0.331660123	0.226992477
2441	0.27992295	0.332120912	0.227724988
2442	0.2788804	0.331515528	0.226245272
2443	0.2759624	0.329559031	0.222365769
2444	0.2752943	0.329654677	0.220933923
2445	0.276827	0.33210708	0.22154692
2446	0.27559585	0.33082116	0.22037054
2447	0.27154125	0.32655444	0.21652806
2448	0.26666915	0.322306766	0.211031534
2449	0.2603406	0.315917092	0.204764108
2450	0.25540725	0.311114824	0.199699676
2451	0.25275145	0.308175971	0.197326929
2452	0.25361835	0.308030755	0.199205945
2453	0.25652375	0.309368379	0.203679121
2454	0.2580642	0.310746589	0.205381811
2455	0.26048195	0.315877188	0.205086712
2456	0.260939	0.317802196	0.204075804
2457	0.2585281	0.313592959	0.203463241
2458	0.25664935	0.309928965	0.203369735
2459	0.25388855	0.305600373	0.202176727
2460	0.2519092	0.303319088	0.200499312
2461	0.25195995	0.302698686	0.201221214
2462	0.25107255	0.301595161	0.200549939
2463	0.25073685	0.302382374	0.199091326
2464	0.2505432	0.303015059	0.198071341
2465	0.2509361	0.30425631	0.19761589
2466	0.25243435	0.306689769	0.198178931
2467	0.2528134	0.304629081	0.200997719
2468	0.25129025	0.301074148	0.201506352
2469	0.24738115	0.298079386	0.196682914
2470	0.2438283	0.296483852	0.191172748
2471	0.2420676	0.295380588	0.188754612
2472	0.2421193	0.296309327	0.187929273
2473	0.2459755	0.29984536	0.19210564
2474	0.2500794	0.304908451	0.195250349
2475	0.2524518	0.307828977	0.197074623
2476	0.25103795	0.307996569	0.194079331
2477	0.24110195	0.299365984	0.182837916
2478	0.2329121	0.29332771	0.17249649
2479	0.23156435	0.29188475	0.17124395
2480	0.22906105	0.291852948	0.166269152
2481	0.2249996	0.294773285	0.155225915
2482	0.2214716	0.29980512	0.14313808
2483	0.2135441	0.289518043	0.137570157
2484	0.2022823	0.280580038	0.123984562
2485	0.19121235	0.269030397	0.113394303
2486	0.1812238	0.256525913	0.105921687
2487	0.1831915	0.250958594	0.115424406
2488	0.1885996	0.27705595	0.10014325
2489	0.1999097	0.329026475	0.070792925
2490	0.21132825	0.385978851	0.036677649
2491	0.21511155	0.377842063	0.052381037
2492	0.22041305	0.371880524	0.068945576
2493	0.2428426	0.3895386	0.0961466
2494	0.27296705	0.430808932	0.115125168
2495	0.2715488	0.421647799	0.121449801
2496	0.2551107	0.402688914	0.107532486
2497	0.2401083	0.351069983	0.129146617
2498	0.2284262	0.327064206	0.129788194
2499	0.2188	0.31706402	0.12053598
2500	0.2146509	0.319946148	0.109355652
