Wavelength	Mean	Std+	Std-
350	0.070448733	0.091943599	0.048953868
351	0.070545533	0.092203077	0.048887989
352	0.070395867	0.092353351	0.048438382
353	0.0711222	0.09337041	0.04887399
354	0.071566467	0.094023978	0.049108955
355	0.071708267	0.094311314	0.049105219
356	0.072391133	0.095310383	0.049471884
357	0.073092533	0.096294292	0.049890774
358	0.073740467	0.097224337	0.050256597
359	0.0741498	0.097990323	0.050309277
360	0.0745974	0.098712486	0.050482314
361	0.075111267	0.099510453	0.050712081
362	0.075713267	0.10045741	0.050969124
363	0.0763092	0.10147341	0.05114499
364	0.077088933	0.102637419	0.051540448
365	0.0780454	0.103929221	0.052161579
366	0.0782874	0.104447671	0.052127129
367	0.078884	0.105261094	0.052506906
368	0.0796328	0.106216964	0.053048636
369	0.080027333	0.106919973	0.053134693
370	0.0807534	0.107966795	0.053540005
371	0.081653933	0.109194989	0.054112878
372	0.0826892	0.110562846	0.054815554
373	0.082982933	0.111213055	0.054752811
374	0.083632933	0.112271239	0.054994627
375	0.084805467	0.11390465	0.055706284
376	0.085468333	0.114874177	0.05606249
377	0.086052533	0.115792726	0.05631234
378	0.086698733	0.116800511	0.056596956
379	0.0879746	0.118478769	0.057470431
380	0.088575267	0.119419278	0.057731255
381	0.089241733	0.120390739	0.058092727
382	0.0906786	0.122117727	0.059239473
383	0.091406333	0.123212342	0.059600325
384	0.092167733	0.124408642	0.059926825
385	0.093087	0.125829857	0.060344143
386	0.093829267	0.127064401	0.060594132
387	0.094609333	0.128282053	0.060936614
388	0.0954888	0.129537167	0.061440433
389	0.096842333	0.131156764	0.062527903
390	0.097885667	0.132564969	0.063206364
391	0.098729	0.133795831	0.063662169
392	0.099449533	0.134889342	0.064009724
393	0.100406	0.13624777	0.06456423
394	0.1014824	0.137744732	0.065220068
395	0.102605133	0.13928531	0.065924957
396	0.103525733	0.140760298	0.066291169
397	0.1045082	0.142168541	0.066847859
398	0.105517	0.143532694	0.067501306
399	0.106448133	0.144913347	0.067982919
400	0.107430933	0.146243891	0.068617975
401	0.108373467	0.147485141	0.069261793
402	0.1092526	0.148667639	0.069837561
403	0.110258933	0.149973322	0.070544545
404	0.1113292	0.151334145	0.071324255
405	0.112454267	0.152737192	0.072171341
406	0.113382867	0.154059849	0.072705884
407	0.114517133	0.155566442	0.073467825
408	0.1157902	0.157196576	0.074383824
409	0.116876267	0.158681824	0.075070709
410	0.118082067	0.160282847	0.075881287
411	0.119282733	0.161856932	0.076708534
412	0.120364	0.163268011	0.077459989
413	0.121605533	0.164839686	0.078371381
414	0.122827133	0.166390823	0.079263443
415	0.123991533	0.167890939	0.080092128
416	0.125289933	0.169519283	0.081060583
417	0.126525267	0.171088559	0.081961975
418	0.127710933	0.172608784	0.082813083
419	0.129009467	0.174215827	0.083803106
420	0.1302884	0.175797951	0.084778849
421	0.131549667	0.177364581	0.085734752
422	0.132814333	0.178959842	0.086668825
423	0.134068	0.180522293	0.087613707
424	0.135286733	0.182031358	0.088542109
425	0.136461133	0.183476181	0.089446085
426	0.1376946	0.184948211	0.090440989
427	0.138894733	0.186418552	0.091370915
428	0.140101667	0.187940311	0.092263022
429	0.141476333	0.189631243	0.093321424
430	0.142835133	0.191262516	0.09440775
431	0.144133333	0.192830532	0.095436135
432	0.145280067	0.194333684	0.096226449
433	0.146555133	0.195892083	0.097218184
434	0.147804333	0.19741549	0.098193177
435	0.148916933	0.198808646	0.099025221
436	0.1500686	0.200149873	0.099987327
437	0.151199067	0.201474425	0.100923708
438	0.152330267	0.202820765	0.101839768
439	0.153472067	0.204206276	0.102737858
440	0.154595	0.205560079	0.103629921
441	0.1556834	0.206868266	0.104498534
442	0.156819933	0.20825691	0.105382957
443	0.1579526	0.209613943	0.106291257
444	0.159109133	0.2109809	0.107237367
445	0.160262067	0.212315723	0.10820841
446	0.1613108	0.213585493	0.109036107
447	0.162337533	0.214827851	0.109847216
448	0.163392667	0.216100012	0.110685321
449	0.164380067	0.217284497	0.111475636
450	0.165440867	0.218540292	0.112341441
451	0.166507667	0.219789657	0.113225676
452	0.1675274	0.220986798	0.114068002
453	0.1685376	0.222191245	0.114883955
454	0.169567	0.223418728	0.115715272
455	0.1705798	0.224602688	0.116556912
456	0.171494667	0.225723437	0.117265896
457	0.1724182	0.226852334	0.117984066
458	0.173404	0.228047792	0.118760208
459	0.174393867	0.229194096	0.119593638
460	0.175326733	0.230285224	0.120368243
461	0.176197	0.231308811	0.121085189
462	0.177110133	0.232394258	0.121826009
463	0.1780144	0.233455451	0.122573349
464	0.178879867	0.234476242	0.123283491
465	0.1796602	0.235422328	0.123898072
466	0.1805674	0.236457063	0.124677737
467	0.1814444	0.237478373	0.125410427
468	0.182224	0.238424376	0.126023624
469	0.1830912	0.239452241	0.126730159
470	0.1838898	0.240411934	0.127367666
471	0.184609933	0.241281341	0.127938526
472	0.185400467	0.242217061	0.128583873
473	0.186128733	0.243086461	0.129171006
474	0.186851067	0.243950939	0.129751194
475	0.187538733	0.244761002	0.130316465
476	0.188279667	0.245618875	0.130940458
477	0.189005667	0.246474713	0.13153662
478	0.189656067	0.24726035	0.132051784
479	0.1903868	0.248093287	0.132680313
480	0.191099	0.248922661	0.133275339
481	0.191762	0.249700558	0.133823442
482	0.192470467	0.250495606	0.134445328
483	0.193124467	0.251223606	0.135025327
484	0.193806	0.251988756	0.135623244
485	0.194518933	0.252796742	0.136241125
486	0.1951466	0.25356344	0.13672976
487	0.195761867	0.254324192	0.137199541
488	0.1964178	0.255131983	0.137703617
489	0.1970922	0.255965038	0.138219362
490	0.197752533	0.256771267	0.1387338
491	0.198364133	0.257500611	0.139227655
492	0.199045467	0.258257356	0.139833577
493	0.1996758	0.258987587	0.140364013
494	0.2003376	0.259770588	0.140904612
495	0.2010834	0.260642304	0.141524496
496	0.201766867	0.261444529	0.142089205
497	0.2024618	0.26225618	0.14266742
498	0.203151333	0.263046598	0.143256068
499	0.203877267	0.263872359	0.143882175
500	0.204591333	0.264702905	0.144479762
501	0.205289533	0.265535408	0.145043659
502	0.205963533	0.26636591	0.145561156
503	0.206645467	0.267199464	0.14609147
504	0.207337067	0.268034712	0.146639422
505	0.208061733	0.26888603	0.147237436
506	0.208781933	0.269729528	0.147834338
507	0.209523667	0.270585428	0.148461905
508	0.210310667	0.271473597	0.149147737
509	0.2110266	0.272312365	0.149740835
510	0.211771467	0.273187226	0.150355707
511	0.212549733	0.274099829	0.150999637
512	0.2132968	0.274962626	0.151630974
513	0.214088467	0.275862521	0.152314412
514	0.2149082	0.276789006	0.153027394
515	0.215721867	0.277716297	0.153727437
516	0.216501267	0.278641163	0.154361371
517	0.217309333	0.279608699	0.155009968
518	0.2181812	0.280647053	0.155715347
519	0.218994867	0.281640747	0.156348986
520	0.219806133	0.282620313	0.156991953
521	0.220591133	0.283550592	0.157631674
522	0.221395	0.284465339	0.158324661
523	0.222242067	0.285419179	0.159064955
524	0.223108733	0.286394849	0.159822618
525	0.223931867	0.287343264	0.160520469
526	0.224836	0.288376034	0.161295966
527	0.225722067	0.289403109	0.162041025
528	0.226533533	0.290378228	0.162688839
529	0.227324933	0.291316284	0.163333582
530	0.228096667	0.292206132	0.163987201
531	0.228900733	0.293111474	0.164689993
532	0.229829867	0.294137821	0.165521912
533	0.230701667	0.295133903	0.16626943
534	0.2315378	0.296111556	0.166964044
535	0.2323746	0.297086416	0.167662784
536	0.2331932	0.298023943	0.168362457
537	0.234022733	0.298958075	0.169087392
538	0.234922	0.299952589	0.169891411
539	0.235736467	0.30088682	0.170586113
540	0.236552533	0.301822389	0.171282678
541	0.237374733	0.302758774	0.171990693
542	0.238136733	0.303665504	0.172607963
543	0.238924667	0.304581552	0.173267781
544	0.2397552	0.305532154	0.173978246
545	0.240584667	0.306460627	0.174708706
546	0.241395267	0.307367015	0.175423519
547	0.242205267	0.308272646	0.176137888
548	0.2430602	0.309233233	0.176887167
549	0.243792	0.310068402	0.177515598
550	0.244526533	0.310900472	0.178152594
551	0.245285	0.311747182	0.178822818
552	0.246011867	0.312560942	0.179462792
553	0.246716333	0.313342295	0.180090372
554	0.247400667	0.3140949	0.180706433
555	0.248056733	0.314809489	0.181303978
556	0.248734333	0.3155373	0.181931367
557	0.249352467	0.316191169	0.182513765
558	0.249971333	0.316867611	0.183075056
559	0.2505448	0.317514484	0.183575116
560	0.251070267	0.31809852	0.184042014
561	0.251599067	0.318676225	0.184521908
562	0.252173	0.319266443	0.185079557
563	0.2527014	0.319803924	0.185598876
564	0.253232667	0.320350509	0.186114825
565	0.253681867	0.320800194	0.186563539
566	0.254193	0.321324993	0.187061007
567	0.2546986	0.321843351	0.187553849
568	0.255110333	0.322248613	0.187972054
569	0.255544133	0.322693965	0.188394302
570	0.255951667	0.323114017	0.188789317
571	0.256290467	0.323456317	0.189124616
572	0.2566106	0.32378196	0.18943924
573	0.2569256	0.324084253	0.189766947
574	0.257214133	0.324338283	0.190089984
575	0.257552	0.324650204	0.190453796
576	0.257850333	0.324922941	0.190777726
577	0.258109467	0.325152992	0.191065942
578	0.258413733	0.325446	0.191381467
579	0.2587202	0.325733567	0.191706833
580	0.2590256	0.326028619	0.192022581
581	0.259328733	0.326337837	0.192319629
582	0.259677667	0.326646184	0.19270915
583	0.259999867	0.326921154	0.193078579
584	0.260294667	0.327162514	0.193426819
585	0.260578667	0.327378467	0.193778866
586	0.260818	0.327534556	0.194101444
587	0.261027733	0.327654468	0.194400999
588	0.26121	0.327757386	0.194662614
589	0.261470267	0.327986922	0.194953612
590	0.261754733	0.328271491	0.195237976
591	0.262039	0.328587202	0.195490798
592	0.262464533	0.32899947	0.195929597
593	0.262866267	0.329381336	0.196351197
594	0.263241	0.329735242	0.196746758
595	0.263671933	0.330184389	0.197159478
596	0.264084267	0.330615002	0.197553531
597	0.264514733	0.33107044	0.197959027
598	0.264924067	0.331496258	0.198351876
599	0.265289267	0.331879759	0.198698774
600	0.265666	0.332293568	0.199038432
601	0.266017	0.332699666	0.199334334
602	0.266378533	0.333106059	0.199651008
603	0.266741733	0.333509791	0.199973675
604	0.267102267	0.333906477	0.200298057
605	0.267386667	0.334212612	0.200560721
606	0.267672	0.3345229	0.2008211
607	0.267949467	0.334819222	0.201079711
608	0.2681784	0.335032051	0.201324749
609	0.268386533	0.335221394	0.201551673
610	0.268610733	0.335432973	0.201788493
611	0.2688822	0.335706837	0.202057563
612	0.2691086	0.33589304	0.20232416
613	0.269321933	0.336062575	0.202581292
614	0.269553467	0.336260276	0.202846658
615	0.269734067	0.336422579	0.203045554
616	0.269944667	0.336615181	0.203274153
617	0.270155	0.336800929	0.203509071
618	0.2704258	0.337054035	0.203797565
619	0.270741467	0.337353958	0.204128975
620	0.2710664	0.337658172	0.204474628
621	0.271402	0.337966014	0.204837986
622	0.271697133	0.338249432	0.205144835
623	0.272048133	0.33858734	0.205508926
624	0.272472133	0.338991931	0.205952335
625	0.272871	0.339391517	0.206350483
626	0.273297667	0.339824768	0.206770566
627	0.2737426	0.340284313	0.207200887
628	0.2741856	0.340764843	0.207606357
629	0.274631533	0.341255672	0.208007395
630	0.275008533	0.341668626	0.208348441
631	0.275410267	0.342125128	0.208695405
632	0.2757536	0.342521566	0.208985634
633	0.276096867	0.34290742	0.209286314
634	0.276452733	0.343293419	0.209612048
635	0.276720067	0.343603185	0.209836948
636	0.276905867	0.343826218	0.209985515
637	0.277036	0.343987156	0.210084844
638	0.277200533	0.34416641	0.210234657
639	0.277280867	0.344270492	0.210291242
640	0.277325	0.344352593	0.210297407
641	0.2772348	0.344295781	0.210173819
642	0.277193467	0.34427563	0.210111303
643	0.277093733	0.344184404	0.210003062
644	0.276906467	0.343992454	0.209820479
645	0.276686267	0.343753838	0.209618696
646	0.276466	0.343525793	0.209406207
647	0.2762546	0.34331704	0.20919216
648	0.276114867	0.343190187	0.209039547
649	0.276028267	0.343134879	0.208921654
650	0.275976867	0.343118505	0.208835229
651	0.275955067	0.343118408	0.208791726
652	0.275934933	0.343089127	0.20878074
653	0.2759332	0.343066566	0.208799834
654	0.2759064	0.342997721	0.208815079
655	0.275742267	0.342841052	0.208643482
656	0.275562867	0.342712478	0.208413256
657	0.275329267	0.342540859	0.208117675
658	0.275090733	0.342273022	0.207908444
659	0.2747646	0.341902164	0.207627036
660	0.274384467	0.341466206	0.207302727
661	0.2739566	0.340968617	0.206944583
662	0.273442067	0.340386492	0.206497642
663	0.272944333	0.339834326	0.20605434
664	0.2724534	0.339295802	0.205610998
665	0.272017467	0.338800397	0.205234536
666	0.271575267	0.338307394	0.204843139
667	0.271108933	0.337793658	0.204424208
668	0.270825333	0.337479809	0.204170858
669	0.270568933	0.337190096	0.203947771
670	0.270331867	0.336920886	0.203742848
671	0.270113133	0.336681828	0.203544439
672	0.2700136	0.336562674	0.203464526
673	0.2699522	0.336479943	0.203424457
674	0.269901667	0.336404813	0.20339852
675	0.269898533	0.33639198	0.203405086
676	0.269956733	0.33644167	0.203471797
677	0.2701342	0.3366237	0.2036447
678	0.270372867	0.336855388	0.203890345
679	0.270768867	0.337260029	0.204277705
680	0.271300733	0.337815072	0.204786394
681	0.271978667	0.338528463	0.20542887
682	0.2729246	0.339530065	0.206319135
683	0.2740604	0.340720543	0.207400257
684	0.275482733	0.342195744	0.208769723
685	0.277307067	0.344058339	0.210555794
686	0.279487667	0.346385632	0.212589702
687	0.282008933	0.349193059	0.214824808
688	0.284956133	0.35248143	0.217430836
689	0.288169267	0.356040663	0.220297871
690	0.2915716	0.359797674	0.223345526
691	0.295372533	0.363982401	0.226762666
692	0.299506533	0.368561124	0.230451943
693	0.3038994	0.373469828	0.234328972
694	0.308544533	0.378718765	0.238370301
695	0.313463	0.384299721	0.242626279
696	0.318373267	0.389863797	0.246882737
697	0.323334667	0.395471609	0.251197724
698	0.3283208	0.401126196	0.255515404
699	0.333406467	0.406921216	0.259891718
700	0.3385942	0.41285781	0.26433059
701	0.343743467	0.418763956	0.268722977
702	0.3488302	0.424603532	0.273056868
703	0.353797933	0.43030167	0.277294197
704	0.3586304	0.43582431	0.28143649
705	0.363394867	0.441279256	0.285510478
706	0.368080667	0.446645934	0.289515399
707	0.3726856	0.451919555	0.293451645
708	0.3772512	0.45715972	0.29734268
709	0.381717333	0.462279586	0.301155081
710	0.386086067	0.467284867	0.304887266
711	0.390318733	0.472143464	0.308494003
712	0.394412267	0.476832234	0.3119923
713	0.3983858	0.48136683	0.31540477
714	0.402231333	0.485718109	0.318744557
715	0.4056088	0.489478273	0.321739327
716	0.4090232	0.493314951	0.324731449
717	0.412555933	0.497364345	0.327747522
718	0.416362867	0.501921523	0.33080421
719	0.420437067	0.506798243	0.33407589
720	0.424311667	0.511402326	0.337221007
721	0.427857067	0.51540404	0.340310093
722	0.430949467	0.518901006	0.342997927
723	0.434088133	0.522509506	0.345666761
724	0.4371862	0.526208159	0.348164241
725	0.44015	0.529698721	0.350601279
726	0.443082533	0.533142096	0.353022971
727	0.4459744	0.536532475	0.355416325
728	0.448624533	0.539687643	0.357561424
729	0.451258867	0.542831335	0.359686398
730	0.4538126	0.54588492	0.36174028
731	0.456513933	0.549126107	0.36390176
732	0.458979733	0.552041291	0.365918176
733	0.461234933	0.554681185	0.367788682
734	0.463288133	0.557063771	0.369512495
735	0.4651902	0.559327784	0.371052616
736	0.467088533	0.561588286	0.372588781
737	0.468938267	0.563769709	0.374106824
738	0.470600533	0.565754382	0.375446685
739	0.472261933	0.567738389	0.376785478
740	0.473825533	0.569605307	0.37804576
741	0.475384333	0.571472748	0.379295918
742	0.4768522	0.573216586	0.380487814
743	0.478253267	0.57487116	0.381635373
744	0.479605133	0.576461639	0.382748628
745	0.480851267	0.577926126	0.383776407
746	0.482091533	0.579378325	0.384804742
747	0.483270333	0.580746935	0.385793731
748	0.4843838	0.582064752	0.386702848
749	0.485453267	0.583334241	0.387572292
750	0.4864832	0.58455764	0.38840876
751	0.487546	0.585804773	0.389287227
752	0.488500667	0.586915539	0.390085794
753	0.489397667	0.587953961	0.390841372
754	0.4903152	0.58901713	0.39161327
755	0.491235667	0.590074118	0.392397215
756	0.491990067	0.590874306	0.393105828
757	0.492458	0.591211309	0.393704691
758	0.491059267	0.589010831	0.393107703
759	0.489012133	0.586360033	0.391664234
760	0.48717	0.584924591	0.389415409
761	0.489383733	0.587713132	0.391054334
762	0.491113067	0.589847463	0.39237867
763	0.4929528	0.592094509	0.393811091
764	0.495399933	0.595099652	0.395700214
765	0.497514733	0.59753855	0.397490917
766	0.499229733	0.599450584	0.399008882
767	0.5006784	0.601008609	0.400348191
768	0.5017972	0.602255471	0.401338929
769	0.5027966	0.60337133	0.40222187
770	0.503715667	0.604393874	0.40303746
771	0.504559733	0.605341032	0.403778435
772	0.505388733	0.606281165	0.404496302
773	0.506134	0.607127694	0.405140306
774	0.506914533	0.608015246	0.405813821
775	0.5076996	0.608907244	0.406491956
776	0.508477467	0.609785723	0.40716921
777	0.509242	0.610637478	0.407846522
778	0.509944733	0.611443545	0.408445922
779	0.5106908	0.612300595	0.409081005
780	0.511497067	0.613224496	0.409769637
781	0.512211667	0.614031769	0.410391565
782	0.512915733	0.614826029	0.411005438
783	0.5136656	0.615677485	0.411653715
784	0.514344	0.616457802	0.412230198
785	0.515002467	0.617209094	0.41279584
786	0.5156142	0.617905452	0.413322948
787	0.516121467	0.618484857	0.413758076
788	0.5166548	0.619077546	0.414232054
789	0.517256933	0.619760101	0.414753766
790	0.5179384	0.620551655	0.415325145
791	0.518697667	0.62141413	0.415981204
792	0.5194454	0.622270424	0.416620376
793	0.520151267	0.623084879	0.417217654
794	0.520677133	0.623700317	0.41765395
795	0.521263067	0.624374139	0.418151994
796	0.521886133	0.625093675	0.418678592
797	0.5225354	0.625862271	0.419208529
798	0.523039267	0.626417239	0.419661294
799	0.523535333	0.626969483	0.420101184
800	0.524048733	0.62756279	0.420534677
801	0.524600333	0.628206503	0.420994163
802	0.525226533	0.628930326	0.421522741
803	0.525913467	0.629720331	0.422106602
804	0.5266552	0.630583885	0.422726515
805	0.527257133	0.631277583	0.423236684
806	0.527730867	0.631813863	0.42364787
807	0.528160333	0.632289759	0.424030908
808	0.528501867	0.632669926	0.424333807
809	0.528854	0.633066849	0.424641151
810	0.529248067	0.6335169	0.424979234
811	0.529412133	0.633678098	0.425146169
812	0.529525133	0.633778296	0.425271971
813	0.529612333	0.633844945	0.425379722
814	0.5297626	0.633967215	0.425557985
815	0.529993333	0.634205261	0.425781406
816	0.530306867	0.634552331	0.426061402
817	0.5308348	0.635156939	0.426512661
818	0.531430533	0.635868825	0.426992241
819	0.532058533	0.636642242	0.427474824
820	0.532632733	0.637377347	0.427888119
821	0.532564467	0.63718363	0.427945304
822	0.532761933	0.637349543	0.428174323
823	0.5332444	0.637920825	0.428567975
824	0.533807867	0.638664691	0.428951043
825	0.5340668	0.638980254	0.429153346
826	0.534173133	0.639078122	0.429268145
827	0.5342238	0.639095068	0.429352532
828	0.534296267	0.639162576	0.429429958
829	0.534370133	0.639243296	0.429496971
830	0.5343832	0.639260327	0.429506073
831	0.534479933	0.639342307	0.42961756
832	0.534565667	0.639417063	0.42971427
833	0.5347502	0.63962166	0.42987874
834	0.534997333	0.639935793	0.430058874
835	0.5353276	0.640331524	0.430323676
836	0.535620933	0.640673294	0.430568572
837	0.5358618	0.640953348	0.430770252
838	0.536216733	0.641350999	0.431082467
839	0.5365932	0.641769817	0.431416583
840	0.536951333	0.642168163	0.431734503
841	0.537252133	0.642510085	0.431994181
842	0.537543333	0.642842669	0.432243998
843	0.5378296	0.643172275	0.432486925
844	0.538125667	0.64353079	0.432720543
845	0.538387067	0.643826263	0.432947871
846	0.538629267	0.644094689	0.433163844
847	0.538880133	0.644416269	0.433343998
848	0.5391292	0.644651705	0.433606695
849	0.539358067	0.644862477	0.433853657
850	0.539535933	0.645070548	0.434001319
851	0.539759267	0.645390715	0.434127818
852	0.539936	0.64558292	0.43428908
853	0.540115733	0.645684961	0.434546506
854	0.5404084	0.645948601	0.434868199
855	0.5406622	0.646292369	0.435032031
856	0.5408574	0.646622652	0.435092148
857	0.540975267	0.646761372	0.435189161
858	0.5411242	0.646934833	0.435313567
859	0.541299933	0.647139954	0.435459912
860	0.5413718	0.647222634	0.435520966
861	0.541496667	0.647335565	0.435657769
862	0.541652	0.647516447	0.435787553
863	0.541713867	0.647629767	0.435797966
864	0.5418154	0.647733896	0.435896904
865	0.541873733	0.647733043	0.436014423
866	0.541967	0.647761821	0.436172179
867	0.542068267	0.647942061	0.436194472
868	0.542183467	0.648099052	0.436267881
869	0.542302067	0.648243745	0.436360389
870	0.542420667	0.648384294	0.43645704
871	0.542505467	0.648509231	0.436501703
872	0.542649133	0.648678523	0.436619744
873	0.5427374	0.648740152	0.436734648
874	0.5428922	0.648945309	0.436839091
875	0.542972667	0.649045307	0.436900026
876	0.543042867	0.649123572	0.436962161
877	0.543138933	0.649248012	0.437029855
878	0.543117933	0.649242363	0.436993503
879	0.543159533	0.649303862	0.437015205
880	0.543085533	0.64919503	0.436976037
881	0.543076867	0.649205025	0.436948708
882	0.543087067	0.649226876	0.436947257
883	0.5431222	0.64925185	0.43699255
884	0.543030933	0.649150328	0.436911538
885	0.542926933	0.649039754	0.436814113
886	0.542774067	0.648870826	0.436677307
887	0.5426742	0.648728483	0.436619917
888	0.5425334	0.648589061	0.436477739
889	0.5424292	0.648512877	0.436345523
890	0.5422148	0.648293045	0.436136555
891	0.541977	0.648044314	0.435909686
892	0.5416638	0.647697663	0.435629937
893	0.541198867	0.647157456	0.435240277
894	0.540810133	0.646725186	0.434895081
895	0.5403768	0.64620872	0.43454488
896	0.5399578	0.645676305	0.434239295
897	0.5395886	0.645191857	0.433985343
898	0.5391154	0.644620076	0.433610724
899	0.538715933	0.644134457	0.433297409
900	0.5385386	0.64384134	0.43323586
901	0.538198133	0.643473687	0.432922579
902	0.538014533	0.643344408	0.432684659
903	0.537971467	0.643418697	0.432524237
904	0.537732667	0.643379565	0.432085768
905	0.537409933	0.643129317	0.43169055
906	0.5371132	0.642789967	0.431436433
907	0.5367122	0.642184287	0.431240113
908	0.536184	0.641540439	0.430827561
909	0.535558467	0.640847905	0.430269029
910	0.535209333	0.640487675	0.429930992
911	0.5348408	0.640131246	0.429550354
912	0.534454533	0.639719718	0.429189349
913	0.5340474	0.639206998	0.428887802
914	0.533719333	0.638824033	0.428614633
915	0.533433933	0.638420696	0.428447171
916	0.5331808	0.637992922	0.428368678
917	0.532812	0.637589807	0.428034193
918	0.532532267	0.637307625	0.427756908
919	0.532331467	0.637128867	0.427534066
920	0.532234133	0.637078619	0.427389647
921	0.532076267	0.636927401	0.427225132
922	0.5316908	0.636493866	0.426887734
923	0.531027	0.635724108	0.426329892
924	0.530477333	0.635068519	0.425886148
925	0.5297754	0.634296297	0.425254503
926	0.5290068	0.63351887	0.42449473
927	0.528636667	0.633076186	0.424197147
928	0.528082867	0.632419504	0.423746229
929	0.5273624	0.631534096	0.423190704
930	0.526866667	0.630749102	0.422984231
931	0.5261358	0.629687364	0.422584236
932	0.525300867	0.628436413	0.42216532
933	0.524839	0.627495287	0.422182713
934	0.524103867	0.626080929	0.422126804
935	0.523408867	0.624844088	0.421973646
936	0.522972	0.624177104	0.421766896
937	0.522460733	0.623542877	0.42137859
938	0.521751133	0.622955186	0.420547081
939	0.521122467	0.622583879	0.419661055
940	0.5213862	0.623059973	0.419712427
941	0.520860133	0.622592447	0.419127819
942	0.520174	0.621842485	0.418505515
943	0.519878333	0.621358291	0.418398376
944	0.519265867	0.620315296	0.418216437
945	0.518732467	0.61943646	0.418028473
946	0.518279133	0.618780639	0.417777628
947	0.517353467	0.617701836	0.417005097
948	0.5163146	0.61655714	0.41607206
949	0.515155933	0.615304707	0.41500716
950	0.513745333	0.613666407	0.41382426
951	0.512579467	0.612217816	0.412941117
952	0.511379533	0.610739335	0.412019732
953	0.5096906	0.608800372	0.410580828
954	0.508632333	0.607499787	0.409764879
955	0.507503533	0.606129226	0.408877841
956	0.5062668	0.604672421	0.407861179
957	0.504412	0.602625058	0.406198942
958	0.502997	0.600987968	0.405006032
959	0.501915333	0.599673895	0.404156772
960	0.500569667	0.59811491	0.403024423
961	0.499328733	0.596796252	0.401861214
962	0.498265067	0.595655245	0.400874888
963	0.497596267	0.594772684	0.400419849
964	0.4965992	0.593658705	0.399539695
965	0.495884267	0.592763568	0.399004965
966	0.495566333	0.592143055	0.398989612
967	0.494752933	0.591438546	0.398067321
968	0.494226467	0.590956055	0.397496878
969	0.4938468	0.590566686	0.397126914
970	0.493299	0.590105041	0.396492959
971	0.492817867	0.589550733	0.396085
972	0.492515467	0.589183661	0.395847272
973	0.4924434	0.589239373	0.395647427
974	0.4918042	0.588500474	0.395107926
975	0.491358867	0.587897283	0.394820451
976	0.491433	0.587800353	0.395065647
977	0.491244133	0.587642592	0.394845675
978	0.491035667	0.587401376	0.394669958
979	0.4909964	0.587308517	0.394684283
980	0.4907384	0.587050094	0.394426706
981	0.4903864	0.586746483	0.394026317
982	0.4902204	0.586624388	0.393816412
983	0.4907356	0.587083541	0.394387659
984	0.490897933	0.587374517	0.39442135
985	0.4909608	0.587522737	0.394398863
986	0.4909136	0.587403698	0.394423502
987	0.491761533	0.588246126	0.395276941
988	0.491888667	0.588448392	0.395328942
989	0.491375067	0.588075198	0.394674935
990	0.491660133	0.588273478	0.395046789
991	0.492045	0.588729607	0.395360393
992	0.492521333	0.589355289	0.395687377
993	0.493271	0.590247717	0.396294283
994	0.493700533	0.590677103	0.396723964
995	0.4941522	0.591163952	0.397140448
996	0.494511467	0.591638602	0.397384332
997	0.494649267	0.59193032	0.397368214
998	0.494891667	0.592337735	0.397445599
999	0.495323267	0.592946667	0.397699867
1000	0.495692667	0.593346331	0.398039002
1001	0.490988867	0.587591594	0.39438614
1002	0.491428933	0.588012407	0.39484546
1003	0.4922214	0.58887286	0.39556994
1004	0.4929618	0.589740009	0.396183591
1005	0.493514267	0.590487191	0.396541343
1006	0.494099867	0.591253458	0.396946275
1007	0.494776	0.591984747	0.397567253
1008	0.495444867	0.592678073	0.398211661
1009	0.496021733	0.593329635	0.398713832
1010	0.496593133	0.594034244	0.399152022
1011	0.4973128	0.594927919	0.399697681
1012	0.498240867	0.596009867	0.400471866
1013	0.4991132	0.596945414	0.401280986
1014	0.499802867	0.597716897	0.401888837
1015	0.500519067	0.59860576	0.402432373
1016	0.501154667	0.599380739	0.402928595
1017	0.501713667	0.599999042	0.403428291
1018	0.5023222	0.600644069	0.404000331
1019	0.502927	0.601299079	0.404554921
1020	0.5036026	0.602055076	0.405150124
1021	0.504433733	0.602998216	0.40586925
1022	0.505408867	0.604107758	0.406709975
1023	0.506403667	0.605267393	0.407539941
1024	0.507231533	0.606261662	0.408201405
1025	0.507755933	0.606848965	0.408662901
1026	0.508317133	0.60741078	0.409223486
1027	0.509098667	0.608288696	0.409908637
1028	0.509828933	0.609201556	0.410456311
1029	0.510444667	0.609906662	0.410982672
1030	0.5112264	0.610703343	0.411749457
1031	0.512159867	0.61168807	0.412631663
1032	0.5129624	0.61259348	0.41333132
1033	0.513701933	0.613467419	0.413936448
1034	0.5142992	0.614172391	0.414426009
1035	0.514831067	0.614794266	0.414867868
1036	0.515543	0.615618643	0.415467357
1037	0.516296133	0.616487686	0.41610458
1038	0.517041467	0.617326978	0.416755955
1039	0.517788133	0.618163929	0.417412338
1040	0.518722	0.61926138	0.41818262
1041	0.519575133	0.620270006	0.418880261
1042	0.520136733	0.620861265	0.419412202
1043	0.5206728	0.621398054	0.419947546
1044	0.521127533	0.621895906	0.420359161
1045	0.521590667	0.62243953	0.420741803
1046	0.522115933	0.62308645	0.421145417
1047	0.522679133	0.623772408	0.421585859
1048	0.523335733	0.624553203	0.422118264
1049	0.5239752	0.625248262	0.422702138
1050	0.5244662	0.62575048	0.42318192
1051	0.525007133	0.626344077	0.42367019
1052	0.525582133	0.626984535	0.424179732
1053	0.526177133	0.627646651	0.424707616
1054	0.526787267	0.628332481	0.425242052
1055	0.527321067	0.628954662	0.425687471
1056	0.527795867	0.62951231	0.426079423
1057	0.528319267	0.63009172	0.426546814
1058	0.5288104	0.630611334	0.427009466
1059	0.529332267	0.631197945	0.427466588
1060	0.529894733	0.63186324	0.427926226
1061	0.530452933	0.63251687	0.428388997
1062	0.530727667	0.632820176	0.428635157
1063	0.531070533	0.633204115	0.428936951
1064	0.531626533	0.633781136	0.429471931
1065	0.5320814	0.634238246	0.429924554
1066	0.532329067	0.634497629	0.430160504
1067	0.532476067	0.634639378	0.430312756
1068	0.532603333	0.63479091	0.430415756
1069	0.532779533	0.635008136	0.430550931
1070	0.533060067	0.635303227	0.430816906
1071	0.533410667	0.635652205	0.431169128
1072	0.533605133	0.635800954	0.431409313
1073	0.5337542	0.635914973	0.431593427
1074	0.533723133	0.635858028	0.431588239
1075	0.533601667	0.635691758	0.431511576
1076	0.533699533	0.635761484	0.431637583
1077	0.533917667	0.635967261	0.431868072
1078	0.534073667	0.636085439	0.432061894
1079	0.534065133	0.636009069	0.432121198
1080	0.533990333	0.635854788	0.432125878
1081	0.533892733	0.635653924	0.432131542
1082	0.533928067	0.635650336	0.432205798
1083	0.533795333	0.63547286	0.432117807
1084	0.5337536	0.635382149	0.432125051
1085	0.533726733	0.635323133	0.432130334
1086	0.533673733	0.635237852	0.432109615
1087	0.533485667	0.634962128	0.432009206
1088	0.533342467	0.634734287	0.431950646
1089	0.532969867	0.634244561	0.431695172
1090	0.532500067	0.633639446	0.431360687
1091	0.532241133	0.633318327	0.43116394
1092	0.5319228	0.632905609	0.430939991
1093	0.531545333	0.632425177	0.430665489
1094	0.53114	0.63196198	0.43031802
1095	0.530718667	0.6314288	0.430008534
1096	0.530364133	0.630900234	0.429828033
1097	0.529981067	0.6303686	0.429593533
1098	0.5294106	0.629696769	0.429124431
1099	0.528767867	0.628945504	0.428590229
1100	0.5283432	0.6284097	0.4282767
1101	0.527862533	0.627809584	0.427915483
1102	0.527284667	0.627097845	0.427471488
1103	0.5266962	0.626378587	0.427013813
1104	0.526136933	0.625748918	0.426524949
1105	0.5254994	0.62503491	0.42596389
1106	0.524904267	0.624314344	0.425494189
1107	0.5243076	0.623591727	0.425023473
1108	0.523650133	0.622868784	0.424431483
1109	0.523038333	0.622211019	0.423865648
1110	0.5223002	0.621396002	0.423204398
1111	0.5213756	0.620337727	0.422413473
1112	0.520445533	0.619254894	0.421636173
1113	0.519618733	0.618278906	0.420958561
1114	0.518628133	0.617090918	0.420165349
1115	0.5172582	0.615463557	0.419052843
1116	0.5157786	0.61372739	0.41782981
1117	0.514478133	0.612119808	0.416836458
1118	0.512927533	0.610188983	0.415666083
1119	0.511131	0.608087358	0.414174642
1120	0.509066	0.605680857	0.412451143
1121	0.506636533	0.602668605	0.410604462
1122	0.5039964	0.599367053	0.408625747
1123	0.501716	0.596637881	0.406794119
1124	0.499341333	0.593862957	0.404819709
1125	0.4971594	0.591403553	0.402915247
1126	0.495094867	0.589122384	0.40106735
1127	0.492550133	0.586175798	0.398924468
1128	0.4899552	0.583101737	0.396808663
1129	0.4875216	0.580345516	0.394697684
1130	0.485158333	0.577817072	0.392499594
1131	0.482620733	0.575070089	0.390171378
1132	0.479646667	0.57176778	0.387525553
1133	0.4769204	0.56871496	0.38512584
1134	0.474442467	0.565842931	0.383042002
1135	0.472125667	0.563155081	0.381096252
1136	0.469593933	0.560371405	0.378816461
1137	0.467264667	0.557826887	0.376702446
1138	0.465178267	0.555638336	0.374718197
1139	0.463241733	0.553611226	0.37287224
1140	0.460596533	0.550669066	0.370524001
1141	0.457921	0.547693504	0.368148496
1142	0.455068533	0.544512623	0.365624444
1143	0.452165933	0.541244158	0.363087708
1144	0.449153	0.537838884	0.360467116
1145	0.4461452	0.534456139	0.357834261
1146	0.4429868	0.530918933	0.355054667
1147	0.439735933	0.527270663	0.352201203
1148	0.436515267	0.523585234	0.3494453
1149	0.4334852	0.52006151	0.34690889
1150	0.4307632	0.516955375	0.344571025
1151	0.428498067	0.51450617	0.342489963
1152	0.426400933	0.512223981	0.340577886
1153	0.424361667	0.509915965	0.338807368
1154	0.422547333	0.507866675	0.337227992
1155	0.421135	0.506389253	0.335880747
1156	0.4198764	0.505073167	0.334679633
1157	0.4186844	0.503720529	0.333648271
1158	0.417521467	0.502389167	0.332653766
1159	0.416340867	0.501105221	0.331576512
1160	0.4151882	0.499857261	0.330519139
1161	0.414088467	0.498705183	0.329471751
1162	0.413052867	0.497636446	0.328469287
1163	0.412140267	0.496706868	0.327573665
1164	0.411246933	0.495791626	0.32670224
1165	0.410393	0.494924094	0.325861906
1166	0.409610133	0.494142379	0.325077888
1167	0.408822667	0.49332052	0.324324813
1168	0.408109133	0.492540595	0.323677671
1169	0.407417133	0.491800399	0.323033868
1170	0.406737867	0.491117626	0.322358107
1171	0.406031867	0.490404394	0.321659339
1172	0.405324533	0.489711326	0.320937741
1173	0.404664933	0.489068611	0.320261256
1174	0.403938933	0.488246496	0.31963137
1175	0.403219	0.487431948	0.319006052
1176	0.402378133	0.486547665	0.318208601
1177	0.401577533	0.485715997	0.317439069
1178	0.4006516	0.48474531	0.31655789
1179	0.3996998	0.483746098	0.315653502
1180	0.3987676	0.48271421	0.31482099
1181	0.3978436	0.481670072	0.314017128
1182	0.3968116	0.480520816	0.313102384
1183	0.395785133	0.47939436	0.312175907
1184	0.3947964	0.478353194	0.311239606
1185	0.393841867	0.477393041	0.310290692
1186	0.392920867	0.476440149	0.309401584
1187	0.391947733	0.475372726	0.308522741
1188	0.391069267	0.474402989	0.307735544
1189	0.390410333	0.473658165	0.307162502
1190	0.3897306	0.472894781	0.306566419
1191	0.388933133	0.472014216	0.305852051
1192	0.3881978	0.471207306	0.305188294
1193	0.3876008	0.470565354	0.304636246
1194	0.386968533	0.469879616	0.304057451
1195	0.3863644	0.469147823	0.303580977
1196	0.385718933	0.468364484	0.303073382
1197	0.385063467	0.467627008	0.302499925
1198	0.384404667	0.466893101	0.301916232
1199	0.3837694	0.466153607	0.301385193
1200	0.3831484	0.465418256	0.300878544
1201	0.382463267	0.464625417	0.300301116
1202	0.3817412	0.463803429	0.299678971
1203	0.3811444	0.463117214	0.299171586
1204	0.380584533	0.46245646	0.298712607
1205	0.380106533	0.461871341	0.298341725
1206	0.379704533	0.461358834	0.298050233
1207	0.3793546	0.460943362	0.297765838
1208	0.378922	0.460475322	0.297368678
1209	0.378607333	0.460130792	0.297083875
1210	0.378538267	0.460025792	0.297050742
1211	0.378535067	0.459992204	0.297077929
1212	0.378753133	0.46019934	0.297306926
1213	0.378989667	0.460434718	0.297544616
1214	0.3796088	0.46113615	0.29808145
1215	0.3802318	0.461841411	0.298622189
1216	0.3812824	0.463031822	0.299532978
1217	0.3823404	0.464233209	0.300447591
1218	0.3836412	0.46568638	0.30159602
1219	0.384976	0.467171481	0.302780519
1220	0.3865608	0.468967244	0.304154356
1221	0.388221867	0.470864204	0.305579529
1222	0.3899154	0.472771968	0.307058832
1223	0.3916816	0.474748707	0.308614493
1224	0.393631533	0.476929389	0.310333677
1225	0.395666133	0.479202048	0.312130218
1226	0.3976312	0.48140578	0.31385662
1227	0.399445067	0.483437284	0.315452849
1228	0.401300067	0.48552602	0.317074113
1229	0.403152333	0.487633918	0.318670748
1230	0.404978	0.489701007	0.320254993
1231	0.4065902	0.491473437	0.321706963
1232	0.408232533	0.493286896	0.32317817
1233	0.409854533	0.495100673	0.324608393
1234	0.411399667	0.496824205	0.325975128
1235	0.412765333	0.498358253	0.327172414
1236	0.414076667	0.49982816	0.328325173
1237	0.4152844	0.501148631	0.329420169
1238	0.416425933	0.502384694	0.330467173
1239	0.417470067	0.503528624	0.331411509
1240	0.418508733	0.504670138	0.332347328
1241	0.4195022	0.50575028	0.33325412
1242	0.4204252	0.506746153	0.334104247
1243	0.4213458	0.50773969	0.33495191
1244	0.4222336	0.508697956	0.335769244
1245	0.423119067	0.509652205	0.336585928
1246	0.423944933	0.510527136	0.337362731
1247	0.424770333	0.511407625	0.338133042
1248	0.425555867	0.512253227	0.338858506
1249	0.4263364	0.513106515	0.339566285
1250	0.4270476	0.513898503	0.340196697
1251	0.427765333	0.514682988	0.340847679
1252	0.428341867	0.515259738	0.341423995
1253	0.428899867	0.515828501	0.341971232
1254	0.429447733	0.516444175	0.342451292
1255	0.429915933	0.516961805	0.342870062
1256	0.430390133	0.517467002	0.343313265
1257	0.430824267	0.517923781	0.343724752
1258	0.431294867	0.518438195	0.344151539
1259	0.431776133	0.518966399	0.344585868
1260	0.432246533	0.5194912	0.345001867
1261	0.432716067	0.520013565	0.345418568
1262	0.433057733	0.520362828	0.345752639
1263	0.433394	0.520707472	0.346080528
1264	0.433712	0.521014236	0.346409764
1265	0.434021667	0.521303656	0.346739678
1266	0.434341467	0.52162309	0.347059843
1267	0.434640533	0.521923643	0.347357424
1268	0.434931333	0.522204641	0.347658025
1269	0.435139467	0.522380331	0.347898602
1270	0.435434	0.522689159	0.348178841
1271	0.4357168	0.522991427	0.348442173
1272	0.435899733	0.523161107	0.34863836
1273	0.436017533	0.523253814	0.348781253
1274	0.4361262	0.52334819	0.34890421
1275	0.436315	0.523559399	0.349070601
1276	0.4364282	0.523683155	0.349173245
1277	0.436498933	0.523739827	0.34925804
1278	0.436509067	0.523720936	0.349297197
1279	0.4364794	0.523696957	0.349261843
1280	0.436405	0.523620072	0.349189928
1281	0.436351467	0.523532169	0.349170765
1282	0.436243867	0.523372489	0.349115244
1283	0.436136067	0.523218337	0.349053796
1284	0.435981133	0.523018416	0.348943851
1285	0.435768933	0.522804912	0.348732955
1286	0.4355504	0.522578066	0.348522734
1287	0.435380733	0.522399995	0.348361472
1288	0.435252533	0.52228553	0.348219536
1289	0.434980867	0.521981027	0.347980706
1290	0.4346018	0.521536891	0.347666709
1291	0.434218133	0.521096721	0.347339546
1292	0.433844467	0.520686063	0.34700287
1293	0.433422733	0.520228464	0.346617003
1294	0.4329798	0.519735538	0.346224062
1295	0.432539667	0.519253145	0.345826188
1296	0.432041867	0.518722936	0.345360797
1297	0.4314678	0.51806397	0.34487163
1298	0.430905467	0.517377238	0.344433695
1299	0.4302884	0.516672427	0.343904373
1300	0.429597133	0.515935784	0.343258483
1301	0.4289342	0.515227882	0.342640518
1302	0.4282134	0.514433185	0.341993615
1303	0.4275118	0.513645687	0.341377913
1304	0.426748333	0.512777025	0.340719641
1305	0.425952533	0.511874061	0.340031005
1306	0.425079	0.510842663	0.339315337
1307	0.424253	0.509871181	0.338634819
1308	0.423263467	0.508777527	0.337749406
1309	0.422230733	0.507643086	0.33681838
1310	0.4212474	0.506523112	0.335971688
1311	0.4202306	0.505356526	0.335104674
1312	0.419063867	0.5040387	0.334089034
1313	0.417879667	0.502712939	0.333046394
1314	0.416695133	0.501281729	0.332108537
1315	0.415509333	0.499807869	0.331210798
1316	0.4143386	0.498428521	0.330248679
1317	0.413074333	0.496978607	0.32917006
1318	0.4117912	0.495545783	0.328036617
1319	0.410478067	0.494088648	0.326867486
1320	0.409210133	0.492619156	0.325801111
1321	0.407973333	0.491156439	0.324790228
1322	0.406615733	0.489595164	0.323636303
1323	0.4051796	0.487956851	0.322402349
1324	0.403717733	0.486298657	0.32113681
1325	0.4022	0.484626347	0.319773653
1326	0.400672933	0.482922598	0.318423268
1327	0.3990784	0.481076643	0.317080157
1328	0.397426267	0.479184784	0.315667749
1329	0.3956382	0.477192433	0.314083967
1330	0.393771133	0.475092316	0.31244995
1331	0.3918988	0.47284697	0.31095063
1332	0.389985067	0.470579861	0.309390272
1333	0.388213667	0.468614935	0.307812399
1334	0.3864456	0.466654384	0.306236816
1335	0.384850467	0.464809147	0.304891786
1336	0.383207133	0.462904767	0.3035095
1337	0.381813	0.461399202	0.302226798
1338	0.380429933	0.459932222	0.300927645
1339	0.3792884	0.458687283	0.299889517
1340	0.378125933	0.457400803	0.298851064
1341	0.3768844	0.455961729	0.297807071
1342	0.375512	0.454396532	0.296627468
1343	0.3744314	0.453292233	0.295570567
1344	0.373280933	0.452071399	0.294490468
1345	0.372080133	0.450713835	0.293446431
1346	0.3706164	0.449153366	0.292079434
1347	0.369147933	0.447543313	0.290752554
1348	0.367678	0.445795158	0.289560842
1349	0.3664848	0.444242113	0.288727487
1350	0.365484667	0.442928143	0.28804119
1351	0.364096867	0.441130623	0.28706311
1352	0.362027533	0.438195821	0.285859246
1353	0.3595346	0.434809233	0.284259967
1354	0.356735333	0.431622197	0.281848469
1355	0.3536208	0.428324974	0.278916626
1356	0.354579067	0.430134876	0.279023257
1357	0.355165333	0.432153548	0.278177119
1358	0.353505533	0.430337078	0.276673989
1359	0.350194533	0.427605855	0.272783212
1360	0.3433602	0.425152342	0.261568058
1361	0.3334046	0.436320294	0.230488906
1362	0.324841733	0.420589252	0.229094214
1363	0.312331667	0.403910646	0.220752688
1364	0.323591933	0.441142229	0.206041638
1365	0.350315467	0.521513383	0.179117551
1366	0.3994826	0.578964481	0.220000719
1367	0.454676933	0.659401095	0.249952772
1368	0.3968506	0.519271162	0.274430038
1369	0.344053067	0.484479292	0.203626841
1370	0.324421333	0.475828649	0.173014018
1371	0.311574067	0.465723645	0.157424488
1372	0.3005886	0.430982376	0.170194824
1373	0.285663533	0.406038752	0.165288315
1374	0.282945533	0.388522619	0.177368447
1375	0.285799	0.402615011	0.168982989
1376	0.321401133	0.426270074	0.216532193
1377	0.373445533	0.504016948	0.242874119
1378	0.3781856	0.526644432	0.229726768
1379	0.359230267	0.530990352	0.187470182
1380	0.395044067	0.557172605	0.232915529
1381	0.456344733	0.60221614	0.310473327
1382	0.411678867	0.562144124	0.26121361
1383	0.3467402	0.498004321	0.195476079
1384	0.300205	0.415893309	0.184516691
1385	0.2592204	0.358921442	0.159519358
1386	0.243637933	0.329029048	0.158246819
1387	0.236239067	0.299267563	0.173210571
1388	0.229640467	0.293122102	0.166158831
1389	0.229622467	0.29057644	0.168668493
1390	0.235133467	0.295449821	0.174817113
1391	0.249584533	0.30076068	0.198408386
1392	0.257386333	0.316401022	0.198371645
1393	0.2587814	0.315408194	0.202154606
1394	0.257983	0.314851188	0.201114812
1395	0.252793067	0.305205557	0.200380577
1396	0.2545544	0.313273331	0.195835469
1397	0.2604414	0.323447627	0.197435173
1398	0.260672133	0.327795905	0.193548361
1399	0.2501612	0.3126164	0.187706
1400	0.240861733	0.301914944	0.179808523
1401	0.237077067	0.299633722	0.174520412
1402	0.236386333	0.303113616	0.16965905
1403	0.234332867	0.304294744	0.164370989
1404	0.231062733	0.304852675	0.157272792
1405	0.2329992	0.304505433	0.161492967
1406	0.235457	0.304274457	0.166639543
1407	0.235077867	0.301378707	0.168777026
1408	0.234994533	0.301181742	0.168807325
1409	0.234390667	0.301380729	0.167400604
1410	0.233396533	0.300243057	0.16655001
1411	0.2324048	0.297161993	0.167647607
1412	0.232016133	0.295138572	0.168893695
1413	0.231317533	0.294021665	0.168613401
1414	0.230285933	0.293737413	0.166834454
1415	0.228781933	0.291512616	0.16605125
1416	0.227324333	0.288698112	0.165950554
1417	0.2268074	0.287693135	0.165921665
1418	0.226662333	0.28745847	0.165866196
1419	0.226480667	0.287706071	0.165255263
1420	0.226378933	0.288239999	0.164517868
1421	0.226202333	0.288659867	0.163744799
1422	0.225999067	0.28881042	0.163187714
1423	0.226074667	0.2891758	0.162973533
1424	0.2260454	0.28971019	0.16238061
1425	0.2259368	0.289886286	0.161987314
1426	0.226078733	0.289775148	0.162382319
1427	0.226104533	0.289844217	0.16236485
1428	0.225706467	0.289843701	0.161569232
1429	0.2254178	0.289619639	0.161215961
1430	0.225192267	0.289148808	0.161235726
1431	0.224962	0.288817561	0.161106439
1432	0.225004933	0.288886919	0.161122948
1433	0.2248738	0.288739039	0.161008561
1434	0.224179067	0.287880772	0.160477361
1435	0.223571467	0.287063984	0.160078949
1436	0.223289733	0.286565158	0.160014309
1437	0.2230906	0.286251749	0.159929451
1438	0.222918067	0.286159999	0.159676134
1439	0.222839933	0.28614	0.159539867
1440	0.223098467	0.286364966	0.159831967
1441	0.223315533	0.28662254	0.160008527
1442	0.223445	0.287118361	0.159771639
1443	0.223545667	0.287522822	0.159568512
1444	0.2235356	0.287528372	0.159542828
1445	0.2234946	0.287471764	0.159517436
1446	0.223636267	0.287613963	0.15965857
1447	0.2237772	0.287760843	0.159793557
1448	0.223553533	0.287387614	0.159719453
1449	0.223348	0.287050745	0.159645255
1450	0.223555733	0.287350193	0.159761274
1451	0.2237746	0.287665143	0.159884057
1452	0.224113467	0.288146403	0.16008053
1453	0.224412	0.288573181	0.160250819
1454	0.224538067	0.288724037	0.160352096
1455	0.224643867	0.28885566	0.160432073
1456	0.224694133	0.289011744	0.160376522
1457	0.224766	0.289187988	0.160344012
1458	0.224847933	0.289349839	0.160346028
1459	0.224925467	0.289486935	0.160363998
1460	0.225081667	0.289643102	0.160520232
1461	0.2252254	0.289799444	0.160651356
1462	0.2253024	0.289944687	0.160660113
1463	0.225370733	0.290101174	0.160640292
1464	0.2254238	0.290121001	0.160726599
1465	0.225470667	0.29007027	0.160871063
1466	0.225498133	0.290044871	0.160951396
1467	0.225535667	0.290096771	0.160974563
1468	0.2257264	0.29034285	0.16110995
1469	0.226036667	0.290694939	0.161378394
1470	0.226362	0.291199182	0.161524818
1471	0.226732467	0.291868172	0.161596762
1472	0.227108133	0.292263688	0.161952578
1473	0.227531333	0.292486367	0.162576299
1474	0.2280286	0.293018631	0.163038569
1475	0.228590867	0.293826989	0.163354744
1476	0.2290274	0.294431462	0.163623338
1477	0.229363267	0.29486537	0.163861163
1478	0.229810867	0.295375388	0.164246345
1479	0.2303448	0.29590474	0.16478486
1480	0.230790867	0.296388482	0.165193251
1481	0.231121867	0.296813948	0.165429785
1482	0.2315012	0.297295788	0.165706612
1483	0.231933067	0.297799151	0.166066982
1484	0.232409267	0.298344193	0.166474341
1485	0.232974867	0.299053522	0.166896211
1486	0.233505733	0.299730727	0.16728074
1487	0.2340564	0.300388954	0.167723846
1488	0.234578333	0.300985024	0.168171643
1489	0.235152933	0.30161337	0.168692496
1490	0.235666467	0.302207902	0.169125031
1491	0.236164467	0.302859747	0.169469186
1492	0.2365864	0.303401426	0.169771374
1493	0.2371248	0.304053961	0.170195639
1494	0.2376548	0.304672224	0.170637376
1495	0.238217667	0.305280693	0.171154641
1496	0.238745667	0.305882776	0.171608557
1497	0.2393002	0.306584039	0.172016361
1498	0.239819133	0.307220747	0.17241752
1499	0.240220667	0.307682802	0.172758531
1500	0.240651133	0.30818531	0.173116956
1501	0.241217933	0.308827716	0.17360815
1502	0.241772133	0.309448933	0.174095334
1503	0.242325	0.310055999	0.174594001
1504	0.2428522	0.310637126	0.175067274
1505	0.2434344	0.311332821	0.175535979
1506	0.244019467	0.31203707	0.176001863
1507	0.244536333	0.312639444	0.176433223
1508	0.245046467	0.313227464	0.176865469
1509	0.245668467	0.313927136	0.177409797
1510	0.246250133	0.314580798	0.177919469
1511	0.246723	0.315089856	0.178356144
1512	0.247154133	0.315543183	0.178765083
1513	0.247631933	0.316071338	0.179192529
1514	0.248128733	0.316631428	0.179626039
1515	0.248588867	0.317162166	0.180015568
1516	0.249066133	0.317717336	0.18041493
1517	0.249534133	0.318265495	0.180802771
1518	0.249998133	0.318802696	0.181193571
1519	0.2504344	0.319272194	0.181596606
1520	0.250885867	0.319764733	0.182007001
1521	0.251379533	0.320302431	0.182456636
1522	0.251883067	0.32085637	0.182909763
1523	0.2523534	0.321427121	0.183279679
1524	0.252806533	0.321980465	0.183632601
1525	0.253318133	0.322550694	0.184085573
1526	0.2538048	0.323082011	0.184527589
1527	0.254257867	0.323576151	0.184939582
1528	0.254698533	0.324056111	0.185340956
1529	0.255167467	0.324586622	0.185748311
1530	0.255604733	0.325081845	0.186127622
1531	0.256030067	0.325542695	0.186517439
1532	0.256457	0.326002054	0.186911946
1533	0.256872933	0.326466015	0.187279852
1534	0.257317933	0.326971974	0.187663893
1535	0.257739667	0.327438267	0.188041067
1536	0.258123333	0.327851757	0.188394909
1537	0.258543133	0.328288735	0.188797532
1538	0.258968267	0.328724519	0.189212015
1539	0.259347	0.329131063	0.189562937
1540	0.2597376	0.329562055	0.189913145
1541	0.2601144	0.329990116	0.190238684
1542	0.260475133	0.330401583	0.190548683
1543	0.260893	0.330832267	0.190953733
1544	0.2613112	0.331253443	0.191368957
1545	0.261682133	0.33163079	0.191733477
1546	0.2620296	0.331976401	0.192082799
1547	0.262375867	0.332319001	0.192432732
1548	0.2627208	0.332661808	0.192779792
1549	0.263024	0.332959448	0.193088552
1550	0.263322533	0.333256275	0.193388791
1551	0.263618267	0.33358862	0.193647914
1552	0.2639178	0.333940661	0.193894939
1553	0.264249133	0.334276134	0.194222133
1554	0.264585867	0.334594686	0.194577048
1555	0.264884667	0.334890158	0.194879175
1556	0.265168533	0.335178969	0.195158098
1557	0.265541333	0.335586036	0.195496631
1558	0.2659714	0.336068108	0.195874692
1559	0.2663122	0.336418717	0.196205683
1560	0.2666434	0.336744604	0.196542196
1561	0.267019533	0.337162791	0.196876276
1562	0.267397867	0.337606	0.197189733
1563	0.267788867	0.338037655	0.197540078
1564	0.268144467	0.338408727	0.197880206
1565	0.2685506	0.3388594	0.1982418
1566	0.268947933	0.339308097	0.198587769
1567	0.2693204	0.339754928	0.198885872
1568	0.269629267	0.340136506	0.199122027
1569	0.269974933	0.34050323	0.199446636
1570	0.270304133	0.340815566	0.1997927
1571	0.270603533	0.341128169	0.200078898
1572	0.270922733	0.341485025	0.200360442
1573	0.271297533	0.341895649	0.200699418
1574	0.271700867	0.34233401	0.201067723
1575	0.272059067	0.342727659	0.201390474
1576	0.272387867	0.343093523	0.20168221
1577	0.272734267	0.343491812	0.201976721
1578	0.273065467	0.343872323	0.20225861
1579	0.2734348	0.34428325	0.20258635
1580	0.273756533	0.344626278	0.202886788
1581	0.2740934	0.344991038	0.203195762
1582	0.274401933	0.345320642	0.203483224
1583	0.274693533	0.345627451	0.203759615
1584	0.274972133	0.345919981	0.204024286
1585	0.275284667	0.346259239	0.204310094
1586	0.275568	0.346562253	0.204573747
1587	0.27591	0.346938232	0.204881768
1588	0.2762936	0.347368861	0.205218339
1589	0.2766272	0.347758287	0.205496113
1590	0.276933067	0.348124695	0.205741438
1591	0.2772602	0.348512278	0.206008122
1592	0.2775704	0.348873777	0.206267023
1593	0.277877533	0.34920523	0.206549836
1594	0.2781312	0.349452165	0.206810235
1595	0.278494133	0.349835523	0.207152743
1596	0.278918933	0.350295422	0.207542445
1597	0.279307667	0.350713623	0.20790171
1598	0.279628533	0.351046981	0.208210086
1599	0.279941	0.351381686	0.208500314
1600	0.280214	0.351675859	0.208752141
1601	0.280520533	0.351994306	0.209046761
1602	0.280804533	0.352275541	0.209333526
1603	0.28108	0.352598901	0.209561099
1604	0.2813328	0.35292286	0.20974274
1605	0.2816168	0.353223044	0.210010556
1606	0.281893533	0.353478763	0.210308303
1607	0.282161	0.353770457	0.210551543
1608	0.282375867	0.354021281	0.210730452
1609	0.282623667	0.35428646	0.210960873
1610	0.282841133	0.354500379	0.211181887
1611	0.283075067	0.354742238	0.211407895
1612	0.283273533	0.354944161	0.211602906
1613	0.283496333	0.355186431	0.211806235
1614	0.283686867	0.355394716	0.211979017
1615	0.283903533	0.355608559	0.212198508
1616	0.284117333	0.355803364	0.212431303
1617	0.284307133	0.355991078	0.212623188
1618	0.2845288	0.356231164	0.212826436
1619	0.284659467	0.356339559	0.212979374
1620	0.284747333	0.356386008	0.213108658
1621	0.2848192	0.356469399	0.213169001
1622	0.284925333	0.356620755	0.213229912
1623	0.285061067	0.356807818	0.213314315
1624	0.285209333	0.357009665	0.213409002
1625	0.285292267	0.357039575	0.213544959
1626	0.28539	0.357052617	0.213727383
1627	0.285468467	0.357119471	0.213817463
1628	0.285579733	0.357256199	0.213903267
1629	0.2855904	0.357267132	0.213913668
1630	0.285605533	0.357284167	0.2139269
1631	0.285715733	0.357395645	0.214035822
1632	0.285827667	0.357501023	0.214154311
1633	0.285895	0.35756458	0.21422542
1634	0.285941067	0.357605516	0.214276618
1635	0.285982133	0.357630036	0.21433423
1636	0.285992733	0.357613324	0.214372143
1637	0.2860126	0.357607734	0.214417466
1638	0.285999533	0.357560371	0.214438695
1639	0.286095333	0.357665047	0.21452562
1640	0.286178267	0.357757988	0.214598545
1641	0.28626	0.357860839	0.214659161
1642	0.286344467	0.357967697	0.214721237
1643	0.2863026	0.357944934	0.214660266
1644	0.286203	0.357855671	0.214550329
1645	0.286152667	0.357775473	0.214529861
1646	0.286076267	0.357654556	0.214497977
1647	0.28602	0.357563685	0.214476315
1648	0.2859644	0.357475249	0.214453551
1649	0.285826733	0.357353677	0.21429979
1650	0.285650933	0.357191576	0.21411029
1651	0.2854312	0.356924843	0.213937557
1652	0.285208067	0.356648228	0.213767905
1653	0.284902333	0.356300045	0.213504621
1654	0.284620867	0.355984222	0.213257511
1655	0.284439733	0.355825583	0.213053884
1656	0.284230067	0.355634685	0.212825448
1657	0.2838574	0.355216104	0.212498696
1658	0.283488267	0.354798381	0.212178153
1659	0.283253667	0.354476859	0.212030474
1660	0.2829796	0.354107491	0.211851709
1661	0.2825914	0.353652072	0.211530728
1662	0.282230267	0.353232671	0.211227863
1663	0.281857333	0.352789417	0.21092525
1664	0.281511867	0.352386282	0.210637451
1665	0.281117933	0.351977582	0.210258284
1666	0.2807504	0.351594311	0.209906489
1667	0.2804028	0.351167604	0.209637996
1668	0.2800404	0.350721229	0.209359571
1669	0.279621067	0.350211237	0.209030897
1670	0.279185533	0.349686916	0.208684151
1671	0.278702933	0.349131103	0.208274764
1672	0.278261	0.348637205	0.207884795
1673	0.277965533	0.348357966	0.2075731
1674	0.277603467	0.347977881	0.207229052
1675	0.2771412	0.34741597	0.20686643
1676	0.276662667	0.346845253	0.20648008
1677	0.276108333	0.346212984	0.206003683
1678	0.275543533	0.34558049	0.205506577
1679	0.274979133	0.344975399	0.204982868
1680	0.2743516	0.34430159	0.20440161
1681	0.273657467	0.343573466	0.203741467
1682	0.272914067	0.342779176	0.203048957
1683	0.272101	0.341890726	0.202311274
1684	0.271245067	0.34094707	0.201543064
1685	0.270374	0.33997701	0.20077099
1686	0.269484933	0.339004848	0.199965018
1687	0.268579733	0.338034082	0.199125384
1688	0.267612	0.336974334	0.198249666
1689	0.266591267	0.335839072	0.197343461
1690	0.265521333	0.334665441	0.196377226
1691	0.264445067	0.333506856	0.195383277
1692	0.263412067	0.332326089	0.194498045
1693	0.262459267	0.331173578	0.193744956
1694	0.261459267	0.329994582	0.192923951
1695	0.260428667	0.328816244	0.192041089
1696	0.259353533	0.32758332	0.191123747
1697	0.258229467	0.326279831	0.190179102
1698	0.257026667	0.324897618	0.189155716
1699	0.2557886	0.323485654	0.188091546
1700	0.254546133	0.322038759	0.187053508
1701	0.253335	0.320620387	0.186049613
1702	0.2520674	0.319120905	0.185013895
1703	0.2508036	0.317610046	0.183997154
1704	0.2495072	0.316071645	0.182942755
1705	0.248153	0.314479827	0.181826173
1706	0.2468502	0.312955096	0.180745304
1707	0.245502	0.311368524	0.179635476
1708	0.244222133	0.309864414	0.178579852
1709	0.2428944	0.30830579	0.17748301
1710	0.2416514	0.306820377	0.176482423
1711	0.240421067	0.305340709	0.175501425
1712	0.239264267	0.303978559	0.174549974
1713	0.238091267	0.302601732	0.173580802
1714	0.237020067	0.301296247	0.172743886
1715	0.235927333	0.299961511	0.171893156
1716	0.234892467	0.298680737	0.171104196
1717	0.233814133	0.297342836	0.17028543
1718	0.232587067	0.295931546	0.169242588
1719	0.231368733	0.294532199	0.168205268
1720	0.230098467	0.29294825	0.167248683
1721	0.228780933	0.291307769	0.166254098
1722	0.2273466	0.289596142	0.165097058
1723	0.225877933	0.287852479	0.163903388
1724	0.224510867	0.286182894	0.16283884
1725	0.2232262	0.284597062	0.161855338
1726	0.222140933	0.283239563	0.161042304
1727	0.221090133	0.281931283	0.160248983
1728	0.220181867	0.280817727	0.159546006
1729	0.2193918	0.279871493	0.158912107
1730	0.219026133	0.279509089	0.158543177
1731	0.218947267	0.279471562	0.158422971
1732	0.219433333	0.280070369	0.158796298
1733	0.220190533	0.280975861	0.159405206
1734	0.221379	0.282350742	0.160407258
1735	0.222709533	0.283967264	0.161451803
1736	0.224175933	0.285826532	0.162525335
1737	0.225747733	0.287789225	0.163706242
1738	0.227413467	0.289857436	0.164969497
1739	0.229035933	0.291864803	0.166207064
1740	0.230610333	0.293809553	0.167411114
1741	0.232018933	0.295503557	0.168534309
1742	0.2333378	0.297040405	0.169635195
1743	0.234298067	0.298231735	0.170364398
1744	0.2350282	0.299206952	0.170849448
1745	0.235668	0.300013256	0.171322744
1746	0.236290533	0.300774534	0.171806533
1747	0.2367124	0.301297679	0.172127121
1748	0.237073667	0.301751276	0.172396057
1749	0.2372056	0.301947141	0.172464059
1750	0.2372768	0.302061054	0.172492546
1751	0.2372076	0.302002447	0.172412753
1752	0.23709	0.30189355	0.17228645
1753	0.236609067	0.301258603	0.17195953
1754	0.2361068	0.300592246	0.171621354
1755	0.2356248	0.300092117	0.171157483
1756	0.235157733	0.29961631	0.170699157
1757	0.234634933	0.298995452	0.170274415
1758	0.234122133	0.29838052	0.169863746
1759	0.233505267	0.297623435	0.169387099
1760	0.2329118	0.296917322	0.168906278
1761	0.232555	0.296567546	0.168542454
1762	0.232199933	0.296206549	0.168193318
1763	0.232025333	0.295966795	0.168083871
1764	0.231909	0.295809767	0.168008233
1765	0.2320018	0.295902915	0.168100685
1766	0.232214267	0.296145382	0.168283152
1767	0.232564933	0.29663623	0.168493637
1768	0.232974133	0.297182506	0.168765761
1769	0.2335496	0.297863797	0.169235403
1770	0.2342142	0.298571959	0.169856441
1771	0.234941467	0.299274187	0.170608747
1772	0.235624933	0.300084504	0.171165363
1773	0.2363066	0.301015139	0.171598061
1774	0.237016667	0.30188994	0.172143393
1775	0.237751533	0.30277866	0.172724406
1776	0.238267733	0.303445108	0.173090359
1777	0.238631667	0.303924937	0.173338396
1778	0.239009467	0.304376744	0.173642189
1779	0.239423733	0.304841292	0.174006174
1780	0.2397892	0.305290148	0.174288252
1781	0.240067333	0.305670962	0.174463704
1782	0.24026	0.305967262	0.174552738
1783	0.240422867	0.306230241	0.174615492
1784	0.240567467	0.306292997	0.174841936
1785	0.2407358	0.306331304	0.175140296
1786	0.241056333	0.306683819	0.175428848
1787	0.241379467	0.307035364	0.17572357
1788	0.241579	0.307270446	0.175887554
1789	0.241713867	0.307454446	0.175973287
1790	0.241668733	0.307371382	0.175966084
1791	0.241646867	0.307362659	0.175931074
1792	0.241876067	0.307618263	0.17613387
1793	0.2420792	0.307795013	0.176363387
1794	0.241947067	0.307576063	0.17631807
1795	0.241687	0.307232602	0.176141398
1796	0.241313533	0.306964925	0.175662141
1797	0.241062	0.306762498	0.175361502
1798	0.241261867	0.306683224	0.17584051
1799	0.241339533	0.306542771	0.176136296
1800	0.240692933	0.305838636	0.17554723
1801	0.224144267	0.293776699	0.154511834
1802	0.219418133	0.291361279	0.147474988
1803	0.220301667	0.291313026	0.149290308
1804	0.221885867	0.29190204	0.151869694
1805	0.2251722	0.297986782	0.152357618
1806	0.230435533	0.309230803	0.151640264
1807	0.2338846	0.310699996	0.157069204
1808	0.234928867	0.304160608	0.165697125
1809	0.235272	0.307509737	0.163034263
1810	0.240640067	0.323348008	0.157932125
1811	0.250903067	0.338509065	0.163297068
1812	0.263490333	0.355483493	0.171497174
1813	0.268595467	0.369990278	0.167200655
1814	0.246290867	0.346778275	0.145803458
1815	0.208693267	0.300047766	0.117338767
1816	0.1899026	0.278508514	0.101296686
1817	0.191944133	0.293849734	0.090038532
1818	0.187292333	0.294898754	0.079685913
1819	0.1782518	0.27055317	0.08595043
1820	0.186415467	0.278464502	0.094366432
1821	0.203912733	0.304933133	0.102892333
1822	0.215393	0.327503338	0.103282662
1823	0.2268388	0.380638338	0.073039262
1824	0.2686786	0.504682969	0.032674231
1825	0.335245467	0.616216022	0.054274912
1826	0.354575467	0.664533332	0.044617602
1827	0.3667128	0.687476162	0.045949438
1828	0.431410267	0.847435645	0.015384889
1829	0.5153044	1.042920311	-0.012311511
1830	0.516701333	0.974728673	0.058673994
1831	0.423817933	0.755414914	0.092220953
1832	0.413075467	0.779386144	0.04676479
1833	0.6351714	1.541818817	-0.271476017
1834	1.273324467	3.247721085	-0.701072152
1835	2.5208298	6.671450321	-1.629790721
1836	5.717410467	14.83838161	-3.40356068
1837	9.9583788	25.05321464	-5.13645704
1838	6.589315667	15.47706875	-2.298437421
1839	5.162973067	11.15400771	-0.828061574
1840	10.20681867	21.29767388	-0.884036552
1841	0	0	0
1842	0	0	0
1843	0	0	0
1844	0	0	0
1845	0	0	0
1846	3.064628067	7.045133375	-0.915877242
1847	1.155873467	2.559229817	-0.247482884
1848	0.717786533	1.567187985	-0.131614918
1849	0.4126816	0.942572694	-0.117209494
1850	0.268007933	0.695734899	-0.159719033
1851	0.590728267	1.565604572	-0.384148039
1852	4.593657333	9.738244229	-0.550929563
1853	0	0	0
1854	0	0	0
1855	0	0	0
1856	0	0	0
1857	0	0	0
1858	0	0	0
1859	0	0	0
1860	0	0	0
1861	0	0	0
1862	0	0	0
1863	0	0	0
1864	0	0	0
1865	0	0	0
1866	109.4231019	246.6531722	-27.80696843
1867	21.38122087	48.59999421	-5.837552473
1868	12.97135293	30.03730809	-4.094602228
1869	21.36982927	49.70966808	-6.97000955
1870	77.155895	182.0312346	-27.7194446
1871	0	0	0
1872	0	0	0
1873	3.705649133	8.853423532	-1.442125266
1874	1.240380133	2.71171436	-0.230954094
1875	0.7278628	1.613447206	-0.157721606
1876	0.431389533	0.969026738	-0.106247671
1877	0.290345267	0.704704008	-0.124013475
1878	0.313848467	0.795061299	-0.167364365
1879	0.292494533	0.743237733	-0.158248666
1880	0.400303067	0.996124107	-0.195517973
1881	1.378548933	3.143191462	-0.386093595
1882	79.45911033	173.7320862	-14.81386555
1883	0	0	0
1884	32.38829633	82.85338828	-18.07679562
1885	0.847151333	1.806482769	-0.112180102
1886	0.377921267	0.710123393	0.045719141
1887	0.351985933	0.663404402	0.040567464
1888	0.4773644	0.910747809	0.043980991
1889	0.600511133	1.175727729	0.025294538
1890	0.4608072	0.93917922	-0.01756482
1891	0.399324067	0.955581356	-0.156933222
1892	0.565235533	1.275311689	-0.144840623
1893	0.838592267	1.905389486	-0.228204952
1894	1.1376634	2.39399003	-0.11866323
1895	1.569681667	3.279602099	-0.140238766
1896	0.8824142	1.886351404	-0.121523004
1897	0.367160867	0.841052484	-0.106730751
1898	0.316193133	0.756876894	-0.124490628
1899	0.571429	1.266625732	-0.123767732
1900	1.118272067	2.579311429	-0.342767296
1901	1.698736667	3.761519647	-0.364046314
1902	3.645182733	8.370209298	-1.079843832
1903	1.150431533	2.156145169	0.144717898
1904	0.879912733	1.62305659	0.136768877
1905	0.718594933	1.331550817	0.10563905
1906	0.5507522	1.173261901	-0.071757501
1907	0.514199467	1.194245843	-0.16584691
1908	0.533752933	1.202504677	-0.13499881
1909	0.560591733	1.198228467	-0.077045
1910	0.666580133	1.22349107	0.109669197
1911	0.788082467	1.454117661	0.122047272
1912	0.487941667	0.891924926	0.083958407
1913	0.316925467	0.591039703	0.04281123
1914	0.305025733	0.536575185	0.073476281
1915	0.338765933	0.649115336	0.028416531
1916	0.347557467	0.648611398	0.046503535
1917	0.319580467	0.549437	0.089723934
1918	0.280827467	0.484800635	0.076854298
1919	0.249915	0.468384958	0.031445042
1920	0.221613067	0.463028445	-0.019802311
1921	0.201268533	0.365210716	0.03732635
1922	0.185404	0.319999117	0.050808883
1923	0.143829333	0.232584312	0.055074355
1924	0.1130358	0.20400833	0.02206327
1925	0.121417133	0.230129603	0.012704664
1926	0.144811467	0.285214221	0.004408712
1927	0.156418867	0.29536643	0.017471303
1928	0.153957533	0.276630729	0.031284338
1929	0.145473467	0.260264445	0.030682488
1930	0.128738467	0.230540809	0.026936124
1931	0.118792533	0.217508172	0.020076894
1932	0.120749	0.196730459	0.044767541
1933	0.1221482	0.184683445	0.059612955
1934	0.143858867	0.198040007	0.089677726
1935	0.165451067	0.224392262	0.106509872
1936	0.1724928	0.231670625	0.113314975
1937	0.1725892	0.232201753	0.112976647
1938	0.179413467	0.242958426	0.115868507
1939	0.190518333	0.261245995	0.119790671
1940	0.193167067	0.269074136	0.117259997
1941	0.182582867	0.255469519	0.109696215
1942	0.174584733	0.248497395	0.100672071
1943	0.169676133	0.23868959	0.100662677
1944	0.165622867	0.232474255	0.098771479
1945	0.163799267	0.226367378	0.101231155
1946	0.162067533	0.22043684	0.103698227
1947	0.163777733	0.220655882	0.106899584
1948	0.167458867	0.225948985	0.108968748
1949	0.170566133	0.230533991	0.110598276
1950	0.173123867	0.23358179	0.112665943
1951	0.1758526	0.237486207	0.114218993
1952	0.17982	0.240866653	0.118773347
1953	0.183635133	0.244722183	0.122548083
1954	0.1822302	0.243617052	0.120843348
1955	0.180833933	0.243484404	0.118183463
1956	0.178262067	0.240469544	0.11605459
1957	0.175751	0.237384033	0.114117967
1958	0.1760994	0.237044961	0.115153839
1959	0.178158667	0.238471395	0.117845939
1960	0.180039867	0.24004825	0.120031484
1961	0.181909733	0.241878511	0.121940956
1962	0.1833558	0.243501588	0.123210012
1963	0.184096867	0.244656062	0.123537672
1964	0.184721733	0.245709397	0.123734069
1965	0.18462	0.2452317	0.1240083
1966	0.1844998	0.244803485	0.124196115
1967	0.1849072	0.244393789	0.125420611
1968	0.185419	0.244065748	0.126772252
1969	0.1856176	0.243981053	0.127254147
1970	0.185606	0.244165266	0.127046734
1971	0.185886867	0.244886013	0.12688772
1972	0.1867064	0.246436088	0.126976712
1973	0.187404067	0.247743685	0.127064449
1974	0.187751933	0.248333515	0.127170352
1975	0.188045667	0.248876828	0.127214506
1976	0.1879782	0.248423612	0.127532788
1977	0.1878602	0.247914719	0.127805681
1978	0.187725067	0.247677605	0.127772528
1979	0.1876058	0.247586472	0.127625128
1980	0.187743467	0.248034535	0.127452398
1981	0.188121467	0.248971493	0.12727144
1982	0.1884494	0.24961581	0.12728299
1983	0.188774133	0.249861856	0.127686411
1984	0.1890794	0.250050687	0.128108113
1985	0.1893234	0.250038866	0.128607934
1986	0.189544533	0.250044539	0.129044528
1987	0.189861467	0.250650053	0.129072881
1988	0.1902406	0.251320338	0.129160862
1989	0.190376667	0.251760478	0.128992855
1990	0.1904238	0.252164054	0.128683546
1991	0.190138867	0.25202959	0.128248143
1992	0.189480533	0.251329771	0.127631296
1993	0.189084067	0.250918107	0.127250026
1994	0.1892574	0.251050084	0.127464716
1995	0.189242733	0.250956632	0.127528835
1996	0.188452333	0.250135715	0.126768952
1997	0.187537667	0.249230891	0.125844442
1998	0.1874338	0.249365399	0.125502201
1999	0.187386467	0.24961009	0.125162843
2000	0.188548467	0.251027039	0.126069894
2001	0.190377933	0.25348156	0.127274306
2002	0.191304533	0.254974068	0.127634999
2003	0.1913486	0.255226167	0.127471033
2004	0.191176467	0.254832538	0.127520395
2005	0.189937333	0.252388821	0.127485846
2006	0.188515	0.250043628	0.126986372
2007	0.1882622	0.250223866	0.126300534
2008	0.188038133	0.250623777	0.12545249
2009	0.188969333	0.252479857	0.125458809
2010	0.189992867	0.254589672	0.125396061
2011	0.191081267	0.256833445	0.125329089
2012	0.191804933	0.258324117	0.12528575
2013	0.1923628	0.258139695	0.126585905
2014	0.193284667	0.257999477	0.128569856
2015	0.194495667	0.258359261	0.130632073
2016	0.1953764	0.258922382	0.131830418
2017	0.196049267	0.25937769	0.132720843
2018	0.196135	0.25905988	0.13321012
2019	0.195888133	0.258443786	0.13333248
2020	0.194946733	0.257099265	0.132794202
2021	0.1942054	0.256094592	0.132316208
2022	0.194629333	0.256760678	0.132497989
2023	0.1951178	0.257404288	0.132831312
2024	0.1953326	0.257468113	0.133197087
2025	0.195352533	0.257372314	0.133332753
2026	0.1952904	0.257126289	0.133454511
2027	0.1953912	0.257043942	0.133738458
2028	0.1955472	0.257120043	0.133974357
2029	0.195587	0.257030369	0.134143631
2030	0.195539867	0.256896645	0.134183089
2031	0.1951678	0.256850309	0.133485291
2032	0.194836867	0.256826286	0.132847447
2033	0.194697867	0.256830441	0.132565293
2034	0.1945722	0.256838963	0.132305437
2035	0.1950584	0.257486501	0.132630299
2036	0.1957248	0.258345205	0.133104395
2037	0.195984733	0.258696923	0.133272543
2038	0.196103667	0.25873096	0.133476373
2039	0.1959878	0.258287448	0.133688152
2040	0.195480667	0.257470453	0.13349088
2041	0.195228533	0.25701954	0.133437527
2042	0.195282	0.256932893	0.133631107
2043	0.195163267	0.256719267	0.133607266
2044	0.194619	0.25618182	0.13305618
2045	0.1940698	0.25561374	0.13252586
2046	0.193866533	0.255463117	0.13226995
2047	0.1937176	0.255476609	0.131958591
2048	0.193947733	0.256216766	0.131678701
2049	0.194420933	0.257092345	0.131749522
2050	0.194562733	0.257265726	0.13185974
2051	0.194535	0.257368634	0.131701366
2052	0.194241733	0.257005492	0.131477974
2053	0.193722533	0.256208644	0.131236422
2054	0.1936256	0.255887142	0.131364058
2055	0.193857467	0.255869413	0.13184552
2056	0.193968467	0.255773119	0.132163815
2057	0.1937292	0.255271852	0.132186548
2058	0.193420733	0.254759455	0.132082011
2059	0.193060067	0.254263126	0.131857007
2060	0.192831667	0.253780629	0.131882704
2061	0.1935532	0.254300201	0.132806199
2062	0.1943554	0.255065733	0.133645067
2063	0.1940916	0.254615891	0.133567309
2064	0.193375133	0.253802364	0.132947903
2065	0.193045667	0.253401585	0.132689749
2066	0.1930726	0.253395057	0.132750143
2067	0.193259733	0.25360333	0.132916137
2068	0.193612333	0.25375479	0.133469876
2069	0.193918933	0.253991115	0.133846751
2070	0.193844267	0.254179404	0.13350913
2071	0.1936756	0.254250013	0.133101187
2072	0.1934616	0.254047644	0.132875556
2073	0.193277467	0.253835201	0.132719732
2074	0.192772867	0.253113808	0.132431925
2075	0.192299467	0.252566674	0.13203226
2076	0.191920533	0.252021015	0.131820052
2077	0.1915064	0.2513897	0.1316231
2078	0.191416133	0.251321513	0.131510754
2079	0.191731	0.251835691	0.131626309
2080	0.191910133	0.252225057	0.13159521
2081	0.1919568	0.252481792	0.131431808
2082	0.1921336	0.252754747	0.131512453
2083	0.192562267	0.252946676	0.132177858
2084	0.192961133	0.253202851	0.132719416
2085	0.192890667	0.253349011	0.132432322
2086	0.192699533	0.253354994	0.132044072
2087	0.192694333	0.253180421	0.132208246
2088	0.192746533	0.25293693	0.132556137
2089	0.192691133	0.252808746	0.132573521
2090	0.192615267	0.252933274	0.13229726
2091	0.1925634	0.252964571	0.132162229
2092	0.192500333	0.252989993	0.132010674
2093	0.1924446	0.252948966	0.131940234
2094	0.192129533	0.252334556	0.131924511
2095	0.192016867	0.251868413	0.13216532
2096	0.192611	0.252112073	0.133109927
2097	0.193108333	0.252414845	0.133801822
2098	0.1931374	0.2524377	0.1338371
2099	0.193076067	0.252304458	0.133847675
2100	0.1930182	0.252234241	0.133802159
2101	0.193063667	0.252367732	0.133759601
2102	0.193309333	0.252857294	0.133761372
2103	0.1934416	0.253218751	0.133664449
2104	0.193431667	0.253376004	0.133487329
2105	0.193396	0.253604202	0.133187798
2106	0.193420067	0.25376317	0.133076963
2107	0.1935144	0.253762942	0.133265858
2108	0.1937754	0.253931567	0.133619233
2109	0.194285467	0.254457708	0.134113225
2110	0.194604067	0.254866918	0.134341215
2111	0.194449933	0.255036335	0.133863531
2112	0.194189933	0.255073238	0.133306628
2113	0.193857067	0.25488848	0.132825653
2114	0.193635333	0.254810456	0.132460211
2115	0.193646067	0.254681072	0.132611061
2116	0.1936244	0.254391439	0.132857361
2117	0.1937708	0.254509631	0.133031969
2118	0.193947	0.254612518	0.133281482
2119	0.1941492	0.254527376	0.133771024
2120	0.194273533	0.254307199	0.134239867
2121	0.1941656	0.253983997	0.134347203
2122	0.1941068	0.253979824	0.134233776
2123	0.1940602	0.253954824	0.134165576
2124	0.193852	0.253925369	0.133778631
2125	0.1938034	0.254019075	0.133587725
2126	0.193921733	0.254051926	0.133791541
2127	0.193934667	0.253978816	0.133890518
2128	0.1940158	0.254055731	0.133975869
2129	0.194185133	0.254231308	0.134138959
2130	0.194231333	0.254460568	0.134002099
2131	0.194280733	0.254744846	0.133816621
2132	0.1941946	0.254515062	0.133874138
2133	0.194100333	0.254216282	0.133984385
2134	0.194233733	0.25438135	0.134086117
2135	0.194396	0.254686865	0.134105135
2136	0.194360067	0.254719008	0.134001125
2137	0.194053867	0.254326692	0.133781042
2138	0.194104267	0.254340231	0.133868303
2139	0.194342267	0.254569046	0.134115488
2140	0.194342	0.254456674	0.134227326
2141	0.1942014	0.254339018	0.134063782
2142	0.194208	0.25447996	0.13393604
2143	0.194954733	0.255257683	0.134651784
2144	0.195814467	0.256014496	0.135614437
2145	0.196127733	0.25620762	0.136047846
2146	0.1962866	0.256355858	0.136217342
2147	0.1965324	0.25670441	0.13636039
2148	0.1965972	0.256800615	0.136393785
2149	0.196682	0.256818447	0.136545553
2150	0.197100267	0.257290712	0.136909821
2151	0.197438333	0.257864629	0.137012038
2152	0.19767	0.258255718	0.137084282
2153	0.197935867	0.258742999	0.137128734
2154	0.198039333	0.259111003	0.136967664
2155	0.197960667	0.259177019	0.136744314
2156	0.197670733	0.258823991	0.136517476
2157	0.197509333	0.258612057	0.136406609
2158	0.1975906	0.258526999	0.136654201
2159	0.1977802	0.258496422	0.137063978
2160	0.198184533	0.258985413	0.137383654
2161	0.198571333	0.259656782	0.137485885
2162	0.198989333	0.260184805	0.137793862
2163	0.199402933	0.26058322	0.138222647
2164	0.199605	0.261035961	0.138174039
2165	0.199655933	0.261183014	0.138128853
2166	0.199578067	0.261114491	0.138041642
2167	0.199595733	0.261171967	0.1380195
2168	0.1997892	0.261197261	0.138381139
2169	0.200062467	0.261273688	0.138851245
2170	0.200302467	0.26147106	0.139133874
2171	0.200522533	0.261807648	0.139237418
2172	0.2007486	0.262198276	0.139298924
2173	0.2010986	0.262587872	0.139609328
2174	0.2015588	0.263120439	0.139997161
2175	0.201791267	0.263652922	0.139929611
2176	0.201847333	0.263962524	0.139732143
2177	0.201741867	0.263904689	0.139579044
2178	0.201709267	0.264018293	0.13940024
2179	0.2019116	0.264362823	0.139460377
2180	0.202249	0.264664645	0.139833355
2181	0.202770667	0.264933804	0.140607529
2182	0.202931933	0.264726831	0.141137036
2183	0.2029922	0.26463991	0.14134449
2184	0.203162267	0.264832171	0.141492363
2185	0.203131333	0.264905687	0.14135698
2186	0.2030504	0.2649384	0.1411624
2187	0.2029934	0.264864484	0.141122316
2188	0.202791133	0.264576287	0.14100598
2189	0.2027392	0.264561281	0.140917119
2190	0.2026626	0.264716592	0.140608608
2191	0.2024528	0.264685602	0.140219998
2192	0.202482267	0.264890139	0.140074395
2193	0.202669667	0.265297378	0.140041955
2194	0.202877067	0.265590957	0.140163176
2195	0.202993667	0.265729347	0.140257986
2196	0.202675133	0.26528797	0.140062296
2197	0.202310067	0.26470802	0.139912114
2198	0.202090467	0.263893736	0.140287197
2199	0.201752067	0.262918812	0.140585321
2200	0.201866933	0.262606534	0.141127333
2201	0.202214133	0.262676492	0.141751775
2202	0.202168333	0.262788715	0.141547952
2203	0.2019102	0.262976329	0.140844071
2204	0.2019616	0.263355476	0.140567724
2205	0.201900733	0.263365217	0.14043625
2206	0.201829133	0.263437549	0.140220717
2207	0.201993067	0.263823375	0.140162758
2208	0.2020504	0.26399967	0.14010113
2209	0.202357067	0.264387829	0.140326305
2210	0.2025694	0.264704099	0.140434701
2211	0.2024052	0.264531192	0.140279208
2212	0.202361533	0.264424068	0.140298999
2213	0.202441267	0.264246255	0.140636278
2214	0.2022048	0.263697813	0.140711787
2215	0.201590933	0.262947148	0.140234719
2216	0.201184867	0.262498279	0.139871454
2217	0.201382933	0.262901598	0.139864268
2218	0.2017126	0.263571441	0.139853759
2219	0.201597667	0.263727994	0.139467339
2220	0.2011576	0.26338652	0.13892868
2221	0.2006624	0.262886309	0.138438491
2222	0.200201867	0.262324053	0.13807968
2223	0.1999368	0.261843994	0.138029606
2224	0.1998164	0.261658971	0.137973829
2225	0.199505	0.261004214	0.138005786
2226	0.1991746	0.260161676	0.138187524
2227	0.198707867	0.259396309	0.138019425
2228	0.197898133	0.258267227	0.137529039
2229	0.1972062	0.257268133	0.137144267
2230	0.196696067	0.256480947	0.136911186
2231	0.196026267	0.255571504	0.13648103
2232	0.195217667	0.254627293	0.135808041
2233	0.194588933	0.253903865	0.135274001
2234	0.194046533	0.253190905	0.134902161
2235	0.193430933	0.252351304	0.134510563
2236	0.192770733	0.251620554	0.133920912
2237	0.1920314	0.251003605	0.133059195
2238	0.1915716	0.25063597	0.13250723
2239	0.1911676	0.250396923	0.131938277
2240	0.190506133	0.249567994	0.131444272
2241	0.189965133	0.248516235	0.131414032
2242	0.189110333	0.247455296	0.130765371
2243	0.1878666	0.246092847	0.129640353
2244	0.186511867	0.244355161	0.128668572
2245	0.185108	0.242545027	0.127670973
2246	0.184148133	0.241225251	0.127071016
2247	0.1834772	0.240252833	0.126701567
2248	0.182697333	0.239407463	0.125987204
2249	0.181948267	0.238481287	0.125415246
2250	0.1810858	0.237249537	0.124922063
2251	0.180193333	0.236173691	0.124212976
2252	0.179319133	0.235054821	0.123583446
2253	0.178762667	0.234054294	0.123471039
2254	0.1784166	0.233466631	0.123366569
2255	0.177904667	0.232954396	0.122854937
2256	0.1771648	0.232132958	0.122196642
2257	0.176168867	0.231278403	0.12105933
2258	0.175122133	0.230307145	0.119937122
2259	0.1739538	0.228621449	0.119286151
2260	0.172689267	0.226814371	0.118564162
2261	0.1719154	0.22559136	0.11823944
2262	0.1712422	0.2246697	0.1178147
2263	0.170275467	0.223530522	0.117020411
2264	0.1695128	0.222718599	0.116307001
2265	0.168819267	0.222206026	0.115432508
2266	0.168070733	0.221602625	0.114538842
2267	0.1672698	0.220720326	0.113819274
2268	0.166305733	0.219303164	0.113308303
2269	0.165594733	0.218139312	0.113050154
2270	0.1651792	0.217475479	0.112882921
2271	0.164838733	0.216816135	0.112861331
2272	0.1643782	0.215906671	0.112849729
2273	0.1637236	0.214959405	0.112487795
2274	0.163209333	0.21452137	0.111897297
2275	0.162679667	0.213998435	0.111360898
2276	0.1617088	0.212564085	0.110853515
2277	0.160663	0.211077535	0.110248465
2278	0.159806667	0.210075913	0.10953742
2279	0.159012533	0.209096607	0.10892846
2280	0.158311933	0.207882046	0.10874182
2281	0.157604333	0.206626684	0.108581983
2282	0.157146467	0.205664303	0.108628631
2283	0.156700333	0.204788824	0.108611843
2284	0.155749733	0.203768996	0.107730471
2285	0.154666667	0.202785999	0.106547334
2286	0.153835267	0.201925456	0.105745077
2287	0.153055533	0.201054996	0.10505607
2288	0.15223	0.199925173	0.104534827
2289	0.151379667	0.198582339	0.104176995
2290	0.150432067	0.197080142	0.103783991
2291	0.1494258	0.195363451	0.103488149
2292	0.148094867	0.193546355	0.102643379
2293	0.146498933	0.191890884	0.101106982
2294	0.144977933	0.19019752	0.099758347
2295	0.1436882	0.188526747	0.098849653
2296	0.1424368	0.186844246	0.098029354
2297	0.140968933	0.184833982	0.097103884
2298	0.139501	0.182898318	0.096103682
2299	0.138082267	0.180600184	0.095564349
2300	0.136664	0.178359208	0.094968792
2301	0.1350604	0.17630416	0.09381664
2302	0.133375067	0.17418938	0.092560753
2303	0.131685933	0.17240073	0.090971137
2304	0.130186333	0.170966411	0.089406255
2305	0.1294182	0.170058316	0.088778084
2306	0.128752533	0.16920358	0.088301487
2307	0.127712667	0.16791738	0.087507953
2308	0.1266304	0.166586866	0.086673934
2309	0.125991333	0.165704566	0.0862781
2310	0.125599133	0.165037354	0.086160913
2311	0.125786667	0.165160111	0.086413222
2312	0.126188933	0.165761927	0.08661594
2313	0.127173133	0.16699141	0.087354857
2314	0.1283632	0.168510695	0.088215705
2315	0.130080133	0.171161115	0.088999151
2316	0.132058267	0.174209681	0.089906852
2317	0.1337774	0.176537321	0.091017479
2318	0.1354244	0.178538101	0.092310699
2319	0.1374972	0.180844351	0.094150049
2320	0.139426933	0.18299687	0.095856997
2321	0.1411608	0.185204697	0.097116903
2322	0.1429384	0.187361573	0.098515227
2323	0.144447333	0.189273426	0.09962124
2324	0.145222467	0.190408089	0.100036844
2325	0.145875933	0.191378783	0.100373084
2326	0.146449267	0.191954267	0.100944266
2327	0.146955933	0.192493276	0.101418591
2328	0.146947667	0.192503602	0.101391731
2329	0.146841533	0.19242261	0.101260457
2330	0.1467834	0.192793095	0.100773705
2331	0.146848	0.193250334	0.100445666
2332	0.1466336	0.193117581	0.100149619
2333	0.1461178	0.192735996	0.099499604
2334	0.1452098	0.191889464	0.098530136
2335	0.144287933	0.19099161	0.097584256
2336	0.1432032	0.189582671	0.096823729
2337	0.142245267	0.188136602	0.096353931
2338	0.141527133	0.186959146	0.096095121
2339	0.140744133	0.185776371	0.095711896
2340	0.140510933	0.1847956	0.096226267
2341	0.140027867	0.183313648	0.096742085
2342	0.138930667	0.181654569	0.096206764
2343	0.137934	0.180507383	0.095360617
2344	0.136994	0.179576143	0.094411857
2345	0.136368267	0.178874117	0.093862417
2346	0.135912467	0.178612796	0.093212137
2347	0.135076	0.178188494	0.091963506
2348	0.134058133	0.176944746	0.091171521
2349	0.132968133	0.175094009	0.090842258
2350	0.132133333	0.173443556	0.090823111
2351	0.132024133	0.172763008	0.091285258
2352	0.132516	0.173147586	0.091884414
2353	0.133030267	0.174161085	0.091899448
2354	0.133496133	0.175372191	0.091620076
2355	0.134485667	0.177147699	0.091823635
2356	0.135378733	0.178890887	0.09186658
2357	0.136275533	0.180522891	0.092028176
2358	0.136908867	0.181593375	0.092224358
2359	0.136881667	0.181507904	0.092255429
2360	0.1370148	0.181576212	0.092453388
2361	0.1371194	0.181348972	0.092889828
2362	0.137303333	0.181226604	0.093380062
2363	0.137641333	0.181539012	0.093743655
2364	0.137616733	0.181481338	0.093752129
2365	0.1373388	0.181009871	0.093667729
2366	0.137444133	0.180999135	0.093889131
2367	0.137653067	0.180761239	0.094544895
2368	0.137613933	0.180252118	0.094975749
2369	0.137856	0.180642308	0.095069692
2370	0.138170133	0.181301555	0.095038711
2371	0.137543467	0.181049725	0.094037208
2372	0.1368834	0.180878231	0.092888569
2373	0.137330533	0.181626023	0.093035044
2374	0.1379024	0.182464211	0.093340589
2375	0.1385568	0.183678705	0.093434895
2376	0.1390764	0.184724842	0.093427958
2377	0.1381608	0.183630674	0.092690926
2378	0.137170667	0.182686867	0.091654467
2379	0.136435733	0.18130687	0.091564597
2380	0.135982333	0.180103946	0.091860721
2381	0.135264533	0.178020887	0.09250818
2382	0.1336308	0.174245922	0.093015678
2383	0.132479533	0.171966891	0.092992176
2384	0.131555933	0.170475302	0.092636565
2385	0.1309276	0.169921184	0.091934016
2386	0.131160667	0.170909931	0.091411403
2387	0.131085067	0.171515108	0.090655025
2388	0.1310392	0.172363108	0.089715292
2389	0.131238867	0.173303161	0.089174572
2390	0.131304733	0.1734912	0.089118266
2391	0.131844267	0.173894704	0.089793829
2392	0.1324958	0.17449365	0.09049795
2393	0.132438867	0.174574043	0.090303691
2394	0.131716267	0.173680671	0.089751862
2395	0.1312858	0.173536632	0.089034968
2396	0.1316794	0.1746789	0.0886799
2397	0.1318234	0.175018914	0.088627886
2398	0.130708067	0.173749002	0.087667132
2399	0.129627267	0.172734865	0.086519668
2400	0.129040933	0.172151069	0.085930798
2401	0.128811733	0.17203133	0.085592137
2402	0.130069733	0.172973562	0.087165905
2403	0.131083867	0.173486217	0.088681517
2404	0.130829867	0.172087137	0.089572596
2405	0.130621	0.170748994	0.090493006
2406	0.130116133	0.171124072	0.089108194
2407	0.129411533	0.171742058	0.087081009
2408	0.128510933	0.171018557	0.086003309
2409	0.1277276	0.170799316	0.084655884
2410	0.128439467	0.172643519	0.084235414
2411	0.129709933	0.17459135	0.084828517
2412	0.1313354	0.175968799	0.086702001
2413	0.132646867	0.177299054	0.087994679
2414	0.132334467	0.175340891	0.089328042
2415	0.131539667	0.172790716	0.090288618
2416	0.129926667	0.171316736	0.088536598
2417	0.128843333	0.171231377	0.08645529
2418	0.128069733	0.169693658	0.086445809
2419	0.126616733	0.167752795	0.085480672
2420	0.124899333	0.167280199	0.082518468
2421	0.123454867	0.166552244	0.080357489
2422	0.123726867	0.165955647	0.081498086
2423	0.124359733	0.166089412	0.082630054
2424	0.125126333	0.16624696	0.084005706
2425	0.126243333	0.166700682	0.085785985
2426	0.125989733	0.165561354	0.086418112
2427	0.125003933	0.16424926	0.085758606
2428	0.125435667	0.164748724	0.086122609
2429	0.126279733	0.165988149	0.086571318
2430	0.126508733	0.167758689	0.085258778
2431	0.126085267	0.169095516	0.083075017
2432	0.125380933	0.168657009	0.082104858
2433	0.125611267	0.169310552	0.081911981
2434	0.126397933	0.169810059	0.082985807
2435	0.126303133	0.16867845	0.083927817
2436	0.124463867	0.165480085	0.083447649
2437	0.1226232	0.16278955	0.08245685
2438	0.121647667	0.163087928	0.080207406
2439	0.119243	0.162479574	0.076006426
2440	0.117535333	0.160724977	0.07434569
2441	0.1179268	0.160365468	0.075488132
2442	0.117919667	0.159753408	0.076085925
2443	0.118408933	0.159595017	0.07722285
2444	0.1196628	0.161209857	0.078115743
2445	0.1213554	0.165267171	0.077443629
2446	0.1232828	0.167838731	0.078726869
2447	0.124675933	0.167269333	0.082082533
2448	0.124361133	0.166393149	0.082329118
2449	0.122694333	0.163693681	0.081694986
2450	0.1227318	0.163558633	0.081904967
2451	0.125022867	0.167414908	0.082630825
2452	0.128025533	0.172264315	0.083786751
2453	0.131309933	0.178037908	0.084581959
2454	0.133725733	0.181632689	0.085818778
2455	0.132610733	0.178765394	0.086456073
2456	0.1310182	0.175877138	0.086159262
2457	0.130426533	0.173721358	0.087131709
2458	0.130146333	0.173014956	0.087277711
2459	0.129814467	0.173304462	0.086324471
2460	0.128641	0.172502332	0.084779668
2461	0.1300926	0.173040101	0.087145099
2462	0.1316432	0.172691839	0.090594561
2463	0.1323722	0.17182847	0.09291593
2464	0.1340672	0.173687756	0.094446644
2465	0.131895133	0.171335312	0.092454955
2466	0.128925467	0.168901638	0.088949295
2467	0.1290162	0.169570108	0.088462292
2468	0.128751467	0.169209059	0.088293875
2469	0.127541267	0.170512003	0.08457053
2470	0.124879867	0.173533165	0.076226568
2471	0.121157067	0.171418024	0.070896109
2472	0.120797733	0.172226861	0.069368606
2473	0.125541733	0.17500438	0.076079087
2474	0.129841533	0.175429624	0.084253443
2475	0.1282436	0.165915051	0.090572149
2476	0.1245198	0.162353499	0.086686101
2477	0.1190528	0.165077416	0.073028184
2478	0.1135204	0.165582418	0.061458382
2479	0.1117926	0.168566471	0.055018729
2480	0.107534267	0.171210254	0.043858279
2481	0.094241267	0.151166405	0.037316128
2482	0.083063067	0.137789648	0.028336486
2483	0.088808667	0.150825463	0.02679187
2484	0.1059314	0.185771953	0.026090847
2485	0.134114133	0.238892251	0.029336016
2486	0.178160333	0.333901033	0.022419634
2487	0.212797	0.394571388	0.031022612
2488	0.216010733	0.413477733	0.018543733
2489	0.163406333	0.318805774	0.008006893
2490	0.127553133	0.288069849	-0.032963582
2491	0.123961867	0.298804305	-0.050880572
2492	0.130514067	0.325525915	-0.064497782
2493	0.131749267	0.286038433	-0.0225399
2494	0.1186128	0.236809341	0.000416259
2495	0.12003	0.215702485	0.024357515
2496	0.133852267	0.236025606	0.031678927
2497	0.143338133	0.244572587	0.042103679
2498	0.149716133	0.267174794	0.032257473
2499	0.150338067	0.278291066	0.022385067
2500	0.149590867	0.303881369	-0.004699636
