Wavelength	Mean	Std+	Std-
350	0.26230075	0.331676398	0.192925102
351	0.26292065	0.332327179	0.193514121
352	0.26287665	0.332360769	0.193392531
353	0.26353185	0.332869626	0.194194074
354	0.26392955	0.333162893	0.194696207
355	0.26406825	0.333266367	0.194870133
356	0.2645158	0.33372272	0.19530888
357	0.26483025	0.334090887	0.195569613
358	0.26507175	0.334403388	0.195740112
359	0.2653274	0.334696396	0.195958404
360	0.2659752	0.335406626	0.196543774
361	0.26646805	0.336026104	0.196909996
362	0.2663454	0.336116889	0.196573911
363	0.2664984	0.336442632	0.196554168
364	0.26678675	0.336893356	0.196680144
365	0.2672501	0.337517782	0.196982418
366	0.2678157	0.338018121	0.197613279
367	0.26822795	0.338436078	0.198019822
368	0.26861445	0.338868585	0.198360315
369	0.2691477	0.339390554	0.198904846
370	0.26953725	0.339740146	0.199334354
371	0.2699163	0.340101338	0.199731262
372	0.27039235	0.340630862	0.200153838
373	0.2708693	0.341247853	0.200490747
374	0.2712421	0.341805295	0.200678905
375	0.2714692	0.342248953	0.200689447
376	0.27216605	0.343080664	0.201251436
377	0.27252075	0.343628701	0.201412799
378	0.27269195	0.344001066	0.201382834
379	0.27329355	0.344654682	0.201932418
380	0.27363415	0.345033725	0.202234575
381	0.27394075	0.345369021	0.202512479
382	0.2745121	0.345987363	0.203036837
383	0.27524125	0.346781331	0.203701169
384	0.27575745	0.347449766	0.204065134
385	0.27593945	0.347880515	0.203998385
386	0.2761243	0.348361838	0.203886762
387	0.276456	0.349003043	0.203908957
388	0.2768887	0.349721161	0.204056239
389	0.27731255	0.35024949	0.20437561
390	0.2777375	0.350734241	0.204740759
391	0.2781645	0.3511758	0.2051532
392	0.2787059	0.351690441	0.205721359
393	0.27905605	0.352141683	0.205970417
394	0.27930815	0.352590534	0.206025766
395	0.27940535	0.35295228	0.20585842
396	0.27989295	0.353741888	0.206044012
397	0.28028605	0.3544107	0.2061614
398	0.2806148	0.354995739	0.206233861
399	0.28076515	0.355360055	0.206170245
400	0.28112785	0.35578496	0.20647074
401	0.28153585	0.356196029	0.206875671
402	0.28188395	0.356547063	0.207220837
403	0.28228815	0.35687853	0.20769777
404	0.2827129	0.357243141	0.208182659
405	0.2830929	0.357577485	0.208608315
406	0.28347275	0.35799826	0.20894724
407	0.28389785	0.358493002	0.209302698
408	0.28434125	0.359031421	0.209651079
409	0.28465685	0.359485748	0.209827952
410	0.2849923	0.359933629	0.210050971
411	0.2853528	0.360384987	0.210320613
412	0.28577195	0.360868129	0.210675771
413	0.28603715	0.361201124	0.210873176
414	0.2863207	0.361547626	0.211093774
415	0.2866865	0.361968782	0.211404218
416	0.28712905	0.362450335	0.211807765
417	0.28753935	0.362911219	0.212167481
418	0.28792255	0.363355886	0.212489214
419	0.2883502	0.363844627	0.212855773
420	0.2887164	0.364283072	0.213149728
421	0.2890671	0.364713544	0.213420656
422	0.2895005	0.365241438	0.213759562
423	0.2898409	0.365651372	0.214030428
424	0.29018595	0.366059636	0.214312264
425	0.29056845	0.366501713	0.214635187
426	0.29092945	0.36687773	0.21498117
427	0.29129765	0.36728319	0.21531211
428	0.2917309	0.367796531	0.215665269
429	0.292108	0.36827077	0.21594523
430	0.2924864	0.368762041	0.216210759
431	0.292854	0.369259555	0.216448445
432	0.2931891	0.369755855	0.216622345
433	0.29345705	0.370177038	0.216737062
434	0.29374975	0.370601901	0.216897599
435	0.29402575	0.370954309	0.217097191
436	0.29441	0.371351508	0.217468492
437	0.29481495	0.37177822	0.21785168
438	0.295255	0.372265399	0.218244601
439	0.2955237	0.37261909	0.21842831
440	0.29588695	0.373071627	0.218702273
441	0.2962493	0.373514639	0.218983961
442	0.2966141	0.373975837	0.219252363
443	0.29693075	0.374392663	0.219468837
444	0.2972964	0.374843465	0.219749335
445	0.2976813	0.375253458	0.220109142
446	0.29803645	0.375697279	0.220375621
447	0.29836535	0.376115064	0.220615636
448	0.29873835	0.376587273	0.220889427
449	0.29907585	0.377004398	0.221147302
450	0.299425	0.377428827	0.221421173
451	0.29974275	0.3778051	0.2216804
452	0.30014	0.378263522	0.222016478
453	0.30051795	0.378706557	0.222329343
454	0.3009146	0.379184794	0.222644406
455	0.3012449	0.379598675	0.222891125
456	0.3015786	0.380051748	0.223105452
457	0.30187665	0.380459243	0.223294057
458	0.30220215	0.380893691	0.223510609
459	0.3025253	0.381292365	0.223758235
460	0.3028638	0.381707097	0.224020503
461	0.3031689	0.382078141	0.224259659
462	0.30354585	0.382545092	0.224546608
463	0.30385725	0.382925544	0.224788956
464	0.3041428	0.383274801	0.225010799
465	0.3044274	0.383630416	0.225224384
466	0.304708	0.383986892	0.225429108
467	0.30502575	0.38439919	0.22565231
468	0.30534525	0.384824068	0.225866432
469	0.30562455	0.385187226	0.226061874
470	0.3059416	0.385605994	0.226277206
471	0.3062242	0.385986957	0.226461443
472	0.3064949	0.386351561	0.226638239
473	0.30673865	0.386677045	0.226800255
474	0.30701995	0.387041294	0.226998606
475	0.30728175	0.387364053	0.227199447
476	0.3075193	0.387687962	0.227350638
477	0.30781125	0.388074861	0.227547639
478	0.30810885	0.388454186	0.227763514
479	0.3083203	0.388745562	0.227895038
480	0.30857295	0.389079131	0.228066769
481	0.30880665	0.389374907	0.228238393
482	0.3090988	0.389704141	0.228493459
483	0.30941245	0.390031947	0.228792953
484	0.30975715	0.390408321	0.229105979
485	0.3099915	0.390710551	0.229272449
486	0.31024785	0.391065103	0.229430597
487	0.3104566	0.391389587	0.229523613
488	0.31064405	0.391724797	0.229563303
489	0.3108234	0.392030723	0.229616077
490	0.3110672	0.392381416	0.229752984
491	0.31131375	0.392701765	0.229925735
492	0.31165035	0.393103379	0.230197321
493	0.3118973	0.393423116	0.230371484
494	0.3121591	0.393769273	0.230548927
495	0.3124546	0.394138075	0.230771125
496	0.3127194	0.394483224	0.230955576
497	0.31302435	0.394865709	0.231182991
498	0.31332465	0.395215834	0.231433466
499	0.3136593	0.395638002	0.231680598
500	0.31398815	0.396061713	0.231914587
501	0.3143097	0.396484168	0.232135232
502	0.31463165	0.396919294	0.232344006
503	0.31492325	0.397324979	0.232521521
504	0.31520015	0.397713118	0.232687182
505	0.31548455	0.398098142	0.232870958
506	0.31579125	0.398487357	0.233095143
507	0.3161214	0.398898263	0.233344537
508	0.3164846	0.399347346	0.233621854
509	0.3168442	0.399800671	0.233887729
510	0.3171977	0.400232893	0.234162507
511	0.31754715	0.400648039	0.234446261
512	0.3179093	0.401104851	0.234713749
513	0.318322	0.401599069	0.235044931
514	0.31876585	0.402117956	0.235413744
515	0.31921015	0.402638806	0.235781494
516	0.3195855	0.40312392	0.23604708
517	0.319943	0.403600986	0.236285014
518	0.32029945	0.404076166	0.236522734
519	0.32062815	0.404546407	0.236709893
520	0.32097805	0.405028877	0.236927223
521	0.32132005	0.405480288	0.237159812
522	0.3217642	0.406005803	0.237522597
523	0.322207	0.406533637	0.237880363
524	0.32264475	0.407059015	0.238230485
525	0.3230556	0.407556729	0.238554471
526	0.3234923	0.408100911	0.238883689
527	0.32391635	0.408640976	0.239191724
528	0.324304	0.409149549	0.239458451
529	0.3246752	0.40965445	0.23969595
530	0.3250464	0.410124321	0.239968479
531	0.3254884	0.4106429	0.2403339
532	0.3258788	0.411126401	0.240631199
533	0.32628915	0.411648876	0.240929424
534	0.326705	0.412190795	0.241219205
535	0.32707875	0.412694641	0.241462859
536	0.327461	0.413186217	0.241735783
537	0.3278483	0.413673208	0.242023392
538	0.32827665	0.414205212	0.242348088
539	0.32862745	0.414672509	0.242582391
540	0.32896755	0.415137715	0.242797385
541	0.3292996	0.415601091	0.242998109
542	0.32963845	0.416079938	0.243196962
543	0.33000775	0.416578584	0.243436916
544	0.33042655	0.417126702	0.243726398
545	0.33079005	0.417606697	0.243973403
546	0.33115045	0.418079204	0.244221696
547	0.33150885	0.418549569	0.244468131
548	0.3318998	0.419065754	0.244733846
549	0.33226125	0.419543647	0.244978853
550	0.33261535	0.420013641	0.245217059
551	0.3329591	0.42047229	0.24544591
552	0.3333314	0.420959489	0.245703311
553	0.33367835	0.421420331	0.245936369
554	0.33400325	0.421858642	0.246147858
555	0.33430595	0.422276403	0.246335497
556	0.33465095	0.42273583	0.24656607
557	0.3349313	0.423115726	0.246746874
558	0.33524205	0.423553188	0.246930912
559	0.33553335	0.423978251	0.247088449
560	0.33578095	0.424348865	0.247213035
561	0.33605325	0.42474774	0.24735876
562	0.3362818	0.425086337	0.247477263
563	0.33648605	0.425391403	0.247580697
564	0.33673635	0.425753109	0.247719591
565	0.3369671	0.426087508	0.247846692
566	0.33719585	0.426424135	0.247967565
567	0.33741475	0.42675235	0.24807715
568	0.33761655	0.427062663	0.248170437
569	0.3378251	0.427382264	0.248267936
570	0.33801325	0.42768719	0.24833931
571	0.33814285	0.427935127	0.248350573
572	0.33833275	0.428251274	0.248414226
573	0.3385136	0.428545699	0.248481501
574	0.3386583	0.428784367	0.248532233
575	0.33890775	0.429143323	0.248672177
576	0.33909085	0.429433263	0.248748437
577	0.33921655	0.429656094	0.248777006
578	0.33940745	0.429954807	0.248860093
579	0.3395802	0.43024792	0.24891248
580	0.33976655	0.43055102	0.24898208
581	0.339982	0.430872194	0.249091806
582	0.340174	0.431144278	0.249203722
583	0.3403946	0.431447046	0.249342154
584	0.3406391	0.43177695	0.24950125
585	0.34081575	0.432032087	0.249599413
586	0.3409955	0.432285503	0.249705497
587	0.3411807	0.432545143	0.249816257
588	0.34137255	0.432820184	0.249924916
589	0.34151965	0.433078923	0.249960377
590	0.3416654	0.433355273	0.249975527
591	0.34182835	0.433666011	0.249990689
592	0.34207355	0.434002826	0.250144274
593	0.3423331	0.434354986	0.250311214
594	0.34260095	0.434722769	0.250479131
595	0.3428439	0.435088158	0.250599642
596	0.34308115	0.435444882	0.250717418
597	0.34334335	0.435833675	0.250853025
598	0.34354185	0.436143916	0.250939784
599	0.34374995	0.436466542	0.251033358
600	0.34400905	0.436856162	0.251161938
601	0.34427065	0.437252712	0.251288588
602	0.3445349	0.437658549	0.251411251
603	0.344791	0.438058971	0.251523029
604	0.3450376	0.438451242	0.251623958
605	0.34529155	0.43884036	0.25174274
606	0.345577	0.439248157	0.251905843
607	0.34587255	0.439657824	0.252087276
608	0.3461159	0.440011232	0.252220568
609	0.3463806	0.440389508	0.252371692
610	0.3466524	0.440778064	0.252526736
611	0.3469193	0.441163948	0.252674652
612	0.3472369	0.441570132	0.252903668
613	0.34751605	0.441941651	0.253090449
614	0.34777915	0.442315603	0.253242697
615	0.3481184	0.442736687	0.253500113
616	0.3484274	0.443144703	0.253710097
617	0.34869	0.443509124	0.253870876
618	0.349038	0.443973495	0.254102505
619	0.34939975	0.444443272	0.254356228
620	0.34975565	0.444901817	0.254609483
621	0.3501214	0.445372924	0.254869876
622	0.35041805	0.445784178	0.255051922
623	0.35075615	0.446235779	0.255276521
624	0.351152	0.446739298	0.255564702
625	0.3514498	0.447173107	0.255726493
626	0.35180745	0.447662228	0.255952672
627	0.352207	0.448191512	0.256222488
628	0.3526037	0.448728847	0.256478553
629	0.35301665	0.449307166	0.256726134
630	0.3533351	0.449779037	0.256891163
631	0.35365835	0.450270907	0.257045793
632	0.35400755	0.450769133	0.257245967
633	0.3543545	0.451275993	0.257433007
634	0.3546941	0.451793808	0.257594392
635	0.35501035	0.452268409	0.257752291
636	0.35533555	0.452756443	0.257914657
637	0.35567155	0.453258207	0.258084893
638	0.3560359	0.453781269	0.258290531
639	0.35639395	0.454292309	0.258495591
640	0.3567673	0.454830615	0.258703985
641	0.3570182	0.455238667	0.258797733
642	0.3573086	0.455688657	0.258928543
643	0.3575941	0.456117545	0.259070655
644	0.35787415	0.456521752	0.259226548
645	0.3580947	0.456862903	0.259326497
646	0.35834765	0.457245745	0.259449555
647	0.35862205	0.457657771	0.259586329
648	0.3588453	0.458018232	0.259672368
649	0.35910385	0.458416868	0.259790832
650	0.3593734	0.458824348	0.259922452
651	0.3596312	0.459210938	0.260051462
652	0.35990695	0.459576549	0.260237351
653	0.36021585	0.459966712	0.260464988
654	0.3605065	0.460320203	0.260692797
655	0.3607945	0.460739688	0.260849312
656	0.36108785	0.461223714	0.260951986
657	0.36131705	0.461662682	0.260971418
658	0.36163095	0.462145026	0.261116874
659	0.3619734	0.462634248	0.261312552
660	0.3623276	0.463119529	0.261535671
661	0.362679	0.463583939	0.261774061
662	0.3629856	0.464016513	0.261954687
663	0.3633171	0.464490791	0.262143409
664	0.36363055	0.464947858	0.262313242
665	0.36390035	0.465346652	0.262454048
666	0.3641797	0.46576151	0.26259789
667	0.36443555	0.466148592	0.262722508
668	0.36474655	0.466588168	0.262904932
669	0.3650473	0.467029508	0.263065092
670	0.36535205	0.467479468	0.263224632
671	0.36568695	0.467953767	0.263420133
672	0.365983	0.468374918	0.263591082
673	0.3662797	0.46879937	0.26376003
674	0.36659825	0.469258056	0.263938444
675	0.36691005	0.46969506	0.26412504
676	0.36720405	0.470107145	0.264300955
677	0.36755405	0.470590739	0.264517361
678	0.3678608	0.471035276	0.264686324
679	0.36820155	0.471500059	0.264903041
680	0.3685667	0.471982141	0.265151259
681	0.36891235	0.472437958	0.265386742
682	0.3692845	0.472925793	0.265643207
683	0.36967725	0.473430131	0.265924369
684	0.3701628	0.474035445	0.266290155
685	0.3705728	0.4745041	0.2666415
686	0.37096525	0.475005641	0.266924859
687	0.3713312	0.475548746	0.267113654
688	0.371826	0.476238014	0.267413986
689	0.3724548	0.477028216	0.267881384
690	0.3731688	0.477881529	0.268456071
691	0.37395915	0.478814629	0.269103671
692	0.37472135	0.479712324	0.269730376
693	0.3754745	0.480603626	0.270345374
694	0.3762158	0.481490994	0.270940606
695	0.3770162	0.4824159	0.2716165
696	0.37781955	0.483328707	0.272310393
697	0.37863335	0.484241128	0.273025572
698	0.3794125	0.485143132	0.273681868
699	0.3801897	0.486052003	0.274327397
700	0.38100395	0.487013168	0.274994732
701	0.38177575	0.487911098	0.275640402
702	0.38251675	0.488772373	0.276261127
703	0.38325915	0.489628698	0.276889602
704	0.38400995	0.490475665	0.277544235
705	0.38476505	0.491346459	0.278183641
706	0.38550995	0.492198153	0.278821747
707	0.3862471	0.493029243	0.279464957
708	0.3869391	0.493829781	0.280048419
709	0.3876243	0.494625831	0.280622769
710	0.388308	0.495419211	0.281196789
711	0.38901215	0.49621754	0.28180676
712	0.38970395	0.497011827	0.282396073
713	0.39038645	0.497795804	0.282977096
714	0.39106475	0.498565818	0.283563682
715	0.3916853	0.499259485	0.284111115
716	0.39227265	0.499936584	0.284608716
717	0.3928069	0.5005906	0.2850232
718	0.39333005	0.50124008	0.28542002
719	0.39389765	0.501937369	0.285857931
720	0.39447435	0.502623939	0.286324761
721	0.3952076	0.503394229	0.287020971
722	0.3958452	0.504089822	0.287600578
723	0.3964865	0.504831562	0.288141438
724	0.3969751	0.505456928	0.288493272
725	0.39745795	0.506007633	0.288908267
726	0.39799195	0.506609358	0.289374542
727	0.3985401	0.507225857	0.289854343
728	0.399072	0.507865192	0.290278808
729	0.39959255	0.508483877	0.290701223
730	0.40005975	0.509026047	0.291093453
731	0.4006045	0.50964415	0.29156485
732	0.4011039	0.510206147	0.292001653
733	0.40158905	0.510752676	0.292425424
734	0.40211635	0.511355134	0.292877566
735	0.4025204	0.511847479	0.293193321
736	0.40296145	0.512381075	0.293541825
737	0.40342295	0.5129162	0.2939297
738	0.40381095	0.513381774	0.294240126
739	0.40423205	0.513894919	0.294569181
740	0.40460325	0.514347858	0.294858642
741	0.40500765	0.514827994	0.295187306
742	0.4053866	0.515287137	0.295486063
743	0.4057622	0.515751097	0.295773303
744	0.4061748	0.516271596	0.296078004
745	0.40650495	0.51668624	0.29632366
746	0.4068754	0.517146704	0.296604096
747	0.40726395	0.517621673	0.296906227
748	0.4075836	0.518044428	0.297122772
749	0.4079245	0.518491198	0.297357802
750	0.4082888	0.518962381	0.297615219
751	0.4086507	0.519431366	0.297870034
752	0.4089783	0.519853566	0.298103034
753	0.40929025	0.520256622	0.298323878
754	0.40961965	0.520689709	0.298549591
755	0.4099443	0.521117333	0.298771267
756	0.41026365	0.521520422	0.299006878
757	0.41059885	0.521906914	0.299290786
758	0.4105426	0.521745147	0.299340053
759	0.41009065	0.521273949	0.298907351
760	0.4090589	0.520491674	0.297626126
761	0.40950445	0.521187854	0.297821046
762	0.40999685	0.521862491	0.298131209
763	0.41064075	0.522672234	0.298609266
764	0.41155485	0.523755224	0.299354476
765	0.4123784	0.524689246	0.300067554
766	0.41309225	0.525492163	0.300692337
767	0.4137601	0.526246901	0.301273299
768	0.41428665	0.526858456	0.301714844
769	0.4147408	0.527396657	0.302084943
770	0.41513635	0.527876349	0.302396351
771	0.4154715	0.528291021	0.302651979
772	0.4159003	0.528828171	0.302972429
773	0.41631565	0.529353722	0.303277578
774	0.4167049	0.529862033	0.303547767
775	0.4170608	0.530317579	0.303804021
776	0.41741765	0.530775684	0.304059616
777	0.4178019	0.531279496	0.304324304
778	0.4181594	0.531747533	0.304571267
779	0.41850545	0.532209886	0.304801014
780	0.41884065	0.53266961	0.30501169
781	0.419174	0.533084849	0.305263151
782	0.41951435	0.533529626	0.305499074
783	0.41990645	0.534051893	0.305761007
784	0.42026515	0.534516913	0.306013387
785	0.4206262	0.534991914	0.306260486
786	0.42098155	0.535469972	0.306493128
787	0.4213158	0.535939502	0.306692098
788	0.42167185	0.536405217	0.306938483
789	0.42202515	0.536868206	0.307182094
790	0.42236665	0.537323465	0.307409835
791	0.42269645	0.537754307	0.307638593
792	0.4230446	0.538191657	0.307897543
793	0.4234024	0.538636529	0.308168271
794	0.4237437	0.539112693	0.308374707
795	0.4240644	0.539551747	0.308577053
796	0.4244138	0.540011679	0.308815921
797	0.4248553	0.540560609	0.309149991
798	0.4252013	0.541006922	0.309395678
799	0.4255228	0.541439668	0.309605932
800	0.42582775	0.541871457	0.309784043
801	0.4261506	0.54229758	0.31000362
802	0.42649395	0.542749759	0.310238141
803	0.42685425	0.543220897	0.310487603
804	0.42725835	0.543728455	0.310788245
805	0.42764135	0.544209619	0.311073081
806	0.4279815	0.544642143	0.311320857
807	0.42834135	0.545116757	0.311565943
808	0.4286847	0.545582077	0.311787323
809	0.42900405	0.546023699	0.311984401
810	0.42928955	0.546427617	0.312151483
811	0.4296056	0.546866795	0.312344405
812	0.42987185	0.547253235	0.312490465
813	0.4301075	0.547607565	0.312607435
814	0.4303958	0.54799047	0.31280113
815	0.43073185	0.548429404	0.313034296
816	0.43106345	0.548858634	0.313268266
817	0.43137165	0.549253545	0.313489755
818	0.4316818	0.549645824	0.313717776
819	0.4320507	0.550099783	0.314001617
820	0.43243935	0.550559692	0.314319008
821	0.43279595	0.551040067	0.314551833
822	0.4332039	0.551560453	0.314847347
823	0.43361045	0.552052977	0.315167923
824	0.4339119	0.552438383	0.315385417
825	0.43429935	0.55293601	0.31566269
826	0.43472175	0.55348272	0.31596078
827	0.4350594	0.55393317	0.31618563
828	0.4353621	0.554330565	0.316393635
829	0.43565785	0.554709884	0.316605816
830	0.43591485	0.555027274	0.316802426
831	0.43624235	0.555442368	0.317042332
832	0.43656045	0.555832324	0.317288576
833	0.43695355	0.556305341	0.317601759
834	0.4373722	0.556830985	0.317913415
835	0.43775675	0.557317989	0.318195511
836	0.43808305	0.557730651	0.318435449
837	0.43846745	0.558207741	0.318727159
838	0.4388071	0.558643715	0.318970485
839	0.43913765	0.559069703	0.319205597
840	0.4394769	0.559500511	0.319453289
841	0.43982795	0.559926948	0.319728952
842	0.440191	0.560368943	0.320013057
843	0.4405631	0.560825466	0.320300734
844	0.4408916	0.561243648	0.320539552
845	0.44123735	0.561687387	0.320787313
846	0.44157905	0.562130448	0.321027652
847	0.44185585	0.56250036	0.32121134
848	0.4422414	0.562948194	0.321534606
849	0.4426369	0.56341089	0.32186291
850	0.4429632	0.563832298	0.322094102
851	0.4432333	0.5642115	0.3222551
852	0.44351055	0.56457978	0.32244132
853	0.44385845	0.56500841	0.32270849
854	0.4442236	0.565406928	0.323040272
855	0.44458725	0.565865116	0.323309384
856	0.44492395	0.566325095	0.323522805
857	0.44523835	0.566746127	0.323730573
858	0.44559085	0.567192175	0.323989525
859	0.44599465	0.567691932	0.324297368
860	0.4463631	0.568140402	0.324585798
861	0.44667285	0.568545123	0.324800577
862	0.44700145	0.568984166	0.325018734
863	0.4472664	0.569348448	0.325184352
864	0.44764045	0.569769198	0.325511702
865	0.4479853	0.570162414	0.325808186
866	0.44836995	0.570619373	0.326120527
867	0.4487869	0.571148311	0.326425489
868	0.44910345	0.571583628	0.326623272
869	0.44937925	0.571969061	0.326789439
870	0.4496567	0.572332185	0.326981215
871	0.44994665	0.572690748	0.327202552
872	0.4502813	0.573103003	0.327459597
873	0.45055505	0.573438457	0.327671643
874	0.45098815	0.573947574	0.328028726
875	0.4512584	0.574311697	0.328205103
876	0.4514453	0.574610453	0.328280147
877	0.4516723	0.574915631	0.328428969
878	0.4518934	0.575204998	0.328581802
879	0.45221705	0.575615971	0.328818129
880	0.45247155	0.57592392	0.32901918
881	0.45285925	0.576405999	0.329312501
882	0.45318965	0.576840283	0.329539017
883	0.4534115	0.577171938	0.329651062
884	0.45374235	0.577555241	0.329929459
885	0.4540981	0.577994856	0.330201344
886	0.45442125	0.578414621	0.330427879
887	0.454649	0.578707367	0.330590633
888	0.45494185	0.579097134	0.330786566
889	0.45527575	0.579553201	0.330998299
890	0.45541315	0.579781539	0.331044761
891	0.45565605	0.580134246	0.331177854
892	0.4559174	0.580499555	0.331335245
893	0.4561423	0.580804842	0.331479758
894	0.4562962	0.581056293	0.331536107
895	0.45643035	0.581262542	0.331598158
896	0.4565971	0.581492837	0.331701363
897	0.4567498	0.581746384	0.331753216
898	0.45690855	0.581952355	0.331864745
899	0.45716655	0.582249222	0.332083878
900	0.4575374	0.582673719	0.332401081
901	0.45783955	0.583046116	0.332632984
902	0.45809145	0.583415459	0.332767441
903	0.4581566	0.583630038	0.332683162
904	0.4584727	0.584100691	0.332844709
905	0.4586767	0.584434673	0.332918727
906	0.4588772	0.584765826	0.332988574
907	0.4591923	0.585145571	0.333239029
908	0.4594786	0.585477624	0.333479576
909	0.4596558	0.585699093	0.333612507
910	0.45975695	0.585953934	0.333559966
911	0.45996765	0.586327925	0.333607375
912	0.46021615	0.586693578	0.333738722
913	0.4604772	0.586981514	0.333972886
914	0.46072695	0.587272029	0.334181871
915	0.46109175	0.587671371	0.334512129
916	0.4615447	0.588159316	0.334930084
917	0.46163105	0.588395884	0.334866216
918	0.4619065	0.588743765	0.335069235
919	0.46225705	0.589134309	0.335379791
920	0.46250755	0.589464875	0.335550225
921	0.46281825	0.589875361	0.335761139
922	0.46313575	0.590277448	0.335994052
923	0.4635554	0.590774309	0.336336491
924	0.4636274	0.590917539	0.336337261
925	0.46374695	0.591128011	0.336365889
926	0.46406295	0.591586217	0.336539683
927	0.46422525	0.591828221	0.336622279
928	0.46434215	0.592050928	0.336633372
929	0.46439335	0.592212163	0.336574537
930	0.4644967	0.592392125	0.336601275
931	0.464656	0.592540535	0.336771465
932	0.4646527	0.592503535	0.336801865
933	0.4643546	0.592270094	0.336439106
934	0.4644944	0.59235518	0.33663362
935	0.4648636	0.592649306	0.337077894
936	0.4654938	0.593233244	0.337754356
937	0.4665786	0.594536386	0.338620814
938	0.4672637	0.595335632	0.339191768
939	0.46769985	0.595856107	0.339543593
940	0.46826785	0.596691407	0.339844293
941	0.4685091	0.597046505	0.339971695
942	0.46874035	0.597384128	0.340096572
943	0.46935205	0.598245185	0.340458915
944	0.469731	0.598432992	0.341029008
945	0.47023925	0.598934303	0.341544197
946	0.4708876	0.599874762	0.341900438
947	0.47135485	0.600272056	0.342437644
948	0.4717351	0.600724239	0.342745961
949	0.47206075	0.60120572	0.34291578
950	0.4724616	0.601643795	0.343279405
951	0.47296825	0.602187379	0.343749121
952	0.47361895	0.602918696	0.344319204
953	0.4743531	0.603794791	0.344911409
954	0.47470065	0.604108524	0.345292776
955	0.47494835	0.604332495	0.345564205
956	0.4752597	0.604701556	0.345817844
957	0.47519955	0.60479282	0.34560628
958	0.47554875	0.60529164	0.34580586
959	0.47621125	0.606069035	0.346353465
960	0.47673085	0.606427929	0.347033771
961	0.4769862	0.606782822	0.347189578
962	0.47722395	0.60716355	0.34728435
963	0.4777599	0.607685475	0.347834325
964	0.4780739	0.608034757	0.348113043
965	0.47844715	0.608435299	0.348459001
966	0.47889405	0.608869904	0.348918196
967	0.47961465	0.609626012	0.349603288
968	0.4800832	0.610159988	0.350006412
969	0.4803221	0.61046997	0.35017423
970	0.48071015	0.610913017	0.350507283
971	0.4808633	0.611137581	0.350589019
972	0.4810454	0.611409185	0.350681615
973	0.48141165	0.611839916	0.350983384
974	0.48159225	0.612070191	0.351114309
975	0.48174025	0.612287868	0.351192632
976	0.4819021	0.612556389	0.351247811
977	0.4825294	0.613165715	0.351893085
978	0.48286135	0.613440048	0.352282652
979	0.48312405	0.613684774	0.352563326
980	0.48360895	0.614310072	0.352907828
981	0.4840082	0.614742635	0.353273765
982	0.4842753	0.615006978	0.353543622
983	0.48421555	0.614984245	0.353446855
984	0.48445905	0.615202216	0.353715884
985	0.484938	0.615714708	0.354161292
986	0.48560625	0.616515797	0.354696703
987	0.48561845	0.616583588	0.354653312
988	0.4859284	0.616995977	0.354860823
989	0.4865924	0.6178172	0.3553676
990	0.48693405	0.61820387	0.35566423
991	0.48711765	0.618338008	0.355897292
992	0.4872177	0.618378721	0.356056679
993	0.487478	0.618773537	0.356182463
994	0.48785975	0.619141226	0.356578274
995	0.4883193	0.619624149	0.357014451
996	0.48857455	0.619969814	0.357179286
997	0.4891518	0.620609087	0.357694513
998	0.489538	0.62106507	0.35801093
999	0.48976845	0.62139593	0.35814097
1000	0.4901107	0.621893538	0.358327862
1001	0.4874258	0.619903483	0.354948117
1002	0.48776755	0.620282912	0.355252188
1003	0.4880589	0.620583253	0.355534547
1004	0.4885337	0.621158417	0.355908983
1005	0.4891537	0.621841202	0.356466198
1006	0.48963885	0.6223401	0.3569376
1007	0.48993065	0.62267283	0.35718847
1008	0.49019525	0.623015826	0.357374674
1009	0.49052435	0.623446957	0.357601743
1010	0.49092085	0.623951531	0.357890169
1011	0.4913492	0.624462833	0.358235567
1012	0.4918505	0.625031519	0.358669481
1013	0.4922925	0.625530487	0.359054513
1014	0.49251485	0.625812828	0.359216872
1015	0.49262465	0.626019469	0.359229831
1016	0.4928579	0.626398207	0.359317593
1017	0.49322215	0.626869086	0.359575214
1018	0.4935924	0.627291233	0.359893567
1019	0.4939931	0.627750551	0.360235649
1020	0.4943913	0.628202479	0.360580121
1021	0.49482795	0.628674606	0.360981294
1022	0.4952245	0.62906575	0.36138325
1023	0.49553755	0.629353374	0.361721726
1024	0.4959353	0.629770253	0.362100347
1025	0.49639075	0.630278792	0.362502708
1026	0.49685105	0.630806975	0.362895125
1027	0.4973129	0.631344909	0.363280891
1028	0.49778635	0.631879574	0.363693126
1029	0.4981204	0.632209423	0.364031377
1030	0.4983417	0.632425425	0.364257975
1031	0.4987181	0.632882202	0.364553998
1032	0.49918565	0.633435964	0.364935336
1033	0.49972235	0.634056847	0.365387853
1034	0.50018325	0.63457746	0.36578904
1035	0.50060605	0.635048493	0.366163607
1036	0.5010667	0.635597064	0.366536336
1037	0.501382	0.635984763	0.366779237
1038	0.5016599	0.636317389	0.367002411
1039	0.5020059	0.63671205	0.36729975
1040	0.5025925	0.637369241	0.367815759
1041	0.5031998	0.638042013	0.368357587
1042	0.50372035	0.638644823	0.368795877
1043	0.50419765	0.639212574	0.369182726
1044	0.5045316	0.639566904	0.369496296
1045	0.5049062	0.640001672	0.369810728
1046	0.50534765	0.640526711	0.370168589
1047	0.5058452	0.641060088	0.370630312
1048	0.5064	0.641667516	0.371132484
1049	0.50693285	0.642287807	0.371577893
1050	0.50739145	0.642831504	0.371951396
1051	0.50786515	0.643402419	0.372327881
1052	0.508294	0.643910721	0.372677279
1053	0.5086651	0.644290159	0.373040041
1054	0.50907725	0.644686051	0.373468449
1055	0.5095454	0.645152615	0.373938185
1056	0.51001865	0.645660593	0.374376707
1057	0.51057215	0.646333439	0.374810861
1058	0.51108235	0.646959346	0.375205354
1059	0.51160485	0.647553226	0.375656474
1060	0.51206565	0.648069213	0.376062087
1061	0.512591	0.648661524	0.376520476
1062	0.51313995	0.649257818	0.377022082
1063	0.51368075	0.649863987	0.377497513
1064	0.51413515	0.650353529	0.377916771
1065	0.5146101	0.650887811	0.378332389
1066	0.51519325	0.65157819	0.37880831
1067	0.515647	0.652094672	0.379199328
1068	0.51610015	0.652597636	0.379602664
1069	0.516579	0.653126291	0.380031709
1070	0.5169234	0.653505618	0.380341182
1071	0.5173108	0.653950236	0.380671364
1072	0.51782475	0.654525381	0.381124119
1073	0.51838125	0.655134179	0.381628321
1074	0.51888665	0.65564118	0.38213212
1075	0.5194037	0.656165322	0.382642078
1076	0.51983825	0.656639315	0.383037185
1077	0.520092	0.656879323	0.383304677
1078	0.52046865	0.657262513	0.383674787
1079	0.5210461	0.65791238	0.38417982
1080	0.52163235	0.658584529	0.384680171
1081	0.52198755	0.658990391	0.384984709
1082	0.52246695	0.659534821	0.385399079
1083	0.5229182	0.659971124	0.385865276
1084	0.5233662	0.660416362	0.386316038
1085	0.5238932	0.661005149	0.386781251
1086	0.524493	0.66169411	0.38729189
1087	0.5249103	0.662153506	0.387667094
1088	0.5253115	0.66258122	0.38804178
1089	0.5258053	0.663089613	0.388520987
1090	0.5262859	0.663589165	0.388982635
1091	0.5266624	0.663993477	0.389331323
1092	0.52695665	0.664307794	0.389605506
1093	0.5274014	0.664837995	0.389964805
1094	0.5279806	0.665530903	0.390430297
1095	0.5284808	0.666076658	0.390884942
1096	0.52888705	0.666497429	0.391276671
1097	0.52935715	0.667042309	0.391671991
1098	0.5299121	0.667694025	0.392130175
1099	0.53037775	0.668227231	0.392528269
1100	0.5307164	0.668669405	0.392763395
1101	0.53105275	0.669091649	0.393013851
1102	0.5316908	0.669812693	0.393568907
1103	0.53236235	0.670574126	0.394150574
1104	0.53296565	0.671283852	0.394647448
1105	0.5335097	0.671923041	0.395096359
1106	0.5341278	0.672707415	0.395548185
1107	0.5347684	0.673524803	0.396011997
1108	0.53513705	0.673985802	0.396288298
1109	0.5354443	0.674356407	0.396532193
1110	0.53572945	0.67468781	0.39677109
1111	0.5360764	0.675105933	0.397046867
1112	0.53641245	0.675501111	0.397323789
1113	0.5368028	0.675938628	0.397666972
1114	0.53705605	0.676204707	0.397907393
1115	0.53716835	0.676262981	0.398073719
1116	0.53733545	0.676444856	0.398226044
1117	0.53740065	0.676719736	0.398081564
1118	0.53737385	0.676883243	0.397864457
1119	0.53691755	0.676408261	0.397426839
1120	0.53641685	0.675884109	0.396949591
1121	0.5362373	0.675717373	0.396757227
1122	0.5360969	0.675610497	0.396583303
1123	0.53563875	0.675259853	0.396017647
1124	0.53504765	0.674735595	0.395359705
1125	0.535217	0.675069788	0.395364212
1126	0.53566705	0.675749769	0.395584331
1127	0.5351118	0.675086857	0.395136743
1128	0.5338701	0.673538375	0.394201825
1129	0.5333845	0.672943613	0.393825387
1130	0.53363175	0.673258149	0.394005351
1131	0.53375555	0.673423244	0.394087856
1132	0.53360775	0.673265235	0.393950265
1133	0.5335572	0.673245417	0.393868983
1134	0.53355475	0.673351793	0.393757707
1135	0.5335222	0.673398701	0.393645699
1136	0.53346395	0.673274749	0.393653151
1137	0.5334083	0.673164988	0.393651612
1138	0.5333763	0.673275946	0.393476654
1139	0.5334068	0.67347242	0.39334118
1140	0.5330572	0.673071617	0.393042783
1141	0.53266395	0.672598578	0.392729322
1142	0.5321932	0.672108086	0.392278314
1143	0.5317191	0.671617499	0.391820701
1144	0.5311661	0.671097723	0.391234477
1145	0.5305989	0.670607817	0.390589983
1146	0.5298385	0.669905653	0.389771347
1147	0.52893465	0.669040051	0.388829249
1148	0.52812095	0.668182404	0.388059496
1149	0.5275748	0.66751979	0.38762981
1150	0.5271383	0.667002682	0.387273918
1151	0.5268992	0.666765515	0.387032885
1152	0.52667665	0.66653398	0.38681932
1153	0.5263955	0.666185746	0.386605254
1154	0.52615395	0.665887361	0.386420539
1155	0.5260886	0.665783002	0.386394198
1156	0.52603035	0.665690569	0.386370131
1157	0.5259189	0.665541695	0.386296105
1158	0.5257062	0.665269158	0.386143242
1159	0.5256625	0.665197414	0.386127586
1160	0.52558495	0.665082358	0.386087542
1161	0.5254263	0.66485787	0.38599473
1162	0.5252414	0.664600359	0.385882441
1163	0.52511715	0.664407966	0.385826334
1164	0.5249471	0.664152478	0.385741722
1165	0.5246993	0.663834802	0.385563798
1166	0.5244306	0.663524531	0.385336669
1167	0.5241033	0.663103382	0.385103218
1168	0.5238071	0.662665098	0.384949102
1169	0.52353785	0.662277556	0.384798144
1170	0.5233302	0.662005372	0.384655028
1171	0.5230457	0.661636967	0.384454433
1172	0.52261545	0.661085768	0.384145132
1173	0.5222415	0.660604921	0.383878079
1174	0.5218155	0.660036295	0.383594705
1175	0.52139305	0.659473155	0.383312945
1176	0.5209087	0.658872553	0.382944847
1177	0.52047925	0.65834439	0.38261411
1178	0.51999045	0.657761438	0.382219462
1179	0.51949085	0.657169115	0.381812585
1180	0.51903645	0.656640155	0.381432745
1181	0.51859865	0.656134863	0.381062437
1182	0.5181515	0.655593866	0.380709134
1183	0.517784	0.655139315	0.380428685
1184	0.51739355	0.65466481	0.38012229
1185	0.51699055	0.654183116	0.379797984
1186	0.51675785	0.653939161	0.379576539
1187	0.51664265	0.653876887	0.379408413
1188	0.5165287	0.653790801	0.379266599
1189	0.51641155	0.653643596	0.379179504
1190	0.5163033	0.6534999	0.3791067
1191	0.51623665	0.653375557	0.379097743
1192	0.51622665	0.653324601	0.379128699
1193	0.51629545	0.6533769	0.379214
1194	0.5163126	0.653364133	0.379261067
1195	0.51656015	0.653638602	0.379481698
1196	0.516757	0.653850449	0.379663551
1197	0.5167642	0.653792777	0.379735623
1198	0.51673945	0.653686845	0.379792055
1199	0.516844	0.653774444	0.379913556
1200	0.5169882	0.653923428	0.380052972
1201	0.5171974	0.654153697	0.380241103
1202	0.51744105	0.654429188	0.380452912
1203	0.5178245	0.654885008	0.380763992
1204	0.51822145	0.655362508	0.381080392
1205	0.51860995	0.655833923	0.381385977
1206	0.51895285	0.656246071	0.381659629
1207	0.51940645	0.656796135	0.382016765
1208	0.5198472	0.657332417	0.382361983
1209	0.52040055	0.658013136	0.382787964
1210	0.52114985	0.658943959	0.383355741
1211	0.521967	0.659961639	0.383972361
1212	0.5229498	0.661185395	0.384714205
1213	0.5239172	0.662386848	0.385447552
1214	0.52491475	0.663597219	0.386232281
1215	0.5259036	0.66479762	0.38700958
1216	0.52724805	0.666436476	0.388059624
1217	0.52859505	0.66807676	0.38911334
1218	0.5299088	0.669683845	0.390133755
1219	0.53119485	0.671257498	0.391132202
1220	0.5326708	0.673066424	0.392275176
1221	0.53422365	0.674972562	0.393474738
1222	0.53571115	0.676748787	0.394673513
1223	0.5372243	0.678535288	0.395913312
1224	0.5388165	0.680456866	0.397176134
1225	0.5404129	0.682413058	0.398412742
1226	0.54203465	0.68436339	0.39970591
1227	0.5435788	0.686158567	0.400999033
1228	0.5451806	0.688014917	0.402346283
1229	0.5467975	0.689876625	0.403718375
1230	0.54841025	0.691740512	0.405079988
1231	0.5497968	0.69333527	0.40625833
1232	0.551238	0.695001136	0.407474864
1233	0.55275265	0.696739936	0.408765364
1234	0.55418405	0.698375771	0.409992329
1235	0.5554689	0.699851374	0.411086426
1236	0.55668755	0.701244422	0.412130678
1237	0.55786865	0.702568346	0.413168954
1238	0.558973	0.703795256	0.414150744
1239	0.56006145	0.70501414	0.41510876
1240	0.56114455	0.706233299	0.416055801
1241	0.5621471	0.707359446	0.416934754
1242	0.5630533	0.7083656	0.417741
1243	0.5639552	0.709368093	0.418542307
1244	0.56484065	0.710345598	0.419335702
1245	0.56580515	0.711408125	0.420202175
1246	0.5667249	0.712411784	0.421038016
1247	0.56766395	0.713452575	0.421875325
1248	0.5685614	0.714446265	0.422676535
1249	0.56946695	0.7154545	0.4234794
1250	0.57036395	0.716456985	0.424270915
1251	0.57128005	0.717474103	0.425085997
1252	0.57197345	0.718198971	0.425747929
1253	0.5726908	0.718971442	0.426410158
1254	0.5735729	0.719991892	0.427153908
1255	0.5743271	0.720835623	0.427818577
1256	0.5749094	0.721438486	0.428380314
1257	0.57543935	0.721982893	0.428895807
1258	0.57607825	0.722686938	0.429469562
1259	0.5767361	0.723408595	0.430063605
1260	0.5774241	0.724206788	0.430641412
1261	0.57812745	0.725036903	0.431217997
1262	0.5788193	0.725840701	0.431797899
1263	0.5794959	0.72661719	0.43237461
1264	0.58006905	0.727220837	0.432917263
1265	0.5806496	0.727815439	0.433483761
1266	0.58123075	0.7284513	0.4340102
1267	0.5817572	0.729028356	0.434486044
1268	0.5824222	0.729750019	0.435094381
1269	0.5830842	0.730458036	0.435710364
1270	0.58378505	0.73121066	0.43635944
1271	0.5844139	0.731874633	0.436953167
1272	0.58502585	0.732536087	0.437515613
1273	0.58568115	0.733255163	0.438107137
1274	0.5862641	0.733868582	0.438659618
1275	0.5868506	0.734468737	0.439232463
1276	0.58735285	0.734966898	0.439738802
1277	0.5879033	0.73552967	0.44027693
1278	0.58838185	0.736006243	0.440757457
1279	0.58901135	0.736700267	0.441322433
1280	0.58958775	0.737335392	0.441840108
1281	0.59011305	0.737947556	0.442278544
1282	0.59055055	0.738449649	0.442651451
1283	0.5910574	0.739023405	0.443091395
1284	0.59151295	0.739531625	0.443494275
1285	0.591924	0.739961872	0.443886128
1286	0.59233415	0.740389109	0.444279191
1287	0.59277535	0.740895159	0.444655541
1288	0.5932808	0.741479778	0.445081822
1289	0.59384265	0.742124565	0.445560735
1290	0.59437	0.742733642	0.446006358
1291	0.5949139	0.743384217	0.446443583
1292	0.5954108	0.743970863	0.446850737
1293	0.5958628	0.744489702	0.447235898
1294	0.59633375	0.745044931	0.447622569
1295	0.59684335	0.745658696	0.448028004
1296	0.5973373	0.74624226	0.44843234
1297	0.59772985	0.746708957	0.448750743
1298	0.598138	0.747215138	0.449060862
1299	0.59854775	0.747695497	0.449400003
1300	0.598933	0.748135376	0.449730624
1301	0.59938135	0.748679726	0.450082974
1302	0.59970515	0.749064595	0.450345705
1303	0.6000962	0.749508181	0.450684219
1304	0.60045305	0.749912361	0.450993739
1305	0.6008035	0.75032484	0.45128216
1306	0.60111595	0.7507066	0.4515253
1307	0.60158195	0.751270972	0.451892928
1308	0.60188555	0.751614539	0.452156561
1309	0.60214955	0.751912535	0.452386565
1310	0.60222515	0.752011372	0.452438928
1311	0.60229705	0.752106875	0.452487225
1312	0.60251505	0.75234543	0.45268467
1313	0.60284	0.752722473	0.452957527
1314	0.6030241	0.752953357	0.453094843
1315	0.6032009	0.75316352	0.45323828
1316	0.60348145	0.753501385	0.453461515
1317	0.6036959	0.753764266	0.453627534
1318	0.60377615	0.753830349	0.453721951
1319	0.6037723	0.753778298	0.453766302
1320	0.603893	0.753950583	0.453835417
1321	0.60415325	0.754337755	0.453968745
1322	0.60421215	0.754425433	0.453998867
1323	0.60412415	0.75429217	0.45395613
1324	0.6041924	0.754372122	0.454012678
1325	0.60430015	0.754532247	0.454068053
1326	0.6043374	0.754594589	0.454080211
1327	0.60414085	0.754344707	0.453936993
1328	0.60394015	0.754100807	0.453779493
1329	0.60352605	0.753591292	0.453460808
1330	0.60319595	0.753195289	0.453196611
1331	0.6029825	0.7530157	0.4529493
1332	0.60273315	0.752796522	0.452669778
1333	0.60245925	0.752451892	0.452466608
1334	0.60224035	0.752171046	0.452309654
1335	0.6019176	0.751847652	0.451987548
1336	0.6015399	0.751471562	0.451608238
1337	0.60159705	0.751625256	0.451568844
1338	0.60168585	0.751811581	0.451560119
1339	0.60137045	0.751434157	0.451306743
1340	0.60105135	0.751053019	0.451049681
1341	0.60112875	0.751188362	0.451069138
1342	0.60110625	0.751203973	0.451008527
1343	0.60080505	0.750834274	0.450775826
1344	0.60047745	0.750455595	0.450499305
1345	0.60021895	0.750208932	0.450228968
1346	0.59988875	0.7498514	0.4499261
1347	0.5992532	0.749108191	0.449398209
1348	0.59867085	0.748485891	0.448855809
1349	0.5984028	0.748260236	0.448545364
1350	0.59835835	0.748310625	0.448406075
1351	0.5983993	0.748530983	0.448267617
1352	0.5985429	0.748936451	0.448149349
1353	0.59786255	0.7480657	0.4476594
1354	0.5963613	0.745415525	0.447307075
1355	0.5945078	0.742921193	0.446094407
1356	0.59122165	0.740550302	0.441892998
1357	0.5851917	0.734805474	0.435577926
1358	0.5804823	0.729397072	0.431567528
1359	0.5797564	0.730504879	0.429007921
1360	0.59555845	0.749047592	0.442069308
1361	0.60677935	0.763455195	0.450103505
1362	0.57113135	0.718255499	0.424007201
1363	0.52499235	0.669170093	0.380814607
1364	0.5320892	0.6867503	0.3774281
1365	0.547018	0.729806467	0.364229533
1366	0.5287908	0.690291694	0.367289906
1367	0.50117625	0.689052789	0.313299711
1368	0.4757526	0.679141479	0.272363721
1369	0.45235875	0.683998661	0.220718839
1370	0.4347843	0.620612404	0.248956196
1371	0.41803625	0.565660059	0.270412441
1372	0.4160568	0.564987557	0.267126043
1373	0.4211934	0.600556818	0.241829982
1374	0.41948645	0.569600845	0.269372055
1375	0.4154504	0.552982522	0.277918278
1376	0.41789805	0.553563567	0.282232533
1377	0.4162509	0.586007724	0.246494076
1378	0.4516301	0.622781174	0.280479026
1379	0.5079187	0.677429684	0.338407716
1380	0.5162459	0.686316372	0.346175428
1381	0.4794329	0.650688644	0.308177156
1382	0.44692455	0.618735382	0.275113718
1383	0.4479981	0.624742807	0.271253393
1384	0.44650905	0.615558131	0.277459969
1385	0.43660205	0.581779469	0.291424631
1386	0.4297065	0.55847018	0.30094282
1387	0.42871925	0.56600971	0.29142879
1388	0.4529112	0.609854366	0.295968034
1389	0.48760975	0.662553737	0.312665763
1390	0.4902669	0.669692413	0.310841387
1391	0.46588225	0.621745726	0.310018774
1392	0.46034615	0.607371629	0.313320671
1393	0.49154435	0.640867647	0.342221053
1394	0.51643775	0.675319185	0.357556315
1395	0.5254676	0.690765021	0.360170179
1396	0.5334313	0.703830122	0.363032478
1397	0.52669915	0.686142878	0.367255422
1398	0.52210185	0.674531558	0.369672142
1399	0.53022275	0.67490314	0.38554236
1400	0.53658795	0.675628906	0.397546994
1401	0.52892165	0.665610178	0.392233122
1402	0.52254735	0.659205867	0.385888833
1403	0.53526	0.674556252	0.395963748
1404	0.54730675	0.69004913	0.40456437
1405	0.53989285	0.68434447	0.39544123
1406	0.53264885	0.678720229	0.386577471
1407	0.5347384	0.678847737	0.390629063
1408	0.53533425	0.677637248	0.393031252
1409	0.52248525	0.661760469	0.383210031
1410	0.5128832	0.649982556	0.375783844
1411	0.51443095	0.651910692	0.376951208
1412	0.5170265	0.655456045	0.378596955
1413	0.5184788	0.657078749	0.379878851
1414	0.51979145	0.658308954	0.381273946
1415	0.52053505	0.658890383	0.382179717
1416	0.52058225	0.65912837	0.38203613
1417	0.51945755	0.657883131	0.381031969
1418	0.5181426	0.655992333	0.380292867
1419	0.51778145	0.655197793	0.380365107
1420	0.5179147	0.654948766	0.380880634
1421	0.51753425	0.654317319	0.380751181
1422	0.5167729	0.653517197	0.380028603
1423	0.51610135	0.652549582	0.379653118
1424	0.51538505	0.651390129	0.379379971
1425	0.51509345	0.651030425	0.379156475
1426	0.5153209	0.651499693	0.379142107
1427	0.5151958	0.651460032	0.378931568
1428	0.51445	0.650590077	0.378309923
1429	0.5141742	0.65031683	0.37803157
1430	0.5146533	0.650904186	0.378402414
1431	0.51498775	0.651262609	0.378712891
1432	0.51496145	0.651121513	0.378801387
1433	0.5147703	0.65085009	0.37869051
1434	0.5137677	0.64972451	0.37781089
1435	0.5128007	0.648641484	0.376959916
1436	0.51230655	0.648201092	0.376412008
1437	0.5119417	0.647869303	0.376014097
1438	0.51189375	0.647719621	0.376067879
1439	0.51201965	0.647757644	0.376281656
1440	0.5122885	0.647812347	0.376764653
1441	0.5123027	0.647655688	0.376949712
1442	0.51145495	0.646738305	0.376171595
1443	0.51083645	0.646041749	0.375631151
1444	0.5113556	0.64660478	0.37610642
1445	0.51184155	0.647163097	0.376520003
1446	0.51214775	0.647575027	0.376720473
1447	0.51236305	0.647865458	0.376860642
1448	0.51241915	0.647876728	0.376961572
1449	0.5125329	0.647954072	0.377111728
1450	0.51324735	0.64876396	0.37773074
1451	0.51396435	0.649585586	0.378343114
1452	0.51457305	0.650361057	0.378785043
1453	0.51507185	0.651021603	0.379122097
1454	0.5154814	0.651632868	0.379329932
1455	0.51582685	0.652133569	0.379520131
1456	0.5165287	0.652901381	0.380156019
1457	0.5172667	0.653728397	0.380805003
1458	0.5178609	0.654443553	0.381278247
1459	0.5184041	0.655094715	0.381713485
1460	0.51915865	0.655991329	0.382325971
1461	0.5199391	0.656927651	0.382950549
1462	0.52051425	0.65764728	0.38338122
1463	0.52105425	0.658326496	0.383782004
1464	0.52145165	0.658836085	0.384067215
1465	0.52177895	0.659277553	0.384280347
1466	0.5222312	0.659799397	0.384663003
1467	0.52278725	0.660402389	0.385172111
1468	0.52321725	0.660860329	0.385574171
1469	0.5237389	0.661452614	0.386025186
1470	0.5243064	0.662187723	0.386425077
1471	0.52484045	0.662925533	0.386755367
1472	0.52529885	0.663501393	0.387096307
1473	0.5259071	0.664197318	0.387616882
1474	0.5264812	0.664803548	0.388158852
1475	0.52705665	0.66540671	0.38870659
1476	0.52775855	0.666254276	0.389262824
1477	0.5285066	0.667230029	0.389783171
1478	0.52913305	0.66807463	0.39019147
1479	0.52958175	0.668692777	0.390470723
1480	0.53009565	0.66936813	0.39082317
1481	0.5305972	0.670000429	0.391193971
1482	0.53110165	0.670594629	0.391608671
1483	0.53175445	0.671331952	0.392176948
1484	0.5324391	0.672161804	0.392716396
1485	0.5330495	0.672958192	0.393140808
1486	0.53356645	0.673596168	0.393536732
1487	0.53404305	0.674124878	0.393961222
1488	0.5345847	0.674748446	0.394420954
1489	0.53541465	0.67573284	0.39509646
1490	0.53612155	0.676554477	0.395688623
1491	0.53685245	0.67740062	0.39630428
1492	0.53747275	0.678110476	0.396835024
1493	0.53834015	0.679119479	0.397560821
1494	0.5391182	0.680015384	0.398221016
1495	0.5397318	0.680640778	0.398822822
1496	0.5403282	0.681261971	0.399394429
1497	0.5409873	0.682062061	0.399912539
1498	0.5416202	0.68281952	0.40042088
1499	0.5423324	0.683609386	0.401055414
1500	0.54309995	0.684478071	0.401721829
1501	0.5438983	0.685404098	0.402392502
1502	0.5446671	0.686295992	0.403038208
1503	0.54535255	0.687095025	0.403610075
1504	0.5459592	0.6877907	0.4041277
1505	0.54653895	0.68840206	0.40467584
1506	0.54717325	0.689089927	0.405256573
1507	0.5478227	0.689879152	0.405766248
1508	0.54845355	0.690644052	0.406263048
1509	0.5492848	0.691574892	0.406994708
1510	0.55005125	0.69242755	0.40767495
1511	0.55062075	0.693096168	0.408145332
1512	0.55110315	0.69365688	0.40854942
1513	0.55155875	0.694159503	0.408957997
1514	0.5520518	0.694711971	0.409391629
1515	0.5524829	0.695189696	0.409776104
1516	0.5529751	0.695739597	0.410210603
1517	0.55351095	0.696332056	0.410689844
1518	0.5540417	0.696925684	0.411157716
1519	0.5544222	0.697315679	0.411528721
1520	0.55483995	0.697748966	0.411930934
1521	0.55515595	0.698059022	0.412252878
1522	0.55545755	0.698351309	0.412563791
1523	0.5559225	0.698893246	0.412951754
1524	0.55641205	0.699468646	0.413355454
1525	0.55689045	0.699990299	0.413790601
1526	0.5572895	0.700413673	0.414165327
1527	0.557652	0.700809039	0.414494961
1528	0.55799505	0.701182742	0.414807358
1529	0.5584314	0.701667278	0.415195522
1530	0.5588362	0.702109228	0.415563172
1531	0.5592243	0.702526997	0.415921603
1532	0.55959145	0.702914895	0.416268005
1533	0.5598798	0.70319446	0.41656514
1534	0.56021655	0.703539616	0.416893484
1535	0.56047165	0.703800781	0.417142519
1536	0.5606412	0.703956366	0.417326034
1537	0.5610184	0.7043716	0.4176652
1538	0.5614274	0.704829644	0.418025156
1539	0.56165725	0.705091168	0.418223332
1540	0.56190455	0.705379562	0.418429538
1541	0.56223025	0.705725046	0.418735454
1542	0.5625617	0.706068103	0.419055297
1543	0.56291315	0.706425088	0.419401212
1544	0.56322085	0.706721385	0.419720315
1545	0.5635178	0.707031364	0.420004236
1546	0.56381295	0.707343756	0.420282144
1547	0.56408025	0.70761029	0.42055021
1548	0.56433865	0.707864135	0.420813165
1549	0.56452335	0.708012298	0.421034402
1550	0.56470345	0.708150239	0.421256661
1551	0.5648346	0.708238501	0.421430699
1552	0.5649308	0.708291983	0.421569617
1553	0.56514695	0.708481998	0.421811902
1554	0.5654194	0.708728311	0.422110489
1555	0.56569655	0.709028375	0.422364725
1556	0.5659826	0.709364664	0.422600536
1557	0.56617665	0.709551886	0.422801414
1558	0.5663275	0.709669293	0.422985707
1559	0.5665019	0.709835064	0.423168736
1560	0.5667649	0.710119644	0.423410156
1561	0.56706715	0.710451129	0.423683171
1562	0.56735425	0.710771932	0.423936568
1563	0.56766575	0.711130466	0.424201034
1564	0.56789175	0.711379125	0.424404375
1565	0.56825535	0.711794351	0.424716349
1566	0.5686135	0.712197228	0.425029772
1567	0.56894465	0.712593025	0.425296275
1568	0.5691709	0.712876408	0.425465392
1569	0.5694168	0.713153453	0.425680147
1570	0.5695808	0.713304868	0.425856732
1571	0.5697423	0.713474329	0.426010271
1572	0.569953	0.713720312	0.426185688
1573	0.57020365	0.714014009	0.426393291
1574	0.5704825	0.714343161	0.426621839
1575	0.57070065	0.71456795	0.42683335
1576	0.57089205	0.714736093	0.427048007
1577	0.5710902	0.714957303	0.427223097
1578	0.57122425	0.715130534	0.427317966
1579	0.57150185	0.715469095	0.427534605
1580	0.5717412	0.715750287	0.427732113
1581	0.57204145	0.71609461	0.42798829
1582	0.57229085	0.716366103	0.428215597
1583	0.57252905	0.716634694	0.428423406
1584	0.57274395	0.716882379	0.428605521
1585	0.57292185	0.717085571	0.428758129
1586	0.5729748	0.717134803	0.428814797
1587	0.57319965	0.717390293	0.429009007
1588	0.57354865	0.717790694	0.429306606
1589	0.57384425	0.71811381	0.42957469
1590	0.5741016	0.718387842	0.429815358
1591	0.57439015	0.718726824	0.430053476
1592	0.57464745	0.719038494	0.430256406
1593	0.57501225	0.719479802	0.430544698
1594	0.57534285	0.719878473	0.430807227
1595	0.57568015	0.720305229	0.431055071
1596	0.5759845	0.720703477	0.431265523
1597	0.57628545	0.721075137	0.431495763
1598	0.576491	0.721312922	0.431669078
1599	0.57674645	0.72161488	0.43187802
1600	0.5769793	0.721889769	0.432068831
1601	0.5772433	0.722194803	0.432291797
1602	0.5774288	0.722397816	0.432459784
1603	0.57759965	0.722583861	0.432615439
1604	0.5777278	0.722713569	0.432742031
1605	0.5778693	0.722882061	0.432856539
1606	0.57795435	0.72299735	0.43291135
1607	0.57801625	0.723072624	0.432959876
1608	0.5779761	0.723010236	0.432941964
1609	0.5781492	0.723189291	0.433109109
1610	0.5783453	0.72338469	0.43330591
1611	0.57848585	0.723508563	0.433463137
1612	0.57850815	0.723484708	0.433531592
1613	0.57857185	0.723562407	0.433581293
1614	0.578562	0.723573274	0.433550726
1615	0.5785743	0.723554658	0.433593942
1616	0.57857045	0.723486656	0.433654244
1617	0.57838875	0.723257489	0.433520011
1618	0.5782072	0.723058411	0.433355989
1619	0.5779724	0.722784491	0.433160309
1620	0.57771395	0.722476825	0.432951075
1621	0.5772617	0.721913439	0.432609961
1622	0.5768114	0.721347279	0.432275521
1623	0.5762543	0.720623697	0.431884903
1624	0.57565245	0.719834558	0.431470342
1625	0.57489415	0.71887379	0.43091451
1626	0.5741562	0.717948084	0.430364316
1627	0.57327	0.71684309	0.42969691
1628	0.57240765	0.715770159	0.429045141
1629	0.5714494	0.71453836	0.42836044
1630	0.5705324	0.713344057	0.427720743
1631	0.56970755	0.712285498	0.427129602
1632	0.568847	0.711189015	0.426504985
1633	0.56807465	0.71018852	0.42596078
1634	0.56730475	0.70918626	0.42542324
1635	0.56685075	0.708563626	0.425137874
1636	0.56642025	0.707965775	0.424874725
1637	0.5663206	0.7078092	0.424832
1638	0.5662289	0.70766952	0.42478828
1639	0.5663212	0.707809769	0.424832631
1640	0.5663814	0.707921881	0.424840919
1641	0.56672915	0.708358404	0.425099896
1642	0.5671413	0.708867371	0.425415229
1643	0.56770595	0.70964129	0.42577061
1644	0.5682284	0.710376618	0.426080182
1645	0.568667	0.710966433	0.426367567
1646	0.56902635	0.711451575	0.426601125
1647	0.569272	0.711826887	0.426717113
1648	0.5695073	0.712193936	0.426820664
1649	0.5695368	0.712293972	0.426779628
1650	0.5694824	0.712288134	0.426676666
1651	0.5693364	0.712165137	0.426507663
1652	0.56918445	0.712034225	0.426334675
1653	0.56864075	0.711378497	0.425903003
1654	0.56813725	0.71077079	0.42550371
1655	0.5675831	0.710037196	0.425129004
1656	0.5669664	0.709226638	0.424706162
1657	0.56610875	0.70818895	0.42402855
1658	0.5652412	0.707137205	0.423345195
1659	0.5643812	0.7060797	0.4226827
1660	0.56344235	0.704923495	0.421961205
1661	0.56229185	0.703456625	0.421127075
1662	0.5611775	0.702032175	0.420322825
1663	0.5597533	0.700214514	0.419292086
1664	0.55837205	0.698443234	0.418300866
1665	0.5568801	0.696462708	0.417297492
1666	0.5554195	0.694531466	0.416307534
1667	0.55384765	0.692517781	0.415177519
1668	0.5522394	0.69045605	0.41402275
1669	0.550495	0.688216396	0.412773604
1670	0.54873545	0.685960126	0.411510774
1671	0.5469995	0.683736146	0.410262854
1672	0.5452614	0.681515733	0.409007067
1673	0.5434565	0.679240862	0.407672138
1674	0.54153345	0.676812569	0.406254331
1675	0.53949435	0.674239258	0.404749442
1676	0.5374176	0.671625902	0.403209298
1677	0.5351724	0.668792824	0.401551976
1678	0.53294055	0.66598649	0.39989461
1679	0.53082535	0.663362558	0.398288142
1680	0.52860985	0.660631123	0.396588577
1681	0.52628435	0.657799279	0.394769421
1682	0.52393	0.65492622	0.39293378
1683	0.52158235	0.652050118	0.391114582
1684	0.51911925	0.649065332	0.389173168
1685	0.5166253	0.646102053	0.387148547
1686	0.5142467	0.643274007	0.385219393
1687	0.5119974	0.64059596	0.38339884
1688	0.5097199	0.637882819	0.381556981
1689	0.50745495	0.635184125	0.379725775
1690	0.50515935	0.632392322	0.377926378
1691	0.5029653	0.629667555	0.376263045
1692	0.5007285	0.626939633	0.374517367
1693	0.49847235	0.624239409	0.372705291
1694	0.49620275	0.621415143	0.370990357
1695	0.4939776	0.618550324	0.369404876
1696	0.49180955	0.615796331	0.367822769
1697	0.4896278	0.61305605	0.36619955
1698	0.48743495	0.61029898	0.36457092
1699	0.48527265	0.607578619	0.362966681
1700	0.4832974	0.605061404	0.361533396
1701	0.48149185	0.602739651	0.360244049
1702	0.4796513	0.600408613	0.358893987
1703	0.4778633	0.598156013	0.357570587
1704	0.47625025	0.596083863	0.356416637
1705	0.47461145	0.593970881	0.355252019
1706	0.47303885	0.592014638	0.354063062
1707	0.4714018	0.589997213	0.352806387
1708	0.47010575	0.588315089	0.351896411
1709	0.46876775	0.586564806	0.350970694
1710	0.4675979	0.585096568	0.350099232
1711	0.466449	0.58366154	0.34923646
1712	0.46563045	0.582628952	0.348631948
1713	0.4648654	0.581661702	0.348069098
1714	0.4644444	0.581079736	0.347809064
1715	0.46397535	0.580432505	0.347518195
1716	0.46344865	0.579828608	0.347068692
1717	0.4628822	0.579185804	0.346578596
1718	0.46258625	0.578851573	0.346320927
1719	0.46234355	0.578595515	0.346091585
1720	0.46212545	0.578471729	0.345779171
1721	0.4618852	0.578290251	0.345480149
1722	0.46186325	0.578142948	0.345583552
1723	0.46182445	0.578024205	0.345624695
1724	0.46168995	0.577988468	0.345391432
1725	0.46164305	0.578045398	0.345240702
1726	0.461709	0.578184023	0.345233977
1727	0.4618486	0.578396	0.3453012
1728	0.46219505	0.57886936	0.34552074
1729	0.46265555	0.579515521	0.345795579
1730	0.4634413	0.580589901	0.346292699
1731	0.4642396	0.581684553	0.346794647
1732	0.46509495	0.582876848	0.347313052
1733	0.4661353	0.584270517	0.348000083
1734	0.46732645	0.585795492	0.348857408
1735	0.4685545	0.587376469	0.349732531
1736	0.46971445	0.588877107	0.350551793
1737	0.4708488	0.590309606	0.351387994
1738	0.4719284	0.591643602	0.352213198
1739	0.4729303	0.59291	0.3529506
1740	0.4738491	0.594094024	0.353604176
1741	0.47442105	0.594800697	0.354041403
1742	0.4747721	0.595194308	0.354349892
1743	0.4749783	0.595398907	0.354557693
1744	0.4750964	0.595497099	0.354695701
1745	0.47516175	0.595535645	0.354787855
1746	0.4752481	0.59559352	0.35490268
1747	0.4754334	0.59576898	0.35509782
1748	0.4756445	0.595976808	0.355312192
1749	0.47565845	0.595931587	0.355385313
1750	0.4756314	0.595840527	0.355422273
1751	0.475818	0.596045504	0.355590496
1752	0.4760458	0.596294625	0.355796975
1753	0.47628695	0.596607202	0.355966698
1754	0.47661365	0.597038461	0.356188839
1755	0.47728955	0.597947876	0.356631224
1756	0.47802165	0.598951542	0.357091758
1757	0.47858715	0.599712946	0.357461354
1758	0.47920535	0.600527901	0.357882799
1759	0.4799701	0.6015093	0.3584309
1760	0.48079415	0.602582635	0.359005665
1761	0.4817504	0.603974739	0.359526061
1762	0.4827709	0.605416662	0.360125138
1763	0.4839507	0.606898761	0.361002639
1764	0.48518505	0.608470025	0.361900075
1765	0.4864375	0.610124596	0.362750404
1766	0.4878271	0.6119812	0.363673
1767	0.489483	0.614227896	0.364738104
1768	0.4910808	0.616366779	0.365794821
1769	0.4924269	0.61814052	0.36671328
1770	0.49389185	0.620058527	0.367725173
1771	0.4955808	0.622194008	0.368967592
1772	0.4970928	0.62411056	0.37007504
1773	0.49831065	0.625722236	0.370899064
1774	0.49956695	0.627356032	0.371777868
1775	0.5008302	0.628961222	0.372699178
1776	0.50205315	0.630526759	0.373579541
1777	0.5033032	0.632095843	0.374510557
1778	0.50428315	0.633273224	0.375293076
1779	0.50515225	0.634317661	0.375986839
1780	0.5060007	0.635431068	0.376570332
1781	0.5068156	0.636541725	0.377089475
1782	0.50749215	0.637353783	0.377630517
1783	0.5080948	0.637999905	0.378189695
1784	0.5085785	0.638607328	0.378549672
1785	0.5089924	0.639194925	0.378789875
1786	0.50897805	0.639298623	0.378657477
1787	0.5088993	0.639304209	0.378494391
1788	0.5089421	0.6392346	0.3786496
1789	0.50894565	0.63914024	0.37875106
1790	0.5088074	0.638925182	0.378689618
1791	0.5086272	0.638605209	0.378649191
1792	0.5082214	0.638337808	0.378104992
1793	0.5077942	0.638044224	0.377544176
1794	0.5079377	0.638059005	0.377816395
1795	0.50798265	0.638003252	0.377962048
1796	0.50753995	0.637580933	0.377498967
1797	0.50712215	0.637176653	0.377067647
1798	0.5067947	0.63673872	0.37685068
1799	0.50647815	0.636263668	0.376692632
1800	0.5065048	0.636174163	0.376835437
1801	0.47215035	0.599770038	0.344530662
1802	0.4654715	0.595212501	0.335730499
1803	0.46750705	0.594600943	0.340413157
1804	0.4716269	0.595386773	0.347867027
1805	0.4743513	0.596311239	0.352391361
1806	0.47307625	0.596165972	0.349986528
1807	0.45579035	0.581506475	0.330074225
1808	0.4353346	0.566125195	0.304544005
1809	0.42728305	0.559835966	0.294730134
1810	0.41872115	0.54887721	0.28856509
1811	0.4106686	0.540662335	0.280674865
1812	0.4198981	0.558566484	0.281229716
1813	0.44086985	0.598213657	0.283526043
1814	0.46188725	0.634788793	0.288985707
1815	0.47620085	0.65471064	0.29769106
1816	0.48114075	0.667752756	0.294528744
1817	0.4957073	0.699244744	0.292169856
1818	0.50119225	0.708155427	0.294229073
1819	0.5110529	0.745846299	0.276259501
1820	0.5530825	0.840187221	0.265977779
1821	0.55296345	0.872704228	0.233222672
1822	0.48744425	0.81548791	0.15940059
1823	0.45882615	0.784043562	0.133608738
1824	0.5435399	0.932717419	0.154362381
1825	0.5563274	0.895360533	0.217294267
1826	0.45493495	0.729584522	0.180285378
1827	0.4872401	0.776947242	0.197532958
1828	0.5321337	0.857307057	0.206960343
1829	0.510346	0.845280917	0.175411083
1830	0.526697	0.921740742	0.131653258
1831	0.73702605	1.350993565	0.123058535
1832	1.41241725	2.730863403	0.093971097
1833	0.82323765	1.852008187	-0.205532887
1834	0.26405135	0.533987864	-0.005885164
1835	0.2270818	0.485629551	-0.031465951
1836	0.41544105	0.937406575	-0.106524475
1837	1.2287347	2.688169627	-0.230700227
1838	1.1809364	2.173293238	0.188579562
1839	0.9655488	1.808019513	0.123078087
1840	0.7824829	1.625886969	-0.060921169
1841	0.6317321	1.584406715	-0.320942515
1842	0.8232918	2.284071622	-0.637488022
1843	0.73647275	1.794500003	-0.321554503
1844	0.4493871	1.061527682	-0.162753482
1845	0.515592	1.113633233	-0.082449233
1846	0.6039403	1.334456545	-0.126575945
1847	0.9379195	1.989887128	-0.114048128
1848	2.55494185	5.272614417	-0.162730717
1849	22.8666706	44.7596604	0.973680805
1850	34.7745324	67.63310228	1.915962524
1851	4.53840435	9.735723746	-0.658915046
1852	1.8207094	3.992868758	-0.351449958
1853	2.00423275	4.153771255	-0.145305755
1854	6.16076675	11.33163264	0.989900862
1855	0	0	0
1856	0.94220405	1.965552439	-0.081144339
1857	0.4030803	0.771170552	0.034990048
1858	0.29895555	0.539480462	0.058430638
1859	0.33334505	0.608974676	0.057715424
1860	0.69698265	1.435769919	-0.041804619
1861	1.184794	2.444937204	-0.075349204
1862	1.38401515	3.1136523	-0.345622
1863	1.0190944	2.175702939	-0.137514139
1864	0.60016605	1.329856822	-0.129524722
1865	0.5416348	1.020318665	0.062950935
1866	0.7409478	1.546532694	-0.064637094
1867	1.57965785	3.78530134	-0.62598564
1868	1.9341603	5.287751543	-1.419430943
1869	1.56772205	4.261527011	-1.126082911
1870	2.89164915	7.042045455	-1.258747155
1871	301.2227572	725.8608838	-123.4153695
1872	9.5650007	19.17921322	-0.049211819
1873	6.84080065	14.91750903	-1.235907726
1874	2.62275975	5.57497639	-0.32945689
1875	1.41720835	3.192486223	-0.358069523
1876	0.84683975	1.853308422	-0.159628922
1877	0.59384315	1.233234651	-0.045548351
1878	0.52018535	1.03379856	0.00657214
1879	0.6135852	1.26404556	-0.03687516
1880	0.6009683	1.288248405	-0.086311805
1881	0.3586483	0.737214924	-0.019918324
1882	0.29628805	0.64340358	-0.05082748
1883	0.4624497	0.95330343	-0.02840403
1884	1.78428765	3.709566124	-0.140990824
1885	2.7434955	5.989447465	-0.502456465
1886	1.0299937	2.442011579	-0.382024179
1887	0.94626595	1.892509788	2.21E-05
1888	1.248934	2.358825382	0.139042618
1889	0.74382355	1.497971181	-0.010324081
1890	0.5891453	1.208794382	-0.030503782
1891	0.77849795	1.644045209	-0.087049309
1892	1.2682273	2.651587172	-0.115132572
1893	2.37530135	5.57019864	-0.81959594
1894	1.2904427	2.855286082	-0.274400682
1895	0.7829935	1.58939005	-0.02340305
1896	0.45300305	0.890561301	0.015444799
1897	0.240155	0.515797048	-0.035487048
1898	0.16813375	0.404271084	-0.068003584
1899	0.20552095	0.501914418	-0.090872518
1900	0.27965295	0.78722133	-0.22791543
1901	0.39695965	0.974974357	-0.181055057
1902	0.6030794	1.491457465	-0.285298665
1903	0.9640187	2.047860804	-0.119823404
1904	1.5596857	3.077058301	0.042313099
1905	1.77251615	3.392842343	0.152189957
1906	1.1511209	2.283983135	0.018258665
1907	0.99896255	1.97679905	0.02112605
1908	1.97524925	3.701982769	0.248515731
1909	1.6020217	3.014458373	0.189585027
1910	0.4415214	0.820631914	0.062410886
1911	0.2527519	0.552218219	-0.046714419
1912	0.3205093	0.59836162	0.04265698
1913	0.3864333	0.767893726	0.004972874
1914	0.42208295	0.767626026	0.076539874
1915	0.45106035	0.817260521	0.084860179
1916	0.6026911	1.032166973	0.173215227
1917	0.77634185	1.323283016	0.229400684
1918	0.5688722	0.952231192	0.185513208
1919	0.36565805	0.593507262	0.137808838
1920	0.31802855	0.513590957	0.122466143
1921	0.3861457	0.575385845	0.196905555
1922	0.4511858	0.700577278	0.201794322
1923	0.456533	0.693540244	0.219525756
1924	0.4639978	0.718787599	0.209208001
1925	0.4518497	0.656340198	0.247359202
1926	0.42478885	0.593875717	0.255701983
1927	0.392231	0.539217245	0.245244755
1928	0.3645554	0.495371122	0.233739678
1929	0.36350425	0.487039323	0.239969177
1930	0.39670515	0.516290935	0.277119365
1931	0.4293529	0.560530339	0.298175461
1932	0.48117935	0.618353646	0.344005054
1933	0.52439955	0.674213908	0.374585192
1934	0.52198105	0.668274256	0.375687844
1935	0.5183282	0.667190308	0.369466092
1936	0.49758925	0.645742343	0.349436157
1937	0.47667875	0.625483595	0.327873905
1938	0.45723965	0.602577206	0.311902094
1939	0.43807265	0.577299306	0.298845994
1940	0.42663095	0.563743477	0.289518423
1941	0.4220862	0.558321731	0.285850669
1942	0.41854205	0.554583611	0.282500489
1943	0.42473305	0.554518827	0.294947273
1944	0.4303547	0.556310899	0.304398501
1945	0.44325305	0.571185419	0.315320681
1946	0.45752565	0.58892101	0.32613029
1947	0.4597537	0.590245314	0.329262086
1948	0.45432995	0.581485998	0.327173902
1949	0.45237715	0.576814154	0.327940146
1950	0.45496145	0.576777547	0.333145353
1951	0.45761695	0.577878223	0.337355677
1952	0.46242745	0.584424365	0.340430535
1953	0.4669357	0.591071156	0.342800244
1954	0.4677379	0.594036144	0.341439656
1955	0.46830415	0.596992144	0.339616156
1956	0.46548735	0.594948372	0.336026328
1957	0.46214585	0.592103721	0.332187979
1958	0.45981755	0.588781261	0.330853839
1959	0.45830815	0.585537483	0.331078817
1960	0.4588559	0.585464562	0.332247238
1961	0.4621724	0.589406767	0.334938033
1962	0.46513955	0.592902439	0.337376661
1963	0.4692804	0.597296473	0.341264327
1964	0.4727637	0.601046774	0.344480626
1965	0.47544365	0.605015606	0.345871694
1966	0.47760245	0.608331111	0.346873789
1967	0.4780736	0.608802705	0.347344495
1968	0.47803255	0.608432785	0.347632315
1969	0.47767255	0.607984149	0.347360951
1970	0.4770623	0.607483281	0.346641319
1971	0.47678825	0.607276929	0.346299571
1972	0.4772553	0.60777369	0.34673691
1973	0.47770875	0.608358701	0.347058799
1974	0.4789652	0.610276243	0.347654157
1975	0.48005325	0.611961989	0.348144511
1976	0.4809245	0.612122461	0.349726539
1977	0.48164235	0.612105704	0.351178996
1978	0.48209545	0.612656067	0.351534833
1979	0.482452	0.613409474	0.351494526
1980	0.4830106	0.614182777	0.351838423
1981	0.4836593	0.614806852	0.352511748
1982	0.4845061	0.615635868	0.353376332
1983	0.48605195	0.617277217	0.354826683
1984	0.4873744	0.618656421	0.356092379
1985	0.48784995	0.619072446	0.356627454
1986	0.4882671	0.619423821	0.357110379
1987	0.48886985	0.620062105	0.357677595
1988	0.4896026	0.62088603	0.35831917
1989	0.49029415	0.621511086	0.359077214
1990	0.4908212	0.621874955	0.359767445
1991	0.49043095	0.621056528	0.359805372
1992	0.4895715	0.619609508	0.359533492
1993	0.4892798	0.619008595	0.359551005
1994	0.4894878	0.619326428	0.359649172
1995	0.48933945	0.619253525	0.359425375
1996	0.48822075	0.618456507	0.357984993
1997	0.48690675	0.617558732	0.356254768
1998	0.4873959	0.618703813	0.356087987
1999	0.48823415	0.620314182	0.356154118
2000	0.4884771	0.621673644	0.355280556
2001	0.4880374	0.622716546	0.353358254
2002	0.48717195	0.622153044	0.352190856
2003	0.4858254	0.619853253	0.351797547
2004	0.48455005	0.61800626	0.35109384
2005	0.4853427	0.619160375	0.351525025
2006	0.4859442	0.62014263	0.35174577
2007	0.4850376	0.619064385	0.351010815
2008	0.4842716	0.618007305	0.350535895
2009	0.48304955	0.615584531	0.350514569
2010	0.48170695	0.613191155	0.350222745
2011	0.4821376	0.612511907	0.351763293
2012	0.48325135	0.612779804	0.353722896
2013	0.4834004	0.613538567	0.353262233
2014	0.4823506	0.613577936	0.351123264
2015	0.48123345	0.61276892	0.34969798
2016	0.4800849	0.61111693	0.34905287
2017	0.4789971	0.609648211	0.348345989
2018	0.47907435	0.609352127	0.348796573
2019	0.479276	0.609267133	0.349284867
2020	0.4794126	0.608772861	0.350052339
2021	0.4794241	0.608223477	0.350624723
2022	0.47892845	0.607674218	0.350182682
2023	0.4786181	0.607522775	0.349713425
2024	0.4783722	0.607296313	0.349448087
2025	0.47813805	0.607012899	0.349263201
2026	0.4784497	0.607210475	0.349688925
2027	0.47874485	0.607174922	0.350314778
2028	0.47839	0.60640312	0.35037688
2029	0.47782055	0.605387426	0.350253674
2030	0.4770882	0.604185485	0.349990915
2031	0.47552795	0.602213482	0.348842418
2032	0.47412685	0.6004666	0.3477871
2033	0.47341495	0.599661359	0.347168541
2034	0.4727708	0.598940005	0.346601595
2035	0.47239055	0.598423096	0.346358004
2036	0.47204655	0.597927491	0.346165609
2037	0.47211475	0.597824257	0.346405243
2038	0.4725171	0.598164865	0.346869335
2039	0.47246395	0.597943968	0.346983932
2040	0.47197175	0.597151193	0.346792307
2041	0.47175675	0.596736617	0.346776883
2042	0.4718241	0.59658081	0.34706739
2043	0.4716799	0.596239314	0.347120486
2044	0.47090155	0.595473578	0.346329522
2045	0.4700543	0.59460303	0.34550557
2046	0.46889225	0.59289403	0.34489047
2047	0.46755765	0.590917403	0.344197897
2048	0.4664447	0.589708686	0.343180714
2049	0.4654372	0.58877163	0.34210277
2050	0.4645071	0.587757217	0.341256983
2051	0.4636921	0.586750795	0.340633405
2052	0.46307245	0.585983586	0.340161314
2053	0.4627209	0.585904185	0.339537615
2054	0.46200775	0.585326447	0.338689053
2055	0.4614174	0.584712363	0.338122437
2056	0.46086615	0.584284079	0.337448221
2057	0.46103135	0.584654282	0.337408418
2058	0.4612092	0.584964733	0.337453667
2059	0.46002025	0.58324042	0.33680008
2060	0.45843165	0.580945011	0.335918289
2061	0.45676615	0.578429811	0.335102489
2062	0.45515955	0.576208684	0.334110416
2063	0.45458625	0.57530687	0.33386563
2064	0.45445745	0.574917307	0.333997593
2065	0.45417675	0.574527624	0.333825876
2066	0.4537027	0.574113836	0.333291564
2067	0.453015	0.573402861	0.332627139
2068	0.45217045	0.572424551	0.331916349
2069	0.45138885	0.571560297	0.331217403
2070	0.45088195	0.570781364	0.330982536
2071	0.45050235	0.570109574	0.330895126
2072	0.4510491	0.570752617	0.331345583
2073	0.45166705	0.571576901	0.331757199
2074	0.4511134	0.570952794	0.331274006
2075	0.45010975	0.569779255	0.330440245
2076	0.449469	0.568889106	0.330048894
2077	0.44911875	0.568362706	0.329874794
2078	0.4490695	0.568449936	0.329689064
2079	0.4490943	0.568555096	0.329633504
2080	0.44856795	0.567834488	0.329301412
2081	0.4483081	0.567416832	0.329199368
2082	0.4482045	0.567156041	0.329252959
2083	0.4479439	0.566657514	0.329230286
2084	0.4477791	0.566317173	0.329241027
2085	0.4477525	0.566216441	0.329288559
2086	0.44758815	0.565935985	0.329240315
2087	0.4474189	0.565696382	0.329141418
2088	0.4473147	0.565524329	0.329105071
2089	0.4471608	0.565353793	0.328967807
2090	0.44676985	0.564935035	0.328604665
2091	0.4464148	0.564397195	0.328432405
2092	0.44648325	0.564405761	0.328560739
2093	0.44664665	0.564707014	0.328586286
2094	0.4466792	0.564914892	0.328443508
2095	0.44691115	0.565292267	0.328530033
2096	0.44712615	0.565599591	0.328652709
2097	0.44725635	0.565792825	0.328719875
2098	0.44706685	0.565567969	0.328565731
2099	0.4467159	0.565143653	0.328288147
2100	0.44641075	0.564511246	0.328310254
2101	0.44637685	0.564074001	0.328679699
2102	0.4460185	0.563328942	0.328708058
2103	0.4454203	0.562420739	0.328419861
2104	0.444982	0.562057553	0.327906447
2105	0.44450575	0.561869392	0.327142108
2106	0.4437404	0.561138906	0.326341894
2107	0.44305795	0.560168936	0.325946964
2108	0.4428232	0.559607927	0.326038473
2109	0.4429078	0.559434944	0.326380656
2110	0.4426848	0.559002374	0.326367226
2111	0.44224565	0.558479793	0.326011507
2112	0.44177985	0.557931047	0.325628653
2113	0.44090025	0.556843453	0.324957047
2114	0.43996585	0.555667582	0.324264118
2115	0.439041	0.55445423	0.32362777
2116	0.4381644	0.553360162	0.322968638
2117	0.43797805	0.553196097	0.322760003
2118	0.4380601	0.553247091	0.322873109
2119	0.43823335	0.553384675	0.323082025
2120	0.4384298	0.55368338	0.32317622
2121	0.43854285	0.553928452	0.323157248
2122	0.43847125	0.553929636	0.323012864
2123	0.43843755	0.553996548	0.322878552
2124	0.43917395	0.554979939	0.323367961
2125	0.43984795	0.555748535	0.323947365
2126	0.43988985	0.555643389	0.324136311
2127	0.43973545	0.555373092	0.324097808
2128	0.43937945	0.554798158	0.323960742
2129	0.438968	0.55410066	0.32383534
2130	0.4386336	0.553832344	0.323434856
2131	0.4383169	0.553650755	0.322983045
2132	0.43867685	0.554121994	0.323231706
2133	0.4392655	0.554922416	0.323608584
2134	0.43966185	0.555500729	0.323822971
2135	0.43979835	0.555673335	0.323923365
2136	0.44001445	0.555943563	0.324085337
2137	0.4399828	0.555972991	0.323992609
2138	0.4397495	0.555723652	0.323775348
2139	0.43988875	0.55582723	0.32395027
2140	0.4397558	0.555588452	0.323923148
2141	0.4394684	0.55517785	0.32375895
2142	0.4393615	0.55495968	0.32376332
2143	0.4397794	0.555284838	0.324273962
2144	0.440186	0.555608108	0.324763892
2145	0.4402233	0.555631836	0.324814764
2146	0.44018515	0.555616254	0.324754046
2147	0.44030055	0.556053473	0.324547627
2148	0.4405313	0.556711572	0.324351028
2149	0.4407553	0.557165363	0.324345237
2150	0.4406557	0.55720354	0.32410786
2151	0.44074145	0.557308285	0.324174615
2152	0.441251	0.557611694	0.324890306
2153	0.44182235	0.557963526	0.325681174
2154	0.4426846	0.558865113	0.326504087
2155	0.4435182	0.559969333	0.327067067
2156	0.4438034	0.560612649	0.326994151
2157	0.4439642	0.561017468	0.326910932
2158	0.4440889	0.561192665	0.326985135
2159	0.4444545	0.561629886	0.327279114
2160	0.4447446	0.561852242	0.327636958
2161	0.4446848	0.561622726	0.327746874
2162	0.44475875	0.561563298	0.327954202
2163	0.4450447	0.561756546	0.328332854
2164	0.4447453	0.561423044	0.328067556
2165	0.44445755	0.56123878	0.32767632
2166	0.4450507	0.562043766	0.328057634
2167	0.44600505	0.563175762	0.328834338
2168	0.44734645	0.564735148	0.329957752
2169	0.44856335	0.566148226	0.330978474
2170	0.449388	0.567079374	0.331696626
2171	0.44995385	0.567849683	0.332058017
2172	0.450402	0.568571331	0.332232669
2173	0.4496088	0.567723985	0.331493615
2174	0.4487927	0.566835494	0.330749906
2175	0.4492319	0.567436212	0.331027588
2176	0.45010905	0.568560184	0.331657916
2177	0.4511639	0.569895068	0.332432732
2178	0.4521714	0.57117528	0.33316752
2179	0.45222925	0.571249491	0.333209009
2180	0.45194735	0.570884157	0.333010543
2181	0.45194525	0.570793531	0.333096969
2182	0.4516846	0.570382415	0.332986785
2183	0.4517896	0.570355445	0.333223755
2184	0.45229945	0.570790461	0.333808439
2185	0.45291535	0.571524047	0.334306653
2186	0.45332855	0.572243855	0.334413245
2187	0.45375005	0.572845416	0.334654684
2188	0.4538166	0.572913949	0.334719251
2189	0.453716	0.572799011	0.334632989
2190	0.4536293	0.572720443	0.334538157
2191	0.4535278	0.572705741	0.334349859
2192	0.4538559	0.572951867	0.334759933
2193	0.4543682	0.573226831	0.335509569
2194	0.4546042	0.573244181	0.335964219
2195	0.45462745	0.573172779	0.336082121
2196	0.4540357	0.572540025	0.335531375
2197	0.45335125	0.57191651	0.33478599
2198	0.45291255	0.571703212	0.334121888
2199	0.45235655	0.571079903	0.333633197
2200	0.4518742	0.570512383	0.333236017
2201	0.45146535	0.570225533	0.332705167
2202	0.4509244	0.569392379	0.332456421
2203	0.4501267	0.567936999	0.332316401
2204	0.44962	0.567110779	0.332129221
2205	0.44944555	0.566697606	0.332193494
2206	0.4490462	0.566011696	0.332080704
2207	0.4484419	0.565555395	0.331328405
2208	0.448053	0.565258228	0.330847772
2209	0.44788635	0.564875885	0.330896815
2210	0.4475137	0.564242939	0.330784461
2211	0.44706165	0.563429298	0.330694002
2212	0.4466613	0.562704567	0.330618033
2213	0.4461477	0.562074339	0.330221061
2214	0.4454333	0.561212027	0.329654573
2215	0.4445837	0.560225895	0.328941505
2216	0.44385065	0.559498149	0.328203151
2217	0.44292045	0.558185173	0.327655727
2218	0.44161095	0.556304397	0.326917503
2219	0.4405477	0.554966787	0.326128613
2220	0.43946575	0.553610612	0.325320888
2221	0.43839415	0.552253428	0.324534872
2222	0.4378572	0.551657885	0.324056515
2223	0.43686735	0.550685447	0.323049253
2224	0.43559785	0.549132362	0.322063338
2225	0.4341424	0.547234327	0.321050473
2226	0.4317633	0.54434957	0.31917703
2227	0.4295538	0.541589573	0.317518027
2228	0.4278656	0.539439043	0.316292157
2229	0.4261579	0.537244219	0.315071581
2230	0.42427475	0.534531159	0.314018341
2231	0.4221975	0.531693837	0.312701163
2232	0.4199313	0.529102449	0.310760151
2233	0.41781565	0.526735132	0.308896168
2234	0.4154017	0.523819072	0.306984328
2235	0.41280395	0.520536332	0.305071568
2236	0.4104664	0.517148803	0.303783997
2237	0.40834665	0.514195199	0.302498101
2238	0.406044	0.511252243	0.300835757
2239	0.4036914	0.508251749	0.299131051
2240	0.4011418	0.505068688	0.297214912
2241	0.39836605	0.501387623	0.295344477
2242	0.39574665	0.497935829	0.293557471
2243	0.39305215	0.494494092	0.291610208
2244	0.3903939	0.491154044	0.289633756
2245	0.3878403	0.488107727	0.287572873
2246	0.38530455	0.485076405	0.285532695
2247	0.38217425	0.481293334	0.283055166
2248	0.3788681	0.477334192	0.280402008
2249	0.37566125	0.473609502	0.277712998
2250	0.37237365	0.469694166	0.275053134
2251	0.3692896	0.465765317	0.272813883
2252	0.36629845	0.461885591	0.270711309
2253	0.36350585	0.458046655	0.268965045
2254	0.36093635	0.454523454	0.267349246
2255	0.35872625	0.451717614	0.265734886
2256	0.35655065	0.448996339	0.264104961
2257	0.3546379	0.446635616	0.262640184
2258	0.3527264	0.444263534	0.261189266
2259	0.35038785	0.441493321	0.259282379
2260	0.34798165	0.438742726	0.257220574
2261	0.3456728	0.435786774	0.255558826
2262	0.3431439	0.432525513	0.253762287
2263	0.3404033	0.429001069	0.251805531
2264	0.3379711	0.425780277	0.250161923
2265	0.33603715	0.4235098	0.2485645
2266	0.33428535	0.42164624	0.24692446
2267	0.33248165	0.419448556	0.245514744
2268	0.3307123	0.417117461	0.244307139
2269	0.32922095	0.41519933	0.24324257
2270	0.3283227	0.414047758	0.242597642
2271	0.3272691	0.412569611	0.241968589
2272	0.32564335	0.410171931	0.241114769
2273	0.32390495	0.407743514	0.240066386
2274	0.3219295	0.405209596	0.238649404
2275	0.31994	0.402705666	0.237174334
2276	0.31797345	0.400495604	0.235451296
2277	0.31602145	0.398356144	0.233686756
2278	0.31441695	0.396435488	0.232398412
2279	0.3129105	0.394569431	0.231251569
2280	0.3114007	0.392778184	0.230023216
2281	0.30977085	0.390850903	0.228690797
2282	0.3080791	0.388622033	0.227536167
2283	0.3064618	0.38646326	0.22646034
2284	0.3049409	0.384420487	0.225461313
2285	0.30334735	0.382379517	0.224315183
2286	0.301544	0.380188247	0.222899753
2287	0.2995101	0.377648729	0.221371471
2288	0.2975253	0.375026031	0.220024569
2289	0.29575555	0.372538617	0.218972483
2290	0.29376215	0.369931156	0.217593144
2291	0.2919412	0.367964722	0.215917678
2292	0.2902705	0.366222364	0.214318636
2293	0.28889605	0.364639015	0.213153085
2294	0.2880122	0.363500446	0.212523954
2295	0.2868525	0.361592889	0.212112111
2296	0.2856789	0.359844476	0.211513324
2297	0.2852722	0.359534384	0.211010016
2298	0.2846275	0.35890001	0.21035499
2299	0.28346495	0.357710452	0.209219448
2300	0.2826427	0.356968581	0.208316819
2301	0.28288305	0.357365425	0.208400675
2302	0.2832536	0.357899455	0.208607745
2303	0.2833541	0.357880719	0.208827481
2304	0.2833427	0.357650474	0.209034926
2305	0.2837436	0.358203176	0.209284024
2306	0.2844494	0.359316278	0.209582522
2307	0.28523845	0.360906171	0.209570729
2308	0.28588725	0.362386219	0.209388281
2309	0.2868493	0.363703727	0.209994873
2310	0.28778305	0.364713975	0.210852125
2311	0.28868785	0.365252923	0.212122777
2312	0.289968	0.366334986	0.213601014
2313	0.29165305	0.368195919	0.215110181
2314	0.2933862	0.370245322	0.216527078
2315	0.29518505	0.37277286	0.21759724
2316	0.29700935	0.375403389	0.218615311
2317	0.29866185	0.37757784	0.21974586
2318	0.30009855	0.379263459	0.220933641
2319	0.3017491	0.38107593	0.22242227
2320	0.30298165	0.38234792	0.22361538
2321	0.3040069	0.383472569	0.224541231
2322	0.3046687	0.384416139	0.224921261
2323	0.3048295	0.384905693	0.224753307
2324	0.30466525	0.384831281	0.224499219
2325	0.3045354	0.384447673	0.224623127
2326	0.30500875	0.384446979	0.225570521
2327	0.3054933	0.384677911	0.226308689
2328	0.30491425	0.384380465	0.225448035
2329	0.3040148	0.383746952	0.224282648
2330	0.302651	0.382245198	0.223056802
2331	0.30141405	0.380850922	0.221977178
2332	0.3005218	0.379515289	0.221528311
2333	0.2997277	0.378148474	0.221306926
2334	0.29919695	0.377133488	0.221260412
2335	0.29858815	0.376165972	0.221010328
2336	0.29808835	0.37590395	0.22027275
2337	0.2978466	0.376145337	0.219547863
2338	0.2973379	0.375908188	0.218767612
2339	0.29663985	0.375330294	0.217949406
2340	0.2954073	0.374056858	0.216757742
2341	0.2941124	0.372788075	0.215436725
2342	0.29347575	0.371660607	0.215290893
2343	0.29305535	0.370471982	0.215638718
2344	0.29373165	0.371073913	0.216389387
2345	0.2946629	0.372309866	0.217015934
2346	0.2949803	0.373361468	0.216599132
2347	0.2948959	0.374176087	0.215615713
2348	0.29481475	0.374760218	0.214869282
2349	0.2948884	0.37550098	0.21427582
2350	0.2951554	0.375727383	0.214583417
2351	0.2964698	0.376161547	0.216778053
2352	0.29797365	0.377350721	0.218596579
2353	0.2993983	0.379195679	0.219600921
2354	0.3006358	0.380576253	0.220695347
2355	0.30166765	0.3817224	0.2216129
2356	0.303	0.383479062	0.222520938
2357	0.3043314	0.385751442	0.222911358
2358	0.3056093	0.387906492	0.223312108
2359	0.3062656	0.38863103	0.22390017
2360	0.30663045	0.388960879	0.224300021
2361	0.30686635	0.389139051	0.224593649
2362	0.3074194	0.389762093	0.225076707
2363	0.3083692	0.390745191	0.225993209
2364	0.3091583	0.391455764	0.226860836
2365	0.3094014	0.391530145	0.227272655
2366	0.30935505	0.391308076	0.227402024
2367	0.30882005	0.390821551	0.226818549
2368	0.30847515	0.390725439	0.226224861
2369	0.3086818	0.391074228	0.226289372
2370	0.30900375	0.391467873	0.226539627
2371	0.3095845	0.392384674	0.226784326
2372	0.3098138	0.392852771	0.226774829
2373	0.30759445	0.389652664	0.225536236
2374	0.3049457	0.385863694	0.224027706
2375	0.30437495	0.384698599	0.224051301
2376	0.30457285	0.384847831	0.224297869
2377	0.30580505	0.386832311	0.224777789
2378	0.3070126	0.388381219	0.225643981
2379	0.3064907	0.387667339	0.225314061
2380	0.30569525	0.386849654	0.224540846
2381	0.30570805	0.386760825	0.224655275
2382	0.3060365	0.387173754	0.224899246
2383	0.30554905	0.386597347	0.224500753
2384	0.30445585	0.384980388	0.223931312
2385	0.3038669	0.384321141	0.223412659
2386	0.3040059	0.384881905	0.223129895
2387	0.3044925	0.385535746	0.223449254
2388	0.3043533	0.38546783	0.22323877
2389	0.30456955	0.385819911	0.223319189
2390	0.30544745	0.386953306	0.223941594
2391	0.3063145	0.38858236	0.22404664
2392	0.30710695	0.390051895	0.224162005
2393	0.3071226	0.39014919	0.22409601
2394	0.30616745	0.388368069	0.223966831
2395	0.30634095	0.387862516	0.224819384
2396	0.30855295	0.390004977	0.227100923
2397	0.3102731	0.391737484	0.228808716
2398	0.31001385	0.391968883	0.228058817
2399	0.3091219	0.391715939	0.226527861
2400	0.30798705	0.390814639	0.225159461
2401	0.3070918	0.390112623	0.224070977
2402	0.30660835	0.389529644	0.223687056
2403	0.3062588	0.389024911	0.223492689
2404	0.30682985	0.389477541	0.224182159
2405	0.30766845	0.39072882	0.22460808
2406	0.30901845	0.393069808	0.224967092
2407	0.310042	0.394586423	0.225497577
2408	0.30899885	0.392497149	0.225500551
2409	0.3071807	0.389387681	0.224973719
2410	0.3054475	0.386550506	0.224344494
2411	0.3047398	0.385528611	0.223950989
2412	0.30570085	0.388082897	0.223318803
2413	0.30653845	0.390630578	0.222446322
2414	0.3083933	0.393715673	0.223070927
2415	0.3103079	0.396905541	0.223710259
2416	0.308373	0.395922206	0.220823794
2417	0.30585805	0.394375686	0.217340414
2418	0.30505795	0.391923898	0.218192002
2419	0.3041708	0.388724513	0.219617087
2420	0.30218365	0.385536857	0.218830443
2421	0.3005573	0.383060409	0.218054191
2422	0.3012454	0.38346626	0.21902454
2423	0.30231785	0.384274024	0.220361676
2424	0.3036699	0.385473242	0.221866558
2425	0.30547005	0.387554566	0.223385534
2426	0.3056054	0.386805792	0.224405008
2427	0.3052903	0.385892179	0.224688421
2428	0.30561935	0.387346139	0.223892561
2429	0.3054456	0.388121704	0.222769496
2430	0.30573215	0.3886658	0.2227985
2431	0.3064065	0.389649489	0.223163511
2432	0.3082511	0.392646095	0.223856105
2433	0.31067155	0.396728034	0.224615066
2434	0.3076585	0.393758578	0.221558422
2435	0.30109315	0.38614926	0.21603704
2436	0.2976623	0.381435239	0.213889361
2437	0.2978892	0.380898643	0.214879757
2438	0.298745	0.381792429	0.215697571
2439	0.29894165	0.382132297	0.215751003
2440	0.29906105	0.382363953	0.215758147
2441	0.29879915	0.382047554	0.215550746
2442	0.29859925	0.381459936	0.215738564
2443	0.2988988	0.380849401	0.216948199
2444	0.297868	0.379549533	0.216186467
2445	0.29572855	0.379003594	0.212453506
2446	0.2936372	0.378590105	0.208684295
2447	0.2926928	0.380160331	0.205225269
2448	0.2907003	0.379259606	0.202140994
2449	0.2861701	0.371952008	0.200388192
2450	0.2844674	0.368380636	0.200554164
2451	0.286659	0.369598362	0.203719638
2452	0.289438	0.371346824	0.207529176
2453	0.2958858	0.376445394	0.215326206
2454	0.3011203	0.381182751	0.221057849
2455	0.29961005	0.380659066	0.218561034
2456	0.29815425	0.38108631	0.21522219
2457	0.2960615	0.380679625	0.211443375
2458	0.29536885	0.381146831	0.209590869
2459	0.29533445	0.379039538	0.211629362
2460	0.2937344	0.376456962	0.211011838
2461	0.295089	0.379460985	0.210717015
2462	0.2957905	0.380645307	0.210935693
2463	0.295651	0.380484318	0.210817682
2464	0.2945584	0.379658637	0.209458163
2465	0.28848865	0.373736655	0.203240645
2466	0.2835125	0.368613062	0.198411938
2467	0.2807934	0.362352362	0.199234438
2468	0.2766949	0.35589475	0.19749505
2469	0.2762577	0.357649012	0.194866388
2470	0.2772417	0.36238007	0.19210333
2471	0.27338955	0.35830326	0.18847584
2472	0.2698803	0.354574265	0.185186335
2473	0.27271945	0.355995851	0.189443049
2474	0.2744648	0.356199525	0.192730075
2475	0.26739975	0.347941477	0.186858023
2476	0.2634992	0.344155798	0.182842602
2477	0.2740359	0.356716058	0.191355742
2478	0.2826767	0.370705473	0.194647927
2479	0.2847189	0.380660193	0.188777607
2480	0.28547355	0.391821763	0.179125337
2481	0.26832565	0.375614128	0.161037172
2482	0.2515149	0.360752482	0.142277318
2483	0.25577955	0.36482284	0.14673626
2484	0.267286	0.389100214	0.145471786
2485	0.27368935	0.4060914	0.1412873
2486	0.2682354	0.411711191	0.124759609
2487	0.26663745	0.420623037	0.112651863
2488	0.2822647	0.471869447	0.092659953
2489	0.25799135	0.429813653	0.086169047
2490	0.20338895	0.371339801	0.035438099
2491	0.16534845	0.300764757	0.029932143
2492	0.1498135	0.265101971	0.034525029
2493	0.15704355	0.256473975	0.057613125
2494	0.1657524	0.263923102	0.067581698
2495	0.1723039	0.269391147	0.075216653
2496	0.17875545	0.281390029	0.076120871
2497	0.16333005	0.258851544	0.067808556
2498	0.14542065	0.245265758	0.045575542
2499	0.17281095	0.284452918	0.061168982
2500	0.21575725	0.353233351	0.078281149
