Wavelength	Mean	Std+	Std-
350	0.0279408	0.031186411	0.024695189
351	0.02818665	0.031459654	0.024913646
352	0.0281641	0.031410956	0.024917244
353	0.0282433	0.031525699	0.024960901
354	0.02831065	0.031627319	0.024993981
355	0.0283553	0.03169334	0.02501726
356	0.02831025	0.03160931	0.02501119
357	0.0285707	0.031890305	0.025251095
358	0.0288651	0.032233365	0.025496835
359	0.0286199	0.032016017	0.025223783
360	0.02869085	0.032099686	0.025282014
361	0.0288693	0.032289579	0.025449021
362	0.0290698	0.032503973	0.025635627
363	0.0289669	0.032411635	0.025522165
364	0.029043	0.032490284	0.025595716
365	0.02933405	0.032777315	0.025890785
366	0.0291823	0.032638905	0.025725695
367	0.0292686	0.032758798	0.025778402
368	0.0294773	0.033001459	0.025953141
369	0.0295577	0.03305977	0.02605563
370	0.02963325	0.033171284	0.026095216
371	0.02968805	0.033265021	0.026111079
372	0.0297043	0.033279068	0.026129532
373	0.02979525	0.033391387	0.026199113
374	0.02984215	0.033477001	0.026207299
375	0.0298278	0.033517518	0.026138082
376	0.0301212	0.033810252	0.026432148
377	0.0302976	0.033996879	0.026598321
378	0.03037325	0.034089132	0.026657368
379	0.0303527	0.034086797	0.026618603
380	0.03046005	0.034240865	0.026679235
381	0.030589	0.034415459	0.026762541
382	0.03066975	0.03451566	0.02682384
383	0.03110545	0.034970677	0.027240223
384	0.03132505	0.035205862	0.027444238
385	0.03120965	0.035103003	0.027316297
386	0.03147305	0.035396323	0.027549777
387	0.0317105	0.035642657	0.027778343
388	0.0318826	0.035814314	0.027950886
389	0.03179045	0.035759013	0.027821887
390	0.0319398	0.035943539	0.027936061
391	0.03213745	0.03617744	0.02809746
392	0.0322384	0.036321159	0.028155641
393	0.0325147	0.036606953	0.028422447
394	0.03273145	0.036850379	0.028612521
395	0.03282505	0.036997351	0.028652749
396	0.03306855	0.03726369	0.02887341
397	0.0332616	0.037482986	0.029040214
398	0.0334071	0.037652636	0.029161564
399	0.0334598	0.037699962	0.029219638
400	0.03362865	0.037891988	0.029365312
401	0.03380595	0.038104438	0.029507462
402	0.03390565	0.038243393	0.029567907
403	0.03405145	0.038428297	0.029674603
404	0.03423795	0.038659813	0.029816087
405	0.03446275	0.038938106	0.029987394
406	0.03456605	0.039074215	0.030057885
407	0.0347214	0.039253664	0.030189136
408	0.034906	0.039459285	0.030352715
409	0.0349807	0.039580655	0.030380745
410	0.03511375	0.039748517	0.030478983
411	0.03529635	0.039962436	0.030630264
412	0.03555145	0.040254294	0.030848606
413	0.03566655	0.040427049	0.030906051
414	0.0357931	0.040602425	0.030983775
415	0.0359842	0.040823195	0.031145205
416	0.03612875	0.041011592	0.031245908
417	0.03626095	0.041188755	0.031333145
418	0.0363975	0.041369418	0.031425582
419	0.0366651	0.041672519	0.031657681
420	0.0368088	0.041869205	0.031748395
421	0.03690845	0.042022882	0.031794018
422	0.03707215	0.042216929	0.031927371
423	0.03721855	0.04240282	0.03203428
424	0.03737025	0.042594089	0.032146411
425	0.03753735	0.042797527	0.032277173
426	0.0377525	0.043067002	0.032437998
427	0.0379203	0.043284871	0.032555729
428	0.03804645	0.043455999	0.032636901
429	0.03819265	0.043640346	0.032744954
430	0.0383386	0.043828793	0.032848407
431	0.0384716	0.04400242	0.03294078
432	0.03856285	0.044117684	0.033008016
433	0.0387677	0.044362229	0.033173171
434	0.03895975	0.044594565	0.033324935
435	0.03906375	0.044730791	0.033396709
436	0.03915525	0.044868333	0.033442167
437	0.03927115	0.045026656	0.033515644
438	0.0394187	0.045211724	0.033625676
439	0.0395925	0.045415436	0.033769564
440	0.0397558	0.045619349	0.033892251
441	0.03990445	0.045810738	0.033998162
442	0.0400526	0.045989524	0.034115676
443	0.0401744	0.046140699	0.034208101
444	0.0402658	0.046263203	0.034268397
445	0.0402991	0.046329219	0.034268981
446	0.04043385	0.046503019	0.034364681
447	0.0405857	0.046689042	0.034482358
448	0.04074945	0.046882398	0.034616502
449	0.0408099	0.046981883	0.034637917
450	0.04093345	0.047139863	0.034727037
451	0.04108755	0.047325288	0.034849812
452	0.04123365	0.047507515	0.034959785
453	0.04130745	0.047613718	0.035001182
454	0.04138425	0.047722707	0.035045793
455	0.04150735	0.047877516	0.035137184
456	0.0416097	0.048013335	0.035206065
457	0.04171405	0.048145341	0.035282759
458	0.04183255	0.048285585	0.035379515
459	0.04189985	0.048384926	0.035414774
460	0.04198175	0.048498679	0.035464821
461	0.04207115	0.048617598	0.035524702
462	0.04218845	0.048756324	0.035620576
463	0.042316	0.048916924	0.035715076
464	0.0424229	0.049056853	0.035788947
465	0.04247205	0.049128995	0.035815105
466	0.0425695	0.049262053	0.035876947
467	0.0426657	0.049392929	0.035938471
468	0.0427421	0.04949858	0.03598562
469	0.04281915	0.049597157	0.036041143
470	0.04292175	0.049726655	0.036116845
471	0.04303275	0.049865082	0.036200418
472	0.0431325	0.049979881	0.036285119
473	0.04325505	0.050129648	0.036380452
474	0.0433693	0.050278433	0.036460167
475	0.0434199	0.050365232	0.036474568
476	0.04349945	0.05047382	0.03652508
477	0.04359185	0.050591832	0.036591868
478	0.04368455	0.050705806	0.036663294
479	0.0437727	0.050824392	0.036721008
480	0.04388735	0.05096947	0.03680523
481	0.0440094	0.051120709	0.036898091
482	0.04409065	0.051230657	0.036950643
483	0.04416265	0.051334011	0.036991289
484	0.0442527	0.051457359	0.037048041
485	0.0443829	0.051618425	0.037147375
486	0.04448575	0.051743856	0.037227644
487	0.04456055	0.051837825	0.037283275
488	0.04460995	0.051905092	0.037314808
489	0.04467805	0.052003172	0.037352928
490	0.0447976	0.052152511	0.037442689
491	0.04494535	0.052327904	0.037562796
492	0.04505985	0.052470235	0.037649465
493	0.04515405	0.052595837	0.037712263
494	0.0452384	0.052714182	0.037762618
495	0.04529955	0.052810091	0.037789009
496	0.04544915	0.052991007	0.037907293
497	0.0456043	0.053177425	0.038031175
498	0.0457258	0.053330206	0.038121394
499	0.0458583	0.053491526	0.038225074
500	0.045961	0.053622779	0.038299221
501	0.04603745	0.0537273	0.0383476
502	0.04613155	0.053849645	0.038413455
503	0.0462417	0.053988418	0.038494982
504	0.04635605	0.054131026	0.038581074
505	0.0464585	0.05425881	0.03865819
506	0.04659575	0.054435368	0.038756132
507	0.04670955	0.054587794	0.038831306
508	0.0467676	0.054677507	0.038857693
509	0.0468953	0.054834361	0.038956239
510	0.0470031	0.054974222	0.039031978
511	0.0470942	0.055099781	0.039088619
512	0.0472768	0.055313954	0.039239646
513	0.04739875	0.055474883	0.039322617
514	0.0474941	0.055612333	0.039375867
515	0.04761465	0.055769368	0.039459932
516	0.04776095	0.055944637	0.039577263
517	0.0478848	0.056094956	0.039674644
518	0.0479491	0.056185084	0.039713116
519	0.0480612	0.056328111	0.039794289
520	0.0481726	0.056475572	0.039869628
521	0.04827355	0.056615561	0.039931539
522	0.04840275	0.056779333	0.040026167
523	0.04853245	0.056945092	0.040119808
524	0.048662	0.057112076	0.040211924
525	0.04878855	0.057277723	0.040299377
526	0.0489451	0.057472397	0.040417803
527	0.04909835	0.057663338	0.040533362
528	0.04922785	0.057831326	0.040624374
529	0.04928565	0.057925094	0.040646206
530	0.04938615	0.058064398	0.040707902
531	0.0495538	0.058276266	0.040831334
532	0.0496911	0.058454245	0.040927955
533	0.04982875	0.058631386	0.041026114
534	0.04997025	0.058811345	0.041129155
535	0.05012785	0.05900807	0.04124763
536	0.05021285	0.059136178	0.041289522
537	0.05030815	0.059275419	0.041340881
538	0.0504884	0.059500286	0.041476514
539	0.05060205	0.059652945	0.041551155
540	0.0507204	0.059811831	0.041628969
541	0.0508537	0.05998822	0.04171918
542	0.0509744	0.060144018	0.041804782
543	0.05109555	0.060305195	0.041885905
544	0.05122265	0.060476996	0.041968304
545	0.0513525	0.060652344	0.042052656
546	0.05147355	0.060817682	0.042129418
547	0.05160435	0.060991952	0.042216748
548	0.0517733	0.061206127	0.042340473
549	0.05190495	0.061382671	0.042427229
550	0.0520338	0.061557491	0.042510109
551	0.05216565	0.061736098	0.042595202
552	0.05228015	0.061890376	0.042669924
553	0.05240005	0.062051664	0.042748436
554	0.0525266	0.062221745	0.042831455
555	0.0526671	0.062411326	0.042922874
556	0.0528219	0.06261125	0.04303255
557	0.0529618	0.062793951	0.043129649
558	0.0530851	0.062965707	0.043204493
559	0.05320795	0.063133399	0.043282501
560	0.05332185	0.06328772	0.04335598
561	0.0534358	0.06343895	0.04343265
562	0.05355745	0.063609009	0.043505891
563	0.05367185	0.06376863	0.04357507
564	0.0537915	0.063932955	0.043650045
565	0.053914	0.064099293	0.043728707
566	0.05403965	0.064271507	0.043807793
567	0.05416625	0.064444209	0.043888291
568	0.05429215	0.064611199	0.043973101
569	0.05440905	0.064772757	0.044045343
570	0.0545147	0.064922826	0.044106574
571	0.05460055	0.065050501	0.044150599
572	0.05472265	0.065212723	0.044232577
573	0.0548504	0.065382082	0.044318718
574	0.05497655	0.06555059	0.04440251
575	0.0551134	0.065734734	0.044492066
576	0.05522365	0.065893084	0.044554216
577	0.05532025	0.066037079	0.044603421
578	0.055438	0.066201017	0.044674983
579	0.05555515	0.066360375	0.044749925
580	0.05567745	0.066526108	0.044828792
581	0.05580765	0.066703685	0.044911615
582	0.0559283	0.066868377	0.044988223
583	0.0560535	0.067040678	0.045066322
584	0.0561819	0.067219055	0.045144745
585	0.05628165	0.067357642	0.045205658
586	0.0563846	0.067501553	0.045267647
587	0.05648685	0.067647187	0.045326513
588	0.05657545	0.067782797	0.045368103
589	0.05666235	0.067907592	0.045417108
590	0.05676565	0.06805001	0.04548129
591	0.056898	0.06822776	0.04556824
592	0.0570023	0.06838384	0.04562076
593	0.0571291	0.068559547	0.045698653
594	0.05727875	0.068755534	0.045801966
595	0.05739305	0.068920226	0.045865874
596	0.0575186	0.069095827	0.045941373
597	0.0576581	0.069287836	0.046028364
598	0.0577957	0.069481858	0.046109542
599	0.05791835	0.069652572	0.046184128
600	0.05804395	0.069827445	0.046260455
601	0.0581678	0.070004574	0.046331026
602	0.0582878	0.070179184	0.046396416
603	0.0584115	0.070357416	0.046465584
604	0.05854015	0.0705406	0.0465397
605	0.05869065	0.070748198	0.046633102
606	0.05881655	0.070926999	0.046706101
607	0.0589291	0.071090317	0.046767883
608	0.05904725	0.071260268	0.046834232
609	0.0591964	0.071465734	0.046927066
610	0.05935425	0.071679071	0.047029429
611	0.059505	0.071879172	0.047130828
612	0.0596325	0.072062643	0.047202357
613	0.05977585	0.072264917	0.047286783
614	0.05994745	0.072499183	0.047395717
615	0.0600799	0.072689736	0.047470064
616	0.06022385	0.072884857	0.047562843
617	0.0603671	0.073073816	0.047660384
618	0.06050375	0.07326316	0.04774434
619	0.06066475	0.07348063	0.04784887
620	0.06080215	0.073672533	0.047931767
621	0.06087185	0.073789621	0.047954079
622	0.06101105	0.073982493	0.048039607
623	0.0611624	0.074187725	0.048137075
624	0.061314	0.074391629	0.048236371
625	0.0614525	0.07458719	0.04831781
626	0.06161995	0.074809845	0.048430055
627	0.0617887	0.075031605	0.048545795
628	0.0618516	0.075145015	0.048558185
629	0.0619696	0.075314323	0.048624877
630	0.06210815	0.075505013	0.048711287
631	0.0622877	0.075748416	0.048826984
632	0.0624831	0.076002771	0.048963429
633	0.0626667	0.076243354	0.049090046
634	0.0628325	0.076464714	0.049200286
635	0.06297995	0.076677361	0.049282539
636	0.06314365	0.07690373	0.04938357
637	0.06331215	0.077132826	0.049491474
638	0.06343335	0.07731328	0.04955342
639	0.0635787	0.077517104	0.049640296
640	0.06374775	0.077746274	0.049749226
641	0.06392225	0.077979746	0.049864754
642	0.0640325	0.078148815	0.049916185
643	0.0641493	0.078322778	0.049975822
644	0.06429485	0.078523804	0.050065896
645	0.0644276	0.078710789	0.050144411
646	0.0645558	0.078892096	0.050219504
647	0.064683	0.079071171	0.050294829
648	0.06482495	0.079264394	0.050385506
649	0.06495105	0.079444442	0.050457658
650	0.06508675	0.079636973	0.050536527
651	0.06527385	0.079885791	0.050661909
652	0.065376	0.080047134	0.050704866
653	0.06551285	0.080238008	0.050787692
654	0.0657228	0.080492775	0.050952825
655	0.0658986	0.080726942	0.051070258
656	0.06602865	0.08092144	0.05113586
657	0.0661189	0.081077044	0.051160756
658	0.06634745	0.081371327	0.051323573
659	0.06652495	0.081614538	0.051435362
660	0.0666844	0.08183897	0.05152983
661	0.06686225	0.082079651	0.051644849
662	0.0670265	0.082299711	0.051753289
663	0.06719515	0.082528699	0.051861601
664	0.0673622	0.082762986	0.051961414
665	0.06754925	0.083006204	0.052092296
666	0.0677191	0.083236217	0.052201983
667	0.0678649	0.083444978	0.052284822
668	0.0680126	0.083652214	0.052372986
669	0.06817405	0.083876532	0.052471568
670	0.0683399	0.084104273	0.052575527
671	0.06849415	0.084308955	0.052679345
672	0.06865975	0.08454215	0.05277735
673	0.06882265	0.084770355	0.052874945
674	0.06897535	0.084975696	0.052975004
675	0.06917395	0.085236311	0.053111589
676	0.06933655	0.085459409	0.053213691
677	0.0694758	0.085660426	0.053291174
678	0.06967	0.085918336	0.053421664
679	0.06981225	0.086118516	0.053505984
680	0.06994195	0.086304169	0.053579731
681	0.0701365	0.086559497	0.053713503
682	0.0703012	0.08678134	0.05382106
683	0.0704493	0.086983503	0.053915097
684	0.07059575	0.087183809	0.054007691
685	0.0707705	0.087399996	0.054141004
686	0.0708879	0.087568611	0.054207189
687	0.0709295	0.087674254	0.054184746
688	0.07108355	0.087895362	0.054271738
689	0.07130305	0.088177867	0.054428233
690	0.0715334	0.088466118	0.054600682
691	0.07165535	0.088642108	0.054668592
692	0.07181465	0.088855421	0.054773879
693	0.0719987	0.089095355	0.054902045
694	0.07220915	0.08936505	0.05505325
695	0.07236375	0.08958919	0.05513831
696	0.07255145	0.089840252	0.055262648
697	0.0727859	0.090130318	0.055441482
698	0.07298625	0.090384004	0.055588496
699	0.0731318	0.090587221	0.055676379
700	0.073263	0.090781937	0.055744063
701	0.07346635	0.091048716	0.055883984
702	0.07366115	0.091308539	0.056013761
703	0.0738467	0.091556814	0.056136586
704	0.07401475	0.091780783	0.056248717
705	0.0742	0.092018726	0.056381274
706	0.07437925	0.092255424	0.056503076
707	0.0745491	0.092489386	0.056608814
708	0.07474945	0.092752023	0.056746877
709	0.074921	0.092981997	0.056860003
710	0.0750794	0.093196871	0.056961929
711	0.0752819	0.093458801	0.057104999
712	0.07546585	0.093694463	0.057237237
713	0.07562955	0.093905562	0.057353538
714	0.07575985	0.094081048	0.057438652
715	0.0758934	0.09423557	0.05755123
716	0.0759909	0.09435232	0.05762948
717	0.0760279	0.094412136	0.057643664
718	0.07615165	0.094587511	0.057715789
719	0.07632955	0.094839724	0.057819376
720	0.0765394	0.095131412	0.057947388
721	0.07677755	0.095425539	0.058129561
722	0.07693405	0.095622452	0.058245648
723	0.0770627	0.095792673	0.058332727
724	0.0771582	0.095938755	0.058377645
725	0.07733715	0.096167787	0.058506513
726	0.07753285	0.096415675	0.058650025
727	0.07771835	0.096653317	0.058783383
728	0.0778914	0.096876821	0.058905979
729	0.0780683	0.097111556	0.059025044
730	0.07824405	0.097349328	0.059138772
731	0.0784708	0.097645288	0.059296312
732	0.0786992	0.097942368	0.059456032
733	0.0789004	0.098207904	0.059592896
734	0.07902715	0.09838887	0.05966543
735	0.07919935	0.098606043	0.059792657
736	0.07939595	0.098853148	0.059938752
737	0.0795994	0.099114871	0.060083929
738	0.07974165	0.099311615	0.060171685
739	0.0799066	0.099531542	0.060281658
740	0.08007765	0.099753872	0.060401428
741	0.0802536	0.099979747	0.060527453
742	0.08043115	0.10020869	0.06065361
743	0.0806113	0.100439516	0.060783084
744	0.0807989	0.100672546	0.060925254
745	0.0809661	0.100880536	0.061051664
746	0.08110405	0.101065107	0.061142993
747	0.08118415	0.101200089	0.061168211
748	0.08139005	0.101449907	0.061330193
749	0.08155795	0.101664597	0.061451303
750	0.08168295	0.101839228	0.061526672
751	0.0818329	0.102026236	0.061639564
752	0.082002	0.102237106	0.061766894
753	0.0821739	0.102454854	0.061892946
754	0.08231815	0.102649048	0.061987252
755	0.08244555	0.102818468	0.062072632
756	0.0825897	0.103000784	0.062178616
757	0.0827879	0.103236648	0.062339152
758	0.08284875	0.103274989	0.062422511
759	0.0828705	0.103279872	0.062461128
760	0.0828282	0.103260435	0.062395965
761	0.08291665	0.103453316	0.062379984
762	0.08304245	0.103627726	0.062457174
763	0.0832059	0.103831364	0.062580436
764	0.08340325	0.104113041	0.062693459
765	0.0836635	0.104443936	0.062883064
766	0.0839255	0.104761883	0.063089117
767	0.08419855	0.105078471	0.063318629
768	0.0844097	0.105338338	0.063481062
769	0.0846029	0.105577529	0.063628271
770	0.084783	0.105801106	0.063764894
771	0.08488485	0.105955648	0.063814052
772	0.08505685	0.106173408	0.063940292
773	0.0852483	0.106404418	0.064092182
774	0.0853872	0.106589878	0.064184522
775	0.0855622	0.106803604	0.064320796
776	0.08573365	0.107013628	0.064453672
777	0.08587265	0.107196445	0.064548855
778	0.086022	0.107382805	0.064661195
779	0.08616025	0.107564456	0.064756044
780	0.08628385	0.107739792	0.064827908
781	0.08643335	0.107923026	0.064943674
782	0.0865986	0.108123966	0.065073234
783	0.08677895	0.10834529	0.06521261
784	0.08692	0.108531709	0.065308291
785	0.0870841	0.108731529	0.065436671
786	0.08723295	0.108910925	0.065554975
787	0.08732185	0.109026619	0.065617081
788	0.08743645	0.109176244	0.065696656
789	0.0875934	0.109372657	0.065814143
790	0.08779955	0.109622082	0.065977018
791	0.08794845	0.109815293	0.066081607
792	0.08810655	0.110015974	0.066197126
793	0.088266	0.110215982	0.066316018
794	0.088391	0.110378869	0.066403131
795	0.08851385	0.110535566	0.066492134
796	0.08864475	0.110700831	0.066588669
797	0.08879855	0.110893916	0.066703184
798	0.0889607	0.111096116	0.066825284
799	0.08911225	0.111283194	0.066941306
800	0.0892444	0.111443784	0.067045016
801	0.0894439	0.111682118	0.067205682
802	0.0895865	0.11186274	0.06731026
803	0.0896987	0.112014473	0.067382927
804	0.08993025	0.112303978	0.067556522
805	0.0900963	0.11251061	0.06768199
806	0.09024055	0.112686539	0.067794561
807	0.09043325	0.112913739	0.067952761
808	0.0905364	0.113049246	0.068023554
809	0.09061975	0.113163855	0.068075645
810	0.09070035	0.113273768	0.068126932
811	0.09083795	0.113424339	0.068251561
812	0.090922	0.113518204	0.068325796
813	0.09096195	0.113567697	0.068356203
814	0.0910479	0.113676345	0.068419455
815	0.0911585	0.113807119	0.068509881
816	0.09128595	0.113959892	0.068612008
817	0.09143925	0.114162194	0.068716306
818	0.0917109	0.114478094	0.068943706
819	0.0919414	0.114759386	0.069123414
820	0.0920515	0.114929092	0.069173908
821	0.0921638	0.115047636	0.069279964
822	0.09233005	0.115243816	0.069416284
823	0.0925302	0.115498439	0.069561961
824	0.09268605	0.115716666	0.069655434
825	0.0928925	0.115957297	0.069827703
826	0.09309745	0.116187644	0.070007256
827	0.0931844	0.116312307	0.070056493
828	0.09331245	0.116486084	0.070138816
829	0.0934398	0.116656588	0.070223012
830	0.09353735	0.11678634	0.07028836
831	0.09374685	0.117026507	0.070467193
832	0.09391165	0.117229996	0.070593304
833	0.0940524	0.117421223	0.070683577
834	0.0943392	0.117748565	0.070929835
835	0.09450895	0.117962214	0.071055686
836	0.0946167	0.118113682	0.071119718
837	0.09477975	0.118323026	0.071236474
838	0.09490735	0.118486934	0.071327766
839	0.09503645	0.11864639	0.07142651
840	0.0951872	0.11882307	0.07155133
841	0.09542305	0.119091807	0.071754293
842	0.09562165	0.119329803	0.071913497
843	0.0957703	0.119523101	0.072017499
844	0.09587015	0.119652344	0.072087956
845	0.09605385	0.119872195	0.072235505
846	0.0962592	0.120115021	0.072403379
847	0.09633085	0.12021192	0.07244978
848	0.0964863	0.120392072	0.072580528
849	0.0966644	0.120599917	0.072728883
850	0.09682545	0.12080199	0.07284891
851	0.096948	0.120949709	0.072946291
852	0.09707415	0.121103347	0.073044953
853	0.097223	0.121288305	0.073157695
854	0.09734815	0.121449284	0.073247016
855	0.09750905	0.121641255	0.073376845
856	0.0976851	0.12184415	0.07352605
857	0.097867	0.122054489	0.073679511
858	0.09796195	0.122187014	0.073736886
859	0.0980853	0.122350697	0.073819903
860	0.0983155	0.122613334	0.074017666
861	0.09847255	0.122814266	0.074130834
862	0.0986391	0.123013943	0.074264257
863	0.0988069	0.123194263	0.074419537
864	0.0988735	0.123294756	0.074452244
865	0.09898165	0.123439854	0.074523446
866	0.09914265	0.123640975	0.074644325
867	0.09935075	0.123874221	0.074827279
868	0.0995217	0.124075096	0.074968304
869	0.0996675	0.124252531	0.075082469
870	0.09979135	0.124408971	0.075173729
871	0.0999903	0.124632851	0.075347749
872	0.10012965	0.124802425	0.075456875
873	0.1001444	0.12484935	0.07543945
874	0.10027425	0.124992276	0.075556224
875	0.10043235	0.125178866	0.075685834
876	0.1006172	0.125404165	0.075830235
877	0.10078645	0.125603673	0.075969227
878	0.1009463	0.125787222	0.076105378
879	0.10111395	0.125987115	0.076240785
880	0.1012326	0.126148609	0.076316591
881	0.1013498	0.126274386	0.076425214
882	0.10144075	0.126382596	0.076498904
883	0.1014959	0.126477092	0.076514708
884	0.1017142	0.126730801	0.076697599
885	0.1019152	0.126954423	0.076875977
886	0.10209105	0.12714295	0.07703915
887	0.1022671	0.12735359	0.07718061
888	0.1023456	0.127455862	0.077235338
889	0.1024211	0.127560887	0.077281313
890	0.1025663	0.127754911	0.077377689
891	0.10272795	0.127921725	0.077534175
892	0.10282835	0.12802619	0.07763051
893	0.10281725	0.12803017	0.07760433
894	0.1029132	0.128128058	0.077698342
895	0.10297585	0.128191094	0.077760606
896	0.1030195	0.128237509	0.077801491
897	0.1031223	0.128355071	0.077889529
898	0.10325955	0.128498055	0.078021045
899	0.1034514	0.128687841	0.078214959
900	0.10371195	0.128926646	0.078497254
901	0.1038368	0.129112269	0.078561331
902	0.1039834	0.129329388	0.078637412
903	0.1041848	0.129578525	0.078791075
904	0.1041547	0.129593972	0.078715428
905	0.1042694	0.129745699	0.078793101
906	0.10454655	0.130053764	0.079039336
907	0.10471515	0.130211036	0.079219264
908	0.1049218	0.130401371	0.079442229
909	0.10508075	0.13054579	0.07961571
910	0.10503695	0.130521608	0.079552292
911	0.1051277	0.130658109	0.079597291
912	0.10523495	0.130804796	0.079665104
913	0.1053052	0.130889567	0.079720833
914	0.1056206	0.131221447	0.080019753
915	0.1058475	0.131478515	0.080216485
916	0.10594645	0.131621542	0.080271358
917	0.10584315	0.131558709	0.080127591
918	0.1059876	0.131732084	0.080243116
919	0.1062599	0.132035692	0.080484108
920	0.10649875	0.13233981	0.08065769
921	0.1067363	0.132617827	0.080854773
922	0.10692045	0.132830314	0.081010586
923	0.1070288	0.132963651	0.081093949
924	0.1072018	0.133133479	0.081270121
925	0.10720865	0.133151138	0.081266162
926	0.10705245	0.133030535	0.081074365
927	0.10719055	0.133177005	0.081204095
928	0.10721545	0.133181147	0.081249753
929	0.10718745	0.133107659	0.081267241
930	0.1073477	0.133218516	0.081476884
931	0.10746	0.133303665	0.081616335
932	0.1074207	0.133217914	0.081623486
933	0.1070775	0.132770224	0.081384776
934	0.107095	0.132752348	0.081437652
935	0.1071427	0.132787581	0.081497819
936	0.10716815	0.132825788	0.081510512
937	0.1071627	0.132925788	0.081399612
938	0.10766545	0.133434369	0.081896531
939	0.10826995	0.134004615	0.082535285
940	0.1079577	0.133760131	0.082155269
941	0.10816835	0.134044147	0.082292553
942	0.1085119	0.134447526	0.082576274
943	0.10880085	0.134773027	0.082828673
944	0.10880555	0.134801802	0.082809298
945	0.1090022	0.135032405	0.082971995
946	0.1094803	0.13555329	0.08340731
947	0.10925315	0.135304501	0.083201799
948	0.109373	0.135464568	0.083281432
949	0.1096549	0.135813082	0.083496718
950	0.10940625	0.135522669	0.083289831
951	0.10980245	0.135934148	0.083670752
952	0.11027795	0.136453015	0.084102885
953	0.11029585	0.136518519	0.084073181
954	0.1106683	0.136946016	0.084390584
955	0.11080615	0.137121379	0.084490921
956	0.11058165	0.136915363	0.084247937
957	0.1106444	0.137044928	0.084243872
958	0.11101755	0.137442601	0.084592499
959	0.11155175	0.137971405	0.085132095
960	0.11157495	0.137987318	0.085162582
961	0.11203625	0.138501864	0.085570636
962	0.11256445	0.139101092	0.086027808
963	0.1127991	0.139386424	0.086211776
964	0.11266615	0.13937124	0.08596106
965	0.112615	0.139398697	0.085831303
966	0.112756	0.139544481	0.085967519
967	0.11324475	0.140096154	0.086393346
968	0.1134867	0.140359066	0.086614334
969	0.1135172	0.140383282	0.086651118
970	0.11354475	0.140476729	0.086612771
971	0.11367385	0.140653385	0.086694315
972	0.11391405	0.140926531	0.086901569
973	0.11430165	0.141313035	0.087290265
974	0.1143181	0.14139993	0.08723627
975	0.1145506	0.141646539	0.087454661
976	0.1152684	0.142259759	0.088277041
977	0.1145296	0.141650932	0.087408268
978	0.11435815	0.141539606	0.087176694
979	0.1147817	0.14196494	0.08759846
980	0.11490265	0.142131402	0.087673898
981	0.11492115	0.14214672	0.08769558
982	0.115018	0.142236682	0.087799318
983	0.11551435	0.142785345	0.088243355
984	0.11551	0.142800398	0.088219602
985	0.1156798	0.142991293	0.088368307
986	0.11631295	0.143655952	0.088969948
987	0.1161219	0.143446389	0.088797411
988	0.1163223	0.143670259	0.088974341
989	0.11689565	0.14431416	0.08947714
990	0.1165806	0.144066441	0.089094759
991	0.11663155	0.144133903	0.089129197
992	0.11688435	0.144373295	0.089395405
993	0.11716285	0.144640719	0.089684981
994	0.1171928	0.144708555	0.089677045
995	0.11735065	0.14493683	0.08976447
996	0.11780175	0.14547516	0.09012834
997	0.1178053	0.145442249	0.090168351
998	0.11780415	0.145423088	0.090185212
999	0.1178665	0.145503391	0.090229609
1000	0.11819605	0.145891561	0.090500539
1001	0.1184998	0.146836159	0.090163441
1002	0.118668	0.146965746	0.090370254
1003	0.11885115	0.147139747	0.090562553
1004	0.11901395	0.147363415	0.090664485
1005	0.11915085	0.147562224	0.090739476
1006	0.1192863	0.14770939	0.09086321
1007	0.11942855	0.147886237	0.090970863
1008	0.11959395	0.148117318	0.091070582
1009	0.11976635	0.148324019	0.091208681
1010	0.11993705	0.148496172	0.091377928
1011	0.1201152	0.148673613	0.091556787
1012	0.1203114	0.148873973	0.091748827
1013	0.12051095	0.149089808	0.091932092
1014	0.12070465	0.149321744	0.092087556
1015	0.12087965	0.14953916	0.09222014
1016	0.12107395	0.149760062	0.092387838
1017	0.12122315	0.149893189	0.092553111
1018	0.12130285	0.149971334	0.092634366
1019	0.1214381	0.150165953	0.092710247
1020	0.12162255	0.150437115	0.092807985
1021	0.1217676	0.150634054	0.092901146
1022	0.1218677	0.15071989	0.09301551
1023	0.12199945	0.150813753	0.093185147
1024	0.12219735	0.151017373	0.093377327
1025	0.12241095	0.151288375	0.093533525
1026	0.12261685	0.151556223	0.093677477
1027	0.1227852	0.151750179	0.093820221
1028	0.12292065	0.151883592	0.093957708
1029	0.123108	0.152081703	0.094134297
1030	0.12330715	0.152342729	0.094271571
1031	0.1234497	0.152522575	0.094376825
1032	0.12353175	0.152558684	0.094504816
1033	0.12360615	0.152642778	0.094569522
1034	0.1237866	0.152892036	0.094681164
1035	0.12400755	0.153142536	0.094872564
1036	0.1242206	0.153377132	0.095064068
1037	0.12441145	0.153605441	0.095217459
1038	0.12460575	0.153832524	0.095378976
1039	0.1247834	0.154027781	0.095539019
1040	0.12495965	0.154207334	0.095711966
1041	0.1251292	0.154371206	0.095887194
1042	0.1252844	0.154532277	0.096036523
1043	0.1254241	0.154685667	0.096162533
1044	0.1255573	0.154851946	0.096262654
1045	0.1257276	0.15511229	0.09634291
1046	0.12587805	0.155306985	0.096449115
1047	0.12599905	0.155391015	0.096607085
1048	0.12610965	0.155493131	0.096726169
1049	0.1262535	0.155661146	0.096845854
1050	0.12640905	0.155830689	0.096987411
1051	0.12655725	0.156034751	0.097079749
1052	0.12670085	0.156249343	0.097152357
1053	0.12690315	0.156488811	0.097317489
1054	0.12711755	0.156723073	0.097512027
1055	0.1272726	0.156923762	0.097621438
1056	0.1274142	0.157124899	0.097703501
1057	0.12759795	0.157318251	0.097877649
1058	0.12775455	0.157453389	0.098055711
1059	0.12790885	0.157631003	0.098186697
1060	0.12808375	0.157840856	0.098326644
1061	0.128265	0.158052309	0.098477691
1062	0.12841765	0.158223956	0.098611344
1063	0.12856505	0.158385165	0.098744935
1064	0.1286892	0.15855124	0.09882716
1065	0.1288028	0.158707719	0.098897881
1066	0.12897915	0.158940623	0.099017677
1067	0.12915465	0.159156753	0.099152547
1068	0.1293377	0.159333718	0.099341682
1069	0.12952355	0.159520147	0.099526953
1070	0.12968425	0.159703379	0.099665121
1071	0.1298423	0.159887632	0.099796968
1072	0.1299752	0.160050431	0.099899969
1073	0.13012145	0.160232965	0.100009935
1074	0.1302819	0.1603881	0.1001757
1075	0.1304229	0.160493776	0.100352024
1076	0.13057885	0.160660296	0.100497404
1077	0.13073875	0.160862534	0.100614966
1078	0.13090465	0.161054018	0.100755282
1079	0.13106745	0.161236769	0.100898131
1080	0.13123765	0.161449331	0.101025969
1081	0.1313852	0.161651121	0.101119279
1082	0.13154535	0.16184744	0.10124326
1083	0.13167185	0.161941279	0.101402421
1084	0.13182035	0.162076137	0.101564563
1085	0.13201975	0.162317105	0.101722395
1086	0.13221935	0.162560408	0.101878292
1087	0.1323682	0.162741047	0.101995353
1088	0.1325285	0.162932716	0.102124284
1089	0.1326602	0.163054095	0.102266305
1090	0.1327651	0.163147987	0.102382213
1091	0.1329048	0.163334695	0.102474905
1092	0.13302445	0.163480216	0.102568684
1093	0.13319125	0.163636889	0.102745611
1094	0.1333957	0.163839021	0.102952379
1095	0.1335785	0.164039327	0.103117673
1096	0.13373505	0.164220894	0.103249206
1097	0.1338734	0.164377244	0.103369556
1098	0.1340096	0.164511792	0.103507408
1099	0.1341464	0.164647231	0.103645569
1100	0.13432275	0.164865205	0.103780295
1101	0.1344896	0.16506097	0.10391823
1102	0.1346105	0.165154373	0.104066627
1103	0.1347203	0.165237767	0.104202833
1104	0.13482825	0.165338636	0.104317864
1105	0.1349319	0.165430881	0.104432919
1106	0.1350649	0.165560563	0.104569237
1107	0.135206	0.165711189	0.104700811
1108	0.1352602	0.165779191	0.104741209
1109	0.13530155	0.165830402	0.104772698
1110	0.13537665	0.165884519	0.104868781
1111	0.13547295	0.165926248	0.105019652
1112	0.13554025	0.165970195	0.105110305
1113	0.13553955	0.16601112	0.10506798
1114	0.1355311	0.166036634	0.105025566
1115	0.135569	0.166068932	0.105069068
1116	0.1355964	0.166082791	0.105110009
1117	0.13564705	0.166091679	0.105202421
1118	0.13570405	0.166109032	0.105299068
1119	0.1356825	0.166052226	0.105312774
1120	0.13565905	0.165984041	0.105334059
1121	0.1357873	0.166081082	0.105493518
1122	0.1359521	0.16623247	0.10567173
1123	0.1361617	0.166416898	0.105906502
1124	0.13633845	0.166541651	0.106135249
1125	0.1364228	0.166594217	0.106251383
1126	0.13648085	0.166641575	0.106320125
1127	0.1366519	0.166810777	0.106493023
1128	0.13689735	0.167069453	0.106725247
1129	0.1371866	0.167381693	0.106991507
1130	0.1374954	0.16771283	0.10727797
1131	0.13775015	0.16801326	0.10748704
1132	0.1379036	0.168217571	0.107589629
1133	0.13808275	0.168437487	0.107728013
1134	0.13832395	0.16873293	0.10791497
1135	0.13854735	0.16899882	0.10809588
1136	0.13874465	0.169189775	0.108299525
1137	0.1389219	0.169370043	0.108473757
1138	0.1390722	0.16959785	0.10854655
1139	0.1392346	0.169839583	0.108629617
1140	0.1393177	0.169901596	0.108733804
1141	0.13938785	0.169938925	0.108836775
1142	0.13942755	0.169942381	0.108912719
1143	0.13945305	0.169935556	0.108970544
1144	0.13951165	0.170008722	0.109014578
1145	0.1395978	0.170136721	0.109058879
1146	0.13971245	0.170255129	0.109169771
1147	0.13984605	0.170356576	0.109335524
1148	0.13994815	0.170468743	0.109427557
1149	0.1400392	0.17062953	0.10944887
1150	0.1401727	0.170794645	0.109550755
1151	0.14041275	0.170996243	0.109829257
1152	0.14062775	0.171181803	0.110073697
1153	0.1407963	0.171341305	0.110251295
1154	0.14096035	0.171502773	0.110417927
1155	0.1411881	0.171795275	0.110580925
1156	0.14139505	0.17206138	0.11072872
1157	0.1416034	0.172339476	0.110867324
1158	0.14176575	0.172561292	0.110970208
1159	0.1419068	0.172743023	0.111070577
1160	0.1420213	0.172890219	0.111152381
1161	0.1421758	0.173068015	0.111283585
1162	0.1423361	0.173246045	0.111426155
1163	0.14250615	0.173428663	0.111583637
1164	0.14265575	0.173583442	0.111728058
1165	0.14279565	0.173740658	0.111850642
1166	0.1429425	0.17391818	0.11196682
1167	0.14306635	0.174058795	0.112073905
1168	0.1431979	0.174195876	0.112199924
1169	0.1433303	0.174337556	0.112323044
1170	0.14346975	0.174498416	0.112441084
1171	0.14358665	0.174631916	0.112541384
1172	0.14368055	0.174735689	0.112625411
1173	0.1437895	0.174857254	0.112721746
1174	0.1439214	0.174992894	0.112849906
1175	0.14405285	0.175128436	0.112977264
1176	0.1441696	0.175248807	0.113090393
1177	0.1443006	0.175387128	0.113214072
1178	0.1444098	0.175487161	0.113332439
1179	0.1445154	0.175580671	0.113450129
1180	0.14462355	0.175674886	0.113572214
1181	0.14473255	0.175769254	0.113695846
1182	0.1448403	0.17587377	0.11380683
1183	0.14497035	0.176012594	0.113928106
1184	0.1450815	0.17614144	0.11402156
1185	0.14517355	0.176258538	0.114088562
1186	0.14529055	0.176382104	0.114198996
1187	0.1454125	0.176476979	0.114348021
1188	0.1455385	0.176585573	0.114491427
1189	0.145673	0.176724894	0.114621106
1190	0.14580825	0.17686685	0.11474965
1191	0.1459526	0.177020193	0.114885007
1192	0.14611155	0.177191135	0.115031965
1193	0.14626995	0.177374098	0.115165802
1194	0.146412	0.177537259	0.115286741
1195	0.146532	0.177662133	0.115401867
1196	0.1466374	0.177768583	0.115506217
1197	0.1467649	0.177899568	0.115630232
1198	0.1468932	0.178029345	0.115757055
1199	0.14701365	0.17815887	0.11586843
1200	0.147135	0.178293295	0.115976705
1201	0.1472834	0.17844295	0.11612385
1202	0.14744315	0.178600246	0.116286054
1203	0.14760675	0.178787877	0.116425623
1204	0.14774705	0.178965061	0.116529039
1205	0.1479017	0.179139014	0.116664386
1206	0.1480555	0.179288596	0.116822404
1207	0.14822815	0.179471662	0.116984638
1208	0.1483809	0.179649188	0.117112612
1209	0.14854085	0.179838334	0.117243366
1210	0.14868725	0.180013815	0.117360685
1211	0.14885655	0.180212658	0.117500442
1212	0.1490643	0.180444547	0.117684053
1213	0.1492658	0.180669772	0.117861828
1214	0.14947375	0.180910072	0.118037428
1215	0.1496812	0.181150336	0.118212064
1216	0.14990745	0.181406021	0.118408879
1217	0.15012615	0.181652546	0.118599754
1218	0.15032195	0.181897528	0.118746372
1219	0.15051785	0.182148933	0.118886767
1220	0.150759	0.182446749	0.119071251
1221	0.1510135	0.182754377	0.119272623
1222	0.1512562	0.183042855	0.119469545
1223	0.15151425	0.183344488	0.119684012
1224	0.1517635	0.183620944	0.119906056
1225	0.1519936	0.183869183	0.120118017
1226	0.1522428	0.184155377	0.120330223
1227	0.15247755	0.184438081	0.120517019
1228	0.15274315	0.184756583	0.120729717
1229	0.1530403	0.185113998	0.120966602
1230	0.1533291	0.185460504	0.121197696
1231	0.15352605	0.185689532	0.121362568
1232	0.1537499	0.185950574	0.121549226
1233	0.1540283	0.186269078	0.121787522
1234	0.1542815	0.186557371	0.122005629
1235	0.15448665	0.186803802	0.122169498
1236	0.154676	0.187031738	0.122320262
1237	0.1549099	0.187294017	0.122525783
1238	0.15513005	0.187537766	0.122722334
1239	0.15534915	0.187796846	0.122901454
1240	0.1555647	0.188052241	0.123077159
1241	0.15579305	0.188313519	0.123272581
1242	0.15600575	0.188557224	0.123454276
1243	0.15620105	0.188780937	0.123621163
1244	0.15638405	0.188985646	0.123782454
1245	0.15659945	0.189228769	0.123970131
1246	0.1568058	0.189463447	0.124148153
1247	0.15701695	0.189707104	0.124326796
1248	0.15722785	0.189951559	0.124504141
1249	0.1574368	0.190199414	0.124674186
1250	0.15761175	0.190415208	0.124808292
1251	0.1578169	0.19065358	0.12498022
1252	0.1580527	0.190912414	0.125192986
1253	0.15828905	0.19118174	0.12539636
1254	0.15851	0.191444667	0.125575333
1255	0.15869265	0.191659583	0.125725717
1256	0.1588571	0.191854899	0.125859301
1257	0.15900835	0.192032589	0.125984111
1258	0.15916145	0.192196707	0.126126193
1259	0.1593173	0.192363471	0.126271129
1260	0.1595196	0.192583756	0.126455444
1261	0.1597295	0.192810189	0.126648811
1262	0.1599386	0.193035257	0.126841943
1263	0.1601526	0.193266913	0.127038287
1264	0.160327	0.193471853	0.127182147
1265	0.160502	0.193689289	0.127314711
1266	0.16073425	0.193956056	0.127512444
1267	0.1609656	0.194212197	0.127719003
1268	0.1611743	0.194451341	0.127897259
1269	0.1613442	0.194633698	0.128054702
1270	0.1615478	0.194853235	0.128242365
1271	0.1617451	0.195081402	0.128408798
1272	0.16194525	0.195302767	0.128587733
1273	0.16218035	0.195543522	0.128817178
1274	0.16238665	0.19575913	0.12901417
1275	0.16258375	0.19598248	0.12918502
1276	0.1627639	0.196181684	0.129346116
1277	0.162955	0.196403316	0.129506684
1278	0.16311755	0.196601791	0.129633309
1279	0.16327065	0.196800672	0.129740628
1280	0.16341475	0.196978227	0.129851273
1281	0.1636276	0.197189532	0.130065668
1282	0.1638232	0.197383871	0.130262529
1283	0.16403425	0.197646027	0.130422473
1284	0.16422715	0.197889966	0.130564334
1285	0.16435785	0.198037629	0.130678071
1286	0.164482	0.198172647	0.130791353
1287	0.16463175	0.198344191	0.130919309
1288	0.164797	0.198533184	0.131060816
1289	0.16498645	0.198740103	0.131232797
1290	0.1651634	0.198935329	0.131391471
1291	0.16533595	0.199140941	0.131530959
1292	0.16549715	0.199336123	0.131658177
1293	0.1656585	0.199528061	0.131788939
1294	0.16583395	0.199726487	0.131941413
1295	0.1660262	0.199925013	0.132127387
1296	0.1662244	0.200134126	0.132314674
1297	0.16637495	0.200296963	0.132452937
1298	0.1665017	0.200435748	0.132567652
1299	0.16663675	0.200590695	0.132682805
1300	0.16680705	0.200797024	0.132817076
1301	0.16699535	0.201021417	0.132969283
1302	0.1671028	0.201126007	0.133079593
1303	0.1672322	0.201256421	0.133207979
1304	0.1674131	0.201474187	0.133352013
1305	0.16758775	0.201683904	0.133491596
1306	0.16767795	0.201748546	0.133607354
1307	0.1678099	0.201859996	0.133759804
1308	0.1679715	0.202047391	0.133895609
1309	0.1681393	0.20225033	0.13402827
1310	0.16826575	0.202413436	0.134118064
1311	0.16838705	0.202569987	0.134204113
1312	0.168525	0.202703192	0.134346808
1313	0.16869525	0.202861164	0.134529336
1314	0.16883685	0.20299863	0.13467507
1315	0.1689622	0.203129263	0.134795137
1316	0.16911945	0.203299242	0.134939658
1317	0.1692769	0.203467977	0.135085823
1318	0.1694007	0.203585324	0.135216076
1319	0.1695072	0.203675826	0.135338574
1320	0.16961975	0.203782722	0.135456778
1321	0.16973715	0.203905432	0.135568868
1322	0.16985595	0.204026167	0.135685733
1323	0.170014	0.204185149	0.135842851
1324	0.1701452	0.204303191	0.135987209
1325	0.17016815	0.204263033	0.136073267
1326	0.17017245	0.204206714	0.136138186
1327	0.17015205	0.204156507	0.136147593
1328	0.17018035	0.204151016	0.136209684
1329	0.17026225	0.204161397	0.136363103
1330	0.1703603	0.204194727	0.136525873
1331	0.1704262	0.204272105	0.136580295
1332	0.1704947	0.204355546	0.136633854
1333	0.1705235	0.204350439	0.136696561
1334	0.17057595	0.204375844	0.136776056
1335	0.1706794	0.204474899	0.136883901
1336	0.1707672	0.204547784	0.136986616
1337	0.170837	0.20459769	0.13707631
1338	0.17089865	0.20464745	0.13714985
1339	0.1708915	0.204603099	0.137179901
1340	0.17089465	0.204558663	0.137230637
1341	0.17092535	0.204517321	0.137333379
1342	0.17091485	0.204417311	0.137412389
1343	0.17089775	0.204344681	0.137450819
1344	0.17092295	0.204341989	0.137503911
1345	0.1707348	0.204165926	0.137303674
1346	0.1704297	0.203897421	0.136961979
1347	0.17022355	0.203695468	0.136751632
1348	0.1700364	0.203470588	0.136602212
1349	0.16974525	0.203068046	0.136422454
1350	0.1693947	0.202458649	0.136330751
1351	0.1690064	0.201785902	0.136226898
1352	0.16851695	0.201093247	0.135940653
1353	0.1680136	0.200378949	0.135648251
1354	0.1676474	0.199949777	0.135345023
1355	0.1669568	0.199184632	0.134728968
1356	0.1658027	0.197563418	0.134041982
1357	0.1638626	0.195018502	0.132706698
1358	0.162286	0.193987616	0.130584384
1359	0.16051335	0.194451967	0.126574733
1360	0.16180475	0.196551016	0.127058484
1361	0.16357565	0.202903195	0.124248105
1362	0.1590873	0.197973819	0.120200781
1363	0.14948255	0.194551305	0.104413795
1364	0.13744345	0.178344652	0.096542248
1365	0.1223432	0.16409839	0.08058801
1366	0.1283859	0.164552904	0.092218896
1367	0.1413725	0.201674859	0.081070141
1368	0.14642185	0.199434203	0.093409497
1369	0.1440242	0.203601617	0.084446783
1370	0.14612205	0.202780072	0.089464028
1371	0.1520775	0.218557749	0.085597251
1372	0.1582602	0.209161979	0.107358421
1373	0.16238605	0.210236687	0.114535413
1374	0.164647	0.205669979	0.123624021
1375	0.16697655	0.205959842	0.127993258
1376	0.1660108	0.192596404	0.139425196
1377	0.1620283	0.188076924	0.135979676
1378	0.15694435	0.187706721	0.126181979
1379	0.15382765	0.188423191	0.119232109
1380	0.1557017	0.190976568	0.120426832
1381	0.1579447	0.19956971	0.11631969
1382	0.15788795	0.196326647	0.119449253
1383	0.1569063	0.18755024	0.12626236
1384	0.15630335	0.186114151	0.126492549
1385	0.1587362	0.191857082	0.125615318
1386	0.1627312	0.196457585	0.129004815
1387	0.16520835	0.198925422	0.131491278
1388	0.1625866	0.194974399	0.130198801
1389	0.15700985	0.186007355	0.128012345
1390	0.1554817	0.182541725	0.128421675
1391	0.15848455	0.182736169	0.134232931
1392	0.1616059	0.187260498	0.135951302
1393	0.16216635	0.187490831	0.136841869
1394	0.161347	0.187513899	0.135180101
1395	0.1611946	0.190202825	0.132186375
1396	0.16211565	0.194083159	0.130148141
1397	0.1630443	0.19580834	0.13028026
1398	0.16292335	0.195927467	0.129919233
1399	0.16111415	0.192020663	0.130207637
1400	0.15976925	0.189740631	0.129797869
1401	0.1585421	0.18742781	0.12965639
1402	0.15744075	0.185239381	0.129642119
1403	0.1580104	0.185027991	0.130992809
1404	0.1587871	0.185508195	0.132066005
1405	0.1591808	0.186221596	0.132140004
1406	0.1593573	0.186820993	0.131893607
1407	0.1589006	0.186547987	0.131253213
1408	0.15841555	0.186550817	0.130280283
1409	0.15808855	0.186581802	0.129595298
1410	0.15782065	0.186408185	0.129233115
1411	0.15736125	0.185628439	0.129094061
1412	0.15707905	0.185110761	0.129047339
1413	0.1571737	0.184799944	0.129547456
1414	0.15733075	0.184620358	0.130041142
1415	0.15679295	0.183748685	0.129837215
1416	0.1561561	0.182836561	0.129475639
1417	0.1560657	0.18271913	0.12941227
1418	0.156008	0.182826377	0.129189623
1419	0.1559725	0.18282951	0.12911549
1420	0.1559739	0.182668634	0.129279166
1421	0.1557999	0.18239101	0.12920879
1422	0.1555155	0.182156403	0.128874597
1423	0.1552799	0.182019623	0.128540177
1424	0.1551178	0.181894446	0.128341154
1425	0.154948	0.181563032	0.128332968
1426	0.15474045	0.181111481	0.128369419
1427	0.1546269	0.180897055	0.128356745
1428	0.1545172	0.180837885	0.128196515
1429	0.1543416	0.180727646	0.127955554
1430	0.15414965	0.180510464	0.127788836
1431	0.15398145	0.180295396	0.127667504
1432	0.15382395	0.180143242	0.127504658
1433	0.15364015	0.179935848	0.127344452
1434	0.15327335	0.179396985	0.127149715
1435	0.1529696	0.178969417	0.126969783
1436	0.15287575	0.178914325	0.126837175
1437	0.1527903	0.178867994	0.126712606
1438	0.1526376	0.17863148	0.12664372
1439	0.1524986	0.178395348	0.126601852
1440	0.15249765	0.178373549	0.126621751
1441	0.1525057	0.178378813	0.126632587
1442	0.15244885	0.178330012	0.126567688
1443	0.1523719	0.17825602	0.12648778
1444	0.15240935	0.178255191	0.126563509
1445	0.15251235	0.178322818	0.126701882
1446	0.15288135	0.178680489	0.127082211
1447	0.1531792	0.178974539	0.127383861
1448	0.1531331	0.178905694	0.127360506
1449	0.15309025	0.17883923	0.12734127
1450	0.1532183	0.179054276	0.127382324
1451	0.1533548	0.179296236	0.127413364
1452	0.1536359	0.179641194	0.127630606
1453	0.15390405	0.17994935	0.12785875
1454	0.1540421	0.180041558	0.128042642
1455	0.15414565	0.180096954	0.128194346
1456	0.15423775	0.180237155	0.128238345
1457	0.1543223	0.180386069	0.128258531
1458	0.1544075	0.18049687	0.12831813
1459	0.15451675	0.180616793	0.128416707
1460	0.15455395	0.180615156	0.128492744
1461	0.1545436	0.180557218	0.128529982
1462	0.15450785	0.180531994	0.128483706
1463	0.1544715	0.180532888	0.128410112
1464	0.15449165	0.180604129	0.128379171
1465	0.15452445	0.180669816	0.128379084
1466	0.15459725	0.180737939	0.128456561
1467	0.1546942	0.180832662	0.128555738
1468	0.15477665	0.180911857	0.128641443
1469	0.15489415	0.181029931	0.128758369
1470	0.1550172	0.181139507	0.128894893
1471	0.1551634	0.181265606	0.129061194
1472	0.15536125	0.181518027	0.129204473
1473	0.1556199	0.181885517	0.129354283
1474	0.15586305	0.182202727	0.129523373
1475	0.1561107	0.182514779	0.129706621
1476	0.1563521	0.18275015	0.12995405
1477	0.15657275	0.182891868	0.130253632
1478	0.15675325	0.18310311	0.13040339
1479	0.1568839	0.183365135	0.130402665
1480	0.15705735	0.183613054	0.130501646
1481	0.15727105	0.183834108	0.130707992
1482	0.15750435	0.18410534	0.13090336
1483	0.1577709	0.184473662	0.131068138
1484	0.15802785	0.18480695	0.13124875
1485	0.1582539	0.185047776	0.131460024
1486	0.15847505	0.185306025	0.131644075
1487	0.15873945	0.185649052	0.131829848
1488	0.15903315	0.186006914	0.132059386
1489	0.1594401	0.186481986	0.132398214
1490	0.1597721	0.186876588	0.132667612
1491	0.16003395	0.187189318	0.132878582
1492	0.16026515	0.187465519	0.133064781
1493	0.1605504	0.187802392	0.133298408
1494	0.1608106	0.188108722	0.133512478
1495	0.1610875	0.188435137	0.133739863
1496	0.16136725	0.188771058	0.133963442
1497	0.1616221	0.189094408	0.134149792
1498	0.16186315	0.189394794	0.134331506
1499	0.162132	0.189718405	0.134545595
1500	0.16241225	0.190059834	0.134764666
1501	0.1626694	0.190358559	0.134980241
1502	0.16292455	0.190649372	0.135199728
1503	0.16322815	0.191009917	0.135446383
1504	0.1635151	0.191351493	0.135678707
1505	0.16380165	0.191681582	0.135921718
1506	0.16409195	0.192021764	0.136162136
1507	0.16433275	0.192320116	0.136345384
1508	0.16457545	0.192616365	0.136534535
1509	0.16487875	0.192958402	0.136799098
1510	0.1651611	0.193276675	0.137045525
1511	0.1654713	0.19364505	0.13729755
1512	0.1657588	0.193985041	0.137532559
1513	0.16599745	0.194259962	0.137734938
1514	0.1662425	0.194548018	0.137936982
1515	0.16646325	0.194805428	0.138121072
1516	0.16670355	0.195079281	0.138327819
1517	0.16695645	0.195364976	0.138547924
1518	0.1672073	0.195651802	0.138762798
1519	0.1674149	0.195893927	0.138935873
1520	0.1676327	0.196150082	0.139115318
1521	0.1678167	0.196369739	0.139263661
1522	0.1679962	0.196578756	0.139413644
1523	0.1682217	0.196860619	0.139582781
1524	0.1684482	0.197149804	0.139746596
1525	0.16867355	0.197412365	0.139934735
1526	0.16887975	0.197649671	0.140109829
1527	0.1691005	0.197894228	0.140306772
1528	0.16931665	0.198131574	0.140501726
1529	0.1695103	0.198358031	0.140662569
1530	0.16968665	0.198566179	0.140807121
1531	0.16986355	0.198795658	0.140931442
1532	0.17003175	0.199016447	0.141047053
1533	0.17019355	0.199183038	0.141204062
1534	0.1703825	0.199375089	0.141389911
1535	0.1705546	0.199577446	0.141531754
1536	0.17069995	0.199754065	0.141645835
1537	0.1708714	0.199940649	0.141802151
1538	0.17104245	0.200125713	0.141959187
1539	0.17119775	0.200312735	0.142082765
1540	0.1713689	0.200520486	0.142217314
1541	0.17155505	0.200713711	0.142396389
1542	0.17173915	0.200893902	0.142584398
1543	0.1719052	0.201073263	0.142737137
1544	0.17205195	0.201237541	0.142866359
1545	0.17222145	0.201420295	0.143022605
1546	0.1723994	0.201609249	0.143189551
1547	0.1725649	0.201806227	0.143323573
1548	0.1727192	0.202001739	0.143436661
1549	0.17283865	0.202134023	0.143543277
1550	0.17295225	0.202244344	0.143660156
1551	0.17310325	0.202396269	0.143810231
1552	0.1732769	0.202576786	0.143977014
1553	0.1734381	0.202759921	0.144116279
1554	0.17359295	0.202946224	0.144239676
1555	0.1737435	0.203123132	0.144363868
1556	0.1738896	0.203293115	0.144486085
1557	0.17404715	0.203457563	0.144636737
1558	0.1742143	0.203620519	0.144808081
1559	0.174375	0.203811202	0.144938798
1560	0.17455785	0.204048027	0.145067673
1561	0.1747094	0.20421581	0.14520299
1562	0.17482825	0.204331954	0.145324546
1563	0.1749702	0.20449467	0.14544573
1564	0.175094	0.204640756	0.145547244
1565	0.17523755	0.204803509	0.145671591
1566	0.1753702	0.204948725	0.145791675
1567	0.17554055	0.205134869	0.145946231
1568	0.1757042	0.205316454	0.146091946
1569	0.17588425	0.205526095	0.146242405
1570	0.17604415	0.205715681	0.146372619
1571	0.17617635	0.205876179	0.146476521
1572	0.1763107	0.206041567	0.146579833
1573	0.1764621	0.206214833	0.146709367
1574	0.17662895	0.206396653	0.146861247
1575	0.17679885	0.206570358	0.147027342
1576	0.1769663	0.20673866	0.14719394
1577	0.1771314	0.206914167	0.147348633
1578	0.17728055	0.207071553	0.147489547
1579	0.17745105	0.207268779	0.147633321
1580	0.1775918	0.207444339	0.147739261
1581	0.1777428	0.207640119	0.147845481
1582	0.17787125	0.2078152	0.1479273
1583	0.17804765	0.208015864	0.148079436
1584	0.1782541	0.208229838	0.148278362
1585	0.17846335	0.208464354	0.148462346
1586	0.1786446	0.20868107	0.14860813
1587	0.1788313	0.208896212	0.148766388
1588	0.17902205	0.209104265	0.148939835
1589	0.1792198	0.209337738	0.149101862
1590	0.17942555	0.209598131	0.149252969
1591	0.1796328	0.20985776	0.14940784
1592	0.17981965	0.210090713	0.149548587
1593	0.18006195	0.210365476	0.149758424
1594	0.18031135	0.210633477	0.149989223
1595	0.1805568	0.210897158	0.150216442
1596	0.18079005	0.211146808	0.150433292
1597	0.18104955	0.211429951	0.150669149
1598	0.18129485	0.211698274	0.150891426
1599	0.18154285	0.211993145	0.151092555
1600	0.18177365	0.212283787	0.151263513
1601	0.18204365	0.212611332	0.151475968
1602	0.18231455	0.212930996	0.151698104
1603	0.1825673	0.213221969	0.151912631
1604	0.1827931	0.213481144	0.152105056
1605	0.1830611	0.213810222	0.152311978
1606	0.18333765	0.214159909	0.152515391
1607	0.1836015	0.214464599	0.152738401
1608	0.1838271	0.214707923	0.152946277
1609	0.1841127	0.215022593	0.153202807
1610	0.18440345	0.215344399	0.153462501
1611	0.1846398	0.215633807	0.153645793
1612	0.18481605	0.215870418	0.153761682
1613	0.1850624	0.216146751	0.153978049
1614	0.1853174	0.216410956	0.154223844
1615	0.1855459	0.216680567	0.154411233
1616	0.1857486	0.216939254	0.154557946
1617	0.1859206	0.217130257	0.154710943
1618	0.186107	0.21732238	0.15489162
1619	0.1863252	0.21757919	0.15507121
1620	0.1865581	0.217865721	0.155250479
1621	0.1867595	0.218102814	0.155416186
1622	0.18697465	0.218350627	0.155598673
1623	0.18718345	0.218579897	0.155787003
1624	0.1873894	0.218801203	0.155977597
1625	0.18756005	0.219014104	0.156105996
1626	0.1877437	0.219255464	0.156231936
1627	0.1878802	0.219411116	0.156349284
1628	0.1880261	0.219566322	0.156485878
1629	0.1881948	0.219753025	0.156636575
1630	0.18839835	0.219981742	0.156814958
1631	0.1885709	0.220163487	0.156978313
1632	0.18871495	0.220308486	0.157121414
1633	0.1888482	0.220480665	0.157215735
1634	0.1889737	0.220655905	0.157291495
1635	0.1891116	0.220818275	0.157404925
1636	0.1892345	0.220956061	0.157512939
1637	0.18936065	0.221085845	0.157635455
1638	0.1894645	0.221186199	0.157742801
1639	0.18961195	0.221334897	0.157889003
1640	0.18974645	0.221468676	0.158024224
1641	0.1898458	0.221568007	0.158123593
1642	0.1899403	0.221661913	0.158218687
1643	0.19002135	0.221741704	0.158300996
1644	0.19007665	0.221792298	0.158361002
1645	0.1901799	0.221902676	0.158457124
1646	0.19026765	0.221995962	0.158539338
1647	0.1902764	0.221988542	0.158564258
1648	0.19027645	0.221970659	0.158582241
1649	0.19031395	0.222003038	0.158624862
1650	0.19033425	0.222015014	0.158653486
1651	0.1902946	0.221961326	0.158627874
1652	0.19024895	0.221902313	0.158595587
1653	0.19022405	0.221853173	0.158594927
1654	0.1902201	0.221826688	0.158613512
1655	0.1901543	0.221733055	0.158575545
1656	0.19006535	0.221613287	0.158517413
1657	0.1899776	0.221473539	0.158481661
1658	0.18989385	0.221337516	0.158450184
1659	0.18984855	0.221261523	0.158435577
1660	0.18978055	0.221161652	0.158399448
1661	0.18965395	0.22102735	0.15828055
1662	0.18955145	0.220915868	0.158187032
1663	0.1895034	0.22079146	0.15821534
1664	0.18947085	0.220688175	0.158253525
1665	0.1893951	0.220587976	0.158202224
1666	0.1893466	0.220519891	0.158173309
1667	0.1893582	0.220505841	0.158210559
1668	0.189361	0.220484731	0.158237269
1669	0.1893019	0.220403815	0.158199985
1670	0.18925825	0.220336413	0.158180087
1671	0.1893094	0.220376241	0.158242559
1672	0.18934585	0.220403349	0.158288351
1673	0.1893276	0.220363081	0.158292119
1674	0.18929335	0.220306181	0.158280519
1675	0.1892683	0.220285106	0.158251494
1676	0.189248	0.220268061	0.158227939
1677	0.18922935	0.220235688	0.158223012
1678	0.1892251	0.220214523	0.158235677
1679	0.18926965	0.220247813	0.158291487
1680	0.18924975	0.220214708	0.158284792
1681	0.1891273	0.220068148	0.158186452
1682	0.1890457	0.219965049	0.158126351
1683	0.1890691	0.219983735	0.158154465
1684	0.1890313	0.219927581	0.158135019
1685	0.18892135	0.21977437	0.15806833
1686	0.1888134	0.219641214	0.157985586
1687	0.1887152	0.21954861	0.15788179
1688	0.18856535	0.219386465	0.157744235
1689	0.18836785	0.219152188	0.157583512
1690	0.1881716	0.218915132	0.157428068
1691	0.18800795	0.218722355	0.157293545
1692	0.18785265	0.218529537	0.157175763
1693	0.187734	0.218367657	0.157100343
1694	0.18759195	0.218207785	0.156976115
1695	0.1874418	0.218053226	0.156830374
1696	0.1872796	0.217837325	0.156721875
1697	0.18709445	0.217566759	0.156622141
1698	0.18688945	0.217297451	0.156481449
1699	0.18668225	0.217042992	0.156321508
1700	0.1864718	0.216797106	0.156146494
1701	0.1862944	0.216593102	0.155995698
1702	0.18605745	0.216311566	0.155803334
1703	0.1858217	0.216030063	0.155613337
1704	0.1856476	0.215805905	0.155489295
1705	0.18546645	0.215570102	0.155362798
1706	0.185278	0.215334124	0.155221876
1707	0.18505745	0.215065298	0.155049602
1708	0.18486705	0.214807556	0.154926544
1709	0.18464665	0.214497585	0.154795715
1710	0.18447355	0.214290668	0.154656432
1711	0.184298	0.214101872	0.154494128
1712	0.18408565	0.21384085	0.15433045
1713	0.1838706	0.213562992	0.154178208
1714	0.18366895	0.21331899	0.15401891
1715	0.18345095	0.213064758	0.153837142
1716	0.1833305	0.212919219	0.153741781
1717	0.1831801	0.212735165	0.153625035
1718	0.1829539	0.212402173	0.153505627
1719	0.1827531	0.212100033	0.153406167
1720	0.18258895	0.211915883	0.153262017
1721	0.18240435	0.211707859	0.153100841
1722	0.182261	0.211509886	0.153012114
1723	0.1821169	0.211311073	0.152922727
1724	0.18196195	0.211088972	0.152834928
1725	0.1818365	0.210911239	0.152761761
1726	0.18176495	0.210854759	0.152675141
1727	0.18170495	0.210806953	0.152602947
1728	0.18168105	0.210758414	0.152603686
1729	0.1816759	0.210728193	0.152623607
1730	0.181746	0.210811144	0.152680856
1731	0.18186985	0.210956879	0.152782821
1732	0.1820851	0.211178634	0.152991566
1733	0.1823646	0.211488711	0.153240489
1734	0.1826992	0.211914597	0.153483803
1735	0.1830496	0.212367902	0.153731298
1736	0.1834015	0.212814771	0.153988229
1737	0.18370825	0.213165911	0.154250589
1738	0.18395205	0.213399595	0.154504505
1739	0.1842806	0.213743656	0.154817544
1740	0.18466535	0.214170019	0.155160681
1741	0.1849629	0.214540338	0.155385462
1742	0.1851961	0.214869577	0.155522623
1743	0.1852915	0.215004261	0.155578739
1744	0.1853311	0.215053147	0.155609053
1745	0.1853971	0.215118341	0.155675859
1746	0.18548435	0.215199645	0.155769055
1747	0.1855467	0.215296618	0.155796782
1748	0.18560355	0.215402117	0.155804983
1749	0.1856898	0.215487011	0.155892589
1750	0.18578535	0.215566098	0.156004602
1751	0.18584125	0.21555909	0.15612341
1752	0.18587915	0.215520725	0.156237575
1753	0.18592665	0.215616199	0.156237101
1754	0.18600595	0.215782147	0.156229753
1755	0.1860191	0.215776608	0.156261592
1756	0.18604805	0.215772067	0.156324033
1757	0.186101	0.21581549	0.15638651
1758	0.18616535	0.215877078	0.156453622
1759	0.1861069	0.215768558	0.156445242
1760	0.1860572	0.215670273	0.156444127
1761	0.1861694	0.21584453	0.15649427
1762	0.18627185	0.216019383	0.156524317
1763	0.1863495	0.216123505	0.156575495
1764	0.18646245	0.216246009	0.156678891
1765	0.18664215	0.216431914	0.156852386
1766	0.18682855	0.216620493	0.157036607
1767	0.18700335	0.216789336	0.157217364
1768	0.18720585	0.217029373	0.157382327
1769	0.18741515	0.217307645	0.157522655
1770	0.1876486	0.217574811	0.157722389
1771	0.187935	0.217885043	0.157984957
1772	0.18812865	0.218127597	0.158129703
1773	0.18822115	0.21827892	0.15816338
1774	0.18835975	0.218443854	0.158275646
1775	0.1885011	0.218583231	0.158418969
1776	0.18865955	0.218782051	0.158537049
1777	0.1888454	0.219042752	0.158648048
1778	0.18895035	0.21911415	0.15878655
1779	0.1890196	0.219074181	0.158965019
1780	0.18914845	0.2191517	0.1591452
1781	0.1892954	0.219282544	0.159308256
1782	0.18944755	0.219487169	0.159407931
1783	0.18957885	0.219685899	0.159471801
1784	0.1896641	0.219769381	0.159558819
1785	0.1897336	0.219835074	0.159632126
1786	0.18976835	0.219844746	0.159691954
1787	0.1897963	0.219830822	0.159761778
1788	0.1900281	0.22008611	0.15997009
1789	0.1902707	0.220369979	0.160171421
1790	0.1903492	0.220463857	0.160234543
1791	0.1903983	0.220528454	0.160268146
1792	0.19036945	0.220479327	0.160259573
1793	0.1903422	0.220422837	0.160261563
1794	0.19041775	0.220380178	0.160455322
1795	0.1904507	0.220300512	0.160600888
1796	0.19034995	0.220188668	0.160511232
1797	0.19028405	0.220132756	0.160435344
1798	0.19028835	0.220198918	0.160377782
1799	0.1903956	0.220310413	0.160480787
1800	0.19060675	0.22044886	0.16076464
1801	0.18966415	0.220463842	0.158864458
1802	0.19142765	0.223496083	0.159359217
1803	0.19420745	0.226385517	0.162029383
1804	0.19624625	0.229110471	0.163382029
1805	0.19557305	0.229522395	0.161623705
1806	0.1942933	0.229539214	0.159047386
1807	0.19223445	0.228163453	0.156305447
1808	0.1879246	0.225117963	0.150731237
1809	0.1840906	0.220296038	0.147885162
1810	0.184894	0.215827725	0.153960275
1811	0.1820701	0.20986348	0.15427672
1812	0.17639715	0.203803352	0.148990948
1813	0.17408485	0.204220123	0.143949577
1814	0.17842635	0.213143974	0.143708726
1815	0.1818226	0.223102533	0.140542667
1816	0.1829302	0.226656317	0.139204083
1817	0.1902662	0.239759222	0.140773178
1818	0.2018766	0.255057724	0.148695476
1819	0.2107246	0.276436261	0.145012939
1820	0.2153982	0.29175187	0.13904453
1821	0.2110784	0.287710017	0.134446783
1822	0.19964215	0.270980413	0.128303887
1823	0.18457645	0.250836284	0.118316616
1824	0.1730826	0.25480234	0.09136286
1825	0.1683968	0.268332679	0.068460921
1826	0.1653493	0.278439847	0.052258753
1827	0.16494785	0.287138347	0.042757353
1828	0.177529	0.329436652	0.025621348
1829	0.2170686	0.403438602	0.030698598
1830	0.30081975	0.529570997	0.072068503
1831	0.41610505	0.711558261	0.120651839
1832	0.47207395	0.844510197	0.099637703
1833	0.3735678	0.702980514	0.044155086
1834	0.27211105	0.571977982	-0.027755882
1835	0.28197885	0.599063138	-0.035105438
1836	0.42520265	0.829544154	0.020861146
1837	0.80563855	1.44369072	0.16758638
1838	1.54357305	2.477420006	0.609726094
1839	1.67521215	2.705581995	0.644842305
1840	0.9095445	1.634450734	0.184638266
1841	0.65696805	1.320549531	-0.006613431
1842	1.1945482	2.352777875	0.036318525
1843	4.04246395	7.698549753	0.386378147
1844	11.2829894	20.3632729	2.202705896
1845	44.3028015	75.9767218	12.6288812
1846	0	0	0
1847	3.3732974	5.213171267	1.533423533
1848	1.27961085	1.987572844	0.571648856
1849	0.8967744	1.52095241	0.27259639
1850	0.81773215	1.461322985	0.174141315
1851	0.66035075	1.166270883	0.154430617
1852	0.500761	0.836539807	0.164982193
1853	0.4476627	0.7860818	0.1092436
1854	0.5364163	0.91695907	0.15587353
1855	0.64768865	1.05205517	0.24332213
1856	0.75294935	1.139116385	0.366782315
1857	0.8106469	1.332380509	0.288913291
1858	0.62827965	1.048081233	0.208478067
1859	0.4601093	0.799659005	0.120559595
1860	0.5044395	0.838121286	0.170757714
1861	0.90523535	1.443261388	0.367209312
1862	1.31535775	2.202689134	0.428026366
1863	0.8313396	1.325923736	0.336755464
1864	0.6847344	1.138349295	0.231119505
1865	0.6195497	1.00405127	0.23504813
1866	0.5718574	0.934276097	0.209438703
1867	0.49836975	0.807397084	0.189342416
1868	0.3739901	0.663001816	0.084978384
1869	0.28001425	0.533965093	0.026063407
1870	0.26503975	0.492444549	0.037634951
1871	0.23489215	0.454362136	0.015422164
1872	0.2464357	0.460470331	0.032401069
1873	0.25489	0.497425025	0.012354975
1874	0.20184485	0.39345473	0.01023497
1875	0.1652805	0.334141405	-0.003580405
1876	0.18860155	0.340257517	0.036945583
1877	0.23706905	0.433541902	0.040596198
1878	0.26342875	0.480179276	0.046678224
1879	0.29037965	0.513977219	0.066782081
1880	0.3734163	0.639172426	0.107660174
1881	0.41442705	0.68710121	0.14175289
1882	0.39217765	0.690817289	0.093538011
1883	0.29652105	0.519856005	0.073186095
1884	0.2339807	0.424503111	0.043458289
1885	0.2312865	0.398219833	0.064353167
1886	0.2408507	0.410204829	0.071496571
1887	0.23810215	0.391190475	0.085013825
1888	0.21639035	0.360283046	0.072497654
1889	0.19459795	0.320197869	0.068998031
1890	0.19890485	0.298741633	0.099068067
1891	0.22059585	0.360686852	0.080504848
1892	0.24715135	0.396828478	0.097474222
1893	0.26860945	0.452138559	0.085080341
1894	0.29601025	0.465999867	0.126020633
1895	0.3465897	0.525120566	0.168058834
1896	0.391686	0.606468986	0.176903014
1897	0.42594195	0.740026491	0.111857409
1898	0.4521357	0.846772423	0.057498977
1899	0.40623645	0.779215522	0.033257378
1900	0.3397088	0.685624754	-0.006207154
1901	0.24861085	0.466757103	0.030464597
1902	0.19541665	0.378884847	0.011948453
1903	0.21849245	0.378163168	0.058821732
1904	0.2674567	0.449390963	0.085522437
1905	0.39779255	0.67299408	0.12259102
1906	0.67888365	1.231442057	0.126325243
1907	0.5746197	1.039864066	0.109375334
1908	0.37401985	0.624903643	0.123136057
1909	0.2999539	0.45758327	0.14232453
1910	0.2841191	0.427958354	0.140279846
1911	0.271916	0.429862352	0.113969648
1912	0.2457622	0.373575073	0.117949327
1913	0.22538065	0.356593522	0.094167778
1914	0.200306	0.321342118	0.079269882
1915	0.17844815	0.295195013	0.061701287
1916	0.1674427	0.260237803	0.074647597
1917	0.16434555	0.240199666	0.088491434
1918	0.16343835	0.232786442	0.094090258
1919	0.1592794	0.23123301	0.08732579
1920	0.15911505	0.241610883	0.076619217
1921	0.174473	0.237713034	0.111232966
1922	0.1867284	0.245259991	0.128196809
1923	0.1687866	0.214004435	0.123568765
1924	0.1533006	0.199306172	0.107295028
1925	0.14751725	0.192993475	0.102041025
1926	0.14391005	0.194679554	0.093140546
1927	0.1391216	0.185839035	0.092404165
1928	0.1347616	0.171702328	0.097820872
1929	0.13544665	0.167763887	0.103129413
1930	0.14465165	0.175285141	0.114018159
1931	0.15200175	0.188331454	0.115672046
1932	0.14901085	0.184406079	0.113615621
1933	0.1465439	0.185425172	0.107662628
1934	0.14517765	0.17783237	0.11252293
1935	0.1441534	0.175600463	0.112706337
1936	0.14577035	0.17425453	0.11728617
1937	0.1483416	0.174950276	0.121732924
1938	0.14943255	0.174516857	0.124348243
1939	0.14881965	0.171588259	0.126051041
1940	0.14787605	0.169606857	0.126145243
1941	0.1467184	0.166358763	0.127078037
1942	0.1459772	0.166339797	0.125614603
1943	0.14871235	0.169615602	0.127809098
1944	0.1511704	0.173902615	0.128438185
1945	0.15305595	0.17488763	0.13122427
1946	0.1546896	0.175721473	0.133657727
1947	0.1546083	0.174772232	0.134444368
1948	0.1535571	0.173242258	0.133871942
1949	0.15180075	0.171821752	0.131779748
1950	0.1490664	0.170144403	0.127988397
1951	0.14747595	0.169979687	0.124972213
1952	0.15017905	0.173080619	0.127277481
1953	0.15273915	0.176707661	0.128770639
1954	0.15227155	0.176955977	0.127587123
1955	0.1517885	0.177469324	0.126107676
1956	0.15263415	0.177168107	0.128100193
1957	0.15375275	0.177066394	0.130439106
1958	0.15426345	0.176862049	0.131664851
1959	0.15434885	0.176701418	0.131996282
1960	0.1543216	0.176343535	0.132299665
1961	0.15412135	0.175357324	0.132885376
1962	0.15413075	0.175054605	0.133206895
1963	0.15516065	0.176565457	0.133755843
1964	0.15605255	0.178035587	0.134069513
1965	0.15633095	0.178641839	0.134020061
1966	0.15653035	0.179193535	0.133867165
1967	0.156486	0.17954098	0.13343102
1968	0.1563581	0.179815674	0.132900526
1969	0.15696615	0.180591617	0.133340683
1970	0.15808915	0.181748151	0.134430149
1971	0.15890185	0.182600193	0.135203507
1972	0.159353	0.18302195	0.13568405
1973	0.15976295	0.183454703	0.136071197
1974	0.16019805	0.184072031	0.136324069
1975	0.16058055	0.184638319	0.136522781
1976	0.16124335	0.18523273	0.13725397
1977	0.1618557	0.185774352	0.137937048
1978	0.16232	0.186404257	0.138235743
1979	0.16276355	0.187148882	0.138378218
1980	0.1631843	0.187897222	0.138471378
1981	0.16356465	0.18858929	0.13854001
1982	0.16390725	0.189124197	0.138690303
1983	0.1642456	0.189411571	0.139079629
1984	0.16460795	0.189739148	0.139476752
1985	0.16520685	0.190222758	0.140190942
1986	0.16578245	0.190714103	0.140850797
1987	0.16645665	0.191411714	0.141501586
1988	0.1671788	0.192206239	0.142151361
1989	0.1676626	0.19291972	0.14240548
1990	0.1681027	0.193641305	0.142564095
1991	0.16823585	0.194016521	0.142455179
1992	0.1681105	0.194079788	0.142141212
1993	0.1682201	0.194339653	0.142100547
1994	0.16883965	0.195088263	0.142591037
1995	0.1694769	0.195847764	0.143106036
1996	0.1695188	0.195798072	0.143239528
1997	0.1695537	0.195767744	0.143339656
1998	0.16969125	0.196190121	0.143192379
1999	0.16987735	0.196788543	0.142966157
2000	0.17026365	0.197354167	0.143173133
2001	0.1708263	0.198205733	0.143446867
2002	0.1719096	0.199246295	0.144572905
2003	0.1732756	0.200297043	0.146254157
2004	0.1740232	0.200657523	0.147388877
2005	0.17366655	0.199715181	0.147617919
2006	0.17316245	0.19903764	0.14728726
2007	0.1726283	0.198853066	0.146403534
2008	0.17204285	0.198682828	0.145402872
2009	0.171404	0.198781565	0.144026435
2010	0.17083925	0.199118861	0.142559639
2011	0.17088735	0.198764779	0.143009921
2012	0.17080695	0.198186136	0.143427764
2013	0.17108795	0.198047453	0.144128447
2014	0.1716292	0.198294656	0.144963744
2015	0.172025	0.198400862	0.145649138
2016	0.17207975	0.198205478	0.145954022
2017	0.1719526	0.198061792	0.145843408
2018	0.1714509	0.197599154	0.145302646
2019	0.1709547	0.197111802	0.144797598
2020	0.17061095	0.196589415	0.144632485
2021	0.1703712	0.196246746	0.144495654
2022	0.17093895	0.196604679	0.145273221
2023	0.17146095	0.19693282	0.14598908
2024	0.1714593	0.19691951	0.14599909
2025	0.1713885	0.196915369	0.145861631
2026	0.1707979	0.196395541	0.145200259
2027	0.16992175	0.1955603	0.1442832
2028	0.16911495	0.194663379	0.143566521
2029	0.1682988	0.193700596	0.142897004
2030	0.1676229	0.192938665	0.142307135
2031	0.1674346	0.192641154	0.142228046
2032	0.16723255	0.192343244	0.142121856
2033	0.1667951	0.191888529	0.141701671
2034	0.16633785	0.191448773	0.141226927
2035	0.1661537	0.191282495	0.141024905
2036	0.16600945	0.19114514	0.14087376
2037	0.1657119	0.190790696	0.140633104
2038	0.16539925	0.19035762	0.14044088
2039	0.16505295	0.189906385	0.140199515
2040	0.1646131	0.189509254	0.139716946
2041	0.1641684	0.189072017	0.139264783
2042	0.16377725	0.188500686	0.139053814
2043	0.1633713	0.187899743	0.138842857
2044	0.163077	0.187299185	0.138854815
2045	0.1627661	0.186690628	0.138841572
2046	0.1623315	0.186241658	0.138421342
2047	0.16185805	0.185818725	0.137897375
2048	0.16181395	0.185960004	0.137667896
2049	0.1619031	0.186202954	0.137603246
2050	0.161745	0.186179021	0.137310979
2051	0.16145665	0.186030887	0.136882413
2052	0.16101605	0.185476626	0.136555474
2053	0.16031515	0.184502816	0.136127484
2054	0.1596046	0.183473251	0.135735949
2055	0.1591722	0.182668893	0.135675507
2056	0.1587514	0.181979693	0.135523107
2057	0.15841475	0.181754278	0.135075222
2058	0.15807725	0.181549557	0.134604943
2059	0.1575672	0.180707963	0.134426437
2060	0.1569923	0.179724693	0.134259907
2061	0.15649655	0.179152951	0.133840149
2062	0.1560087	0.178673676	0.133343724
2063	0.15581395	0.17843076	0.13319714
2064	0.1558346	0.178437629	0.133231571
2065	0.1555473	0.178198768	0.132895832
2066	0.1551759	0.177871748	0.132480052
2067	0.15494815	0.177602262	0.132294038
2068	0.15430805	0.176795747	0.131820353
2069	0.1536113	0.176008061	0.131214539
2070	0.1530181	0.175469408	0.130566792
2071	0.15252945	0.175044976	0.130013924
2072	0.15216575	0.174462122	0.129869378
2073	0.151727	0.173733058	0.129720942
2074	0.1513175	0.173185954	0.129449046
2075	0.1509641	0.172824767	0.129103433
2076	0.1507643	0.172496426	0.129032174
2077	0.15067825	0.17224549	0.12911101
2078	0.1505692	0.172013153	0.129125247
2079	0.1506566	0.172079682	0.129233518
2080	0.15057775	0.172076636	0.129078864
2081	0.15025395	0.171834947	0.128672953
2082	0.1500189	0.17163968	0.12839812
2083	0.1497201	0.171316614	0.128123586
2084	0.149433	0.171053072	0.127812928
2085	0.14932055	0.17098783	0.12765327
2086	0.1492425	0.170943763	0.127541237
2087	0.1492822	0.170891497	0.127672903
2088	0.1493413	0.170836225	0.127846375
2089	0.14929085	0.170815121	0.127766579
2090	0.1491788	0.170813915	0.127543685
2091	0.1490889	0.170727982	0.127449818
2092	0.1489465	0.170447348	0.127445652
2093	0.14880495	0.170237944	0.127371956
2094	0.148702	0.170263151	0.127140849
2095	0.14861425	0.17027241	0.12695609
2096	0.14856095	0.170034617	0.127087283
2097	0.1484612	0.16971305	0.12720935
2098	0.14819335	0.169356533	0.127030167
2099	0.1479391	0.169091263	0.126786937
2100	0.1479861	0.169105648	0.126866552
2101	0.1480592	0.169111488	0.127006912
2102	0.14811105	0.169150304	0.127071796
2103	0.1481525	0.169223132	0.127081868
2104	0.1481085	0.169119732	0.127097268
2105	0.14817215	0.169270347	0.127073953
2106	0.148231	0.169598822	0.126863178
2107	0.14821235	0.169744659	0.126680041
2108	0.14812835	0.169696981	0.126559719
2109	0.1479289	0.169330152	0.126527648
2110	0.1477625	0.169056703	0.126468297
2111	0.14786475	0.169101371	0.126628129
2112	0.1479829	0.169173156	0.126792644
2113	0.1480036	0.169170356	0.126836844
2114	0.14805215	0.169210418	0.126893882
2115	0.1482234	0.169435251	0.127011549
2116	0.14832465	0.169659502	0.126989798
2117	0.1482497	0.169704188	0.126795212
2118	0.1481567	0.16969909	0.12661431
2119	0.14829315	0.169664333	0.126921967
2120	0.1486642	0.169905574	0.127422826
2121	0.1489944	0.17026433	0.12772447
2122	0.1493746	0.170603058	0.128146142
2123	0.1497396	0.170986026	0.128493174
2124	0.14995705	0.171264409	0.128649691
2125	0.1501117	0.17140564	0.12881776
2126	0.15011505	0.171278078	0.128952022
2127	0.15012085	0.171205312	0.129036388
2128	0.1501545	0.171317448	0.128991552
2129	0.1501448	0.171418398	0.128871202
2130	0.15017585	0.17165522	0.12869648
2131	0.15026675	0.172003069	0.128530431
2132	0.15035075	0.172111921	0.128589579
2133	0.15045365	0.172204289	0.128703011
2134	0.150426	0.17220779	0.12864421
2135	0.1503692	0.172198801	0.128539599
2136	0.1505133	0.172378409	0.128648191
2137	0.15072835	0.172541389	0.128915311
2138	0.1509845	0.17278145	0.12918755
2139	0.15132905	0.173236786	0.129421314
2140	0.15155535	0.173600369	0.129510331
2141	0.1517693	0.17389477	0.12964383
2142	0.15202345	0.174178648	0.129868252
2143	0.15229745	0.174366578	0.130228322
2144	0.15256665	0.174524778	0.130608522
2145	0.1527723	0.174483203	0.131061397
2146	0.1528782	0.174346253	0.131410147
2147	0.15297165	0.17435756	0.13158574
2148	0.15323975	0.174619522	0.131859978
2149	0.1534558	0.17503351	0.13187809
2150	0.15360335	0.175410638	0.131796062
2151	0.15361635	0.175595577	0.131637123
2152	0.15359595	0.17566161	0.13153029
2153	0.1538187	0.175790052	0.131847348
2154	0.1541973	0.175898963	0.132495637
2155	0.1545413	0.176060719	0.133021881
2156	0.1548714	0.176475896	0.133266904
2157	0.1552639	0.176869504	0.133658296
2158	0.15552235	0.176890371	0.134154329
2159	0.1557288	0.176979635	0.134477965
2160	0.1559435	0.177473236	0.134413764
2161	0.15616065	0.177983987	0.134337313
2162	0.15638115	0.178383221	0.134379079
2163	0.15661705	0.178778232	0.134455868
2164	0.15686055	0.179126615	0.134594485
2165	0.15713275	0.179498639	0.134766861
2166	0.15743765	0.17992863	0.13494667
2167	0.15765115	0.18026165	0.13504065
2168	0.1578894	0.180520392	0.135258408
2169	0.15818115	0.180896204	0.135466096
2170	0.15841565	0.18126998	0.13556132
2171	0.1587107	0.181636896	0.135784504
2172	0.15905245	0.182075441	0.136029459
2173	0.15939725	0.182519488	0.136275012
2174	0.1597697	0.182954115	0.136585285
2175	0.15998985	0.183143241	0.136836459
2176	0.16016405	0.18330627	0.13702183
2177	0.1604502	0.183474564	0.137425836
2178	0.1607892	0.183616752	0.137961648
2179	0.1608462	0.183740117	0.137952283
2180	0.1607884	0.183995226	0.137581574
2181	0.16109815	0.184590982	0.137605318
2182	0.16153825	0.185197055	0.137879445
2183	0.16165075	0.18521335	0.13808815
2184	0.1615187	0.184915326	0.138122074
2185	0.16152575	0.184851431	0.138200069
2186	0.1614959	0.184719749	0.138272051
2187	0.16159365	0.184803783	0.138383517
2188	0.1620635	0.185319599	0.138807401
2189	0.16234885	0.185633398	0.139064302
2190	0.16252525	0.185878752	0.139171748
2191	0.16285625	0.186250169	0.139462331
2192	0.1633276	0.186562619	0.140092581
2193	0.16377375	0.186899959	0.140647541
2194	0.1641477	0.187490788	0.140804612
2195	0.16451995	0.188113453	0.140926447
2196	0.1646782	0.188232443	0.141123957
2197	0.16472885	0.18815717	0.14130053
2198	0.16475215	0.18785056	0.14165374
2199	0.1648355	0.187674408	0.141996592
2200	0.1649359	0.187970782	0.141901018
2201	0.16500945	0.188348128	0.141670772
2202	0.16505225	0.188375607	0.141728893
2203	0.1651097	0.188115061	0.142104339
2204	0.1652406	0.1880305	0.1424507
2205	0.1653816	0.188208591	0.142554609
2206	0.16550065	0.188593644	0.142407656
2207	0.16565285	0.189089967	0.142215733
2208	0.1657408	0.189417047	0.142064553
2209	0.1657434	0.189584302	0.141902498
2210	0.1658354	0.189706995	0.141963805
2211	0.1659585	0.18968131	0.14223569
2212	0.1659674	0.189640298	0.142294502
2213	0.1659045	0.189681225	0.142127775
2214	0.16585185	0.18975179	0.14195191
2215	0.16572395	0.189794139	0.141653761
2216	0.1656137	0.189810626	0.141416774
2217	0.1657257	0.189867274	0.141584126
2218	0.1658098	0.189939519	0.141680081
2219	0.1659219	0.190191747	0.141652053
2220	0.16622305	0.190539666	0.141906434
2221	0.1664388	0.190584815	0.142292785
2222	0.16641145	0.190312287	0.142510613
2223	0.16631925	0.189942982	0.142695518
2224	0.1661447	0.189726181	0.142563219
2225	0.1659549	0.189562646	0.142347154
2226	0.1658424	0.189351556	0.142333244
2227	0.1657585	0.189230265	0.142286735
2228	0.1657077	0.189146781	0.142268619
2229	0.1654829	0.188901738	0.142064062
2230	0.16488585	0.188205126	0.141566574
2231	0.1642649	0.187476083	0.141053717
2232	0.16372575	0.186820322	0.140631178
2233	0.16328535	0.186281692	0.140289008
2234	0.1628991	0.185906672	0.139891528
2235	0.1624644	0.185528501	0.139400299
2236	0.16193655	0.184856508	0.139016592
2237	0.16140895	0.184141599	0.138676301
2238	0.1609925	0.183481086	0.138503914
2239	0.16048975	0.182776689	0.138202811
2240	0.16012315	0.18228888	0.13795742
2241	0.1598769	0.181907309	0.137846491
2242	0.15923345	0.181202625	0.137264275
2243	0.15848445	0.180364331	0.136604569
2244	0.15758485	0.179307785	0.135861915
2245	0.1564716	0.178164208	0.134778992
2246	0.15564155	0.177301947	0.133981153
2247	0.15509195	0.176640687	0.133543213
2248	0.1544113	0.175882728	0.132939872
2249	0.15340115	0.174798963	0.132003337
2250	0.1524185	0.173761958	0.131075042
2251	0.1516451	0.172786673	0.130503527
2252	0.1508785	0.171839511	0.129917489
2253	0.1501386	0.171082533	0.129194667
2254	0.1494992	0.170442604	0.128555796
2255	0.14909825	0.169903902	0.128292598
2256	0.1487138	0.169353884	0.128073716
2257	0.14812075	0.168639655	0.127601845
2258	0.147477	0.167974591	0.126979409
2259	0.14679725	0.167341561	0.126252939
2260	0.1460802	0.16658841	0.12557199
2261	0.14544415	0.165661255	0.125227045
2262	0.14460725	0.164489491	0.124725009
2263	0.1438936	0.163655023	0.124132177
2264	0.1435071	0.163234824	0.123779376
2265	0.1428928	0.162589714	0.123195886
2266	0.1420803	0.161776982	0.122383618
2267	0.14149445	0.161124493	0.121864407
2268	0.1410299	0.16048855	0.12157125
2269	0.1404413	0.159665407	0.121217193
2270	0.1399944	0.159086641	0.120902159
2271	0.13965925	0.158702209	0.120616291
2272	0.1395845	0.158646766	0.120522234
2273	0.1395197	0.158625655	0.120413745
2274	0.1392801	0.158298897	0.120261303
2275	0.1390021	0.15797488	0.12002932
2276	0.1386725	0.157783946	0.119561054
2277	0.1383369	0.157581344	0.119092456
2278	0.1380579	0.157353868	0.118761932
2279	0.1377963	0.157161611	0.118430989
2280	0.13770295	0.156936548	0.118469352
2281	0.13764215	0.156698924	0.118585376
2282	0.13747615	0.15658279	0.11836951
2283	0.13726005	0.156416522	0.118103578
2284	0.1370832	0.156107176	0.118059224
2285	0.1369216	0.155729274	0.118113926
2286	0.13684375	0.155450273	0.118237227
2287	0.1368205	0.15551915	0.11812185
2288	0.1365409	0.155231014	0.117850786
2289	0.1361808	0.154747592	0.117614008
2290	0.1358379	0.154255057	0.117420743
2291	0.135508	0.153689179	0.117326821
2292	0.1352639	0.153276621	0.117251179
2293	0.13498605	0.152759366	0.117212734
2294	0.1346711	0.152333867	0.117008333
2295	0.13421635	0.152238834	0.116193866
2296	0.1336578	0.152025606	0.115289994
2297	0.13303675	0.151451554	0.114621946
2298	0.13250485	0.150873936	0.114135764
2299	0.13208495	0.150218363	0.113951537
2300	0.131655	0.149693826	0.113616174
2301	0.1312669	0.149393917	0.113139883
2302	0.1309284	0.149073582	0.112783218
2303	0.1305677	0.148574711	0.112560689
2304	0.1301982	0.148100068	0.112296332
2305	0.13000345	0.147842635	0.112164265
2306	0.12987725	0.147671849	0.112082651
2307	0.1297631	0.14732634	0.11219986
2308	0.1296388	0.146969455	0.112308145
2309	0.1292971	0.146468384	0.112125816
2310	0.12898735	0.145969706	0.112004994
2311	0.12897035	0.14628076	0.11165994
2312	0.12893025	0.146770604	0.111089896
2313	0.12900795	0.1470311	0.1109848
2314	0.12914095	0.147286491	0.110995409
2315	0.1293623	0.147566204	0.111158396
2316	0.12963295	0.147641029	0.111624871
2317	0.1299701	0.147914974	0.112025226
2318	0.1302023	0.148242941	0.112161659
2319	0.1304779	0.148519584	0.112436216
2320	0.1307801	0.148924324	0.112635876
2321	0.13085735	0.149052934	0.112661766
2322	0.13068205	0.148877354	0.112486746
2323	0.1304581	0.148651816	0.112264384
2324	0.13030675	0.148452705	0.112160795
2325	0.13024395	0.148483714	0.112004186
2326	0.1302812	0.148469732	0.112092668
2327	0.13032635	0.148363333	0.112289367
2328	0.13051955	0.148341649	0.112697451
2329	0.13076265	0.148322191	0.113203109
2330	0.1309603	0.14820898	0.11371162
2331	0.13102975	0.1481096	0.1139499
2332	0.1306184	0.14774578	0.11349102
2333	0.13019665	0.147414101	0.112979199
2334	0.1297928	0.147279394	0.112306206
2335	0.1293315	0.147118866	0.111544134
2336	0.1292359	0.14715759	0.11131421
2337	0.12930135	0.147452843	0.111149857
2338	0.12895195	0.147180488	0.110723412
2339	0.12842195	0.146682755	0.110161145
2340	0.1281045	0.145972986	0.110236014
2341	0.12794905	0.14528075	0.11061735
2342	0.127933	0.145159468	0.110706532
2343	0.1278955	0.14523379	0.11055721
2344	0.12759965	0.14510338	0.11009592
2345	0.12695755	0.144790747	0.109124353
2346	0.12646295	0.144455189	0.108470711
2347	0.1261591	0.144154839	0.108163361
2348	0.1260886	0.14423331	0.10794389
2349	0.1263393	0.144433176	0.108245424
2350	0.1266848	0.144472775	0.108896825
2351	0.1270916	0.14463388	0.10954932
2352	0.12742045	0.144794664	0.110046236
2353	0.1275703	0.144827958	0.110312642
2354	0.12766065	0.144884266	0.110437034
2355	0.12815355	0.145367562	0.110939538
2356	0.1285214	0.145726381	0.111316419
2357	0.1285899	0.145647094	0.111532706
2358	0.1287322	0.145756424	0.111707976
2359	0.1285115	0.145699626	0.111323374
2360	0.1282355	0.145480357	0.110990643
2361	0.12804605	0.145269239	0.110822861
2362	0.1279273	0.14521036	0.11064424
2363	0.12809985	0.145269215	0.110930485
2364	0.1282658	0.145304699	0.111226901
2365	0.1283492	0.145070666	0.111627734
2366	0.12844365	0.144885446	0.112001854
2367	0.1286027	0.145025051	0.112180349
2368	0.1288754	0.145431387	0.112319413
2369	0.12945815	0.146180461	0.112735839
2370	0.1299677	0.146866288	0.113069112
2371	0.1299842	0.146686953	0.113281447
2372	0.12994575	0.146480128	0.113411372
2373	0.13001385	0.146650383	0.113377317
2374	0.13008075	0.147020976	0.113140524
2375	0.1304733	0.147682428	0.113264172
2376	0.131017	0.14837282	0.11366118
2377	0.1307626	0.147965582	0.113559618
2378	0.1300431	0.14710885	0.11297735
2379	0.12953265	0.146798063	0.112267237
2380	0.12922545	0.146933955	0.111516945
2381	0.12878095	0.146939618	0.110622282
2382	0.12879145	0.147562099	0.110020801
2383	0.1292525	0.147881529	0.110623471
2384	0.1292692	0.147227272	0.111311128
2385	0.12919055	0.146517575	0.111863525
2386	0.1290416	0.145755058	0.112328142
2387	0.1288158	0.145425213	0.112206387
2388	0.1290506	0.146110775	0.111990425
2389	0.12919035	0.146591091	0.111789609
2390	0.12900225	0.146450009	0.111554491
2391	0.12877585	0.145948096	0.111603604
2392	0.1284473	0.145342138	0.111552462
2393	0.1281712	0.145257346	0.111085054
2394	0.1279351	0.144989626	0.110880574
2395	0.1277406	0.144921394	0.110559806
2396	0.12818045	0.145902558	0.110458342
2397	0.12896595	0.147330597	0.110601303
2398	0.12953395	0.148299307	0.110768593
2399	0.12995565	0.148835634	0.111075666
2400	0.12966975	0.148388234	0.110951266
2401	0.12926025	0.148097278	0.110423222
2402	0.1295406	0.148205813	0.110875387
2403	0.12983995	0.14825485	0.11142505
2404	0.13017295	0.14853034	0.11181556
2405	0.1304084	0.148749602	0.112067198
2406	0.13011615	0.14844029	0.11179201
2407	0.12973955	0.148317404	0.111161696
2408	0.129154	0.147295678	0.111012322
2409	0.12869825	0.146310589	0.111085911
2410	0.1290705	0.146367922	0.111773078
2411	0.12954725	0.146546763	0.112547737
2412	0.1289432	0.145713798	0.112172602
2413	0.12800795	0.144961183	0.111054717
2414	0.1283401	0.144650823	0.112029377
2415	0.12891135	0.14472692	0.11309578
2416	0.12799275	0.143845702	0.112139798
2417	0.12705585	0.14333421	0.11077749
2418	0.1273654	0.143859896	0.110870904
2419	0.1278922	0.144976122	0.110808278
2420	0.12827525	0.14603372	0.11051678
2421	0.1284857	0.146901783	0.110069617
2422	0.12750745	0.145176635	0.109838265
2423	0.12628655	0.143179861	0.109393239
2424	0.1255876	0.142143791	0.109031409
2425	0.12511565	0.141698199	0.108533101
2426	0.12497725	0.141300097	0.108654403
2427	0.1250249	0.14117301	0.10887679
2428	0.12490275	0.14128152	0.10852398
2429	0.12436575	0.141609378	0.107122122
2430	0.12419855	0.142651868	0.105745232
2431	0.1244952	0.144070255	0.104920145
2432	0.12477495	0.143827197	0.105722703
2433	0.1244338	0.142030667	0.106836933
2434	0.1246687	0.140150207	0.109187193
2435	0.12562635	0.139832145	0.111420555
2436	0.1258206	0.140192258	0.111448942
2437	0.1254791	0.140699869	0.110258331
2438	0.1244441	0.139981108	0.108907092
2439	0.1234718	0.139397786	0.107545814
2440	0.12199855	0.138404306	0.105592794
2441	0.1195206	0.135711103	0.103330097
2442	0.11874425	0.134654038	0.102834462
2443	0.1194228	0.134697729	0.104147871
2444	0.1185651	0.132923677	0.104206523
2445	0.11656475	0.131427715	0.101701785
2446	0.115824	0.131930279	0.099717721
2447	0.1160636	0.133198318	0.098928882
2448	0.115653	0.13376334	0.09754266
2449	0.11579345	0.133630709	0.097956191
2450	0.1171639	0.13511675	0.09921105
2451	0.117755	0.135875119	0.099634881
2452	0.11812495	0.136265323	0.099984577
2453	0.1177646	0.136180079	0.099349121
2454	0.1163421	0.135521877	0.097162323
2455	0.1162692	0.135722598	0.096815802
2456	0.1158575	0.136448417	0.095266583
2457	0.11364115	0.134371132	0.092911168
2458	0.11150115	0.131601318	0.091400982
2459	0.1101999	0.128266423	0.092133377
2460	0.11020485	0.126751424	0.093658276
2461	0.11241705	0.128556717	0.096277383
2462	0.11431585	0.131119222	0.097512478
2463	0.11436915	0.129912433	0.098825867
2464	0.1140229	0.128119735	0.099926065
2465	0.111302	0.125018983	0.097585017
2466	0.1076938	0.122941837	0.092445763
2467	0.10567075	0.123420928	0.087920572
2468	0.1046654	0.124140741	0.085190059
2469	0.1053953	0.122666779	0.088123821
2470	0.1053408	0.121095618	0.089585982
2471	0.1023305	0.118171583	0.086489417
2472	0.09961375	0.117864747	0.081362753
2473	0.1003888	0.122419564	0.078358036
2474	0.10246215	0.129227074	0.075697226
2475	0.10523375	0.131198467	0.079269033
2476	0.10734595	0.131798963	0.082892937
2477	0.10784715	0.130958607	0.084735693
2478	0.1079113	0.131387536	0.084435064
2479	0.10760375	0.131039966	0.084167534
2480	0.10764065	0.133171409	0.082109891
2481	0.10459585	0.133255439	0.075936261
2482	0.10005135	0.135895872	0.064206828
2483	0.09915995	0.139158113	0.059161787
2484	0.09965845	0.148468971	0.050847929
2485	0.0998261	0.148250265	0.051401935
2486	0.10191525	0.14762956	0.05620094
2487	0.11107865	0.153995331	0.068161969
2488	0.121797	0.171425043	0.072168957
2489	0.1325647	0.200478751	0.064650649
2490	0.1439196	0.229965501	0.057873699
2491	0.1437567	0.226232716	0.061280684
2492	0.13739975	0.22013846	0.05466104
2493	0.13131025	0.208091529	0.054528971
2494	0.1306119	0.20392274	0.05730106
2495	0.1337533	0.200787757	0.066718843
2496	0.132052	0.19546531	0.06863869
2497	0.1215798	0.173350752	0.069808848
2498	0.1129732	0.163220531	0.062725869
2499	0.113533	0.167499948	0.059566052
2500	0.11783175	0.184153457	0.051510043
