Wavelength	Mean	Std+	Std-	FWHM
350	0.14248275	0.160029401	0.124936099	0.006
351	0.14298535	0.160563007	0.125407693	0.006
352	0.143471425	0.161007286	0.125935564	0.006
353	0.143862825	0.161388875	0.126336775	0.006
354	0.144349925	0.161888189	0.126811661	0.006
355	0.144941575	0.162508406	0.127374744	0.006
356	0.14552185	0.163074443	0.127969257	0.006
357	0.1460661	0.163660664	0.128471536	0.006
358	0.1466056	0.164266167	0.128945033	0.006
359	0.147215725	0.164911577	0.129519873	0.006
360	0.14785095	0.165548649	0.130153251	0.006
361	0.14854955	0.166261137	0.130837963	0.006
362	0.1493671	0.16713557	0.13159863	0.006
363	0.1498997	0.167721142	0.132078258	0.006
364	0.1505427	0.168424304	0.132661096	0.006
365	0.151330425	0.169275845	0.133385005	0.006
366	0.15205855	0.16996974	0.13414736	0.006
367	0.152787575	0.170667172	0.134907978	0.006
368	0.15349655	0.1713666	0.1356265	0.006
369	0.15409395	0.172051573	0.136136327	0.006
370	0.15501205	0.172957792	0.137066308	0.006
371	0.15603565	0.173975796	0.138095504	0.006
372	0.1570427	0.175058732	0.139026668	0.006
373	0.158005125	0.176059661	0.139950589	0.006
374	0.159139025	0.177221108	0.141056942	0.006
375	0.160483925	0.178587987	0.142379863	0.006
376	0.16165055	0.179886634	0.143414466	0.006
377	0.16288555	0.181212158	0.144558942	0.006
378	0.164154825	0.182539866	0.145769784	0.006
379	0.1652831	0.183708595	0.146857605	0.006
380	0.16654795	0.185035486	0.148060414	0.006
381	0.167884875	0.186438265	0.149331485	0.006
382	0.16925865	0.187866758	0.150650542	0.006
383	0.1706558	0.189342219	0.151969381	0.006
384	0.171999575	0.190809049	0.153190101	0.006
385	0.17328155	0.192266322	0.154296778	0.006
386	0.17494885	0.194032758	0.155864942	0.006
387	0.176428475	0.195629536	0.157227414	0.006
388	0.17776545	0.197082051	0.158448849	0.006
389	0.179163675	0.198517649	0.159809701	0.006
390	0.18032115	0.199748046	0.160894254	0.006
391	0.1813876	0.20091603	0.16185917	0.006
392	0.18249485	0.202163265	0.162826435	0.006
393	0.1837893	0.203512745	0.164065855	0.006
394	0.185124625	0.204932941	0.165316309	0.006
395	0.186437425	0.206382918	0.166491932	0.006
396	0.1877215	0.207785793	0.167657207	0.006
397	0.188967675	0.209142819	0.168792531	0.006
398	0.190156675	0.210439966	0.169873384	0.006
399	0.191265975	0.211682506	0.170849444	0.006
400	0.19220045	0.212681035	0.171719865	0.006
401	0.193040425	0.213556416	0.172524434	0.006
402	0.193896	0.214447969	0.173344031	0.006
403	0.19476955	0.21537561	0.17416349	0.006
404	0.19566635	0.216314572	0.175018128	0.006
405	0.19661125	0.217282217	0.175940283	0.006
406	0.197484525	0.218232949	0.176736101	0.006
407	0.19849315	0.219319598	0.177666702	0.006
408	0.19959765	0.220504165	0.178691135	0.006
409	0.200611825	0.221621123	0.179602527	0.006
410	0.2016488	0.222740266	0.180557334	0.006
411	0.202683325	0.223850755	0.181515895	0.006
412	0.203718475	0.224971849	0.182465101	0.006
413	0.204736225	0.226081651	0.183390799	0.006
414	0.20575045	0.227178793	0.184322107	0.006
415	0.2067851	0.228281933	0.185288267	0.006
416	0.207859225	0.229445169	0.186273281	0.006
417	0.208940625	0.230615261	0.187265989	0.006
418	0.210027325	0.231789754	0.188264896	0.006
419	0.2111321	0.23298654	0.18927766	0.006
420	0.212291925	0.234245877	0.190337973	0.006
421	0.213481475	0.235532527	0.191430423	0.006
422	0.214690075	0.236819267	0.192560883	0.006
423	0.215934925	0.238154215	0.193715635	0.006
424	0.217188975	0.239501821	0.194876129	0.006
425	0.218457075	0.240864494	0.196049656	0.006
426	0.2196725	0.242154107	0.197190893	0.006
427	0.22099405	0.243570702	0.198417398	0.006
428	0.2224396	0.245134522	0.199744678	0.006
429	0.22395625	0.246768344	0.201144156	0.006
430	0.225518675	0.248443934	0.202593416	0.006
431	0.2270971	0.250138769	0.204055431	0.006
432	0.22868825	0.251869353	0.205507147	0.006
433	0.2303256	0.253631546	0.207019654	0.006
434	0.231909875	0.255334067	0.208485683	0.006
435	0.23340205	0.256940914	0.209863186	0.006
436	0.2348919	0.258531557	0.211252243	0.006
437	0.236353275	0.260073656	0.212632894	0.006
438	0.237801775	0.261587448	0.214016102	0.006
439	0.2393721	0.263262035	0.215482165	0.006
440	0.240877	0.264866777	0.216887223	0.006
441	0.2423303	0.266414917	0.218245683	0.006
442	0.243765075	0.267936607	0.219593543	0.006
443	0.245184325	0.269453734	0.220914916	0.006
444	0.246567725	0.270936151	0.222199299	0.006
445	0.2478918	0.272355424	0.223428176	0.006
446	0.2491591	0.273681621	0.224636579	0.006
447	0.250402575	0.274995008	0.225810142	0.006
448	0.25162795	0.276307105	0.226948795	0.006
449	0.25273085	0.277496382	0.227965318	0.006
450	0.253786125	0.278626587	0.228945663	0.006
451	0.254807025	0.279714143	0.229899907	0.006
452	0.255798325	0.280765753	0.230830897	0.006
453	0.25677305	0.281807429	0.231738671	0.006
454	0.2577165	0.282823634	0.232609366	0.006
455	0.258603875	0.283790797	0.233416953	0.006
456	0.259410625	0.284681977	0.234139273	0.006
457	0.26020435	0.285561718	0.234846982	0.006
458	0.260987425	0.286431155	0.235543695	0.006
459	0.26169975	0.287218701	0.236180799	0.006
460	0.262368975	0.287952545	0.236785405	0.006
461	0.2630083	0.288651177	0.237365423	0.006
462	0.26363955	0.289351625	0.237927475	0.006
463	0.2642319	0.290018304	0.238445496	0.006
464	0.2647925	0.290648968	0.238936032	0.006
465	0.265308875	0.291220556	0.239397194	0.006
466	0.265821075	0.291787369	0.239854781	0.006
467	0.26634035	0.292368128	0.240312572	0.006
468	0.266869325	0.292968144	0.240770506	0.006
469	0.267433525	0.293602934	0.241264116	0.006
470	0.26797405	0.294209606	0.241738494	0.006
471	0.268502725	0.294801102	0.242204348	0.006
472	0.269078875	0.295441765	0.242715985	0.006
473	0.269670825	0.296101098	0.243240552	0.006
474	0.2702644	0.296762962	0.243765838	0.006
475	0.2708487	0.297415248	0.244282152	0.006
476	0.271504875	0.298138693	0.244871057	0.006
477	0.2721773	0.298884499	0.245470101	0.006
478	0.272857425	0.299646516	0.246068334	0.006
479	0.2736029	0.300467939	0.246737861	0.006
480	0.27438425	0.301323639	0.247444861	0.006
481	0.275188725	0.302200304	0.248177146	0.006
482	0.275962825	0.303037715	0.248887935	0.006
483	0.276805825	0.303945742	0.249665908	0.006
484	0.2777152	0.304927096	0.250503304	0.006
485	0.278702575	0.306002335	0.251402815	0.006
486	0.2797107	0.307120613	0.252300787	0.006
487	0.28076655	0.308292057	0.253241043	0.006
488	0.28188175	0.309523614	0.254239886	0.006
489	0.2830084	0.310763096	0.255253704	0.006
490	0.28416565	0.31202438	0.25630692	0.006
491	0.2853339	0.313286561	0.257381239	0.006
492	0.2865081	0.314538762	0.258477438	0.006
493	0.2877071	0.315830013	0.259584187	0.006
494	0.288934925	0.317155991	0.260713859	0.006
495	0.29022245	0.318539416	0.261905484	0.006
496	0.29150335	0.319915387	0.263091313	0.006
497	0.29279615	0.321295271	0.264297029	0.006
498	0.294121125	0.322695124	0.265547126	0.006
499	0.295505725	0.3241772	0.26683425	0.006
500	0.296904425	0.325682281	0.268126569	0.006
501	0.298313725	0.327204087	0.269423363	0.006
502	0.2997422	0.328733303	0.270751097	0.006
503	0.3011613	0.330261954	0.272060646	0.006
504	0.3025791	0.331785341	0.273372859	0.006
505	0.30403875	0.333325158	0.274752342	0.006
506	0.305482225	0.334864508	0.276099942	0.006
507	0.30691955	0.336397807	0.277441293	0.006
508	0.308366825	0.337935034	0.278798616	0.006
509	0.3097969	0.339459816	0.280133984	0.006
510	0.31124965	0.341007373	0.281491927	0.006
511	0.3127274	0.342578993	0.282875807	0.006
512	0.3141577	0.344088076	0.284227324	0.006
513	0.3155885	0.345597616	0.285579384	0.006
514	0.3170333	0.347125527	0.286941073	0.006
515	0.318503725	0.348694752	0.288312698	0.006
516	0.320048675	0.350357266	0.289740084	0.006
517	0.321619525	0.352049537	0.291189513	0.006
518	0.3231795	0.353726362	0.292632638	0.006
519	0.324765225	0.355443349	0.294087101	0.006
520	0.326336675	0.35713947	0.29553388	0.006
521	0.327875125	0.358791318	0.296958932	0.006
522	0.329379025	0.360375747	0.298382303	0.006
523	0.33087465	0.361957172	0.299792128	0.006
524	0.33238865	0.363561417	0.301215883	0.006
525	0.3339778	0.365245633	0.302709967	0.006
526	0.335601	0.366978652	0.304223348	0.006
527	0.3372164	0.368708048	0.305724752	0.006
528	0.338810675	0.370416577	0.307204773	0.006
529	0.340429075	0.372147458	0.308710692	0.006
530	0.342020675	0.37384546	0.31019589	0.006
531	0.3435774	0.37550126	0.31165354	0.006
532	0.345165925	0.377170905	0.313160945	0.006
533	0.346781825	0.378883871	0.314679779	0.006
534	0.348418325	0.38062777	0.31620888	0.006
535	0.350042	0.382357991	0.317726009	0.006
536	0.35164775	0.384066525	0.319228975	0.006
537	0.35324245	0.385759996	0.320724904	0.006
538	0.354838	0.387449351	0.322226649	0.006
539	0.3564415	0.389154121	0.323728879	0.006
540	0.358068125	0.390886878	0.325249372	0.006
541	0.359712725	0.392641648	0.326783802	0.006
542	0.361362275	0.394401036	0.328323514	0.006
543	0.362991375	0.3961347	0.32984805	0.006
544	0.3645985	0.397841168	0.331355832	0.006
545	0.366204825	0.399541054	0.332868596	0.006
546	0.367799825	0.401231592	0.334368058	0.006
547	0.36940465	0.402933418	0.335875882	0.006
548	0.37104835	0.404676135	0.337420565	0.006
549	0.372693325	0.406418634	0.338968016	0.006
550	0.374333325	0.408158605	0.340508045	0.006
551	0.3759651	0.409893474	0.342036726	0.006
552	0.37760455	0.411634142	0.343574958	0.006
553	0.379210375	0.413337639	0.345083111	0.006
554	0.380798875	0.415020435	0.346577315	0.006
555	0.382414975	0.416725579	0.348104371	0.006
556	0.38401585	0.41841239	0.34961931	0.006
557	0.3856271	0.420113484	0.351140716	0.006
558	0.3872671	0.421856133	0.352678067	0.006
559	0.388916825	0.423620891	0.354212759	0.006
560	0.39055105	0.425365147	0.355736953	0.006
561	0.39215155	0.427064045	0.357239055	0.006
562	0.393712375	0.428717336	0.358707414	0.006
563	0.39527215	0.430365349	0.360178951	0.006
564	0.396835175	0.432013493	0.361656857	0.006
565	0.3983925	0.433657303	0.363127697	0.006
566	0.3999121	0.435270871	0.364553329	0.006
567	0.401415725	0.436869877	0.365961573	0.006
568	0.402909525	0.438452708	0.367366342	0.006
569	0.404360425	0.439988722	0.368732128	0.006
570	0.40581345	0.441527276	0.370099624	0.006
571	0.4072787	0.443080107	0.371477293	0.006
572	0.40871415	0.444604938	0.372823362	0.006
573	0.4101182	0.446093352	0.374143048	0.006
574	0.41149095	0.447544869	0.375437031	0.006
575	0.412818025	0.448941243	0.376694807	0.006
576	0.4141502	0.450349523	0.377950877	0.006
577	0.415482675	0.451762117	0.379203233	0.006
578	0.416783225	0.453142645	0.380423805	0.006
579	0.418072625	0.454509076	0.381636174	0.006
580	0.419340975	0.455852491	0.382829459	0.006
581	0.420574275	0.457158043	0.383990507	0.006
582	0.421734775	0.4583699	0.38509965	0.006
583	0.42286695	0.459549369	0.386184531	0.006
584	0.4239777	0.460705099	0.387250301	0.006
585	0.42504985	0.461824452	0.388275248	0.006
586	0.4260716	0.462885932	0.389257268	0.006
587	0.427071	0.463923594	0.390218406	0.006
588	0.428055725	0.464953829	0.391157621	0.006
589	0.4290375	0.465991925	0.392083075	0.006
590	0.43002385	0.467039557	0.393008143	0.006
591	0.4310072	0.468086738	0.393927662	0.006
592	0.431937075	0.469053693	0.394820457	0.006
593	0.4328432	0.469996224	0.395690176	0.006
594	0.433736275	0.470927619	0.396544931	0.006
595	0.43462225	0.471855723	0.397388777	0.006
596	0.435502125	0.472776181	0.398228069	0.006
597	0.4363706	0.47368362	0.39905758	0.006
598	0.437196275	0.474545903	0.399846647	0.006
599	0.438013325	0.47540216	0.40062449	0.006
600	0.4388228	0.476250569	0.401395031	0.006
601	0.43961265	0.477076334	0.402148966	0.006
602	0.440362625	0.477869078	0.402856172	0.006
603	0.44109305	0.478638109	0.403547991	0.006
604	0.44180335	0.479381177	0.404225523	0.006
605	0.44246915	0.480068863	0.404869437	0.006
606	0.443119375	0.480736992	0.405501758	0.006
607	0.443754625	0.481387456	0.406121794	0.006
608	0.4443448	0.481992993	0.406696607	0.006
609	0.44497225	0.482632087	0.407312413	0.006
610	0.445597375	0.483269032	0.407925718	0.006
611	0.446177975	0.483864404	0.408491546	0.006
612	0.44676385	0.484454701	0.409072999	0.006
613	0.447325475	0.48502102	0.40962993	0.006
614	0.447859	0.485561196	0.410156804	0.006
615	0.4484666	0.486176634	0.410756566	0.006
616	0.449091375	0.486811394	0.411371356	0.006
617	0.449722625	0.487452585	0.411992665	0.006
618	0.45032865	0.488060675	0.412596625	0.006
619	0.45083785	0.488562448	0.413113252	0.006
620	0.451314775	0.489026266	0.413603284	0.006
621	0.4517958	0.489488649	0.414102951	0.006
622	0.45230495	0.489987101	0.414622799	0.006
623	0.452870675	0.490545841	0.415195509	0.006
624	0.453500725	0.491172843	0.415828607	0.006
625	0.454099225	0.491787614	0.416410836	0.006
626	0.4547044	0.492402743	0.417006057	0.006
627	0.4553176	0.493020107	0.417615093	0.006
628	0.455964925	0.493665343	0.418264507	0.006
629	0.4565961	0.494304437	0.418887763	0.006
630	0.457211125	0.494922828	0.419499422	0.006
631	0.45780595	0.495501199	0.420110701	0.006
632	0.4583423	0.496024072	0.420660528	0.006
633	0.45890095	0.496576584	0.421225316	0.006
634	0.459500925	0.497179241	0.421822609	0.006
635	0.4601172	0.497798672	0.422435728	0.006
636	0.46070635	0.498377605	0.423035095	0.006
637	0.461278775	0.498930533	0.423627017	0.006
638	0.461876425	0.499515593	0.424237257	0.006
639	0.4624699	0.500112262	0.424827538	0.006
640	0.463057225	0.500706886	0.425407564	0.006
641	0.463633975	0.501283983	0.425983967	0.006
642	0.4642361	0.501888644	0.426583556	0.006
643	0.464827675	0.502485475	0.427169875	0.006
644	0.465401875	0.50306798	0.42773577	0.006
645	0.465932275	0.503609078	0.428255472	0.006
646	0.466483725	0.504182181	0.428785269	0.006
647	0.467052175	0.50477958	0.42932477	0.006
648	0.467607025	0.505353044	0.429861006	0.006
649	0.468207375	0.505984828	0.430429922	0.006
650	0.4688118	0.50662426	0.43099934	0.006
651	0.4693721	0.507213926	0.431530274	0.006
652	0.469892825	0.507745175	0.432040475	0.006
653	0.470412025	0.508273577	0.432550473	0.006
654	0.470952325	0.5088282	0.43307645	0.006
655	0.4715631	0.509490659	0.433635541	0.006
656	0.472211275	0.510202098	0.434220452	0.006
657	0.472865375	0.510919303	0.434811447	0.006
658	0.473482975	0.511535754	0.435430196	0.006
659	0.4740729	0.512122852	0.436022948	0.006
660	0.47466185	0.512711209	0.436612491	0.006
661	0.475294075	0.513352554	0.437235596	0.006
662	0.475923525	0.514002443	0.437844607	0.006
663	0.476531425	0.514628125	0.438434725	0.006
664	0.477102325	0.515207555	0.438997095	0.006
665	0.477674375	0.51579895	0.4395498	0.006
666	0.4782436	0.51638164	0.44010556	0.006
667	0.478813125	0.516959174	0.440667076	0.006
668	0.4794071	0.517568417	0.441245783	0.006
669	0.479984975	0.518154278	0.441815672	0.006
670	0.480551125	0.518726857	0.442375393	0.006
671	0.481102275	0.519292501	0.442912049	0.006
672	0.4816694	0.519873763	0.443465037	0.006
673	0.482241425	0.520461008	0.444021842	0.006
674	0.482816525	0.521053153	0.444579897	0.006
675	0.4833751	0.521627824	0.445122376	0.006
676	0.483934875	0.52220316	0.44566659	0.006
677	0.48449565	0.52277928	0.44621202	0.006
678	0.48502915	0.523326494	0.446731806	0.006
679	0.4855946	0.523905719	0.447283481	0.006
680	0.48616815	0.524492677	0.447843623	0.006
681	0.486697525	0.525033984	0.448361066	0.006
682	0.487216225	0.525558982	0.448873468	0.006
683	0.487715275	0.526054922	0.449375628	0.006
684	0.4881875	0.526508644	0.449866356	0.006
685	0.488651475	0.526986214	0.450316736	0.006
686	0.48917605	0.527562538	0.450789562	0.006
687	0.4897666	0.52824497	0.45128823	0.006
688	0.490376925	0.528892485	0.451861365	0.006
689	0.49094645	0.529468761	0.452424139	0.006
690	0.49148445	0.529991842	0.452977058	0.006
691	0.492034425	0.530513731	0.453555119	0.006
692	0.492559325	0.531019596	0.454099054	0.006
693	0.4930985	0.531549276	0.454647724	0.006
694	0.4936879	0.532143381	0.455232419	0.006
695	0.494281825	0.53276139	0.45580226	0.006
696	0.494850825	0.533346859	0.456354791	0.006
697	0.495394275	0.533895177	0.456893373	0.006
698	0.495935875	0.534439638	0.457432112	0.006
699	0.496471125	0.534991965	0.457950285	0.006
700	0.49701025	0.535556816	0.458463684	0.006
701	0.49758325	0.536150123	0.459016377	0.006
702	0.4981673	0.536759598	0.459575002	0.006
703	0.498744825	0.537360688	0.460128962	0.006
704	0.499306275	0.53793751	0.46067504	0.006
705	0.49984025	0.538482564	0.461197936	0.006
706	0.500396125	0.539055243	0.461737007	0.006
707	0.5009847	0.539668785	0.462300615	0.006
708	0.501525775	0.540231491	0.462820059	0.006
709	0.5020979	0.540818814	0.463376986	0.006
710	0.5026857	0.541418624	0.463952776	0.006
711	0.50323545	0.541987341	0.464483559	0.006
712	0.50375235	0.542519728	0.464984972	0.006
713	0.5042434	0.543014554	0.465472246	0.006
714	0.5047033	0.543451477	0.465955123	0.006
715	0.5050496	0.543738571	0.466360629	0.006
716	0.50541985	0.544059413	0.466780287	0.006
717	0.505856625	0.544471161	0.467242089	0.006
718	0.506465725	0.545142459	0.467788991	0.006
719	0.507096175	0.545847653	0.468344697	0.006
720	0.507696925	0.546517701	0.468876149	0.006
721	0.50819145	0.547006455	0.469376445	0.006
722	0.50865495	0.547445756	0.469864144	0.006
723	0.5091559	0.547930345	0.470381455	0.006
724	0.5097588	0.548561593	0.470956007	0.006
725	0.51030485	0.549129837	0.471479863	0.006
726	0.5108467	0.549694118	0.471999282	0.006
727	0.511404825	0.550277267	0.472532383	0.006
728	0.51195215	0.550858649	0.473045651	0.006
729	0.512509425	0.551461733	0.473557117	0.006
730	0.51307895	0.552085981	0.474071919	0.006
731	0.5137292	0.552787541	0.474670859	0.006
732	0.5143273	0.55342334	0.47523126	0.006
733	0.5148998	0.554022137	0.475777463	0.006
734	0.5154817	0.554615229	0.476348171	0.006
735	0.51602565	0.555184023	0.476867277	0.006
736	0.516561525	0.555744746	0.477378304	0.006
737	0.517097325	0.556300485	0.477894165	0.006
738	0.517631075	0.556869471	0.478392679	0.006
739	0.518165375	0.557433851	0.478896899	0.006
740	0.51870525	0.557998212	0.479412288	0.006
741	0.51931285	0.558628955	0.479996745	0.006
742	0.5198754	0.559216128	0.480534672	0.006
743	0.520398775	0.559763899	0.481033651	0.006
744	0.52087665	0.560263099	0.481490201	0.006
745	0.5213871	0.56078814	0.48198606	0.006
746	0.521900925	0.561308969	0.482492881	0.006
747	0.52240945	0.56181448	0.48300442	0.006
748	0.52289025	0.562310304	0.483470196	0.006
749	0.523391425	0.562832892	0.483949958	0.006
750	0.523909925	0.563377656	0.484442194	0.006
751	0.52440165	0.563896729	0.484906571	0.006
752	0.5249111	0.564418161	0.485404039	0.006
753	0.525409275	0.564918874	0.485899676	0.006
754	0.52583125	0.565340169	0.486322331	0.006
755	0.526265975	0.56577376	0.48675819	0.006
756	0.5266054	0.566072765	0.487138035	0.006
757	0.5267643	0.566110893	0.487417707	0.006
758	0.52652015	0.5657848	0.4872555	0.006
759	0.526966775	0.566436482	0.487497068	0.006
760	0.5287173	0.568884455	0.488550145	0.006
761	0.529005925	0.56907308	0.48893877	0.006
762	0.5293615	0.569399571	0.489323429	0.006
763	0.52978845	0.569815645	0.489761255	0.006
764	0.530279325	0.570251128	0.490307522	0.006
765	0.530710225	0.570595196	0.490825254	0.006
766	0.531111975	0.570913861	0.491310089	0.006
767	0.531538275	0.571267779	0.491808771	0.006
768	0.531984875	0.571682716	0.492287034	0.006
769	0.532411725	0.572094644	0.492728806	0.006
770	0.53282055	0.572501531	0.493139569	0.006
771	0.53324115	0.572911825	0.493570475	0.006
772	0.533627675	0.573282761	0.493972589	0.006
773	0.534002775	0.573646275	0.494359275	0.006
774	0.5344223	0.574087596	0.494757004	0.006
775	0.5348053	0.574473813	0.495136787	0.006
776	0.5351677	0.574834207	0.495501193	0.006
777	0.535515675	0.575182977	0.495848373	0.006
778	0.535891675	0.575564103	0.496219247	0.006
779	0.536260575	0.575941587	0.496579563	0.006
780	0.536614925	0.576307575	0.496922275	0.006
781	0.536967875	0.576656891	0.497278859	0.006
782	0.537337475	0.577032726	0.497642224	0.006
783	0.537715875	0.577422652	0.498009098	0.006
784	0.538065025	0.577773631	0.498356419	0.006
785	0.538421025	0.578122254	0.498719796	0.006
786	0.5387623	0.578448937	0.499075663	0.006
787	0.5390601	0.578722997	0.499397203	0.006
788	0.539357825	0.57900855	0.4997071	0.006
789	0.53965705	0.57931159	0.50000251	0.006
790	0.539958175	0.579635645	0.500280705	0.006
791	0.5402755	0.579955651	0.500595349	0.006
792	0.5406211	0.580314607	0.500927593	0.006
793	0.540976225	0.580688869	0.501263581	0.006
794	0.54125435	0.580969442	0.501539258	0.006
795	0.54155165	0.581260545	0.501842755	0.006
796	0.541855325	0.581558562	0.502152088	0.006
797	0.542155575	0.581863987	0.502447163	0.006
798	0.5424495	0.582162393	0.502736607	0.006
799	0.542755	0.582465936	0.503044064	0.006
800	0.543074175	0.582774364	0.503373986	0.006
801	0.543370525	0.583065164	0.503675886	0.006
802	0.543688225	0.583379827	0.503996623	0.006
803	0.544022875	0.583715562	0.504330188	0.006
804	0.54434155	0.584051988	0.504631112	0.006
805	0.544596775	0.584321546	0.504872004	0.006
806	0.54482785	0.58455475	0.50510095	0.006
807	0.545073775	0.584771839	0.505375711	0.006
808	0.54533385	0.585021608	0.505646092	0.006
809	0.54559795	0.58527435	0.50592155	0.006
810	0.5458607	0.585518604	0.506202796	0.006
811	0.545992225	0.585602992	0.506381458	0.006
812	0.546106675	0.585670007	0.506543343	0.006
813	0.54622185	0.585737668	0.506706032	0.006
814	0.546423375	0.585892901	0.506953849	0.006
815	0.5466322	0.586096747	0.507167653	0.006
816	0.54686615	0.586347636	0.507384664	0.006
817	0.547164025	0.586665969	0.507662081	0.006
818	0.54749605	0.587040198	0.507951902	0.006
819	0.54779015	0.587374818	0.508205482	0.006
820	0.54801205	0.587625803	0.508398297	0.006
821	0.54800995	0.587509251	0.508510649	0.006
822	0.54822065	0.587698371	0.508742929	0.006
823	0.5486277	0.588179975	0.509075425	0.006
824	0.548933475	0.588540483	0.509326467	0.006
825	0.549126275	0.588722895	0.509529655	0.006
826	0.54927355	0.588827084	0.509720016	0.006
827	0.549442825	0.588954163	0.509931487	0.006
828	0.549663475	0.589189219	0.510137731	0.006
829	0.54990715	0.589456067	0.510358233	0.006
830	0.550167975	0.589729437	0.510606513	0.006
831	0.550363	0.58992844	0.51079756	0.006
832	0.550580175	0.590161718	0.510998632	0.006
833	0.55082335	0.590433	0.5112137	0.006
834	0.5510641	0.590689487	0.511438713	0.006
835	0.551256575	0.590902404	0.511610746	0.006
836	0.5514205	0.591082534	0.511758466	0.006
837	0.551575775	0.591227662	0.511923888	0.006
838	0.551729975	0.59139238	0.51206757	0.006
839	0.5518822	0.591549614	0.512214786	0.006
840	0.5520309	0.591681117	0.512380683	0.006
841	0.55223165	0.59188413	0.51257917	0.006
842	0.552403425	0.592066005	0.512740845	0.006
843	0.55254415	0.592222676	0.512865624	0.006
844	0.552780525	0.592458162	0.513102888	0.006
845	0.55294845	0.592614492	0.513282408	0.006
846	0.553083075	0.592736244	0.513429906	0.006
847	0.5532564	0.592919678	0.513593122	0.006
848	0.5533605	0.592997716	0.513723284	0.006
849	0.5534852	0.593103561	0.513866839	0.006
850	0.553695875	0.593336769	0.514054981	0.006
851	0.553886375	0.593541361	0.514231389	0.006
852	0.553994425	0.593624074	0.514364776	0.006
853	0.554020425	0.593582735	0.514458115	0.006
854	0.554323925	0.593945759	0.514702091	0.006
855	0.554579875	0.594263392	0.514896358	0.006
856	0.55476645	0.594493219	0.515039681	0.006
857	0.5548156	0.594501401	0.515129799	0.006
858	0.55492705	0.594600371	0.515253729	0.006
859	0.555086225	0.594755596	0.515416854	0.006
860	0.5553011	0.594963306	0.515638894	0.006
861	0.555469025	0.595134808	0.515803242	0.006
862	0.555618525	0.595289676	0.515947374	0.006
863	0.555752575	0.595429485	0.516075665	0.006
864	0.5558256	0.595481156	0.516170044	0.006
865	0.555953575	0.59558481	0.51632234	0.006
866	0.55615605	0.595775029	0.516537071	0.006
867	0.55652765	0.596211295	0.516844005	0.006
868	0.5566829	0.596392196	0.516973604	0.006
869	0.5567892	0.596499265	0.517079135	0.006
870	0.556974675	0.596660271	0.517289079	0.006
871	0.557111125	0.596798553	0.517423697	0.006
872	0.5572644	0.596949599	0.517579201	0.006
873	0.5574516	0.597123476	0.517779724	0.006
874	0.55765395	0.597332272	0.517975628	0.006
875	0.557791225	0.597484468	0.518097982	0.006
876	0.557903475	0.597616763	0.518190187	0.006
877	0.55817525	0.597899505	0.518450995	0.006
878	0.558329925	0.59804779	0.51861206	0.006
879	0.558467925	0.598174641	0.518761209	0.006
880	0.558687625	0.598389468	0.518985782	0.006
881	0.55891055	0.598622111	0.519198989	0.006
882	0.559136425	0.598864286	0.519408564	0.006
883	0.559365025	0.599114959	0.519615091	0.006
884	0.559609475	0.59936446	0.51985449	0.006
885	0.55980515	0.59955957	0.52005073	0.006
886	0.559960125	0.599709453	0.520210797	0.006
887	0.56011585	0.599858946	0.520372754	0.006
888	0.560328	0.600069766	0.520586234	0.006
889	0.560569025	0.600316481	0.520821569	0.006
890	0.56081855	0.60058677	0.52105033	0.006
891	0.5609845	0.600749309	0.521219691	0.006
892	0.561147875	0.600895752	0.521399998	0.006
893	0.5613344	0.601052095	0.521616705	0.006
894	0.5614544	0.60113141	0.52177739	0.006
895	0.5615644	0.601192471	0.521936329	0.006
896	0.56168075	0.601255572	0.522105928	0.006
897	0.56191925	0.601475652	0.522362848	0.006
898	0.562101075	0.601652906	0.522549244	0.006
899	0.562297025	0.601852916	0.522741134	0.006
900	0.5626308	0.602195195	0.523066405	0.006
901	0.562993325	0.602599576	0.523387074	0.006
902	0.563323575	0.602980473	0.523666677	0.006
903	0.563591675	0.603300759	0.523882591	0.006
904	0.563926175	0.603705177	0.524147173	0.006
905	0.5641426	0.603929611	0.524355589	0.006
906	0.5642431	0.603978551	0.524507649	0.006
907	0.564286575	0.603967157	0.524605993	0.006
908	0.5644066	0.604053899	0.524759301	0.006
909	0.5646176	0.604253919	0.524981281	0.006
910	0.5649945	0.604657894	0.525331106	0.006
911	0.565304575	0.604981141	0.525628009	0.006
912	0.56556165	0.605248892	0.525874408	0.006
913	0.5657546	0.605455062	0.526054138	0.006
914	0.5659185	0.60559666	0.52624034	0.006
915	0.5660986	0.605772153	0.526425047	0.006
916	0.56630975	0.606001331	0.526618169	0.006
917	0.56669195	0.606419774	0.526964126	0.006
918	0.56703935	0.606836999	0.527241701	0.006
919	0.56737525	0.607253387	0.527497113	0.006
920	0.56774285	0.607667825	0.527817875	0.006
921	0.567951075	0.607885095	0.528017055	0.006
922	0.568140475	0.608078722	0.528202228	0.006
923	0.568387625	0.60834234	0.52843291	0.006
924	0.568684225	0.608631862	0.528736588	0.006
925	0.568939525	0.608880748	0.528998302	0.006
926	0.569137925	0.609075346	0.529200504	0.006
927	0.56922845	0.609137246	0.529319654	0.006
928	0.5692935	0.609152083	0.529434917	0.006
929	0.5693302	0.609105372	0.529555028	0.006
930	0.569307675	0.608917004	0.529698346	0.006
931	0.569241175	0.608705394	0.529776956	0.006
932	0.569169375	0.608505954	0.529832796	0.006
933	0.5691302	0.608377682	0.529882718	0.006
934	0.569236175	0.608422522	0.530049828	0.006
935	0.56949615	0.608660278	0.530332022	0.006
936	0.56991485	0.609104618	0.530725082	0.006
937	0.570314025	0.609598862	0.531029188	0.006
938	0.57073035	0.610125489	0.531335211	0.006
939	0.57109225	0.610600894	0.531583606	0.006
940	0.5711804	0.610783248	0.531577552	0.006
941	0.57134475	0.610966856	0.531722644	0.006
942	0.571496725	0.611115326	0.531878124	0.006
943	0.57156315	0.611185064	0.531941236	0.006
944	0.57155875	0.61111468	0.53200282	0.006
945	0.571586125	0.611092818	0.532079432	0.006
946	0.5716706	0.611161988	0.532179212	0.006
947	0.57199965	0.611463269	0.532536031	0.006
948	0.5721801	0.611647236	0.532712964	0.006
949	0.572294225	0.611792944	0.532795506	0.006
950	0.57266595	0.612224052	0.533107848	0.006
951	0.5729154	0.612535792	0.533295008	0.006
952	0.57316825	0.612828503	0.533507997	0.006
953	0.573546225	0.613185601	0.533906849	0.006
954	0.573698325	0.613323827	0.534072823	0.006
955	0.57388645	0.613534257	0.534238643	0.006
956	0.57417305	0.613890252	0.534455848	0.006
957	0.574661325	0.61441211	0.53491054	0.006
958	0.574970425	0.614748748	0.535192102	0.006
959	0.5751695	0.614966423	0.535372577	0.006
960	0.575545025	0.615329886	0.535760164	0.006
961	0.5757804	0.615607924	0.535952876	0.006
962	0.57601515	0.615903897	0.536126403	0.006
963	0.57641195	0.616346775	0.536477125	0.006
964	0.576676325	0.616676375	0.536676275	0.006
965	0.576937575	0.617037651	0.536837499	0.006
966	0.5772298	0.617474749	0.536984851	0.006
967	0.57758785	0.617829226	0.537346474	0.006
968	0.5778901	0.618123601	0.537656599	0.006
969	0.578166325	0.618404243	0.537928407	0.006
970	0.57858305	0.618912414	0.538253686	0.006
971	0.578995925	0.619393216	0.538598634	0.006
972	0.57943075	0.619876885	0.538984615	0.006
973	0.579934625	0.620403518	0.539465732	0.006
974	0.580341525	0.62083498	0.53984807	0.006
975	0.580659375	0.621129739	0.540189011	0.006
976	0.5808667	0.621236648	0.540496752	0.006
977	0.581243325	0.621594658	0.540891992	0.006
978	0.581619125	0.622014545	0.541223705	0.006
979	0.581990525	0.622481622	0.541499428	0.006
980	0.58238835	0.622946555	0.541830145	0.006
981	0.582833625	0.6234656	0.54220165	0.006
982	0.5832691	0.623944938	0.542593262	0.006
983	0.583593625	0.624204836	0.542982414	0.006
984	0.583853925	0.624460919	0.543246931	0.006
985	0.583998075	0.62462974	0.54336641	0.006
986	0.58397285	0.624653377	0.543292323	0.006
987	0.584616575	0.625337106	0.543896044	0.006
988	0.585176525	0.625966816	0.544386234	0.006001
989	0.5855857	0.626466518	0.544704882	0.006001
990	0.58568625	0.62653072	0.54484178	0.006
991	0.58588915	0.626734554	0.545043746	0.005997
992	0.586206975	0.627085097	0.545328853	0.005995
993	0.586729825	0.627678411	0.545781239	0.006
994	0.586876525	0.627808528	0.545944522	0.006012
995	0.58702585	0.627932987	0.546118713	0.006018
996	0.587369825	0.6282787	0.54646095	0.006
997	0.5875329	0.628525043	0.546540757	0.005956
998	0.58785	0.628844012	0.546855988	0.005935
999	0.588328825	0.62924543	0.54741222	0.006
1000	0.588564775	0.629625927	0.547503623	0.006165
1001	0.58714485	0.626400186	0.547889514	0.006244
1002	0.587340875	0.626555886	0.548125864	0.006
1003	0.5876106	0.626886223	0.548334977	0.005384
1004	0.587967775	0.627289888	0.548645662	0.00509
1005	0.588501975	0.627840121	0.549163829	0.006
1006	0.5889525	0.628313402	0.549591598	0.006
1007	0.58915915	0.628524535	0.549793765	0.0085
1008	0.589307875	0.628670594	0.549945156	0.011
1009	0.58954685	0.628893362	0.550200338	0.01191
1010	0.589868625	0.629181864	0.550555386	0.011616
1011	0.5902768	0.6295886	0.550965	0.011
1012	0.590764175	0.630145749	0.551382601	0.010756
1013	0.5912407	0.630713796	0.551767604	0.010835
1014	0.591583725	0.631096898	0.552070552	0.011
1015	0.591854975	0.631346684	0.552363266	0.011065
1016	0.592243075	0.631713764	0.552772386	0.011044
1017	0.59274495	0.632233717	0.553256183	0.011
1018	0.59304285	0.632521559	0.553564141	0.010982
1019	0.593159625	0.632589761	0.553729489	0.010988
1020	0.593364125	0.632773734	0.553954516	0.011
1021	0.5937254	0.633156188	0.554294612	0.011005
1022	0.594121875	0.633574472	0.554669278	0.011003
1023	0.594443875	0.633918102	0.554969648	0.011
1024	0.594798	0.634304547	0.555291453	0.010999
1025	0.59524415	0.634760205	0.555728095	0.010999
1026	0.5955713	0.635042217	0.556100383	0.011
1027	0.595655475	0.635054635	0.556256315	0.011
1028	0.59580085	0.63517239	0.55642931	0.011
1029	0.596078325	0.635493944	0.556662706	0.011
1030	0.59640545	0.635851667	0.556959233	0.011
1031	0.59666965	0.636092482	0.557246818	0.011
1032	0.596729075	0.636129464	0.557328686	0.011
1033	0.5969468	0.636318203	0.557575397	0.011
1034	0.5973347	0.636678429	0.557990971	0.011
1035	0.5976531	0.637003371	0.558302829	0.011
1036	0.59802125	0.637422506	0.558619994	0.011
1037	0.598403775	0.637842967	0.558964583	0.011
1038	0.5986256	0.638053399	0.559197801	0.011
1039	0.59870385	0.63811529	0.55929241	0.011
1040	0.598775575	0.638201077	0.559350073	0.011
1041	0.598969375	0.638418765	0.559519985	0.011
1042	0.599268	0.63872493	0.55981107	0.011
1043	0.5995115	0.638962025	0.560060975	0.011
1044	0.599700375	0.639151947	0.560248803	0.011
1045	0.5999098	0.639390738	0.560428862	0.011
1046	0.600170725	0.639711934	0.560629516	0.011
1047	0.600392625	0.639991002	0.560794248	0.011
1048	0.6005689	0.640171301	0.560966499	0.011
1049	0.600820275	0.640361948	0.561278602	0.011
1050	0.60105575	0.640558059	0.561553441	0.011
1051	0.6012202	0.640734168	0.561706232	0.011
1052	0.60139105	0.640915813	0.561866287	0.011
1053	0.6015296	0.641051265	0.562007935	0.011
1054	0.6016517	0.64118278	0.56212062	0.011
1055	0.6018516	0.641421973	0.562281227	0.011
1056	0.60210695	0.641710293	0.562503607	0.011
1057	0.6023826	0.641978965	0.562786235	0.011
1058	0.602649325	0.642234039	0.563064611	0.011
1059	0.602892125	0.642476628	0.563307622	0.011
1060	0.6031371	0.642730368	0.563543832	0.011
1061	0.60338705	0.643026386	0.563747714	0.011
1062	0.603546125	0.643201466	0.563890784	0.011
1063	0.603761225	0.643385122	0.564137328	0.011
1064	0.604090375	0.643712803	0.564467947	0.011
1065	0.6043541	0.643974606	0.564733594	0.011
1066	0.60461975	0.644239879	0.564999621	0.011
1067	0.60488385	0.644537428	0.565230272	0.011
1068	0.6049907	0.64465662	0.56532478	0.011
1069	0.60508245	0.644731526	0.565433374	0.011
1070	0.605369175	0.645002717	0.565735633	0.011
1071	0.60572985	0.645361228	0.566098472	0.011
1072	0.6060017	0.645627263	0.566376137	0.011
1073	0.606184825	0.645805476	0.566564174	0.011
1074	0.60638175	0.646027407	0.566736093	0.011
1075	0.606696025	0.646367684	0.567024366	0.011
1076	0.60714165	0.646802826	0.567480474	0.011
1077	0.6074352	0.647073135	0.567797265	0.011
1078	0.607628375	0.647263602	0.567993148	0.011
1079	0.60787905	0.647534396	0.568223704	0.011
1080	0.608167	0.647849193	0.568484807	0.011
1081	0.608424875	0.64809645	0.5687533	0.011
1082	0.6085544	0.648176059	0.568932741	0.011
1083	0.6086482	0.648223242	0.569073158	0.011
1084	0.608845775	0.648404653	0.569286897	0.011
1085	0.609198875	0.648777267	0.569620483	0.011
1086	0.60952455	0.649110845	0.569938255	0.011
1087	0.609828925	0.64941245	0.5702454	0.011
1088	0.610152725	0.64974496	0.57056049	0.011
1089	0.61042565	0.650038298	0.570813002	0.011
1090	0.610671125	0.650290566	0.571051684	0.011
1091	0.6108975	0.650508202	0.571286798	0.011
1092	0.611023775	0.650638826	0.571408724	0.011
1093	0.611135025	0.65073146	0.57153859	0.011
1094	0.611382075	0.65093786	0.57182629	0.011
1095	0.61161595	0.651159025	0.572072875	0.011
1096	0.611811025	0.651375125	0.572246925	0.011
1097	0.612064925	0.651625439	0.572504411	0.011
1098	0.6123798	0.651874068	0.572885532	0.011
1099	0.6127398	0.652178536	0.573301064	0.011
1100	0.613154875	0.652648185	0.573661565	0.011
1101	0.613535675	0.653085544	0.573985806	0.011
1102	0.61379435	0.653306069	0.574282631	0.011
1103	0.6140522	0.653508198	0.574596202	0.011
1104	0.614311025	0.653728405	0.574893645	0.011
1105	0.614559625	0.653952588	0.575166662	0.011
1106	0.61471765	0.654037018	0.575398282	0.011
1107	0.6149053	0.654133736	0.575676864	0.011
1108	0.61527195	0.65448216	0.57606174	0.011
1109	0.615665125	0.654875805	0.576454445	0.011
1110	0.61585475	0.654999539	0.576709961	0.011
1111	0.615896975	0.654924708	0.576869242	0.011
1112	0.616040525	0.655003021	0.577078029	0.011
1113	0.616311725	0.655295521	0.577327929	0.011
1114	0.6165689	0.655530507	0.577607293	0.011
1115	0.61685535	0.655681101	0.578029599	0.011
1116	0.61710875	0.655807095	0.578410405	0.011
1117	0.617219975	0.655822887	0.578617063	0.011
1118	0.6173722	0.655870863	0.578873537	0.011
1119	0.6176418	0.656100102	0.579183498	0.011
1120	0.61789985	0.656324751	0.579474949	0.011
1121	0.617957025	0.656335301	0.579578749	0.011
1122	0.6180168	0.656340112	0.579693488	0.011
1123	0.618284775	0.65654842	0.58002113	0.011
1124	0.61858715	0.656787868	0.580386432	0.011
1125	0.6190117	0.65725266	0.58077074	0.011
1126	0.619491925	0.65782288	0.58116097	0.011
1127	0.6200265	0.658450506	0.581602494	0.011
1128	0.6205225	0.659041666	0.582003334	0.011
1129	0.620822375	0.659382242	0.582262508	0.011
1130	0.620958925	0.659493583	0.582424267	0.011
1131	0.621180725	0.659721716	0.582639734	0.011
1132	0.6215113	0.660102608	0.582919992	0.011
1133	0.621845675	0.660496687	0.583194663	0.011
1134	0.6222159	0.660988596	0.583443204	0.011
1135	0.622584225	0.661474507	0.583693943	0.011
1136	0.623023475	0.661959454	0.584087496	0.011
1137	0.623456675	0.662433473	0.584479877	0.011
1138	0.623914775	0.662913429	0.584916121	0.011
1139	0.624344075	0.663364975	0.585323175	0.011
1140	0.624672375	0.663730973	0.585613777	0.011
1141	0.62503995	0.664138753	0.585941147	0.011
1142	0.62546175	0.664575088	0.586348412	0.011
1143	0.625876175	0.664991853	0.586760497	0.011
1144	0.62619375	0.665332765	0.587054735	0.011
1145	0.62641445	0.665589501	0.587239399	0.011
1146	0.6267194	0.665897063	0.587541737	0.011
1147	0.6271531	0.666305166	0.588001034	0.011
1148	0.62753865	0.66670424	0.58837306	0.011
1149	0.627836925	0.667070023	0.588603827	0.011
1150	0.62820265	0.667510557	0.588894743	0.011
1151	0.62872995	0.668136634	0.589323266	0.011
1152	0.62921835	0.668713273	0.589723427	0.011
1153	0.629618525	0.66915432	0.59008273	0.011
1154	0.62999405	0.669572671	0.590415429	0.011
1155	0.6303837	0.670064911	0.590702489	0.011
1156	0.630749825	0.670527713	0.590971937	0.011
1157	0.63113785	0.670991082	0.591284618	0.011
1158	0.631503225	0.6714273	0.59157915	0.011
1159	0.6320099	0.671983142	0.592036658	0.011
1160	0.6325144	0.67253202	0.59249678	0.011
1161	0.63282775	0.672888227	0.592767273	0.011
1162	0.633072175	0.673172306	0.592972044	0.011
1163	0.6335371	0.673705289	0.593368911	0.011
1164	0.63412805	0.674382679	0.593873421	0.011
1165	0.6346227	0.674951685	0.594293715	0.011
1166	0.635028325	0.675420712	0.594635938	0.011
1167	0.635400725	0.675845579	0.594955871	0.011
1168	0.635730725	0.67621175	0.5952497	0.011
1169	0.6360782	0.676580917	0.595575483	0.011
1170	0.636476575	0.676963076	0.595990074	0.011
1171	0.6368672	0.677345564	0.596388836	0.011
1172	0.6372426	0.677752064	0.596733136	0.011
1173	0.637615675	0.678155356	0.597075994	0.011
1174	0.638006375	0.678561421	0.597451329	0.011
1175	0.638395625	0.678966071	0.597825179	0.011
1176	0.638789425	0.679407789	0.598171061	0.011
1177	0.639182675	0.679851281	0.598514069	0.011
1178	0.639503975	0.680179681	0.598828269	0.011
1179	0.6398115	0.680485386	0.599137614	0.011
1180	0.64017175	0.680848084	0.599495416	0.011
1181	0.64055055	0.681231854	0.599869246	0.011
1182	0.6408799	0.681570462	0.600189338	0.011
1183	0.6411781	0.681880338	0.600475862	0.011
1184	0.6415375	0.682254394	0.600820606	0.011
1185	0.641956125	0.682690597	0.601221653	0.011
1186	0.642375775	0.683123148	0.601628402	0.011
1187	0.642796625	0.683548891	0.602044359	0.011
1188	0.643199575	0.683967647	0.602431503	0.011
1189	0.6435593	0.684369087	0.602749513	0.011
1190	0.643893925	0.684735904	0.603051946	0.011
1191	0.64413075	0.684964009	0.603297491	0.011
1192	0.64436935	0.685192904	0.603545796	0.011
1193	0.64468025	0.68549792	0.60386258	0.011
1194	0.644989875	0.685802125	0.604177625	0.011
1195	0.645350325	0.686212152	0.604488498	0.011
1196	0.645712625	0.686625321	0.604799929	0.011
1197	0.646031325	0.686969673	0.605092977	0.011
1198	0.646340875	0.687300209	0.605381541	0.011
1199	0.646587725	0.687560432	0.605615018	0.011
1200	0.646812075	0.687796497	0.605827653	0.011
1201	0.6470358	0.688048802	0.606022798	0.011
1202	0.647254875	0.688303958	0.606205792	0.011
1203	0.647481525	0.688527748	0.606435302	0.011
1204	0.6477314	0.688747224	0.606715576	0.011
1205	0.647986925	0.688993772	0.606980078	0.011
1206	0.6482364	0.689255878	0.607216922	0.011
1207	0.648516825	0.689553593	0.607480057	0.011
1208	0.648841075	0.689909739	0.607772411	0.011
1209	0.64916505	0.690263783	0.608066317	0.011
1210	0.649550775	0.690674029	0.608427521	0.011
1211	0.649922825	0.691069278	0.608776372	0.011
1212	0.650129	0.691276691	0.608981309	0.011
1213	0.6503315	0.691480412	0.609182588	0.011
1214	0.650539975	0.691679256	0.609400694	0.011
1215	0.6507457	0.691875159	0.609616241	0.011
1216	0.65090705	0.692027764	0.609786336	0.011
1217	0.651073675	0.692187889	0.609959461	0.011
1218	0.6511145	0.692212555	0.610016445	0.011
1219	0.651135275	0.692217003	0.610053547	0.011
1220	0.6512863	0.692376648	0.610195952	0.011
1221	0.651467475	0.692569299	0.610365651	0.011
1222	0.651645575	0.692748275	0.610542875	0.011
1223	0.6518176	0.692920669	0.610714531	0.011
1224	0.65187785	0.692978419	0.610777281	0.011
1225	0.651856575	0.692954075	0.610759075	0.011
1226	0.6519156	0.692996483	0.610834717	0.011
1227	0.65207625	0.693123789	0.611028711	0.011
1228	0.652212375	0.69323885	0.6111859	0.011
1229	0.6522978	0.693327728	0.611267872	0.011
1230	0.6523684	0.693405531	0.611331269	0.011
1231	0.652422475	0.69345797	0.61138698	0.011
1232	0.6524954	0.693527804	0.611462996	0.011
1233	0.65260225	0.693630604	0.611573896	0.011
1234	0.6527204	0.693743889	0.611696911	0.011
1235	0.652886675	0.693904993	0.611868357	0.011
1236	0.6530452	0.694058381	0.612032019	0.011
1237	0.653160575	0.694152556	0.612168594	0.011
1238	0.65328505	0.694254175	0.612315925	0.011
1239	0.65346035	0.694428609	0.612492091	0.011
1240	0.6536396	0.694612299	0.612666901	0.011
1241	0.653812675	0.694793549	0.612831801	0.011
1242	0.653975275	0.694965829	0.612984721	0.011
1243	0.6541077	0.695104518	0.613110882	0.011
1244	0.654237325	0.695240627	0.613234023	0.011
1245	0.65445115	0.695445338	0.613456962	0.011
1246	0.654720875	0.69569139	0.61375036	0.011
1247	0.654951025	0.695897946	0.614004104	0.011
1248	0.655141625	0.696065817	0.614217433	0.011
1249	0.655351275	0.696264779	0.614437771	0.011
1250	0.65558955	0.696510812	0.614668288	0.011
1251	0.655841375	0.69675986	0.61492289	0.011
1252	0.65608325	0.696975045	0.615191455	0.011
1253	0.656301725	0.697174259	0.615429191	0.011
1254	0.65650495	0.69738611	0.61562379	0.011
1255	0.656688575	0.697577041	0.615800109	0.011
1256	0.65680185	0.697697255	0.615906445	0.011
1257	0.656950075	0.697853653	0.616046497	0.011
1258	0.657217975	0.698108375	0.616327575	0.011
1259	0.65747235	0.6983444	0.6166003	0.011
1260	0.6576452	0.698503179	0.616787221	0.011
1261	0.6578343	0.698685401	0.616983199	0.011
1262	0.6580266	0.698911821	0.617141379	0.011
1263	0.658206475	0.699120756	0.617292194	0.011
1264	0.6584629	0.69937986	0.61754594	0.011
1265	0.6587301	0.699648076	0.617812124	0.011
1266	0.658973375	0.699926604	0.618020146	0.011
1267	0.659228625	0.700236319	0.618220931	0.011
1268	0.659468475	0.70048108	0.61845587	0.011
1269	0.65967585	0.700649722	0.618701978	0.011
1270	0.659827425	0.700775567	0.618879283	0.011
1271	0.6599889	0.700937231	0.619040569	0.011
1272	0.660173025	0.701120503	0.619225547	0.011
1273	0.66030665	0.701253912	0.619359388	0.011
1274	0.660478	0.701423701	0.619532299	0.011
1275	0.660759125	0.701692366	0.619825884	0.011
1276	0.6609803	0.701908348	0.620052252	0.011
1277	0.661055925	0.701978444	0.620133406	0.011
1278	0.661143475	0.702055635	0.620231315	0.011
1279	0.66123775	0.702133116	0.620342384	0.011
1280	0.66133335	0.702211704	0.620454996	0.011
1281	0.661459525	0.702324185	0.620594865	0.011
1282	0.66158155	0.702433712	0.620729388	0.011
1283	0.661639725	0.702483425	0.620796025	0.011
1284	0.661693025	0.702527885	0.620858165	0.011
1285	0.661782125	0.702606616	0.620957634	0.011
1286	0.66187685	0.702693173	0.621060527	0.011
1287	0.6619182	0.702704574	0.621131826	0.011
1288	0.6619635	0.702715583	0.621211417	0.011
1289	0.662009	0.702723505	0.621294495	0.011
1290	0.662014225	0.702685221	0.621343229	0.011
1291	0.662048275	0.702696696	0.621399854	0.011
1292	0.6621636	0.702805561	0.621521639	0.011
1293	0.6622626	0.70289489	0.62163031	0.011
1294	0.662298225	0.702914797	0.621681653	0.011
1295	0.66238035	0.702982227	0.621778473	0.011
1296	0.66249145	0.703073663	0.621909237	0.011
1297	0.662579325	0.703135682	0.622022968	0.011
1298	0.662679075	0.703187433	0.622170717	0.011
1299	0.6627318	0.703180019	0.622283581	0.011
1300	0.662708875	0.703130506	0.622287244	0.011
1301	0.662732575	0.703136317	0.622328833	0.011
1302	0.66283805	0.703208704	0.622467396	0.011
1303	0.6629164	0.70324732	0.62258548	0.011
1304	0.66287055	0.703130341	0.622610759	0.011
1305	0.66286215	0.703063104	0.622661196	0.011
1306	0.6629487	0.703193312	0.622704088	0.011
1307	0.663027625	0.703322598	0.622732652	0.011
1308	0.663095175	0.703376511	0.622813839	0.011
1309	0.663162625	0.703414312	0.622910938	0.011
1310	0.66326335	0.703479292	0.623047408	0.011
1311	0.663397225	0.703585428	0.623209022	0.011
1312	0.663531025	0.703703003	0.623359047	0.011
1313	0.663643475	0.703799503	0.623487447	0.011
1314	0.66386235	0.703996263	0.623728437	0.011
1315	0.664125825	0.704234642	0.624017008	0.011
1316	0.664279925	0.704375909	0.624183941	0.011
1317	0.66440505	0.704486697	0.624323403	0.011
1318	0.6644827	0.704531514	0.624433886	0.011
1319	0.664528775	0.704526552	0.624530998	0.011
1320	0.66467655	0.704642282	0.624710818	0.011
1321	0.664876725	0.704845549	0.624907901	0.011
1322	0.664966725	0.704907468	0.625025982	0.011
1323	0.664908575	0.704768286	0.625048864	0.011
1324	0.6648135	0.704588847	0.625038153	0.011
1325	0.664743225	0.704442442	0.625044008	0.011
1326	0.66479	0.704431813	0.625148187	0.011
1327	0.66501115	0.704639557	0.625382743	0.011
1328	0.665210925	0.704815905	0.625605945	0.011
1329	0.66531885	0.704868485	0.625769215	0.011
1330	0.665420425	0.704907491	0.625933359	0.011
1331	0.66547815	0.704873092	0.626083208	0.011
1332	0.665514975	0.704822014	0.626207936	0.011
1333	0.665631925	0.704910457	0.626353393	0.011
1334	0.665786	0.705048426	0.626523574	0.011
1335	0.666018	0.705274509	0.626761491	0.011
1336	0.66623075	0.705472334	0.626989166	0.011
1337	0.666339375	0.705549586	0.627129164	0.011
1338	0.666457175	0.705639355	0.627274995	0.011
1339	0.666528	0.705644604	0.627411396	0.011
1340	0.6665575	0.705593465	0.627521535	0.011
1341	0.66645425	0.705370692	0.627537808	0.011
1342	0.66634125	0.705117852	0.627564648	0.011
1343	0.666271375	0.704959301	0.627583449	0.011
1344	0.666245175	0.704867353	0.627622997	0.011
1345	0.6660406	0.704553148	0.627528052	0.011
1346	0.665640375	0.70399039	0.62729036	0.011
1347	0.66554755	0.703709751	0.627385349	0.011
1348	0.665576425	0.703531396	0.627621454	0.011
1349	0.665288275	0.703043442	0.627533108	0.011
1350	0.6648701	0.702454636	0.627285564	0.011
1351	0.6644101	0.701806841	0.627013359	0.011
1352	0.663836075	0.701008069	0.626664081	0.011
1353	0.663436325	0.700330592	0.626542058	0.011
1354	0.66296975	0.699559316	0.626380184	0.011
1355	0.662328425	0.698652981	0.626003869	0.011
1356	0.661803825	0.698002403	0.625605247	0.011
1357	0.661207	0.697181679	0.625232321	0.011
1358	0.6610312	0.696560157	0.625502243	0.011
1359	0.660471675	0.695584329	0.625359021	0.011
1360	0.65983835	0.695225059	0.624451641	0.011
1361	0.65914125	0.695050123	0.623232377	0.011
1362	0.6611355	0.697041334	0.625229666	0.011
1363	0.6631006	0.699157125	0.627044075	0.011
1364	0.657833775	0.69299767	0.62266988	0.011
1365	0.652543275	0.6875964	0.61749015	0.011
1366	0.65075595	0.686263834	0.615248066	0.011
1367	0.648042175	0.684307554	0.611776796	0.011
1368	0.6462716	0.682511696	0.610031504	0.011
1369	0.6460677	0.682700659	0.609434741	0.011
1370	0.645464525	0.681646974	0.609282076	0.011
1371	0.64438205	0.680359249	0.608404851	0.011
1372	0.64254325	0.678666827	0.606419673	0.011
1373	0.6416303	0.677981639	0.605278961	0.011
1374	0.640366275	0.676278931	0.604453619	0.011
1375	0.638597575	0.67414291	0.60305224	0.011
1376	0.63896955	0.674633617	0.603305483	0.011
1377	0.6391162	0.675033381	0.603199019	0.011
1378	0.635090475	0.670970164	0.599210786	0.011
1379	0.629994275	0.665835999	0.594152551	0.011
1380	0.626252525	0.661930896	0.590574154	0.011
1381	0.623374975	0.658860872	0.587889078	0.011
1382	0.620421525	0.656026959	0.584816091	0.011
1383	0.617417975	0.653333067	0.581502883	0.011
1384	0.61397695	0.650330062	0.577623838	0.011
1385	0.6099829	0.647041405	0.572924395	0.011
1386	0.606735125	0.644142022	0.569328228	0.011
1387	0.604951975	0.642234846	0.567669104	0.011
1388	0.603262175	0.640583243	0.565941107	0.011
1389	0.6013159	0.638726412	0.563905388	0.011
1390	0.59987545	0.637307034	0.562443866	0.011
1391	0.599015125	0.636599976	0.561430274	0.011
1392	0.598631	0.636514778	0.560747222	0.011
1393	0.5995224	0.637374811	0.561669989	0.011
1394	0.600483025	0.638296467	0.562669583	0.011
1395	0.60185565	0.639698865	0.564012435	0.011
1396	0.6030609	0.640985057	0.565136743	0.011
1397	0.603605	0.641587979	0.565622021	0.011
1398	0.60401555	0.642000153	0.566030947	0.011
1399	0.603208925	0.640915359	0.565502491	0.011
1400	0.602387925	0.639860964	0.564914886	0.011
1401	0.6022127	0.639538444	0.564886956	0.011
1402	0.6021218	0.63938369	0.56485991	0.011
1403	0.601103875	0.638756482	0.563451268	0.011
1404	0.599704875	0.637758952	0.561650798	0.011
1405	0.596226325	0.634353331	0.558099319	0.011
1406	0.5930119	0.631168188	0.554855612	0.011
1407	0.590661025	0.628947212	0.552374838	0.011
1408	0.588575675	0.626999557	0.550151793	0.011
1409	0.58754005	0.626077915	0.549002185	0.011
1410	0.586793525	0.625469007	0.548118043	0.011
1411	0.585584325	0.624283002	0.546885648	0.011
1412	0.58467995	0.623360826	0.545999074	0.011
1413	0.5861895	0.624804	0.547575	0.011
1414	0.5882649	0.626806439	0.549723361	0.011
1415	0.59154625	0.630042154	0.553050346	0.011
1416	0.5948052	0.633236108	0.556374292	0.011
1417	0.598444725	0.636591026	0.560298424	0.011
1418	0.6022481	0.640073016	0.564423184	0.011
1419	0.606401375	0.643940044	0.568862706	0.011
1420	0.61069735	0.648012253	0.573382447	0.011
1421	0.614871775	0.651984157	0.577759393	0.011
1422	0.618743425	0.655662466	0.581824384	0.011
1423	0.622426725	0.659263719	0.585589731	0.011
1424	0.625892675	0.662720641	0.589064709	0.011
1425	0.62906615	0.665931105	0.592201195	0.011
1426	0.631861175	0.66881677	0.59490558	0.011
1427	0.63419015	0.671165348	0.597214952	0.011
1428	0.636300125	0.673219217	0.599381033	0.011
1429	0.638321125	0.67520707	0.60143518	0.011
1430	0.640017875	0.676903537	0.603132213	0.011
1431	0.641653375	0.678561739	0.604745011	0.011
1432	0.6433665	0.68031253	0.60642047	0.011
1433	0.645021475	0.681977141	0.608065809	0.011
1434	0.64643835	0.683371063	0.609505637	0.011
1435	0.64790325	0.684844211	0.610962289	0.011
1436	0.6495255	0.686544616	0.612506384	0.011
1437	0.651018225	0.68812409	0.61391236	0.011
1438	0.652132525	0.689300281	0.614964769	0.011
1439	0.653228075	0.69045475	0.6160014	0.011
1440	0.654448775	0.691782102	0.617115448	0.011
1441	0.655547675	0.692986176	0.618109174	0.011
1442	0.65633595	0.69383191	0.61883999	0.011
1443	0.657114975	0.694667446	0.619562504	0.011
1444	0.658112075	0.695740667	0.620483483	0.011
1445	0.6591044	0.696809546	0.621399254	0.011
1446	0.6599888	0.697746321	0.622231279	0.011
1447	0.660792325	0.698595314	0.622989336	0.011
1448	0.6616659	0.699515037	0.623816763	0.011
1449	0.66248935	0.700384313	0.624594387	0.011
1450	0.663048775	0.701005912	0.625091638	0.011
1451	0.6635768	0.701600891	0.625552709	0.011
1452	0.664530625	0.702617443	0.626443807	0.011
1453	0.6654774	0.70362328	0.62733152	0.011
1454	0.666076525	0.704292504	0.627860546	0.011
1455	0.666590425	0.704861766	0.628319084	0.011
1456	0.66703125	0.705278715	0.628783785	0.011
1457	0.6673951	0.70560539	0.62918481	0.011
1458	0.6675913	0.705771456	0.629411144	0.011
1459	0.6677989	0.705958047	0.629639753	0.011
1460	0.6681292	0.706199745	0.630058655	0.011
1461	0.6684851	0.706454853	0.630515347	0.011
1462	0.6687462	0.7066762	0.6308162	0.011
1463	0.669010075	0.706909555	0.631110595	0.011
1464	0.669337925	0.707161249	0.631514601	0.011
1465	0.669635175	0.707376826	0.631893524	0.011
1466	0.670080075	0.707774133	0.632386017	0.011
1467	0.670648975	0.708300603	0.632997347	0.011
1468	0.67114505	0.708751538	0.633538562	0.011
1469	0.671603775	0.709165913	0.634041637	0.011
1470	0.67221565	0.709773508	0.634657792	0.011
1471	0.6729306	0.710515602	0.635345598	0.011
1472	0.67365645	0.711272297	0.636040603	0.011
1473	0.6744018	0.71206659	0.63673701	0.011
1474	0.675092175	0.712807619	0.637376731	0.011
1475	0.675669	0.713422518	0.637915482	0.011
1476	0.676174575	0.71395464	0.63839451	0.011
1477	0.676664	0.714451436	0.638876564	0.011
1478	0.677166025	0.714973723	0.639358327	0.011
1479	0.677626375	0.715475709	0.639777041	0.011
1480	0.67799555	0.715897609	0.640093491	0.011
1481	0.678363675	0.716339777	0.640387573	0.011
1482	0.6789172	0.716960752	0.640873648	0.011
1483	0.679594925	0.717701288	0.641488562	0.011
1484	0.68015945	0.718321413	0.641997487	0.011
1485	0.68072305	0.718928941	0.642517159	0.011
1486	0.6812768	0.719532737	0.643020863	0.011
1487	0.6817204	0.720012007	0.643428793	0.011
1488	0.68210085	0.72043444	0.64376726	0.011
1489	0.682359325	0.72077612	0.64394253	0.011
1490	0.682670075	0.721162919	0.644177231	0.011
1491	0.68318845	0.721739581	0.644637319	0.011
1492	0.6836207	0.722213847	0.645027553	0.011
1493	0.683901825	0.722506915	0.645296735	0.011
1494	0.684224175	0.722856867	0.645591483	0.011
1495	0.684585625	0.723261077	0.645910173	0.011
1496	0.6849246	0.723634273	0.646214927	0.011
1497	0.6852845	0.724031135	0.646537865	0.011
1498	0.685632775	0.724419083	0.646846467	0.011
1499	0.686056625	0.724864036	0.647249214	0.011
1500	0.6864701	0.725300348	0.647639852	0.011
1501	0.686716675	0.7256169	0.64781645	0.011
1502	0.68698535	0.725942678	0.648028022	0.011
1503	0.68742045	0.726376477	0.648464423	0.011
1504	0.68783005	0.726792956	0.648867144	0.011
1505	0.6881926	0.727179261	0.649205939	0.011
1506	0.688571325	0.72757788	0.64956477	0.011
1507	0.688944225	0.727941426	0.649947024	0.011
1508	0.689305	0.728293931	0.650316069	0.011
1509	0.689694125	0.728706694	0.650681556	0.011
1510	0.690067075	0.729103288	0.651030862	0.011
1511	0.690351825	0.729405063	0.651298587	0.011
1512	0.690640475	0.729710096	0.651570854	0.011
1513	0.690949625	0.730009844	0.651889406	0.011
1514	0.69125035	0.730302653	0.652198047	0.011
1515	0.691601675	0.730687595	0.652515755	0.011
1516	0.69196095	0.731080748	0.652841152	0.011
1517	0.692324625	0.731473524	0.653175726	0.011
1518	0.692678175	0.731857252	0.653499098	0.011
1519	0.69289775	0.732112173	0.653683327	0.011
1520	0.69310155	0.732350746	0.653852354	0.011
1521	0.693408575	0.732638493	0.654178657	0.011
1522	0.69373005	0.732934569	0.654525531	0.011
1523	0.6939838	0.733192208	0.654775392	0.011
1524	0.694244475	0.733466223	0.655022727	0.011
1525	0.6944909	0.733696811	0.655284989	0.011
1526	0.694721275	0.733904845	0.655537705	0.011
1527	0.694909775	0.734106612	0.655712938	0.011
1528	0.69508875	0.734304285	0.655873215	0.011
1529	0.6953578	0.734567625	0.656147975	0.011
1530	0.6956459	0.734842468	0.656449332	0.011
1531	0.6958507	0.73505295	0.65664845	0.011
1532	0.696035325	0.73525092	0.65681973	0.011
1533	0.69622795	0.735445209	0.657010691	0.011
1534	0.69642575	0.73564565	0.65720585	0.011
1535	0.696626225	0.735842674	0.657409776	0.011
1536	0.69683335	0.736038981	0.657627719	0.011
1537	0.6970822	0.736325616	0.657838784	0.011
1538	0.69732785	0.736625909	0.658029791	0.011
1539	0.697525525	0.736796618	0.658254432	0.011
1540	0.6977183	0.736937537	0.658499063	0.011
1541	0.6978389	0.737049131	0.658628669	0.011
1542	0.697947175	0.737163934	0.658730416	0.011
1543	0.698052275	0.737267704	0.658836846	0.011
1544	0.698147675	0.737357901	0.658937449	0.011
1545	0.698348825	0.737554386	0.659143264	0.011
1546	0.698574225	0.737773856	0.659374594	0.011
1547	0.698680075	0.737869715	0.659490435	0.011
1548	0.698753475	0.737928257	0.659578693	0.011
1549	0.69877765	0.73794151	0.65961379	0.011
1550	0.698777225	0.737936129	0.659618321	0.011
1551	0.69891485	0.738068176	0.659761524	0.011
1552	0.699108375	0.738254599	0.659962151	0.011
1553	0.699266425	0.738421408	0.660111442	0.011
1554	0.699421	0.738596308	0.660245692	0.011
1555	0.6995778	0.73875303	0.66040257	0.011
1556	0.69973135	0.738893039	0.660569661	0.011
1557	0.699919925	0.739039312	0.660800538	0.011
1558	0.70012355	0.739186388	0.661060712	0.011
1559	0.700281975	0.739361004	0.661202946	0.011
1560	0.700423125	0.739555768	0.661290482	0.011
1561	0.700635175	0.739756689	0.661513661	0.011
1562	0.70087925	0.739958291	0.661800209	0.011
1563	0.70108305	0.740157772	0.662008328	0.011
1564	0.70127445	0.740367455	0.662181445	0.011
1565	0.701519825	0.740635273	0.662404377	0.011
1566	0.701796925	0.740933997	0.662659853	0.011
1567	0.7019581	0.741085273	0.662830927	0.011
1568	0.7020687	0.741166728	0.662970672	0.011
1569	0.7023448	0.741454222	0.663235378	0.011
1570	0.702705	0.741851956	0.663558044	0.011
1571	0.702965575	0.742108255	0.663822895	0.011
1572	0.703165525	0.742278674	0.664052376	0.011
1573	0.703410425	0.742525329	0.664295521	0.011
1574	0.7036923	0.742830977	0.664553623	0.011
1575	0.7039606	0.743097222	0.664823978	0.011
1576	0.7041988	0.743311222	0.665086378	0.011
1577	0.704325625	0.743450392	0.665200858	0.011
1578	0.704394375	0.743561105	0.665227645	0.011
1579	0.7045775	0.743752992	0.665402008	0.011
1580	0.70483315	0.743989481	0.665676819	0.011
1581	0.7050245	0.744189029	0.665859971	0.011
1582	0.70518325	0.744376572	0.665989928	0.011
1583	0.70537535	0.74456649	0.66618421	0.011
1584	0.705569575	0.744736678	0.666402472	0.011
1585	0.705699425	0.744829244	0.666569606	0.011
1586	0.705803075	0.744889865	0.666716285	0.011
1587	0.70593155	0.744998627	0.666864473	0.011
1588	0.706078275	0.745139903	0.667016647	0.011
1589	0.706281575	0.745373825	0.667189325	0.011
1590	0.70651775	0.745665147	0.667370353	0.011
1591	0.706754675	0.745890935	0.667618415	0.011
1592	0.706990425	0.746070641	0.667910209	0.011
1593	0.70716265	0.746211816	0.668113484	0.011
1594	0.707299175	0.746334754	0.668263596	0.011
1595	0.707470025	0.746500872	0.668439178	0.011
1596	0.7076551	0.74668726	0.66862294	0.011
1597	0.707898875	0.746926645	0.668871105	0.011
1598	0.708191475	0.74720981	0.66917314	0.011
1599	0.708375725	0.747383808	0.669367642	0.011
1600	0.708486025	0.747482007	0.669490043	0.011
1601	0.70871315	0.74771935	0.66970695	0.011
1602	0.7090142	0.74804752	0.66998088	0.011
1603	0.709198125	0.748237703	0.670158547	0.011
1604	0.709308975	0.748341112	0.670276838	0.011
1605	0.709410025	0.748443796	0.670376254	0.011
1606	0.709509975	0.748551411	0.670468539	0.011
1607	0.709702475	0.748736689	0.670668261	0.011
1608	0.709948025	0.748965708	0.670930342	0.011
1609	0.7101209	0.749134684	0.671107116	0.011
1610	0.710253925	0.749272111	0.671235739	0.011
1611	0.710409025	0.74943467	0.67138338	0.011
1612	0.710575375	0.749610803	0.671539947	0.011
1613	0.710675025	0.749686885	0.671663165	0.011
1614	0.710736425	0.749706664	0.671766186	0.011
1615	0.71089455	0.749872435	0.671916665	0.011
1616	0.71110325	0.750113604	0.672092896	0.011
1617	0.71125185	0.750274987	0.672228713	0.011
1618	0.71137125	0.750397728	0.672344772	0.011
1619	0.71150915	0.750522854	0.672495446	0.011
1620	0.71165615	0.750649808	0.672662492	0.011
1621	0.71184305	0.75080973	0.67287637	0.011
1622	0.712048125	0.750985424	0.673110826	0.011
1623	0.7122231	0.751137455	0.673308745	0.011
1624	0.712384875	0.751278881	0.673490869	0.011
1625	0.7124227	0.751330793	0.673514607	0.011
1626	0.71241215	0.751348244	0.673476056	0.011
1627	0.71253435	0.751472127	0.673596573	0.011
1628	0.712705875	0.751635923	0.673775827	0.011
1629	0.71291815	0.751824054	0.674012246	0.011
1630	0.7131456	0.752022172	0.674269028	0.011
1631	0.71332575	0.752222445	0.674429055	0.011
1632	0.71349265	0.752425994	0.674559306	0.011
1633	0.71364495	0.752552645	0.674737255	0.011
1634	0.7137925	0.75265596	0.67492904	0.011
1635	0.714027975	0.752902597	0.675153353	0.011
1636	0.7142915	0.753192643	0.675390357	0.011
1637	0.71445395	0.753354616	0.675553284	0.011
1638	0.7145916	0.753485166	0.675698034	0.011
1639	0.7147962	0.753712182	0.675880218	0.011
1640	0.715018075	0.753963031	0.676073119	0.011
1641	0.715156425	0.754106208	0.676206642	0.011
1642	0.7152781	0.754228403	0.676327797	0.011
1643	0.715368175	0.754342771	0.676393579	0.011
1644	0.71545795	0.754461999	0.676453901	0.011
1645	0.71553875	0.754526216	0.676551284	0.011
1646	0.715614575	0.754578505	0.676650645	0.011
1647	0.71578645	0.754778845	0.676794055	0.011
1648	0.71596885	0.754995999	0.676941701	0.011
1649	0.7161862	0.755216519	0.677155881	0.011
1650	0.71641015	0.755442121	0.677378179	0.011
1651	0.71660515	0.755604173	0.677606127	0.011
1652	0.7167935	0.755756586	0.677830414	0.011
1653	0.7169072	0.755875311	0.677939089	0.011
1654	0.7170232	0.75599871	0.67804769	0.011
1655	0.717202925	0.756160259	0.678245591	0.011
1656	0.71738445	0.756324814	0.678444086	0.011
1657	0.717524875	0.756464421	0.678585329	0.011
1658	0.717661575	0.756600576	0.678722574	0.011
1659	0.717784925	0.756706036	0.678863814	0.011
1660	0.717909925	0.756813344	0.679006506	0.011
1661	0.71818485	0.757102027	0.679267673	0.011
1662	0.718454625	0.757384969	0.679524281	0.011
1663	0.718521825	0.757466755	0.679576895	0.011
1664	0.71858325	0.757541217	0.679625283	0.011
1665	0.7186771	0.75764163	0.67971257	0.011
1666	0.7187923	0.757765016	0.679819584	0.011
1667	0.719017625	0.757967652	0.680067598	0.011
1668	0.719241575	0.75817023	0.68031292	0.011
1669	0.719408225	0.758339929	0.680476521	0.011
1670	0.719550025	0.758487532	0.680612518	0.011
1671	0.719587975	0.758538591	0.680637359	0.011
1672	0.719667975	0.758626592	0.680709358	0.011
1673	0.719921225	0.758876312	0.680966138	0.011
1674	0.720201175	0.75914848	0.68125387	0.011
1675	0.720574325	0.759502545	0.681646105	0.011
1676	0.720847	0.759766877	0.681927123	0.011
1677	0.720826975	0.759766666	0.681887284	0.011
1678	0.72091635	0.759872039	0.681960661	0.011
1679	0.72125745	0.760214346	0.682300554	0.011
1680	0.721531975	0.760497968	0.682565982	0.011
1681	0.721660775	0.760648929	0.682672621	0.011
1682	0.72185945	0.760858489	0.682860411	0.011
1683	0.722217725	0.761212249	0.683223201	0.011
1684	0.7224899	0.761479421	0.683500379	0.011
1685	0.72260645	0.761588282	0.683624618	0.011
1686	0.722774875	0.76176395	0.6837858	0.011
1687	0.723017425	0.762030964	0.684003886	0.011
1688	0.72338025	0.762411265	0.684349235	0.011
1689	0.72390195	0.762943044	0.684860856	0.011
1690	0.724254025	0.763295412	0.685212638	0.011
1691	0.724407975	0.763441328	0.685374622	0.011
1692	0.72456955	0.763599683	0.685539417	0.011
1693	0.724732925	0.763768098	0.685697752	0.011
1694	0.725011	0.764064912	0.685957088	0.011
1695	0.72539015	0.764470003	0.686310297	0.011
1696	0.725586875	0.764681333	0.686492417	0.011
1697	0.725659	0.764756319	0.686561681	0.011
1698	0.7258432	0.764924853	0.686761547	0.011
1699	0.72612025	0.765185606	0.687054894	0.011
1700	0.72637475	0.765462985	0.687286515	0.011
1701	0.72658025	0.76570228	0.68745822	0.011
1702	0.7267079	0.765833917	0.687581883	0.011
1703	0.726819425	0.765937551	0.687701299	0.011
1704	0.7268305	0.765978922	0.687682078	0.011
1705	0.7268004	0.765991882	0.687608918	0.011
1706	0.7269236	0.766091656	0.687755544	0.011
1707	0.727094825	0.766225347	0.687964303	0.011
1708	0.727236975	0.766330954	0.688142996	0.011
1709	0.727360175	0.766417377	0.688302973	0.011
1710	0.72741635	0.766486805	0.688345895	0.011
1711	0.727453025	0.766547452	0.688358598	0.011
1712	0.727447475	0.766554618	0.688340332	0.011
1713	0.727472675	0.766582802	0.688362548	0.011
1714	0.7274263	0.766512008	0.688340592	0.011
1715	0.727375875	0.766442889	0.688308861	0.011
1716	0.7274098	0.766436602	0.688382998	0.011
1717	0.727430725	0.766418898	0.688442552	0.011
1718	0.727538825	0.766538562	0.688539088	0.011
1719	0.727654375	0.766665721	0.688643029	0.011
1720	0.72771595	0.766721299	0.688710601	0.011
1721	0.727762	0.766766218	0.688757782	0.011
1722	0.727541175	0.766539864	0.688542486	0.011
1723	0.72731725	0.766287739	0.688346761	0.011
1724	0.7273646	0.76624388	0.68848532	0.011
1725	0.727386075	0.766198113	0.688574037	0.011
1726	0.7271067	0.765916758	0.688296642	0.011
1727	0.726838775	0.765632349	0.688045201	0.011
1728	0.726628525	0.765368719	0.687888331	0.011
1729	0.7264808	0.765186239	0.687775361	0.011
1730	0.7264831	0.7651957	0.6877705	0.011
1731	0.72645655	0.765174397	0.687738703	0.011
1732	0.7264672	0.765175191	0.687759209	0.011
1733	0.726431725	0.765123013	0.687740437	0.011
1734	0.7262464	0.764921119	0.687571681	0.011
1735	0.726097975	0.764770105	0.687425845	0.011
1736	0.726000375	0.764676967	0.687323783	0.011
1737	0.725897925	0.764569864	0.687225986	0.011
1738	0.725819475	0.764486553	0.687152397	0.011
1739	0.72581585	0.764451614	0.687180086	0.011
1740	0.72586055	0.76443264	0.68728846	0.011
1741	0.725733175	0.764308151	0.687158199	0.011
1742	0.7254607	0.764091967	0.686829433	0.011
1743	0.7253104	0.763917131	0.686703669	0.011
1744	0.725240925	0.763780656	0.686701194	0.011
1745	0.7250529	0.763558399	0.686547401	0.011
1746	0.724850675	0.763345255	0.686356095	0.011
1747	0.72474675	0.763263757	0.686229743	0.010999
1748	0.72466335	0.763198943	0.686127757	0.010999
1749	0.724678225	0.763212196	0.686144254	0.011
1750	0.724710825	0.763239255	0.686182395	0.011003
1751	0.72455085	0.763054124	0.686047576	0.011004
1752	0.72435545	0.762842111	0.685868789	0.011
1753	0.724195625	0.762605121	0.685786129	0.01099
1754	0.724027175	0.762348857	0.685705493	0.010985
1755	0.72373895	0.76209657	0.68538133	0.011
1756	0.723421175	0.761826901	0.685015449	0.011039
1757	0.7234947	0.761836022	0.685153378	0.011057
1758	0.72359675	0.761866473	0.685327027	0.011
1759	0.72340965	0.761656493	0.685162807	0.010856
1760	0.72322825	0.761461491	0.684995009	0.010787
1761	0.7231844	0.761402456	0.684966344	0.011
1762	0.723124375	0.761320318	0.684928432	0.011612
1763	0.7230572	0.761193324	0.684921076	0.012388
1764	0.722981575	0.761082296	0.684880854	0.013
1765	0.722768625	0.760936204	0.684601046	0.013213
1766	0.72261035	0.76080433	0.68441637	0.013144
1767	0.7226449	0.760732413	0.684557387	0.013
1768	0.722603325	0.760630934	0.684575716	0.012943
1769	0.72234235	0.76039361	0.68429109	0.012961
1770	0.722064325	0.760118409	0.684010241	0.013
1771	0.7218321	0.759890785	0.683773415	0.013015
1772	0.721746975	0.759780202	0.683713748	0.01301
1773	0.72177845	0.759758573	0.683798327	0.013
1774	0.72163175	0.759552986	0.683710514	0.012996
1775	0.72144525	0.759279749	0.683610751	0.012997
1776	0.721481825	0.759278671	0.683684979	0.013
1777	0.721630775	0.759425623	0.683835927	0.013001
1778	0.721234675	0.759011605	0.683457745	0.013001
1779	0.720565525	0.758322343	0.682808707	0.013
1780	0.7203778	0.758119985	0.682635615	0.013
1781	0.7202253	0.757945328	0.682505272	0.013
1782	0.7198374	0.757521188	0.682153612	0.013
1783	0.719502925	0.757162171	0.681843679	0.013
1784	0.71943275	0.757046514	0.681818986	0.013
1785	0.719389425	0.756933595	0.681845255	0.013
1786	0.7194047	0.756950398	0.681859002	0.013
1787	0.71939625	0.756967447	0.681825053	0.013
1788	0.71893115	0.75640743	0.68145487	0.013
1789	0.718472475	0.755839875	0.681105075	0.013
1790	0.718618875	0.755886669	0.681351081	0.013
1791	0.718678475	0.755833935	0.681523015	0.013
1792	0.718062225	0.755098461	0.681025989	0.013
1793	0.717487275	0.754423236	0.680551314	0.013
1794	0.7173803	0.754333928	0.680426672	0.013
1795	0.717267925	0.754190538	0.680345312	0.013
1796	0.717178475	0.753884411	0.680472539	0.013
1797	0.7170669	0.753632546	0.680501254	0.013
1798	0.7167738	0.753376657	0.680170943	0.013
1799	0.7164223	0.753006609	0.679837991	0.013
1800	0.716209925	0.752684457	0.679735393	0.013
1801	0.70924795	0.743160398	0.675335502	0.013
1802	0.70909115	0.742228633	0.675953667	0.013
1803	0.70806675	0.74093886	0.67519464	0.013
1804	0.70657455	0.739728922	0.673420178	0.013
1805	0.706660625	0.740885349	0.672435901	0.013
1806	0.708151625	0.743759763	0.672543487	0.013
1807	0.7091098	0.744757692	0.673461908	0.013
1808	0.708807375	0.743690907	0.673923843	0.013
1809	0.70889975	0.742847651	0.674951849	0.013
1810	0.711130725	0.744118829	0.678142621	0.013
1811	0.7147192	0.747312174	0.682126226	0.013
1812	0.7160603	0.749091476	0.683029124	0.013
1813	0.711730225	0.745797197	0.677663253	0.013
1814	0.702619175	0.73647539	0.66876296	0.013
1815	0.699029425	0.731203148	0.666855702	0.013
1816	0.70489585	0.738119115	0.671672585	0.013
1817	0.70535325	0.743209192	0.667497308	0.013
1818	0.707903075	0.749481355	0.666324795	0.013
1819	0.70748145	0.747301689	0.667661211	0.013
1820	0.7022698	0.740941147	0.663598453	0.013
1821	0.70230025	0.740973033	0.663627467	0.013
1822	0.70674835	0.742830615	0.670666085	0.013
1823	0.704571775	0.736188826	0.672954724	0.013
1824	0.6970463	0.731577948	0.662514652	0.013
1825	0.705716425	0.740165564	0.671267286	0.013
1826	0.7155348	0.75299746	0.67807214	0.013
1827	0.7340846	0.791999799	0.676169401	0.013
1828	0.763151025	0.834214595	0.692087455	0.013
1829	0.77902905	0.843173623	0.714884477	0.013
1830	0.786514825	0.845078138	0.727951512	0.013
1831	0.8114776	0.87879495	0.74416025	0.013
1832	0.86396265	0.946344859	0.781580441	0.013
1833	0.900370775	1.003238799	0.797502751	0.013
1834	0.8983994	1.048784838	0.748013962	0.013
1835	0.865364825	1.005068719	0.725660931	0.013
1836	0.842896125	1.062971614	0.622820636	0.013
1837	0.721140425	0.889410425	0.552870425	0.013
1838	0.641735675	0.773088225	0.510383125	0.013
1839	0.649776775	0.789657314	0.509896236	0.013
1840	0.7336381	0.886938203	0.580337997	0.013
1841	0.81036175	0.954437275	0.666286225	0.013
1842	0.8154333	0.966144385	0.664722215	0.013
1843	0.74769735	0.881879998	0.613514702	0.013
1844	0.705818775	0.840863527	0.570774023	0.013
1845	0.687007275	0.789223866	0.584790684	0.013
1846	0.683466925	0.780454256	0.586479594	0.013
1847	0.716233125	0.828367835	0.604098415	0.013
1848	0.7827897	0.932046069	0.633533331	0.013
1849	0.8106169	0.94859105	0.67264275	0.013
1850	0.760346975	0.855318749	0.665375201	0.013
1851	0.75172185	0.845755165	0.657688535	0.013
1852	0.780740725	0.890018439	0.671463011	0.013
1853	0.74241385	0.849388662	0.635439038	0.013
1854	0.712074675	0.809928753	0.614220597	0.013
1855	0.703192675	0.813025888	0.593359462	0.013
1856	0.713350375	0.825630051	0.601070699	0.013
1857	0.7239138	0.837557775	0.610269825	0.013
1858	0.742820525	0.84257832	0.64306273	0.013
1859	0.779507075	0.86745837	0.69155578	0.013
1860	0.809511075	0.875950495	0.743071655	0.013
1861	0.77966195	0.859539072	0.699784828	0.013
1862	0.74189595	0.835866237	0.647925663	0.013
1863	0.713050675	0.83717363	0.58892772	0.013
1864	0.684425775	0.813240631	0.555610919	0.013
1865	0.687549725	0.801422867	0.573676583	0.013
1866	0.7102231	0.821886812	0.598559388	0.013
1867	0.74379195	0.867177008	0.620406892	0.013
1868	0.781920725	0.925642109	0.638199341	0.013
1869	0.73977155	0.842823531	0.636719569	0.013
1870	0.678423725	0.784603483	0.572243967	0.013
1871	0.656479575	0.759197009	0.553762141	0.013
1872	0.6631248	0.740020145	0.586229455	0.013
1873	0.682490175	0.768647964	0.596332386	0.013
1874	0.69231695	0.763538435	0.621095465	0.013
1875	0.6869061	0.751628752	0.622183448	0.013
1876	0.655076975	0.717554985	0.592598965	0.013
1877	0.635646225	0.70218876	0.56910369	0.013
1878	0.64376885	0.71306373	0.57447397	0.013
1879	0.65976955	0.723201809	0.596337291	0.013
1880	0.664658275	0.713485035	0.615831515	0.013
1881	0.6448363	0.687908141	0.601764459	0.013
1882	0.631057525	0.673948165	0.588166885	0.013
1883	0.6440602	0.684934871	0.603185529	0.013
1884	0.661237875	0.701447216	0.621028534	0.013
1885	0.674519975	0.715231763	0.633808187	0.013
1886	0.6825753	0.726804696	0.638345904	0.013
1887	0.688698525	0.731957295	0.645439755	0.013
1888	0.699909325	0.744439605	0.655379045	0.013
1889	0.69780785	0.74403083	0.65158487	0.013
1890	0.6770981	0.722098621	0.632097579	0.013
1891	0.66095485	0.707307467	0.614602233	0.013
1892	0.6473224	0.689746835	0.604897965	0.013
1893	0.633031925	0.672895832	0.593168018	0.013
1894	0.628604925	0.668000699	0.589209151	0.013
1895	0.627934025	0.670920991	0.584947059	0.013
1896	0.63456655	0.679932176	0.589200924	0.013
1897	0.651397675	0.706200155	0.596595195	0.013
1898	0.667088375	0.72410472	0.61007203	0.013
1899	0.6701625	0.736754206	0.603570794	0.013
1900	0.690059325	0.791643374	0.588475276	0.013
1901	0.69836705	0.802231693	0.594502407	0.013
1902	0.699228975	0.803263798	0.595194152	0.013
1903	0.708138575	0.804547469	0.611729681	0.013
1904	0.72655925	0.824635374	0.628483126	0.013
1905	0.724787575	0.807902771	0.641672379	0.013
1906	0.71194365	0.788442235	0.635445065	0.013
1907	0.662984125	0.732581683	0.593386567	0.013
1908	0.611763575	0.675816137	0.547711013	0.013
1909	0.592418325	0.656011919	0.528824731	0.013
1910	0.61408075	0.680324847	0.547836653	0.013
1911	0.627389475	0.694843582	0.559935368	0.013
1912	0.622236675	0.67778808	0.56668527	0.013
1913	0.618783425	0.668748762	0.568818088	0.013
1914	0.606954975	0.649186842	0.564723108	0.013
1915	0.594530525	0.636204602	0.552856448	0.013
1916	0.59507315	0.635043292	0.555103008	0.013
1917	0.6012785	0.641017198	0.561539802	0.013
1918	0.6004956	0.639910042	0.561081158	0.013
1919	0.59479325	0.632766802	0.556819698	0.013
1920	0.591530475	0.629413404	0.553647546	0.013
1921	0.5942144	0.631866323	0.556562477	0.013
1922	0.59688275	0.635167597	0.558597903	0.013
1923	0.5981835	0.634587513	0.561779487	0.013
1924	0.5990556	0.634207163	0.563904037	0.013
1925	0.595090575	0.628332988	0.561848162	0.013
1926	0.590368025	0.622162284	0.558573766	0.013
1927	0.591611825	0.623547368	0.559676282	0.013
1928	0.5973063	0.630709811	0.563902789	0.013
1929	0.6034756	0.638169064	0.568782136	0.013
1930	0.6103967	0.645331506	0.575461894	0.013
1931	0.61586785	0.651182217	0.580553483	0.013
1932	0.61395025	0.648895004	0.579005496	0.013
1933	0.612231625	0.64715913	0.57730412	0.013
1934	0.613347925	0.648093064	0.578602786	0.013
1935	0.6148613	0.649992842	0.579729758	0.013
1936	0.618155625	0.653677022	0.582634228	0.013
1937	0.6218557	0.658035094	0.585676306	0.013
1938	0.6231638	0.659668443	0.586659157	0.013
1939	0.6220035	0.658512952	0.585494048	0.013
1940	0.6217854	0.658549232	0.585021568	0.013
1941	0.622571725	0.659362352	0.585781098	0.013
1942	0.623198325	0.660145462	0.586251188	0.013
1943	0.625935075	0.662757965	0.589112185	0.013
1944	0.62853195	0.665339424	0.591724476	0.013
1945	0.629876725	0.66698972	0.59276373	0.013
1946	0.63110055	0.668763928	0.593437172	0.013
1947	0.6320203	0.669546296	0.594494304	0.013
1948	0.6324377	0.669452591	0.595422809	0.013
1949	0.6316265	0.668058182	0.595194818	0.013
1950	0.6292107	0.664820444	0.593600956	0.013
1951	0.6277956	0.663021588	0.592569612	0.013
1952	0.630789125	0.667287476	0.594290774	0.013
1953	0.63378605	0.671925882	0.595646218	0.013
1954	0.634080125	0.671964542	0.596195708	0.013
1955	0.6342668	0.671934961	0.596598639	0.013
1956	0.63525495	0.67250831	0.59800159	0.013
1957	0.636422975	0.673305539	0.599540411	0.013
1958	0.637782925	0.674824154	0.600741696	0.013
1959	0.6392245	0.67679177	0.60165723	0.013
1960	0.640341025	0.678185178	0.602496872	0.013
1961	0.64098485	0.678662818	0.603306882	0.013
1962	0.641593375	0.679106719	0.604080031	0.013
1963	0.6424114	0.67954462	0.60527818	0.013
1964	0.643143425	0.679972774	0.606314076	0.013
1965	0.6425468	0.679498357	0.605595243	0.013
1966	0.641938	0.679070611	0.604805389	0.013
1967	0.643493375	0.681320471	0.605666279	0.013
1968	0.645720025	0.684463061	0.606976989	0.013
1969	0.6474265	0.686235323	0.608617677	0.013
1970	0.648646625	0.686828073	0.610465177	0.013
1971	0.64945845	0.687286547	0.611630353	0.013
1972	0.64962865	0.687422838	0.611834462	0.013
1973	0.649857175	0.687585596	0.612128754	0.013
1974	0.650365675	0.687792152	0.612939198	0.013
1975	0.65084715	0.688043323	0.613650977	0.013
1976	0.651563025	0.68870528	0.61442077	0.013
1977	0.6522317	0.689353839	0.615109561	0.013
1978	0.65302085	0.690117162	0.615924538	0.013
1979	0.65382805	0.69087048	0.61678562	0.013
1980	0.65459145	0.691492821	0.617690079	0.013
1981	0.655518375	0.692283659	0.618753091	0.013
1982	0.656396325	0.693122834	0.619669816	0.013
1983	0.657089475	0.693973645	0.620205305	0.013
1984	0.6577402	0.694807781	0.620672619	0.013
1985	0.658108425	0.695329198	0.620887652	0.013
1986	0.658476625	0.695863963	0.621089287	0.013
1987	0.65985775	0.69725986	0.62245564	0.013
1988	0.661299725	0.698687243	0.623912207	0.013
1989	0.662525425	0.700068521	0.624982329	0.013
1990	0.663725	0.701485679	0.625964321	0.013
1991	0.66518215	0.702982467	0.627381833	0.013
1992	0.66686045	0.704638008	0.629082892	0.013
1993	0.668227325	0.706110995	0.630343655	0.013
1994	0.66897345	0.707137248	0.630809652	0.013
1995	0.669530325	0.70795995	0.6311007	0.013
1996	0.669412625	0.707846729	0.630978521	0.013
1997	0.66937655	0.707845248	0.630907852	0.013
1998	0.670787975	0.709375798	0.632200152	0.013
1999	0.672381825	0.711144062	0.633619588	0.013
2000	0.672581925	0.711344878	0.633818972	0.013
2001	0.672091625	0.710726313	0.633456937	0.013
2002	0.6723258	0.71073373	0.63391787	0.013
2003	0.673256975	0.7116411	0.63487285	0.013
2004	0.67394455	0.712237993	0.635651107	0.013
2005	0.674749825	0.712662921	0.636836729	0.013
2006	0.67578555	0.713621556	0.637949544	0.013
2007	0.675894525	0.714298531	0.637490519	0.013
2008	0.67603335	0.715016445	0.637050255	0.013
2009	0.6771231	0.716223343	0.638022857	0.013
2010	0.678293075	0.71754031	0.63904584	0.013
2011	0.6792021	0.71853349	0.63987071	0.013
2012	0.680239225	0.719792982	0.640685468	0.013
2013	0.681046075	0.72047018	0.64162197	0.013
2014	0.6818919	0.721123132	0.642660668	0.013
2015	0.683170625	0.722520348	0.643820902	0.013
2016	0.68431665	0.72393084	0.64470246	0.013
2017	0.68505225	0.72491897	0.64518553	0.013
2018	0.685609325	0.725354151	0.645864499	0.013
2019	0.68615255	0.725804465	0.646500635	0.013
2020	0.68667585	0.726054446	0.647297254	0.013
2021	0.68706915	0.72617899	0.64795931	0.013
2022	0.6860024	0.72469513	0.64730967	0.013
2023	0.6849614	0.723369965	0.646552835	0.013
2024	0.685670825	0.724155711	0.647185939	0.013
2025	0.68678805	0.725487639	0.648088461	0.013
2026	0.688251125	0.72694539	0.64955686	0.013
2027	0.6896342	0.728259859	0.651008541	0.013
2028	0.690075875	0.728609324	0.651542426	0.013
2029	0.689877975	0.728007442	0.651748508	0.013
2030	0.690063625	0.727913138	0.652214112	0.013
2031	0.690577225	0.728515272	0.652639178	0.013
2032	0.690929125	0.728952985	0.652905265	0.013
2033	0.69093845	0.729037476	0.652839424	0.013
2034	0.69102955	0.72921281	0.65284629	0.013
2035	0.6907392	0.728982793	0.652495607	0.013
2036	0.690511525	0.728858473	0.652164577	0.013
2037	0.691207575	0.729595091	0.652820059	0.013
2038	0.691828925	0.730142021	0.653515829	0.013
2039	0.692396575	0.730641	0.65415215	0.013
2040	0.693306275	0.731520739	0.655091811	0.013
2041	0.69412595	0.732376124	0.655875776	0.013
2042	0.694205425	0.732628909	0.655781941	0.013
2043	0.694221325	0.732854119	0.655588531	0.013
2044	0.694483325	0.733360925	0.655605725	0.013
2045	0.694845675	0.733951811	0.655739539	0.013
2046	0.6962479	0.735337267	0.657158533	0.013
2047	0.697978975	0.737050102	0.658907848	0.013
2048	0.698695225	0.737630986	0.659759464	0.013
2049	0.6986281	0.737351738	0.659904462	0.013
2050	0.698050825	0.736755341	0.659346309	0.013
2051	0.69731425	0.736210012	0.658418488	0.013
2052	0.69672265	0.735671724	0.657773576	0.013
2053	0.6969428	0.735787443	0.658098157	0.013
2054	0.697357875	0.736299481	0.658416269	0.013
2055	0.69692985	0.736118113	0.657741587	0.013
2056	0.696272425	0.73562845	0.6569164	0.013
2057	0.6952921	0.734723917	0.655860283	0.013
2058	0.6943824	0.733895743	0.654869057	0.013
2059	0.693952875	0.733259344	0.654646406	0.013
2060	0.693644425	0.732721568	0.654567282	0.013
2061	0.694081125	0.733172444	0.654989806	0.013
2062	0.6946177	0.733681757	0.655553643	0.013
2063	0.694081425	0.733145226	0.655017624	0.013
2064	0.6927666	0.731858203	0.653674997	0.013
2065	0.69225755	0.731274636	0.653240464	0.013
2066	0.692873925	0.731867723	0.653880127	0.013
2067	0.693254475	0.732343139	0.654165811	0.013
2068	0.69302545	0.732499038	0.653551862	0.013
2069	0.692952725	0.732778228	0.653127222	0.013
2070	0.6934608	0.733144563	0.653777037	0.013
2071	0.693938025	0.733409695	0.654466355	0.013
2072	0.694125625	0.733388246	0.654863004	0.013
2073	0.6943308	0.733430158	0.655231442	0.013
2074	0.6934917	0.732675263	0.654308137	0.013
2075	0.692470275	0.731827474	0.653113076	0.013
2076	0.692116575	0.731483613	0.652749537	0.013
2077	0.691908475	0.731214268	0.652602682	0.013
2078	0.6919444	0.731149653	0.652739147	0.013
2079	0.692126125	0.731294403	0.652957847	0.013
2080	0.691790825	0.730945241	0.652636409	0.013
2081	0.691597975	0.730693754	0.652502196	0.013
2082	0.69150295	0.730577906	0.652427994	0.013
2083	0.691232525	0.730426839	0.652038211	0.013
2084	0.691069525	0.730455717	0.651683333	0.013
2085	0.691410375	0.731203689	0.651617061	0.013
2086	0.6916973	0.731920006	0.651474594	0.013
2087	0.69134615	0.731903893	0.650788407	0.013
2088	0.6907973	0.731633125	0.649961475	0.013
2089	0.690097425	0.730604335	0.649590515	0.013
2090	0.6893744	0.729538023	0.649210777	0.013
2091	0.688571525	0.728532785	0.648610265	0.013
2092	0.688027575	0.727846396	0.648208754	0.013
2093	0.687611275	0.727501752	0.647720798	0.013
2094	0.687648425	0.72752724	0.64776961	0.013
2095	0.6877392	0.727441691	0.648036709	0.013
2096	0.687493925	0.727020134	0.647967716	0.013
2097	0.68722815	0.726637138	0.647819162	0.013
2098	0.686706675	0.726111438	0.647301912	0.013
2099	0.6861552	0.725606936	0.646703464	0.013
2100	0.686000625	0.7257036	0.64629765	0.013
2101	0.68587705	0.725808478	0.645945622	0.013
2102	0.68514185	0.724998196	0.645285504	0.013
2103	0.6842405	0.723961806	0.644519194	0.013
2104	0.68354645	0.723295942	0.643796958	0.013
2105	0.683563625	0.723572354	0.643554896	0.013
2106	0.683585225	0.723784116	0.643386334	0.013
2107	0.683039325	0.723289461	0.642789189	0.013
2108	0.682379175	0.722716938	0.642041412	0.013
2109	0.682039675	0.722485454	0.641593896	0.013
2110	0.6818239	0.722347883	0.641299917	0.013
2111	0.681816525	0.722304256	0.641328794	0.013
2112	0.681791425	0.722249267	0.641333583	0.013
2113	0.6814309	0.721911029	0.640950771	0.013
2114	0.681007775	0.721517434	0.640498116	0.013
2115	0.681227	0.721577958	0.640876042	0.013
2116	0.681645925	0.721798383	0.641493467	0.013
2117	0.681520325	0.721715278	0.641325372	0.013
2118	0.6811842	0.721466708	0.640901692	0.013
2119	0.68065815	0.721025656	0.640290644	0.013
2120	0.680223225	0.720646173	0.639800277	0.013
2121	0.68012105	0.720550534	0.639691566	0.013
2122	0.6799844	0.720500768	0.639468032	0.013
2123	0.679837325	0.720543211	0.639131439	0.013
2124	0.67997465	0.72089566	0.63905364	0.013
2125	0.67991595	0.7209417	0.6388902	0.013
2126	0.679072275	0.7201043	0.63804025	0.013
2127	0.678249875	0.719334444	0.637165306	0.013
2128	0.677645825	0.718796639	0.636495011	0.013
2129	0.676918475	0.718111901	0.635725049	0.013
2130	0.675665575	0.716992448	0.634338702	0.013
2131	0.674422575	0.715939111	0.632906039	0.013
2132	0.6735341	0.715312734	0.631755466	0.013
2133	0.6726137	0.714621184	0.630606216	0.013
2134	0.671451425	0.713447104	0.629455746	0.013
2135	0.67032005	0.712106626	0.628533474	0.013
2136	0.668506675	0.710137749	0.626875601	0.013
2137	0.666393675	0.708116385	0.624670965	0.013
2138	0.664516675	0.706451842	0.622581508	0.013
2139	0.661800325	0.70402351	0.61957714	0.013
2140	0.6591778	0.701693351	0.616662249	0.013
2141	0.657048625	0.699872997	0.614224253	0.013
2142	0.6548615	0.697977507	0.611745493	0.013
2143	0.652128425	0.695541839	0.608715011	0.013
2144	0.649280175	0.693034273	0.605526077	0.013
2145	0.6465475	0.690561196	0.602533804	0.013
2146	0.643878825	0.688082693	0.599674957	0.013
2147	0.64066885	0.6851516	0.5961861	0.013
2148	0.637211025	0.682011036	0.592411014	0.013
2149	0.633755475	0.678869934	0.588641016	0.013
2150	0.630452625	0.675854493	0.585050757	0.013
2151	0.6269058	0.672478676	0.581332924	0.013
2152	0.6230783	0.668837921	0.577318679	0.013
2153	0.61959855	0.665699896	0.573497204	0.013
2154	0.6171113	0.663654909	0.570567691	0.013
2155	0.6145899	0.661481619	0.567698181	0.013
2156	0.611904575	0.659033474	0.564775676	0.013
2157	0.6090401	0.656375947	0.561704253	0.013
2158	0.606043775	0.653371688	0.558715862	0.013
2159	0.603177175	0.650498666	0.555855684	0.013
2160	0.600391775	0.647892463	0.552891087	0.013
2161	0.597529425	0.645274391	0.549784459	0.013
2162	0.595195325	0.643178145	0.547212505	0.013
2163	0.592952375	0.641057386	0.544847364	0.013
2164	0.590984625	0.638893046	0.543076204	0.013
2165	0.58956415	0.637435834	0.541692466	0.013
2166	0.588659875	0.636689522	0.540630228	0.013
2167	0.587796575	0.636021122	0.539572028	0.013
2168	0.58691645	0.635320206	0.538512694	0.013
2169	0.58575935	0.634269118	0.537249582	0.013
2170	0.5846864	0.633271517	0.536101283	0.013
2171	0.583775425	0.632519037	0.535031813	0.013
2172	0.582764675	0.631513743	0.534015607	0.013
2173	0.582120575	0.630560654	0.533680496	0.013
2174	0.58156245	0.629831452	0.533293448	0.013
2175	0.580625175	0.6290215	0.53222885	0.013
2176	0.579481025	0.627984481	0.530977569	0.013
2177	0.577998625	0.626439555	0.529557695	0.013
2178	0.57646425	0.624848888	0.528079612	0.013
2179	0.57501335	0.623531422	0.526495278	0.013
2180	0.573618275	0.622301237	0.524935313	0.013
2181	0.571840525	0.620590651	0.523090399	0.013
2182	0.569681725	0.618468297	0.520895153	0.013
2183	0.567772	0.616546715	0.518997285	0.013
2184	0.566151025	0.614898854	0.517403196	0.013
2185	0.56478295	0.613636812	0.515929088	0.013
2186	0.5634356	0.612732983	0.514138217	0.013
2187	0.561584825	0.611310011	0.511859639	0.013
2188	0.55905965	0.608852381	0.509266919	0.013
2189	0.556573125	0.606387155	0.506759095	0.013
2190	0.55419825	0.60403959	0.50435691	0.013
2191	0.55173125	0.601679853	0.501782647	0.013
2192	0.549462925	0.599515934	0.499409916	0.013
2193	0.547253925	0.597404839	0.497103011	0.013
2194	0.544764175	0.595115437	0.494412913	0.013
2195	0.542059575	0.592595522	0.491523628	0.013
2196	0.53874995	0.589228287	0.488271613	0.013
2197	0.5351584	0.585584649	0.484732151	0.013
2198	0.531348475	0.581694277	0.481002673	0.013
2199	0.5274584	0.577776781	0.477140019	0.013
2200	0.5233037	0.574000406	0.472606994	0.013
2201	0.519405825	0.570595206	0.468216444	0.013
2202	0.51571885	0.567235821	0.464201879	0.013
2203	0.51283045	0.564487765	0.461173135	0.013
2204	0.51064395	0.562412109	0.458875791	0.013
2205	0.5094123	0.561303223	0.457521377	0.013
2206	0.509200425	0.561193969	0.457206881	0.013
2207	0.51055145	0.562159007	0.458943893	0.013
2208	0.51232945	0.563554843	0.461104057	0.013
2209	0.5149448	0.565991714	0.463897886	0.013
2210	0.51796275	0.568730088	0.467195412	0.013
2211	0.52250025	0.572724288	0.472276212	0.013
2212	0.5275289	0.577226517	0.477831283	0.013
2213	0.53328265	0.58246336	0.48410194	0.013
2214	0.539082425	0.58774853	0.49041632	0.013
2215	0.544820875	0.593172174	0.496469576	0.013
2216	0.55054865	0.598670042	0.502427258	0.013
2217	0.556453325	0.604251542	0.508655108	0.013
2218	0.562137875	0.60960843	0.51466732	0.013
2219	0.5672749	0.614750788	0.519799012	0.013
2220	0.572209925	0.619887125	0.524532725	0.013
2221	0.57617505	0.623610969	0.528739131	0.013
2222	0.57952155	0.626298767	0.532744333	0.013
2223	0.582939525	0.629206464	0.536672586	0.013
2224	0.586098525	0.632267417	0.539929633	0.013
2225	0.588655025	0.634700263	0.542609787	0.013
2226	0.590062825	0.635937899	0.544187751	0.013
2227	0.5915029	0.637211598	0.545794202	0.013
2228	0.59242005	0.637476611	0.547363489	0.013
2229	0.59311125	0.637696554	0.548525946	0.013
2230	0.5941257	0.638862685	0.549388715	0.013
2231	0.595280075	0.64018436	0.55037579	0.013
2232	0.59640845	0.641329195	0.551487705	0.013
2233	0.59735605	0.642319914	0.552392186	0.013
2234	0.597453775	0.642561519	0.552346031	0.013
2235	0.59739145	0.64263276	0.55215014	0.013
2236	0.59777495	0.643093564	0.552456336	0.013
2237	0.59841255	0.643898014	0.552927086	0.013
2238	0.598803075	0.644360233	0.553245917	0.013
2239	0.59900535	0.64449367	0.55351703	0.013
2240	0.599132425	0.644647512	0.553617338	0.013
2241	0.599184325	0.644752576	0.553616074	0.013
2242	0.598760525	0.644031013	0.553490037	0.013
2243	0.5981632	0.643044306	0.553282094	0.013
2244	0.59847745	0.643302763	0.553652137	0.013
2245	0.59878085	0.643485016	0.554076684	0.013
2246	0.59877905	0.643380399	0.554177701	0.013
2247	0.59965155	0.644430821	0.554872279	0.013
2248	0.60029265	0.645220924	0.555364376	0.013
2249	0.6011313	0.646314143	0.555948457	0.013
2250	0.6021376	0.647525223	0.556749977	0.013
2251	0.6021878	0.647633353	0.556742247	0.013
2252	0.602100475	0.647572711	0.556628239	0.013
2253	0.602461725	0.648099927	0.556823523	0.013
2254	0.602884525	0.648799255	0.556969795	0.013
2255	0.603177275	0.649193178	0.557161372	0.013
2256	0.60345525	0.64941765	0.55749285	0.013
2257	0.603751125	0.649760949	0.557741301	0.013
2258	0.60417985	0.650362289	0.557997411	0.013
2259	0.60460685	0.651014295	0.558199405	0.013
2260	0.604708475	0.651154744	0.558262206	0.013
2261	0.6043819	0.650632838	0.558130962	0.013
2262	0.6037477	0.64991	0.5575854	0.013
2263	0.6028175	0.649070012	0.556564988	0.013
2264	0.602162725	0.648610982	0.555714468	0.013
2265	0.601651625	0.648225373	0.555077877	0.013
2266	0.601487025	0.648155378	0.554818672	0.013
2267	0.60116885	0.647974948	0.554362752	0.013
2268	0.600165	0.647260766	0.553069234	0.013
2269	0.5997968	0.647118825	0.552474775	0.013
2270	0.6002381	0.647463999	0.553012201	0.013
2271	0.600072425	0.647337185	0.552807665	0.013
2272	0.598818175	0.645977164	0.551659186	0.013
2273	0.59769265	0.644545248	0.550840052	0.013
2274	0.5967068	0.64320222	0.55021138	0.013
2275	0.595610925	0.641836446	0.549385404	0.013
2276	0.5948317	0.640937857	0.548725543	0.013
2277	0.59430995	0.640411973	0.548207927	0.013
2278	0.593981375	0.64034168	0.54762107	0.013
2279	0.593507575	0.640194216	0.546820934	0.013
2280	0.592143475	0.639270247	0.545016703	0.013
2281	0.5904278	0.637923163	0.542932437	0.013
2282	0.588907075	0.636434838	0.541379312	0.013
2283	0.58790705	0.635532472	0.540281628	0.013
2284	0.588848525	0.636682311	0.541014739	0.013
2285	0.589853875	0.637878388	0.541829362	0.013
2286	0.589676225	0.638198929	0.541153521	0.013
2287	0.589091675	0.638072697	0.540110653	0.013
2288	0.587672625	0.636506041	0.538839209	0.013
2289	0.58598565	0.634538657	0.537432643	0.013
2290	0.58445085	0.632737746	0.536163954	0.013
2291	0.583158025	0.631379092	0.534936958	0.013
2292	0.5823006	0.630479321	0.534121879	0.013
2293	0.58123825	0.629130318	0.533346182	0.013
2294	0.58015625	0.627962181	0.532350319	0.013
2295	0.57952355	0.627395532	0.531651568	0.013
2296	0.578661575	0.626553601	0.530769549	0.013
2297	0.577214775	0.625181434	0.529248116	0.013
2298	0.5756715	0.623597349	0.527745651	0.013
2299	0.5744349	0.622316247	0.526553553	0.013
2300	0.573371725	0.621302846	0.525440604	0.013
2301	0.573225275	0.621352161	0.525098389	0.013
2302	0.5735328	0.621914984	0.525150616	0.013
2303	0.57380505	0.622319096	0.525291004	0.013
2304	0.5736818	0.622245007	0.525118593	0.013
2305	0.572476	0.621207089	0.523744911	0.013
2306	0.57080895	0.619719896	0.521898004	0.013
2307	0.568483675	0.617237524	0.519729826	0.013
2308	0.566409875	0.615040054	0.517779696	0.013
2309	0.56559845	0.61408663	0.51711027	0.013
2310	0.565112525	0.613363018	0.516862032	0.013
2311	0.563922475	0.612195976	0.515648974	0.013
2312	0.562422925	0.610559611	0.514286239	0.013
2313	0.56132375	0.609145548	0.513501952	0.013
2314	0.560411875	0.607982714	0.512841036	0.013
2315	0.559475125	0.606834915	0.512115335	0.013
2316	0.5590858	0.606701219	0.511470381	0.013
2317	0.559301375	0.607405037	0.511197713	0.013
2318	0.5597205	0.608062707	0.511378293	0.013
2319	0.560232125	0.608686838	0.511777412	0.013
2320	0.560441225	0.608678938	0.512203512	0.013
2321	0.5597473	0.607539172	0.511955428	0.013
2322	0.557920075	0.605329532	0.510510618	0.013
2323	0.556538325	0.603786796	0.509289854	0.013
2324	0.556808	0.604059245	0.509556755	0.013
2325	0.5575211	0.604901054	0.510141146	0.013
2326	0.55789525	0.605703269	0.510087231	0.013
2327	0.55794105	0.606017719	0.509864381	0.013
2328	0.557116375	0.605184899	0.509047851	0.013
2329	0.556352775	0.604345887	0.508359663	0.013
2330	0.556804825	0.604434619	0.509175031	0.013
2331	0.557613775	0.604913281	0.510314269	0.013
2332	0.55840275	0.605662192	0.511143308	0.013
2333	0.55875945	0.606063017	0.511455883	0.013
2334	0.5579639	0.605421587	0.510506213	0.013
2335	0.5571871	0.604741355	0.509632845	0.013
2336	0.5564977	0.603799926	0.509195474	0.013
2337	0.55586765	0.603002597	0.508732703	0.013
2338	0.55553185	0.60252559	0.50853811	0.013
2339	0.55483245	0.601426555	0.508238345	0.013
2340	0.55340655	0.599855735	0.506957365	0.013
2341	0.552109575	0.59877002	0.50544913	0.013
2342	0.551185925	0.598158671	0.504213179	0.013
2343	0.550335975	0.59746885	0.5032031	0.013
2344	0.549393	0.596783936	0.502002064	0.013
2345	0.54881855	0.59664289	0.50099421	0.013
2346	0.54846455	0.596357608	0.500571492	0.013
2347	0.54721495	0.594716939	0.499712961	0.013
2348	0.546080175	0.593437556	0.498722794	0.013
2349	0.545364575	0.592844387	0.497884763	0.013
2350	0.54443555	0.592016255	0.496854845	0.013
2351	0.5443791	0.592209395	0.496548805	0.013
2352	0.544928325	0.593052302	0.496804348	0.013
2353	0.544146575	0.592483523	0.495809627	0.013
2354	0.5426625	0.591133546	0.494191454	0.013
2355	0.5409899	0.589326298	0.492653502	0.013
2356	0.539284075	0.587494723	0.491073427	0.013
2357	0.5389743	0.587104842	0.490843758	0.013
2358	0.538550575	0.586497039	0.490604111	0.013
2359	0.537570875	0.585678921	0.489462829	0.013
2360	0.53691845	0.585324429	0.488512471	0.013
2361	0.53654645	0.585075097	0.488017803	0.013
2362	0.536802625	0.585516116	0.488089134	0.013
2363	0.537797225	0.586877748	0.488716702	0.013
2364	0.538147525	0.587456684	0.488838366	0.013
2365	0.5371663	0.586153746	0.488178854	0.013
2366	0.5358633	0.584635161	0.487091439	0.013
2367	0.535093675	0.584187007	0.486000343	0.013
2368	0.53496225	0.584412097	0.485512403	0.013
2369	0.53381615	0.58329558	0.48433672	0.013
2370	0.5319499	0.581349827	0.482549973	0.013
2371	0.5307873	0.579879229	0.481695371	0.013
2372	0.529743775	0.578610387	0.480877163	0.013
2373	0.529437525	0.578414572	0.480460478	0.013
2374	0.5297735	0.579079119	0.480467881	0.013
2375	0.528842775	0.578719129	0.478966421	0.013
2376	0.527075825	0.577383132	0.476768518	0.013
2377	0.525197625	0.5753773	0.47501795	0.013
2378	0.5232311	0.573161256	0.473300944	0.013
2379	0.52104855	0.570689152	0.471407948	0.013
2380	0.51959415	0.569014609	0.470173691	0.013
2381	0.52029665	0.569022525	0.471570775	0.013
2382	0.5208211	0.568602988	0.473039212	0.013
2383	0.52128715	0.569078688	0.473495612	0.013
2384	0.52226925	0.570667863	0.473870637	0.013
2385	0.5228651	0.57213198	0.47359822	0.013
2386	0.52317245	0.573636725	0.472708175	0.013
2387	0.523007475	0.574514461	0.471500489	0.013
2388	0.523613725	0.57553183	0.47169562	0.013
2389	0.524921425	0.576672654	0.473170196	0.013
2390	0.52500615	0.576624496	0.473387804	0.013
2391	0.5236747	0.575265807	0.472083593	0.013
2392	0.521062925	0.572437294	0.469688556	0.013
2393	0.51939895	0.57015576	0.46864214	0.013
2394	0.520285325	0.570101815	0.470468835	0.013
2395	0.5212205	0.570629211	0.471811789	0.013
2396	0.52176775	0.571373982	0.472161518	0.013
2397	0.522097775	0.572005031	0.472190519	0.013
2398	0.5214185	0.572025143	0.470811857	0.013
2399	0.52133085	0.572595727	0.470065973	0.013
2400	0.5227912	0.57364361	0.47193879	0.013
2401	0.523777775	0.574021675	0.473533875	0.013
2402	0.52383405	0.573308393	0.474359707	0.013
2403	0.524180825	0.573355905	0.475005745	0.013
2404	0.52406085	0.573935596	0.474186104	0.013
2405	0.523925275	0.574432233	0.473418317	0.013
2406	0.525732	0.576381884	0.475082116	0.013
2407	0.5274718	0.578141313	0.476802287	0.013
2408	0.526690225	0.576977757	0.476402693	0.013
2409	0.52528075	0.575356748	0.475204752	0.013
2410	0.5229211	0.573513086	0.472329114	0.013
2411	0.5207533	0.571956777	0.469549823	0.013
2412	0.520689	0.571442098	0.469935902	0.013
2413	0.52095815	0.570936206	0.470980094	0.013
2414	0.520064375	0.569608941	0.470519809	0.013
2415	0.518576025	0.568045256	0.469106794	0.013
2416	0.51787145	0.567523425	0.468219475	0.013
2417	0.517941975	0.56778467	0.46809928	0.013
2418	0.517617425	0.567437233	0.467797617	0.013
2419	0.51687765	0.566862854	0.466892446	0.013
2420	0.51536265	0.564968273	0.465757027	0.013
2421	0.512766775	0.561692173	0.463841377	0.013
2422	0.509671075	0.558498148	0.460844002	0.013
2423	0.5071705	0.555993638	0.458347362	0.013
2424	0.50567395	0.554805431	0.456542469	0.013
2425	0.505528425	0.555088201	0.455968649	0.013
2426	0.50593895	0.554964186	0.456913714	0.013
2427	0.50532095	0.553913962	0.456727938	0.013
2428	0.505088375	0.553677702	0.456499048	0.013
2429	0.5044724	0.553231608	0.455713192	0.013
2430	0.502863375	0.551917068	0.453809682	0.013
2431	0.501840175	0.551491417	0.452188933	0.013
2432	0.500945825	0.550992112	0.450899538	0.013
2433	0.50030185	0.550485815	0.450117885	0.013
2434	0.5003216	0.550911139	0.449732061	0.013
2435	0.49967865	0.550718622	0.448638678	0.013
2436	0.49822245	0.54999238	0.44645252	0.013
2437	0.4969398	0.549410446	0.444469154	0.013
2438	0.494916575	0.546596995	0.443236155	0.013
2439	0.492500875	0.542875004	0.442126746	0.013
2440	0.49131435	0.540412784	0.442215916	0.013
2441	0.489998375	0.537898719	0.442098031	0.013
2442	0.488145	0.535448493	0.440841507	0.013
2443	0.4885106	0.536034314	0.440986886	0.013
2444	0.488705525	0.537677523	0.439733527	0.013
2445	0.48674005	0.538143219	0.435336881	0.013
2446	0.484240175	0.536351033	0.432129317	0.013
2447	0.483668475	0.534246829	0.433090121	0.013
2448	0.4854356	0.534733579	0.436137621	0.013
2449	0.487531225	0.535936655	0.439125795	0.013
2450	0.48965695	0.537750536	0.441563364	0.013
2451	0.490208625	0.538857066	0.441560184	0.013
2452	0.4888769	0.538065985	0.439687815	0.013
2453	0.4856608	0.535515937	0.435805663	0.013
2454	0.483287325	0.533918349	0.432656301	0.013
2455	0.482026775	0.532605991	0.431447559	0.013
2456	0.480149125	0.530594058	0.429704192	0.013
2457	0.478227075	0.52851812	0.42793603	0.013
2458	0.47710065	0.526998503	0.427202797	0.013
2459	0.476204725	0.524519766	0.427889684	0.013
2460	0.476411	0.523658178	0.429163822	0.013
2461	0.47772865	0.526450536	0.429006764	0.013
2462	0.4771932	0.527130422	0.427255978	0.013
2463	0.47743465	0.52624198	0.42862732	0.013
2464	0.47750865	0.525966388	0.429050912	0.013
2465	0.47743415	0.527676634	0.427191666	0.013
2466	0.478991125	0.5311467	0.42683555	0.013
2467	0.478096175	0.529841693	0.426350657	0.013
2468	0.47667985	0.526914135	0.426445565	0.013
2469	0.476651575	0.526030222	0.427272928	0.013
2470	0.475694425	0.525290952	0.426097898	0.013
2471	0.472568725	0.522261793	0.422875657	0.013
2472	0.47027725	0.520524656	0.420029844	0.013
2473	0.47172445	0.523450807	0.419998093	0.013
2474	0.47220795	0.525096423	0.419319477	0.013
2475	0.472316525	0.524451984	0.420181066	0.013
2476	0.473214575	0.525163434	0.421265716	0.013
2477	0.4681135	0.520067861	0.416159139	0.013
2478	0.4621694	0.513881849	0.410456951	0.013
2479	0.4609255	0.510056527	0.411794473	0.013
2480	0.4612439	0.508129104	0.414358696	0.013
2481	0.463390625	0.509457309	0.417323941	0.013
2482	0.464062575	0.510276569	0.417848581	0.013
2483	0.467451475	0.516036718	0.418866232	0.013
2484	0.4765749	0.530339308	0.422810492	0.013
2485	0.48092075	0.532793441	0.429048059	0.013
2486	0.48187525	0.533089701	0.430660799	0.013
2487	0.48997545	0.544169825	0.435781075	0.013
2488	0.500055525	0.558034454	0.442076596	0.013
2489	0.50092035	0.554170205	0.447670495	0.013
2490	0.49977425	0.551224982	0.448323518	0.013
2491	0.498398975	0.553476112	0.443321838	0.013
2492	0.49593235	0.556134846	0.435729854	0.013
2493	0.481952975	0.539059269	0.424846681	0.013
2494	0.46790325	0.526325376	0.409481124	0.013
2495	0.460973175	0.517040359	0.404905991	0.013
2496	0.457595425	0.513851465	0.401339385	0.013
2497	0.4673544	0.521863487	0.412845313	0.013
2498	0.47820185	0.535794084	0.420609616	0.013
2499	0.466254325	0.521365122	0.411143528	0.013
2500	0.4506146	0.503271762	0.397957438	0.013
