Wavelength	Mean	Std+	Std-
350	0.0525393	0.081617839	0.023460761
351	0.0526202	0.081762447	0.023477953
352	0.0522555	0.081408012	0.023102988
353	0.05256	0.081602511	0.023517489
354	0.0527168	0.081713156	0.023720444
355	0.0526712	0.081693558	0.023648842
356	0.0526018	0.081622443	0.023581157
357	0.0524143	0.081476325	0.023352275
358	0.0522849	0.081406216	0.023163584
359	0.0526472	0.081800721	0.023493679
360	0.0529184	0.082190773	0.023646027
361	0.0530008	0.082399307	0.023602293
362	0.0527654	0.082257347	0.023273453
363	0.0529463	0.082560801	0.023331799
364	0.0528227	0.082533145	0.023112255
365	0.0523636	0.08213323	0.02259397
366	0.0528884	0.082638025	0.023138775
367	0.0529859	0.082744986	0.023226814
368	0.0528867	0.082664791	0.023108609
369	0.0530892	0.082846345	0.023332055
370	0.053222	0.082957554	0.023486446
371	0.0532017	0.082957581	0.023445819
372	0.0529021	0.082768619	0.023035581
373	0.0529313	0.082887477	0.022975123
374	0.0530224	0.083094463	0.022950337
375	0.0531396	0.083361541	0.022917659
376	0.0532418	0.083568441	0.022915159
377	0.0535767	0.084018657	0.023134743
378	0.0539196	0.084466227	0.023372973
379	0.0534089	0.083955598	0.022862202
380	0.053236	0.083785384	0.022686616
381	0.0532751	0.083801132	0.022749068
382	0.0535069	0.083947231	0.023066569
383	0.0538472	0.084403987	0.023290413
384	0.053913	0.084657829	0.023168171
385	0.0536205	0.08460885	0.02263215
386	0.0539904	0.085208582	0.022772218
387	0.0541819	0.085584553	0.022779247
388	0.0542219	0.085767702	0.022676098
389	0.0541304	0.085770909	0.022489891
390	0.0543298	0.085942954	0.022716646
391	0.0545018	0.08605617	0.02294743
392	0.054335	0.085866753	0.022803247
393	0.0543639	0.08592412	0.02280368
394	0.0545533	0.086251044	0.022855556
395	0.0548936	0.086849063	0.022938137
396	0.0548055	0.086977124	0.022633876
397	0.0548408	0.087253027	0.022428573
398	0.0549551	0.087593822	0.022316378
399	0.0550505	0.087754376	0.022346624
400	0.0549541	0.087625562	0.022282638
401	0.0548547	0.087461341	0.022248059
402	0.0549292	0.087480146	0.022378254
403	0.0548709	0.087365961	0.022375839
404	0.0548831	0.087339495	0.022426705
405	0.0550243	0.087463728	0.022584872
406	0.0551871	0.087649649	0.022724551
407	0.0552938	0.087813875	0.022773725
408	0.0553471	0.087947887	0.022746313
409	0.055334	0.087995305	0.022672695
410	0.055376	0.088092574	0.022659426
411	0.0554304	0.088190779	0.022670021
412	0.0554522	0.088233592	0.022670808
413	0.0556316	0.088443604	0.022819596
414	0.0557101	0.088542415	0.022877785
415	0.0555846	0.088418127	0.022751073
416	0.0557025	0.088567886	0.022837114
417	0.0558028	0.088695331	0.022910269
418	0.0558722	0.088787169	0.022957231
419	0.0558912	0.088840886	0.022941514
420	0.0559522	0.088947881	0.022956519
421	0.056034	0.08908418	0.02298382
422	0.0561154	0.089230497	0.023000303
423	0.0561106	0.089257689	0.022963511
424	0.0561603	0.089325188	0.022995412
425	0.056338	0.089510754	0.023165246
426	0.0563464	0.089503854	0.023188946
427	0.0563691	0.089534117	0.023204083
428	0.0564278	0.089628313	0.023227287
429	0.0566226	0.089900435	0.023344765
430	0.0566841	0.090070724	0.023297476
431	0.056683	0.090199199	0.023166801
432	0.0567244	0.090383161	0.023065639
433	0.0568495	0.090614191	0.023084809
434	0.0569312	0.090766934	0.023095466
435	0.0568962	0.090759434	0.023032966
436	0.057052	0.090889414	0.023214586
437	0.0571331	0.090949172	0.023317028
438	0.0571288	0.090937317	0.023320283
439	0.0571854	0.091056329	0.023314471
440	0.0572825	0.091219975	0.023345025
441	0.0573973	0.091398332	0.023396268
442	0.0574856	0.091528149	0.023443051
443	0.0574686	0.091541506	0.023395694
444	0.0574596	0.091554983	0.023364217
445	0.0575311	0.091640541	0.023421659
446	0.0576564	0.091820219	0.023492581
447	0.0577729	0.09199136	0.02355444
448	0.0578725	0.092140636	0.023604364
449	0.0579286	0.092240658	0.023616542
450	0.0579594	0.092278976	0.023639824
451	0.0579667	0.092275063	0.023658337
452	0.0579394	0.092258467	0.023620333
453	0.0580207	0.092367632	0.023673768
454	0.0581286	0.092523669	0.023733531
455	0.05821	0.092684145	0.023735855
456	0.0582377	0.092765249	0.023710151
457	0.0582738	0.092853984	0.023693616
458	0.0583298	0.092965171	0.023694429
459	0.0584319	0.093096366	0.023767434
460	0.0585199	0.093219781	0.023820019
461	0.058576	0.093311926	0.023840074
462	0.0585174	0.093270988	0.023763812
463	0.0585354	0.093307151	0.023763649
464	0.0585723	0.093366451	0.023778149
465	0.0585878	0.093414386	0.023761214
466	0.0586587	0.093525552	0.023791848
467	0.0587249	0.093636468	0.023813332
468	0.0587723	0.093732861	0.023811739
469	0.0588472	0.093877351	0.023817049
470	0.058885	0.093968894	0.023801106
471	0.0588959	0.094023961	0.023767839
472	0.0589093	0.094097641	0.023720959
473	0.05899	0.094219997	0.023760003
474	0.0590768	0.094340894	0.023812706
475	0.0591105	0.094409462	0.023811538
476	0.0591965	0.094523736	0.023869264
477	0.0592552	0.094619038	0.023891362
478	0.0592654	0.094679121	0.023851679
479	0.0593035	0.094757298	0.023849702
480	0.0593449	0.094818257	0.023871543
481	0.0593883	0.094865474	0.023911126
482	0.0594292	0.094913863	0.023944537
483	0.0594601	0.094922891	0.023997309
484	0.0594882	0.094932271	0.024044129
485	0.0595206	0.094994884	0.024046316
486	0.0596125	0.095189806	0.024035194
487	0.0597131	0.095409835	0.024016365
488	0.0598073	0.095624683	0.023989917
489	0.0597786	0.095668265	0.023888935
490	0.0597999	0.095721695	0.023878105
491	0.0598653	0.095787864	0.023942736
492	0.0599272	0.095860713	0.023993687
493	0.0599887	0.095954033	0.024023367
494	0.0600499	0.096052601	0.024047199
495	0.0601116	0.096140082	0.024083118
496	0.0601605	0.096214872	0.024106128
497	0.0601961	0.096271601	0.024120599
498	0.0602156	0.096305422	0.024125778
499	0.0603591	0.09647998	0.02423822
500	0.0604405	0.096604752	0.024276248
501	0.0604654	0.096685595	0.024245205
502	0.0605565	0.096854995	0.024258005
503	0.060608	0.096973014	0.024242986
504	0.0606491	0.09706697	0.02423123
505	0.060726	0.097171194	0.024280806
506	0.0608038	0.097271645	0.024335955
507	0.0608527	0.097339695	0.024365705
508	0.0608517	0.097354437	0.024348963
509	0.060936	0.097457161	0.024414839
510	0.0610166	0.09756456	0.02446864
511	0.0610836	0.097665946	0.024501254
512	0.0611002	0.097702131	0.024498269
513	0.0611958	0.097812282	0.024579318
514	0.0613046	0.097932248	0.024676952
515	0.0612933	0.097930168	0.024656432
516	0.0613072	0.097989931	0.024624469
517	0.061363	0.098127435	0.024598565
518	0.0614851	0.098380006	0.024590194
519	0.0615386	0.098537788	0.024539412
520	0.0616019	0.09866609	0.02453771
521	0.0616798	0.098769687	0.024589913
522	0.0617319	0.098828067	0.024635733
523	0.0617741	0.09886427	0.02468393
524	0.0618064	0.098887052	0.024725748
525	0.0618216	0.098909347	0.024733853
526	0.0619028	0.099047301	0.024758299
527	0.061998	0.099215323	0.024780677
528	0.0620802	0.099371071	0.024789329
529	0.0621495	0.099474779	0.024824221
530	0.0622052	0.099536582	0.024873818
531	0.0622464	0.099557769	0.024935031
532	0.062282	0.099602074	0.024961926
533	0.0623314	0.099687918	0.024974882
534	0.0623936	0.099801112	0.024986088
535	0.062473	0.099918566	0.025027434
536	0.062521	0.099980887	0.025061113
537	0.0625771	0.100042571	0.025111629
538	0.0626755	0.100144341	0.025206659
539	0.0627271	0.100223757	0.025230443
540	0.0627549	0.100298624	0.025211176
541	0.062763	0.100372723	0.025153277
542	0.062849	0.10051366	0.02518434
543	0.0628934	0.100590485	0.025196315
544	0.0629223	0.100636713	0.025207887
545	0.0630288	0.100763864	0.025293736
546	0.0630679	0.100821987	0.025313813
547	0.0630977	0.100874312	0.025321088
548	0.0631671	0.100976905	0.025357295
549	0.0632601	0.101096994	0.025423206
550	0.0633193	0.101180868	0.025457732
551	0.0633292	0.101212938	0.025445462
552	0.0634076	0.101319475	0.025495725
553	0.06349	0.101427213	0.025552787
554	0.0635661	0.101525083	0.025607117
555	0.0635818	0.101550858	0.025612742
556	0.063618	0.101596494	0.025639506
557	0.0636793	0.101674431	0.025684169
558	0.0637871	0.101816561	0.025757639
559	0.0637893	0.10187311	0.02570549
560	0.0638144	0.101944087	0.025684713
561	0.0639018	0.102059145	0.025744455
562	0.0639529	0.102121246	0.025784554
563	0.0640052	0.102178766	0.025831634
564	0.0640577	0.102235577	0.025879823
565	0.0640983	0.102309661	0.025886939
566	0.0641729	0.102420843	0.025924957
567	0.0642568	0.102537509	0.025976091
568	0.0643213	0.102617979	0.026024621
569	0.0643265	0.102650577	0.026002423
570	0.0643524	0.102719	0.0259858
571	0.06443	0.102858952	0.026001048
572	0.0645244	0.102978719	0.026070081
573	0.0645566	0.10302309	0.02609011
574	0.0645436	0.103014797	0.026072403
575	0.0646329	0.103130929	0.026134871
576	0.064709	0.103235911	0.026182089
577	0.0647598	0.103320932	0.026198668
578	0.0647485	0.103357588	0.026139412
579	0.0648675	0.103507361	0.026227639
580	0.0649589	0.103621831	0.026295969
581	0.0649545	0.103634473	0.026274527
582	0.0649392	0.103625332	0.026253068
583	0.0650036	0.103690747	0.026316453
584	0.0651345	0.103819739	0.026449261
585	0.0651281	0.10384008	0.02641612
586	0.0651932	0.103914257	0.026472143
587	0.0652742	0.103998841	0.026549559
588	0.0652673	0.104012781	0.026521819
589	0.0652978	0.104119786	0.026475814
590	0.0653538	0.104251341	0.026456259
591	0.0654363	0.104378956	0.026493644
592	0.065451	0.104402471	0.026499529
593	0.0654783	0.104436885	0.026519715
594	0.0655229	0.104493059	0.026552741
595	0.0655539	0.104574488	0.026533312
596	0.0656087	0.104669165	0.026548235
597	0.0656733	0.104768355	0.026578245
598	0.0657218	0.104857007	0.026586593
599	0.0657237	0.10489724	0.02655016
600	0.0657419	0.104965552	0.026518248
601	0.0658218	0.105119719	0.026523881
602	0.0658392	0.105232197	0.026446203
603	0.0658786	0.105338354	0.026418846
604	0.065949	0.10544366	0.02645434
605	0.066006	0.105574491	0.026437509
606	0.0660447	0.105662896	0.026426504
607	0.0660845	0.105739897	0.026429103
608	0.0661777	0.10588178	0.02647362
609	0.0662123	0.105948289	0.026476311
610	0.0662154	0.105978114	0.026452686
611	0.066193	0.105982351	0.026403649
612	0.0663449	0.106141031	0.026548769
613	0.0664508	0.106244491	0.026657109
614	0.0664747	0.106257655	0.026691745
615	0.0665547	0.10632128	0.02678812
616	0.0666058	0.106378864	0.026832736
617	0.0666411	0.106427991	0.026854209
618	0.0666978	0.106456584	0.026939016
619	0.0666424	0.10636205	0.02692275
620	0.0666086	0.106282392	0.026934808
621	0.0667148	0.106336938	0.027092662
622	0.0667635	0.106351763	0.027175237
623	0.0667941	0.106358874	0.027229326
624	0.0668112	0.106362541	0.027259859
625	0.0667715	0.106319591	0.027223409
626	0.0667797	0.10632976	0.02722964
627	0.0668285	0.106382819	0.027274181
628	0.0669135	0.106464743	0.027362257
629	0.0669913	0.106552454	0.027430146
630	0.0670293	0.106606648	0.027451952
631	0.0669781	0.106575043	0.027381157
632	0.0669838	0.106582149	0.027385451
633	0.0670052	0.106603969	0.027406431
634	0.0670342	0.106634887	0.027433513
635	0.0670515	0.106674485	0.027428515
636	0.0670865	0.106738159	0.027434841
637	0.067138	0.106815807	0.027460193
638	0.06721	0.106866503	0.027553497
639	0.0672273	0.106894062	0.027560538
640	0.0672468	0.106938413	0.027555187
641	0.0673315	0.107052099	0.027610901
642	0.0674079	0.10714905	0.02766675
643	0.0674331	0.107192929	0.027673271
644	0.0673897	0.107167816	0.027611584
645	0.0674385	0.107250096	0.027626904
646	0.0675062	0.107368308	0.027644092
647	0.0675782	0.107504395	0.027652005
648	0.0675793	0.107563474	0.027595126
649	0.0676719	0.107733003	0.027610797
650	0.0677891	0.107933547	0.027644653
651	0.0678566	0.108078401	0.027634799
652	0.0679528	0.108233026	0.027672574
653	0.0679867	0.108291952	0.027681448
654	0.0679133	0.108197744	0.027628856
655	0.0680157	0.108396746	0.027634654
656	0.0681145	0.108616585	0.027612415
657	0.0681949	0.108816054	0.027573746
658	0.0682324	0.108838303	0.027626497
659	0.0683006	0.108892956	0.027708244
660	0.0683763	0.108963431	0.027789169
661	0.0684278	0.10903585	0.02781975
662	0.0684499	0.109080831	0.027818969
663	0.0684544	0.109106526	0.027802274
664	0.0684414	0.109110919	0.027771881
665	0.0684741	0.109151468	0.027796732
666	0.0685347	0.109223322	0.027846078
667	0.068614	0.109316349	0.027911651
668	0.0686281	0.109337004	0.027919196
669	0.0686631	0.109381776	0.027944424
670	0.0687162	0.109450253	0.027982147
671	0.0687928	0.109554832	0.028030768
672	0.0687898	0.109572353	0.028007247
673	0.0688024	0.109604947	0.027999853
674	0.0688831	0.109708822	0.028057378
675	0.0689002	0.109749133	0.028051267
676	0.0689358	0.109801403	0.028070197
677	0.0689958	0.109871382	0.028120218
678	0.0690439	0.109941051	0.028146749
679	0.0691089	0.110024226	0.028193574
680	0.0691706	0.110104074	0.028237126
681	0.0691767	0.110134786	0.028218614
682	0.0692158	0.110181338	0.028250262
683	0.0692591	0.110221138	0.028297062
684	0.0692919	0.110239909	0.028343891
685	0.0693343	0.110242524	0.028426076
686	0.069401	0.110343059	0.028458941
687	0.0694894	0.110556224	0.028422576
688	0.0694531	0.110565836	0.028340364
689	0.0694821	0.110622227	0.028341973
690	0.0695319	0.110684628	0.028379172
691	0.0694989	0.110648547	0.028349253
692	0.0695406	0.110697769	0.028383431
693	0.0696041	0.110774522	0.028433678
694	0.0696613	0.11084965	0.02847295
695	0.0697116	0.110907228	0.028515972
696	0.0697586	0.110961614	0.028555586
697	0.0698038	0.111016011	0.028591589
698	0.0698565	0.111086797	0.028626203
699	0.0698666	0.111114585	0.028618615
700	0.0698606	0.111126308	0.028594892
701	0.0699224	0.111205979	0.028638821
702	0.0700246	0.111333512	0.028715688
703	0.0700991	0.111430761	0.028767439
704	0.0700762	0.111418414	0.028733986
705	0.0701056	0.111469636	0.028741564
706	0.0701588	0.111543317	0.028774283
707	0.070233	0.111634642	0.028831358
708	0.0702893	0.111716151	0.028862449
709	0.0703546	0.111796476	0.028912724
710	0.0704276	0.111877914	0.028977286
711	0.0705061	0.111971137	0.029041063
712	0.0705091	0.111992893	0.029025307
713	0.070506	0.112006212	0.029005788
714	0.0705651	0.112071567	0.029058633
715	0.0705798	0.112060087	0.029099513
716	0.0706118	0.112082785	0.029140815
717	0.070683	0.112179304	0.029186696
718	0.0707425	0.112315822	0.029169178
719	0.0708295	0.112474154	0.029184846
720	0.0709177	0.112613482	0.029221918
721	0.0708995	0.112562906	0.029236094
722	0.0709256	0.112571447	0.029279753
723	0.070991	0.112643496	0.029338504
724	0.0711104	0.112820372	0.029400428
725	0.0711381	0.112867447	0.029408753
726	0.0711545	0.112900888	0.029408112
727	0.071181	0.112951729	0.029410271
728	0.0712284	0.113006999	0.029449801
729	0.0712642	0.113061529	0.029466871
730	0.0712983	0.113123418	0.029473182
731	0.0714047	0.113259699	0.029549701
732	0.0714417	0.113312737	0.029570663
733	0.0714657	0.113348901	0.029582499
734	0.071545	0.113446451	0.029643549
735	0.0715658	0.113489595	0.029642005
736	0.0715966	0.113543152	0.029650048
737	0.0716636	0.113632488	0.029694712
738	0.0717177	0.113718485	0.029716915
739	0.0717929	0.113811698	0.029774102
740	0.0718798	0.113906159	0.029853441
741	0.0718769	0.113939282	0.029814518
742	0.0718813	0.113950898	0.029811702
743	0.0719031	0.113971528	0.029834672
744	0.0719708	0.114059687	0.029881913
745	0.0720554	0.114161789	0.029949011
746	0.0721274	0.114249719	0.030005081
747	0.0721706	0.114307804	0.030033396
748	0.0722137	0.114380582	0.030046818
749	0.0722289	0.114418501	0.030039299
750	0.0722231	0.11442781	0.03001839
751	0.0722939	0.114521423	0.030066377
752	0.0723613	0.114599099	0.030123501
753	0.0724135	0.114659751	0.030167249
754	0.0724156	0.114688998	0.030142202
755	0.0724832	0.114786114	0.030180286
756	0.07257	0.114875528	0.030264472
757	0.0726633	0.114916828	0.030409772
758	0.0725981	0.114680672	0.030515528
759	0.072649	0.114719325	0.030578675
760	0.0729166	0.115294326	0.030538874
761	0.0728629	0.115276105	0.030449695
762	0.0728742	0.115317834	0.030430566
763	0.0729082	0.115387088	0.030429312
764	0.0729119	0.115445187	0.030378613
765	0.0729347	0.115480696	0.030388704
766	0.0729779	0.115521779	0.030434021
767	0.0730517	0.115586388	0.030517012
768	0.073143	0.115687596	0.030598404
769	0.0731708	0.115735824	0.030605776
770	0.0731328	0.115727206	0.030538394
771	0.0732562	0.115866411	0.030645989
772	0.0733309	0.115943526	0.030718274
773	0.0733691	0.115980842	0.030757358
774	0.0733825	0.116019009	0.030745991
775	0.0734425	0.11610373	0.03078127
776	0.0734928	0.116183144	0.030802456
777	0.0734889	0.116216891	0.030760909
778	0.0736127	0.116345216	0.030880184
779	0.0737074	0.1164451	0.0309697
780	0.0737441	0.116493934	0.030994266
781	0.0737548	0.116533571	0.030976029
782	0.0738144	0.116617496	0.031011304
783	0.0738848	0.116706001	0.031063599
784	0.0738295	0.116654638	0.031004362
785	0.0738556	0.116702593	0.031008607
786	0.0739272	0.11679532	0.03105908
787	0.0740334	0.116905501	0.031161299
788	0.0740386	0.116928114	0.031149086
789	0.0740875	0.116996118	0.031178882
790	0.0742142	0.117141412	0.031286988
791	0.0742239	0.117187275	0.031260525
792	0.0742576	0.117237273	0.031277927
793	0.0743136	0.117296853	0.031330347
794	0.0743907	0.117395121	0.031386279
795	0.0743939	0.117426782	0.031361018
796	0.0743785	0.117438209	0.031318791
797	0.0743944	0.117468372	0.031320428
798	0.0744858	0.117565296	0.031406304
799	0.0745939	0.117689569	0.031498231
800	0.0747053	0.117834714	0.031575886
801	0.0746698	0.117829184	0.031510416
802	0.074721	0.117899345	0.031542655
803	0.0748208	0.118010842	0.031630758
804	0.0747548	0.11796376	0.03154584
805	0.0748237	0.118046381	0.031601019
806	0.0749236	0.118158875	0.031688325
807	0.0749363	0.118187032	0.031685568
808	0.0750575	0.11833547	0.03177953
809	0.075131	0.118435055	0.031826945
810	0.0750959	0.11842053	0.03177127
811	0.0751532	0.118481986	0.031824414
812	0.0752445	0.118581137	0.031907863
813	0.0753463	0.118696911	0.031995689
814	0.0752863	0.118668463	0.031904137
815	0.0752756	0.118679975	0.031871225
816	0.0753246	0.118745357	0.031903843
817	0.0754832	0.118915609	0.032050791
818	0.0755283	0.118996311	0.032060289
819	0.0755653	0.119068467	0.032062133
820	0.0756325	0.119162436	0.032102564
821	0.0755923	0.119113259	0.032071341
822	0.0756032	0.119130652	0.032075748
823	0.0756749	0.119227117	0.032122683
824	0.0758155	0.119411656	0.032219344
825	0.0759011	0.119533296	0.032268904
826	0.0759809	0.119638325	0.032323475
827	0.0761296	0.119786433	0.032472767
828	0.0760142	0.119685524	0.032342876
829	0.0759467	0.11964239	0.03225101
830	0.0760876	0.119818992	0.032356208
831	0.0761784	0.119925281	0.032431519
832	0.0762061	0.119965946	0.032446254
833	0.0761872	0.119960133	0.032414267
834	0.0763594	0.120171359	0.032547441
835	0.0764223	0.120249563	0.032595037
836	0.0764198	0.120253433	0.032586167
837	0.0763984	0.12025346	0.03254334
838	0.0763584	0.120243182	0.032473618
839	0.0764124	0.120319417	0.032505383
840	0.0766525	0.120563249	0.032741751
841	0.0766172	0.120547338	0.032687062
842	0.0766702	0.120625389	0.032715011
843	0.0768281	0.120811032	0.032845168
844	0.0766861	0.120667305	0.032704895
845	0.0767407	0.120742382	0.032739018
846	0.0768738	0.12091121	0.03283639
847	0.0768175	0.120895681	0.032739319
848	0.0769311	0.121023642	0.032838558
849	0.0770666	0.121160888	0.032972312
850	0.0771243	0.121210643	0.033037957
851	0.0770674	0.121214261	0.032920539
852	0.0771618	0.121327076	0.032996524
853	0.0774372	0.121562382	0.033312018
854	0.0772035	0.121325402	0.033081598
855	0.0771753	0.121343629	0.033006971
856	0.0772769	0.12151187	0.03304193
857	0.0773853	0.121646272	0.033124328
858	0.0774519	0.121733946	0.033169854
859	0.0774975	0.121790546	0.033204454
860	0.0775272	0.121811943	0.033242457
861	0.0775373	0.121848589	0.033226011
862	0.0775717	0.121927878	0.033215522
863	0.0776414	0.122059898	0.033222902
864	0.0777152	0.122165101	0.033265299
865	0.0777146	0.122151895	0.033277305
866	0.0777154	0.122118181	0.033312619
867	0.0780156	0.122443302	0.033587898
868	0.077984	0.122447568	0.033520432
869	0.0779215	0.122416696	0.033426304
870	0.0780774	0.122583969	0.033570831
871	0.0781021	0.122615434	0.033588766
872	0.0781581	0.122674333	0.033641867
873	0.0782863	0.122800483	0.033772117
874	0.0783548	0.122907956	0.033801644
875	0.0783675	0.122952003	0.033782997
876	0.0783214	0.122936829	0.033705971
877	0.0781783	0.122858235	0.033498365
878	0.0782937	0.123001994	0.033585406
879	0.0784791	0.123195403	0.033762797
880	0.0785636	0.123272807	0.033854393
881	0.0786713	0.123424317	0.033918283
882	0.0787493	0.12353229	0.03396631
883	0.0787778	0.12355648	0.03399912
884	0.0787322	0.123523596	0.033940804
885	0.0787408	0.1235644	0.0339172
886	0.0787902	0.123659883	0.033920517
887	0.0787963	0.123696854	0.033895746
888	0.0789853	0.123868665	0.034101935
889	0.0791849	0.124051295	0.034318505
890	0.0791716	0.124085072	0.034258128
891	0.079106	0.124048183	0.034163817
892	0.0790477	0.124027653	0.034067747
893	0.0790181	0.12405672	0.03397948
894	0.0791203	0.12418994	0.03405066
895	0.0792598	0.124344101	0.034175499
896	0.0794252	0.124510928	0.034339472
897	0.0795268	0.124624756	0.034428844
898	0.0795591	0.124654447	0.034463753
899	0.0795345	0.12462078	0.03444822
900	0.0794462	0.124526575	0.034365825
901	0.0795762	0.12468715	0.03446525
902	0.0797267	0.124877131	0.034576269
903	0.0798257	0.125015743	0.034635657
904	0.0799788	0.125311741	0.034645859
905	0.0800516	0.12542721	0.03467599
906	0.0800433	0.125364262	0.034722338
907	0.0799997	0.125289127	0.034710273
908	0.0801026	0.125371779	0.034833421
909	0.0802855	0.125554794	0.035016206
910	0.0804469	0.125765761	0.035128039
911	0.0804103	0.125783056	0.035037544
912	0.0803791	0.125795918	0.034962282
913	0.0804547	0.125895444	0.035013956
914	0.0805067	0.125958443	0.035054957
915	0.0804932	0.125937994	0.035048406
916	0.0804151	0.125839485	0.034990715
917	0.0803485	0.125806823	0.034890177
918	0.0804932	0.125971293	0.035015107
919	0.0807252	0.126241539	0.035208861
920	0.0808356	0.126489262	0.035181938
921	0.080846	0.126528184	0.035163816
922	0.0808184	0.126498129	0.035138671
923	0.0807751	0.126455417	0.035094783
924	0.0810138	0.126693728	0.035333872
925	0.0810719	0.126797203	0.035346597
926	0.080913	0.126736043	0.035089957
927	0.0811827	0.127096196	0.035269204
928	0.0812675	0.127161855	0.035373145
929	0.0812147	0.127046922	0.035382478
930	0.0810944	0.127014896	0.035173904
931	0.0812762	0.127118407	0.035433993
932	0.0814038	0.127124995	0.035682605
933	0.0811186	0.126773327	0.035463873
934	0.0811171	0.126651694	0.035582506
935	0.081107	0.126570067	0.035643933
936	0.0810551	0.126523885	0.035586315
937	0.0816291	0.127096388	0.036161812
938	0.0817677	0.127301253	0.036234147
939	0.0816292	0.127292153	0.035966247
940	0.0815052	0.127396806	0.035613594
941	0.0817472	0.127673493	0.035820907
942	0.0819166	0.127850739	0.035982461
943	0.0816381	0.127668596	0.035607604
944	0.0816472	0.127555023	0.035739377
945	0.0817639	0.127561079	0.035966721
946	0.0819654	0.127708501	0.036222299
947	0.0818622	0.127660904	0.036063496
948	0.0821895	0.128092985	0.036286015
949	0.0827119	0.12873775	0.03668605
950	0.0825436	0.128588117	0.036499083
951	0.0821214	0.128133648	0.036109152
952	0.0819351	0.127940247	0.035929953
953	0.0825848	0.128695277	0.036474323
954	0.0827804	0.128879739	0.036681061
955	0.0826117	0.128730866	0.036492534
956	0.0820525	0.128259372	0.035845628
957	0.0830339	0.129184476	0.036883324
958	0.0834677	0.129621576	0.037313824
959	0.0834754	0.1296827	0.0372681
960	0.0834173	0.129706548	0.037128052
961	0.0830047	0.129222305	0.036787095
962	0.0826283	0.128773339	0.036483261
963	0.0827569	0.129003242	0.036510558
964	0.083134	0.129451389	0.036816611
965	0.0834063	0.129772737	0.037039863
966	0.083463	0.129855897	0.037070103
967	0.0833018	0.129753178	0.036850422
968	0.0831653	0.129644649	0.036685951
969	0.0831317	0.12961449	0.03664891
970	0.0836825	0.130169741	0.037195259
971	0.0838869	0.130425847	0.037347953
972	0.0838314	0.130423506	0.037239294
973	0.0834595	0.130046181	0.036872819
974	0.0837444	0.130372043	0.037116757
975	0.0838606	0.130554233	0.037166967
976	0.0834628	0.130246343	0.036679257
977	0.0837212	0.130457348	0.036985052
978	0.0840192	0.13074562	0.03729278
979	0.0842486	0.130997379	0.037499821
980	0.0837635	0.130453604	0.037073396
981	0.0839811	0.130736367	0.037225833
982	0.0843797	0.131221237	0.037538163
983	0.0842225	0.131017675	0.037427325
984	0.084458	0.131285521	0.037630479
985	0.0845634	0.131422928	0.037703872
986	0.0842945	0.131154357	0.037434643
987	0.0847403	0.131670041	0.037810559
988	0.0845681	0.131601902	0.037534298
989	0.0838495	0.131000418	0.036698582
990	0.0844949	0.131565349	0.037424451
991	0.0849094	0.131938282	0.037880518
992	0.0851786	0.132212128	0.038145072
993	0.0853757	0.132503742	0.038247658
994	0.0849355	0.13214761	0.03772339
995	0.0843976	0.131659081	0.037136119
996	0.0840112	0.131261336	0.036761064
997	0.084342	0.131615206	0.037068794
998	0.0848838	0.132165398	0.037602202
999	0.0855434	0.132810861	0.038275939
1000	0.0854436	0.13262188	0.03826532
1001	0.0879051	0.139392647	0.036417553
1002	0.0880079	0.139534941	0.036480859
1003	0.0881938	0.139782197	0.036605403
1004	0.0882941	0.139905051	0.036683149
1005	0.0882913	0.139889729	0.036692871
1006	0.0883056	0.139910439	0.036700761
1007	0.0883578	0.140024445	0.036691155
1008	0.0884256	0.140149569	0.036701631
1009	0.0885015	0.140243547	0.036759453
1010	0.0885871	0.140334054	0.036840146
1011	0.0886739	0.140432156	0.036915644
1012	0.0887342	0.140515728	0.036952672
1013	0.0887635	0.140576217	0.036950783
1014	0.0887815	0.140569586	0.036993414
1015	0.0888192	0.140571261	0.037067139
1016	0.08893	0.140676292	0.037183708
1017	0.0890592	0.140812976	0.037305424
1018	0.0891185	0.14091692	0.03732008
1019	0.0891945	0.141017225	0.037371775
1020	0.0892829	0.141088815	0.037476985
1021	0.0893435	0.141139224	0.037547776
1022	0.0894037	0.141232101	0.037575299
1023	0.0894461	0.141308098	0.037584102
1024	0.0894624	0.14130538	0.03761942
1025	0.0894813	0.141272653	0.037689947
1026	0.0895174	0.141290396	0.037744404
1027	0.0895567	0.141357643	0.037755757
1028	0.08959	0.141411353	0.037768647
1029	0.0896308	0.141463597	0.037798003
1030	0.0897137	0.141573079	0.037854321
1031	0.0898232	0.14167257	0.03797383
1032	0.0898782	0.141710225	0.038046175
1033	0.089917	0.141770692	0.038063308
1034	0.0900011	0.141909417	0.038092783
1035	0.0901115	0.142089262	0.038133738
1036	0.0902016	0.142216213	0.038186987
1037	0.0902711	0.142288327	0.038253873
1038	0.0903458	0.142358953	0.038332647
1039	0.090426	0.142447207	0.038404793
1040	0.0904964	0.14253848	0.03845432
1041	0.0905581	0.142618335	0.038497865
1042	0.0906113	0.142670579	0.038552021
1043	0.0906598	0.142717514	0.038602086
1044	0.0907072	0.142789742	0.038624658
1045	0.0907557	0.142864931	0.038646469
1046	0.0907983	0.142931824	0.038664776
1047	0.090861	0.143039271	0.038682729
1048	0.0909524	0.14316822	0.03873658
1049	0.0910176	0.143206006	0.038829194
1050	0.0910829	0.143253734	0.038912066
1051	0.09118	0.143412869	0.038947131
1052	0.0912801	0.143599766	0.038960434
1053	0.0913783	0.143782822	0.038973778
1054	0.0914741	0.143941998	0.039006202
1055	0.0915546	0.144045081	0.039064119
1056	0.091622	0.144133497	0.039110503
1057	0.0916723	0.1442276	0.039117
1058	0.0917236	0.144322119	0.039125081
1059	0.0917946	0.144423279	0.039165921
1060	0.0918656	0.144530945	0.039200255
1061	0.0919443	0.144661622	0.039226978
1062	0.0920115	0.144782195	0.039240805
1063	0.0920846	0.144902311	0.039266889
1064	0.0921688	0.145004505	0.039333095
1065	0.092221	0.145059819	0.039382181
1066	0.0922991	0.145177523	0.039420677
1067	0.0923807	0.145307266	0.039454134
1068	0.0924264	0.14536257	0.03949023
1069	0.0924926	0.145430755	0.039554445
1070	0.0926389	0.145611179	0.039666621
1071	0.0927712	0.145783946	0.039758454
1072	0.0927797	0.145784813	0.039774587
1073	0.0927756	0.14575753	0.03979367
1074	0.0928824	0.145899097	0.039865703
1075	0.0930043	0.146088245	0.039920355
1076	0.0930924	0.146226269	0.039958531
1077	0.0931798	0.146345532	0.040014068
1078	0.0932878	0.146473756	0.040101844
1079	0.0934195	0.146618291	0.040220709
1080	0.093517	0.146755319	0.040278681
1081	0.0935458	0.146843358	0.040248242
1082	0.0935788	0.146908642	0.040248958
1083	0.0936569	0.146972323	0.040341477
1084	0.0937357	0.147039075	0.040432325
1085	0.0937887	0.14709325	0.04048415
1086	0.0938407	0.147158501	0.040522899
1087	0.0939112	0.147288978	0.040533422
1088	0.0939862	0.147425026	0.040547374
1089	0.0940895	0.147555989	0.040623011
1090	0.0941987	0.147690274	0.040707126
1091	0.0942702	0.147772312	0.040768088
1092	0.0943264	0.147810142	0.040842658
1093	0.0943833	0.147823422	0.040943178
1094	0.0944394	0.147849898	0.041028902
1095	0.0944757	0.147884168	0.041067232
1096	0.094539	0.147956533	0.041121467
1097	0.0946468	0.148056933	0.041236667
1098	0.0947367	0.148142911	0.041330489
1099	0.0948056	0.148215461	0.041395739
1100	0.0949176	0.148320267	0.041514933
1101	0.0950317	0.14842885	0.04163455
1102	0.0951091	0.148527633	0.041690567
1103	0.0951777	0.148621953	0.041733447
1104	0.0952373	0.148707233	0.041767367
1105	0.0953004	0.148794583	0.041806217
1106	0.0953839	0.148910216	0.041857584
1107	0.0954618	0.14901371	0.04190989
1108	0.0955068	0.149075099	0.041938501
1109	0.0955482	0.149131032	0.041965368
1110	0.0956046	0.149242464	0.041966736
1111	0.0956773	0.149420197	0.041934403
1112	0.0957764	0.14958901	0.04196379
1113	0.0959096	0.14974291	0.04207629
1114	0.0960118	0.14986728	0.04215632
1115	0.096041	0.149906135	0.042175865
1116	0.0960618	0.149912185	0.042211415
1117	0.0960618	0.14985746	0.04226614
1118	0.096073	0.149827012	0.042318988
1119	0.0961678	0.1499347	0.0424009
1120	0.0962689	0.150043287	0.042494513
1121	0.0963482	0.150050897	0.042645503
1122	0.0964266	0.150049506	0.042803694
1123	0.0964748	0.150032221	0.042917379
1124	0.0964986	0.149997429	0.042999771
1125	0.0965247	0.14999511	0.04305429
1126	0.0965747	0.150030391	0.043119009
1127	0.0966322	0.150132104	0.043132296
1128	0.0966854	0.15025769	0.04311311
1129	0.0967758	0.150360507	0.043191093
1130	0.0969076	0.150458499	0.043356701
1131	0.0970158	0.150585129	0.043446471
1132	0.0970803	0.150730102	0.043430498
1133	0.0971481	0.150879706	0.043416494
1134	0.0972145	0.151056404	0.043372596
1135	0.0972757	0.151218216	0.043333184
1136	0.0973747	0.151361906	0.043387494
1137	0.097472	0.151505475	0.043438525
1138	0.0975945	0.151733108	0.043455892
1139	0.097712	0.151954942	0.043469058
1140	0.0977847	0.152061636	0.043507764
1141	0.0978447	0.152148469	0.043540931
1142	0.0979339	0.152254653	0.043613147
1143	0.098037	0.152375598	0.043698402
1144	0.0981309	0.15252494	0.04373686
1145	0.0982234	0.15268704	0.04375976
1146	0.098278	0.152773048	0.043782952
1147	0.0982957	0.152788735	0.043802665
1148	0.098345	0.152853906	0.043836094
1149	0.0984377	0.152989265	0.043886135
1150	0.0985212	0.153099226	0.043943174
1151	0.0985835	0.153147557	0.044019443
1152	0.098647	0.153203607	0.044090393
1153	0.0987478	0.153342418	0.044153182
1154	0.0988514	0.153485948	0.044216852
1155	0.0989865	0.153686652	0.044286348
1156	0.0991139	0.153875911	0.044351889
1157	0.0991643	0.153998767	0.044329833
1158	0.0992111	0.154113212	0.044308988
1159	0.0992819	0.154240898	0.044322902
1160	0.0993539	0.154367252	0.044340548
1161	0.0994571	0.154517743	0.044396457
1162	0.0995674	0.154671265	0.044463535
1163	0.0996729	0.154821455	0.044524345
1164	0.0997749	0.15496879	0.04458101
1165	0.0998571	0.155096305	0.044617895
1166	0.0999174	0.155202622	0.044632178
1167	0.0999838	0.155321743	0.044645857
1168	0.1000625	0.155464067	0.044660933
1169	0.1001374	0.155595881	0.044678919
1170	0.1002052	0.155705839	0.044704561
1171	0.1002782	0.155816005	0.044740395
1172	0.1003798	0.155934635	0.044824965
1173	0.1004787	0.156052215	0.044905185
1174	0.1005405	0.156166631	0.044914369
1175	0.100602	0.156280626	0.044923374
1176	0.1006817	0.156404298	0.044959102
1177	0.1007623	0.156528656	0.044995944
1178	0.1008353	0.156625953	0.045044647
1179	0.1009067	0.15671776	0.04509564
1180	0.1009796	0.156806713	0.045152487
1181	0.1010527	0.156893756	0.045211644
1182	0.1011221	0.156991383	0.045252817
1183	0.1011898	0.1570956	0.045284
1184	0.10128	0.157214483	0.045345517
1185	0.1013918	0.157347453	0.045436147
1186	0.1014849	0.157478256	0.045491544
1187	0.1015516	0.157609511	0.045493689
1188	0.1016355	0.157751128	0.045519872
1189	0.1017584	0.157910107	0.045606693
1190	0.101867	0.158050661	0.045683339
1191	0.1019202	0.15813158	0.04570882
1192	0.1019728	0.158213914	0.045731686
1193	0.1020405	0.158320199	0.045760801
1194	0.1021079	0.158425651	0.045790149
1195	0.1021743	0.158488603	0.045859997
1196	0.1022399	0.158551023	0.045928777
1197	0.1023385	0.158661448	0.046015552
1198	0.1024407	0.158775094	0.046106306
1199	0.1025099	0.158863736	0.046156064
1200	0.1025689	0.158945677	0.046192123
1201	0.1026344	0.159020558	0.046248242
1202	0.1027069	0.159096844	0.046316956
1203	0.1027819	0.159184841	0.046378959
1204	0.1028584	0.159276173	0.046440627
1205	0.1029434	0.159388548	0.046498252
1206	0.1030341	0.159525869	0.046542331
1207	0.1031103	0.159645966	0.046574634
1208	0.1031624	0.159738629	0.046586171
1209	0.1032197	0.159824858	0.046614542
1210	0.1032998	0.159900988	0.046698612
1211	0.1033759	0.159978198	0.046773602
1212	0.1034261	0.160055879	0.046796321
1213	0.1034786	0.16013852	0.04681868
1214	0.1035752	0.160275722	0.046874678
1215	0.1036709	0.160410996	0.046930804
1216	0.1037602	0.160505454	0.047014946
1217	0.1038501	0.160600249	0.047099951
1218	0.1039288	0.160716719	0.047140881
1219	0.1040012	0.160834423	0.047167977
1220	0.1040777	0.160941024	0.047214376
1221	0.1041616	0.161046746	0.047276454
1222	0.1042226	0.161126392	0.047318808
1223	0.1042653	0.161189774	0.047340826
1224	0.1043413	0.161297404	0.047385196
1225	0.1044473	0.16143946	0.04745514
1226	0.104527	0.161530721	0.047523279
1227	0.1045745	0.161567484	0.047581516
1228	0.1046455	0.16164881	0.04764219
1229	0.104763	0.161803691	0.047722309
1230	0.1048651	0.161940379	0.047789821
1231	0.1049214	0.162030409	0.047812391
1232	0.1049871	0.162125988	0.047848212
1233	0.1050884	0.16224042	0.04793638
1234	0.1051846	0.162353201	0.048015999
1235	0.1052555	0.16245645	0.04805455
1236	0.1053251	0.162556529	0.048093671
1237	0.1053895	0.162648031	0.048130969
1238	0.1054547	0.162743173	0.048166227
1239	0.1055295	0.162836617	0.048222383
1240	0.1055989	0.16292012	0.04827768
1241	0.1056876	0.163021014	0.048354186
1242	0.105787	0.163133985	0.048440015
1243	0.1058706	0.163231738	0.048509462
1244	0.105944	0.163315093	0.048572907
1245	0.1060242	0.16341781	0.04863059
1246	0.1061132	0.163541388	0.048685012
1247	0.1061931	0.163663998	0.048722202
1248	0.1062638	0.163788089	0.048739511
1249	0.1063454	0.163904828	0.048785972
1250	0.1064438	0.164009168	0.048878432
1251	0.1065303	0.164106963	0.048953637
1252	0.1065956	0.164189785	0.049001415
1253	0.1066638	0.164278138	0.049049462
1254	0.1067306	0.164390112	0.049071088
1255	0.106801	0.164502359	0.049099641
1256	0.1068755	0.164559611	0.049191389
1257	0.1069492	0.16461672	0.04928168
1258	0.107054	0.164754276	0.049353724
1259	0.1071644	0.164904747	0.049424053
1260	0.107224	0.164986787	0.049461213
1261	0.1072723	0.16504844	0.04949616
1262	0.1073396	0.165092888	0.049586312
1263	0.1074171	0.165155292	0.049678908
1264	0.1075091	0.16527442	0.04974378
1265	0.1076016	0.165399859	0.049803341
1266	0.1076808	0.165484306	0.049877294
1267	0.107756	0.16554855	0.04996345
1268	0.1078126	0.165585629	0.050039571
1269	0.1078623	0.165618899	0.050105701
1270	0.1079369	0.165703757	0.050170043
1271	0.1080259	0.165821669	0.050230131
1272	0.1081116	0.165929431	0.050293769
1273	0.1081992	0.166031337	0.050367063
1274	0.1082786	0.166122839	0.050434361
1275	0.1083493	0.166214864	0.050483736
1276	0.1084301	0.166323011	0.050537189
1277	0.1085279	0.166455389	0.050600411
1278	0.1086194	0.166583835	0.050654965
1279	0.1087041	0.166703769	0.050704431
1280	0.1087927	0.166824722	0.050760678
1281	0.1088806	0.166955025	0.050806175
1282	0.1089683	0.16708997	0.05084663
1283	0.1090792	0.167253521	0.050904879
1284	0.1091905	0.167413215	0.050967785
1285	0.1092851	0.167557235	0.051012965
1286	0.1093884	0.167714489	0.051062311
1287	0.1094813	0.167865705	0.051096895
1288	0.1095571	0.167996654	0.051117546
1289	0.1096733	0.168175123	0.051171477
1290	0.1098125	0.168384612	0.051240388
1291	0.1099233	0.168563211	0.051283389
1292	0.1100155	0.168718415	0.051312585
1293	0.1101111	0.16888119	0.05134101
1294	0.1101993	0.169036192	0.051362408
1295	0.110298	0.169192929	0.051403071
1296	0.110426	0.169371329	0.051480671
1297	0.1105243	0.169516761	0.051531839
1298	0.1105756	0.169622454	0.051528746
1299	0.1106564	0.169768952	0.051543848
1300	0.1107812	0.169948965	0.051613435
1301	0.1109001	0.170111901	0.051688299
1302	0.1110123	0.170258742	0.051765858
1303	0.1111252	0.170404078	0.051846322
1304	0.1112191	0.170517696	0.051920504
1305	0.1113106	0.170631057	0.051990143
1306	0.1114022	0.170774553	0.052029847
1307	0.1115006	0.17092923	0.05207197
1308	0.1115947	0.17106134	0.05212806
1309	0.1116854	0.171184734	0.052186066
1310	0.1117809	0.171284263	0.052277537
1311	0.1118832	0.17138615	0.05238025
1312	0.1119774	0.171475109	0.052479691
1313	0.1120739	0.171566466	0.052581334
1314	0.1121531	0.171647869	0.052658331
1315	0.1122194	0.171715051	0.052723749
1316	0.1122947	0.171768427	0.052820973
1317	0.1123781	0.171830949	0.052925251
1318	0.1124286	0.171860261	0.052996939
1319	0.1124479	0.171837097	0.053058703
1320	0.1125014	0.17186683	0.05313597
1321	0.1126035	0.171985171	0.053221829
1322	0.1126788	0.172059603	0.053297997
1323	0.1127257	0.172066825	0.053384575
1324	0.1128121	0.172109185	0.053515015
1325	0.1129345	0.172206604	0.053662396
1326	0.1130244	0.172283359	0.053765441
1327	0.1130628	0.172311119	0.053814481
1328	0.113103	0.17232658	0.05387942
1329	0.1131356	0.172296344	0.053974856
1330	0.1131759	0.172284042	0.054067758
1331	0.1132642	0.17237339	0.05415501
1332	0.1133525	0.172447941	0.054257059
1333	0.1133967	0.172391841	0.054401559
1334	0.1134356	0.172338658	0.054532542
1335	0.1134744	0.17237402	0.05457478
1336	0.1135181	0.172416332	0.054619868
1337	0.1135851	0.17246172	0.05470848
1338	0.1136536	0.172513337	0.054793863
1339	0.1136954	0.172584529	0.054806271
1340	0.1137354	0.172662917	0.054807883
1341	0.1137652	0.172727291	0.054803109
1342	0.113805	0.172794808	0.054815192
1343	0.1138339	0.172847348	0.054820452
1344	0.1138706	0.172924891	0.054816309
1345	0.1138833	0.172938981	0.054827619
1346	0.1138587	0.172882917	0.054834483
1347	0.1139213	0.172987102	0.054855498
1348	0.114042	0.173198478	0.054885522
1349	0.1140745	0.173255571	0.054893429
1350	0.114017	0.173145881	0.054888119
1351	0.1139612	0.173007451	0.054914949
1352	0.1139397	0.172930649	0.054948751
1353	0.113863	0.172840718	0.054885282
1354	0.1136314	0.172554009	0.054708791
1355	0.1135431	0.172358421	0.054727779
1356	0.1136298	0.172282415	0.054977185
1357	0.1135656	0.172144004	0.054987196
1358	0.1139743	0.172917545	0.055031055
1359	0.1146802	0.173831222	0.055529178
1360	0.1147531	0.173042254	0.056463946
1361	0.1146515	0.172247533	0.057055467
1362	0.1121278	0.170035627	0.054219973
1363	0.1089709	0.167019563	0.050922237
1364	0.1114987	0.169828192	0.053169208
1365	0.1150888	0.173757754	0.056419846
1366	0.1163039	0.172879285	0.059728515
1367	0.1170238	0.171692981	0.062354619
1368	0.1174079	0.173954542	0.060861258
1369	0.1175427	0.175960657	0.059124743
1370	0.1178833	0.17682598	0.05894062
1371	0.1185968	0.177986477	0.059207123
1372	0.118622	0.178203653	0.059040347
1373	0.118039	0.177697292	0.058380708
1374	0.1177048	0.177326093	0.058083507
1375	0.1176202	0.177087271	0.058153129
1376	0.1177934	0.177046747	0.058540053
1377	0.1181872	0.177256845	0.059117555
1378	0.118211	0.177508129	0.058913871
1379	0.117774	0.177394919	0.058153081
1380	0.117477	0.176907188	0.058046812
1381	0.1176845	0.176772148	0.058596852
1382	0.1182305	0.177262186	0.059198814
1383	0.1186668	0.177971708	0.059361892
1384	0.1186149	0.178203418	0.059026382
1385	0.1184297	0.178132663	0.058726737
1386	0.1183316	0.177943284	0.058719916
1387	0.1180491	0.177223563	0.058874637
1388	0.1180059	0.177051406	0.058960394
1389	0.1183526	0.177837236	0.058867964
1390	0.1185738	0.178474615	0.058672985
1391	0.1185426	0.178778096	0.058307104
1392	0.1184278	0.178850634	0.058004966
1393	0.1184318	0.178904631	0.057958969
1394	0.1185716	0.179063641	0.058079559
1395	0.1187164	0.179042553	0.058390247
1396	0.1187423	0.178967918	0.058516682
1397	0.1186773	0.178985588	0.058369012
1398	0.1186566	0.179019134	0.058294066
1399	0.1186394	0.178888269	0.058390531
1400	0.1186379	0.178831057	0.058444743
1401	0.1186428	0.178919168	0.058366432
1402	0.1186123	0.17889517	0.05832943
1403	0.1185916	0.178727245	0.058455955
1404	0.1186298	0.178696692	0.058562908
1405	0.1186725	0.178791498	0.058553502
1406	0.1186442	0.178790871	0.058497529
1407	0.1185755	0.178744698	0.058406302
1408	0.1185424	0.178713163	0.058371637
1409	0.1185482	0.178643913	0.058452487
1410	0.1185828	0.178645265	0.058520335
1411	0.1187246	0.178832349	0.058616851
1412	0.1189058	0.179056859	0.058754741
1413	0.1189617	0.179213468	0.058709932
1414	0.1189263	0.17926498	0.05858762
1415	0.1188495	0.179195512	0.058503488
1416	0.1188082	0.179182916	0.058433484
1417	0.1187948	0.179244905	0.058344695
1418	0.1187353	0.179248833	0.058221767
1419	0.1187331	0.179321505	0.058144695
1420	0.1188027	0.179463905	0.058141495
1421	0.1188714	0.1795386	0.0582042
1422	0.1189106	0.179511197	0.058310003
1423	0.1189468	0.17950967	0.05838393
1424	0.1190203	0.179656388	0.058384212
1425	0.1190934	0.17983598	0.05835082
1426	0.1191377	0.179947008	0.058328392
1427	0.1191349	0.179961075	0.058308725
1428	0.1191064	0.179919589	0.058293211
1429	0.1191157	0.179949956	0.058281444
1430	0.1191468	0.180018561	0.058275039
1431	0.1191892	0.180082989	0.058295411
1432	0.1192405	0.180183164	0.058297836
1433	0.1192934	0.180276427	0.058310373
1434	0.1193687	0.180339425	0.058397975
1435	0.1194219	0.180361114	0.058482686
1436	0.1194814	0.180373381	0.058589419
1437	0.119566	0.180449525	0.058682475
1438	0.1196358	0.180588117	0.058683483
1439	0.1197002	0.180704094	0.058696306
1440	0.119777	0.180791132	0.058762868
1441	0.1198435	0.18086326	0.05882374
1442	0.1198856	0.180875599	0.058895601
1443	0.1199231	0.180890923	0.058955277
1444	0.1200004	0.181036124	0.058964676
1445	0.120092	0.181203378	0.058980622
1446	0.1202043	0.181350515	0.059058085
1447	0.1203042	0.181471662	0.059136738
1448	0.1203838	0.181570093	0.059197507
1449	0.1204538	0.181663839	0.059243761
1450	0.1205251	0.181778667	0.059271533
1451	0.120608	0.181904612	0.059311388
1452	0.1207479	0.182101879	0.059393921
1453	0.1208741	0.18228988	0.05945832
1454	0.1209071	0.182347003	0.059467197
1455	0.1209268	0.182374567	0.059479033
1456	0.1210355	0.182538142	0.059532858
1457	0.1211618	0.182733256	0.059590344
1458	0.1212011	0.182799422	0.059602778
1459	0.1212232	0.182840986	0.059605414
1460	0.1212944	0.182978442	0.059610358
1461	0.1213714	0.18312922	0.05961358
1462	0.1214579	0.183262725	0.059653075
1463	0.1215502	0.183394205	0.059706195
1464	0.1216492	0.183504622	0.059793778
1465	0.121763	0.183617043	0.059908957
1466	0.1218614	0.183736215	0.059986585
1467	0.1219425	0.183849193	0.060035807
1468	0.1220412	0.18395389	0.06012851
1469	0.1221427	0.184038006	0.060247394
1470	0.1222206	0.184103862	0.060337338
1471	0.122289	0.184171074	0.060406926
1472	0.1223633	0.184252699	0.060473901
1473	0.1224556	0.184363444	0.060547756
1474	0.1225411	0.184466858	0.060615342
1475	0.1226176	0.184561968	0.060673232
1476	0.1227057	0.184687463	0.060723937
1477	0.122802	0.184839126	0.060764874
1478	0.1229072	0.184984461	0.060829939
1479	0.1230064	0.185103678	0.060909122
1480	0.1231039	0.185241308	0.060966492
1481	0.1232165	0.185420677	0.061012323
1482	0.123313	0.185573337	0.061052663
1483	0.1233722	0.185659709	0.061084691
1484	0.1234414	0.185745238	0.061137562
1485	0.1235506	0.18587597	0.06122523
1486	0.1236471	0.18600981	0.06128439
1487	0.1237234	0.18614362	0.06130318
1488	0.1238141	0.186279066	0.061349134
1489	0.1239369	0.186427548	0.061446252
1490	0.1240406	0.186568353	0.061512847
1491	0.1240833	0.18665848	0.06150812
1492	0.1241352	0.186749014	0.061521386
1493	0.1242451	0.186897898	0.061592302
1494	0.1243462	0.187037113	0.061655287
1495	0.1244541	0.187175873	0.061732327
1496	0.1245708	0.187331569	0.061810031
1497	0.1246673	0.187486666	0.061847934
1498	0.1247503	0.187618748	0.061881852
1499	0.1248393	0.187739625	0.061938975
1500	0.1249306	0.187867032	0.061994168
1501	0.125008	0.187976427	0.062039573
1502	0.1250851	0.188080418	0.062089782
1503	0.1252034	0.188242341	0.062164459
1504	0.125329	0.188414569	0.062243431
1505	0.1254479	0.18855225	0.06234355
1506	0.1255619	0.188684629	0.062439171
1507	0.1256808	0.188880612	0.062480988
1508	0.1257941	0.189071602	0.062516598
1509	0.1258852	0.189191855	0.062578545
1510	0.1259806	0.189313346	0.062647854
1511	0.1260878	0.189447066	0.062728534
1512	0.1261874	0.189571385	0.062803415
1513	0.1262644	0.189667998	0.062860802
1514	0.1263431	0.189767636	0.062918564
1515	0.1264421	0.189890669	0.062993531
1516	0.1265438	0.190015686	0.063071914
1517	0.1266375	0.190136985	0.063138015
1518	0.1267269	0.19025546	0.06319834
1519	0.1268035	0.19036179	0.06324521
1520	0.1268771	0.190464682	0.063289518
1521	0.1270255	0.190641518	0.063409482
1522	0.1271823	0.190823435	0.063541165
1523	0.1272735	0.190941551	0.063605449
1524	0.1273507	0.191047942	0.063653458
1525	0.127444	0.191199137	0.063688863
1526	0.127549	0.191367851	0.063730149
1527	0.1276339	0.191494083	0.063773717
1528	0.1277093	0.191607173	0.063811427
1529	0.1278136	0.191744211	0.063882989
1530	0.1279248	0.191884323	0.063965277
1531	0.1280075	0.191981754	0.064033246
1532	0.1280868	0.19207543	0.06409817
1533	0.1281838	0.192198176	0.064169424
1534	0.128282	0.19232267	0.06424133
1535	0.1283791	0.192462378	0.064295822
1536	0.1284778	0.192610429	0.064345171
1537	0.1285751	0.192736378	0.064413822
1538	0.1286734	0.192855082	0.064491718
1539	0.1287687	0.192990006	0.064547394
1540	0.1288599	0.193130138	0.064589662
1541	0.1289697	0.193276542	0.064662858
1542	0.1290913	0.193430713	0.064751887
1543	0.129197	0.193562513	0.064831487
1544	0.1292956	0.193683339	0.064907861
1545	0.1293825	0.19379887	0.06496613
1546	0.129463	0.193906092	0.065019908
1547	0.129549	0.194000276	0.065097724
1548	0.1296389	0.194095719	0.065182081
1549	0.1297278	0.194210082	0.065245518
1550	0.1298135	0.194332703	0.065294297
1551	0.1298984	0.194416871	0.065379929
1552	0.1299868	0.194482249	0.065491351
1553	0.1300671	0.194578792	0.065555408
1554	0.130146	0.194698735	0.065593265
1555	0.1302466	0.194817785	0.065675415
1556	0.1303558	0.194928308	0.065783292
1557	0.1304412	0.195027562	0.065854838
1558	0.1305132	0.195121071	0.065905329
1559	0.1305861	0.195203156	0.065969044
1560	0.1306561	0.19527198	0.06604022
1561	0.1307391	0.195388696	0.066089504
1562	0.1308341	0.195541148	0.066127052
1563	0.1309411	0.19570504	0.06617716
1564	0.1310614	0.195880888	0.066241912
1565	0.1311807	0.196012744	0.066348656
1566	0.1312923	0.196109416	0.066475184
1567	0.1314023	0.196227668	0.066576932
1568	0.1315161	0.196367123	0.066665077
1569	0.1315977	0.196470864	0.066724536
1570	0.131651	0.196542016	0.066759984
1571	0.1317202	0.196622019	0.066818381
1572	0.1318087	0.196719481	0.066897919
1573	0.1318909	0.196809673	0.066972127
1574	0.1319665	0.196891988	0.067041012
1575	0.1320564	0.197002174	0.067110626
1576	0.1321541	0.197127363	0.067180837
1577	0.1322393	0.197227663	0.067250937
1578	0.1323193	0.197314237	0.067324363
1579	0.1323701	0.197374019	0.067366181
1580	0.1323967	0.197410927	0.067382473
1581	0.1324986	0.197535239	0.067461961
1582	0.1326562	0.197725424	0.067586976
1583	0.1327756	0.197880145	0.067671055
1584	0.1328681	0.198007175	0.067729025
1585	0.1329739	0.198151871	0.067795929
1586	0.1330883	0.198309659	0.067866941
1587	0.1331981	0.198452154	0.067944046
1588	0.1333032	0.198581574	0.068024826
1589	0.1334112	0.198708941	0.068113459
1590	0.1335233	0.198837756	0.068208844
1591	0.1336424	0.19900457	0.06828023
1592	0.1337653	0.199196233	0.068334367
1593	0.133853	0.199307592	0.068398408
1594	0.1339168	0.199366357	0.068467243
1595	0.1340327	0.199522149	0.068543251
1596	0.1341841	0.199740607	0.068627593
1597	0.1343046	0.199901962	0.068707238
1598	0.1344036	0.200025365	0.068781835
1599	0.1345037	0.200136824	0.068870576
1600	0.134608	0.200244709	0.068971291
1601	0.1347323	0.200422529	0.069042071
1602	0.134868	0.200645625	0.069090375
1603	0.1349802	0.200808544	0.069151856
1604	0.1350798	0.200934512	0.069225088
1605	0.1351846	0.201083557	0.069285643
1606	0.1352901	0.201244043	0.069336157
1607	0.1353906	0.201366213	0.069414987
1608	0.1354904	0.201467999	0.069512801
1609	0.1356018	0.20161879	0.06958481
1610	0.1357188	0.201797211	0.069640389
1611	0.1358424	0.201960183	0.069724617
1612	0.1359712	0.202115678	0.069826722
1613	0.1360699	0.202235845	0.069903955
1614	0.136151	0.202334251	0.069967749
1615	0.1362588	0.202483131	0.070034469
1616	0.1363816	0.202660783	0.070102417
1617	0.1365066	0.202824618	0.070188582
1618	0.1366313	0.202979981	0.070282619
1619	0.1367294	0.203085328	0.070373472
1620	0.1368155	0.203167605	0.070463395
1621	0.1369099	0.203283907	0.070535893
1622	0.1370076	0.20341542	0.07059978
1623	0.1371338	0.203572588	0.070695012
1624	0.1372725	0.203740908	0.070804092
1625	0.1373542	0.203834072	0.070874328
1626	0.1374137	0.203897595	0.070929805
1627	0.1375002	0.203992433	0.071007967
1628	0.1375965	0.204098506	0.071094494
1629	0.137691	0.20423748	0.07114452
1630	0.1377852	0.204387666	0.071182734
1631	0.1378783	0.204507392	0.071249208
1632	0.1379711	0.204617088	0.071325112
1633	0.1380606	0.204724006	0.071397194
1634	0.1381499	0.204830662	0.071469138
1635	0.1382556	0.204964096	0.071547104
1636	0.1383665	0.205106091	0.071626909
1637	0.138491	0.20528196	0.07170004
1638	0.1386203	0.20546861	0.07177199
1639	0.138709	0.205602939	0.071815061
1640	0.138789	0.205726231	0.071851769
1641	0.1388952	0.205852143	0.071938257
1642	0.139009	0.205982225	0.072035775
1643	0.1391082	0.206102074	0.072114326
1644	0.1392037	0.206219023	0.072188377
1645	0.1393269	0.206381564	0.072272236
1646	0.1394557	0.20655256	0.07235884
1647	0.1395373	0.206696277	0.072378323
1648	0.1396124	0.206836866	0.072387934
1649	0.1396602	0.206880601	0.072439799
1650	0.1397059	0.206915558	0.072496242
1651	0.1398294	0.207087097	0.072571703
1652	0.1399601	0.207270602	0.072649598
1653	0.1400187	0.207341671	0.072695729
1654	0.1400733	0.207406604	0.072739996
1655	0.1401533	0.207511292	0.072795308
1656	0.1402333	0.207616195	0.072850405
1657	0.1402743	0.207665974	0.072882626
1658	0.1403135	0.207713598	0.072913402
1659	0.1403506	0.207742227	0.072958973
1660	0.1403909	0.20777509	0.07300671
1661	0.1404474	0.207858805	0.073035995
1662	0.1405054	0.207942254	0.073068546
1663	0.1405907	0.208035	0.0731464
1664	0.1406749	0.208130845	0.073218955
1665	0.1407568	0.208247031	0.073266569
1666	0.1408352	0.208358997	0.073311403
1667	0.1408825	0.208438712	0.073326288
1668	0.1409428	0.208529022	0.073356578
1669	0.1410505	0.208642335	0.073458665
1670	0.1411526	0.208756693	0.073548507
1671	0.1412492	0.20890811	0.07359029
1672	0.1413543	0.209058098	0.073650502
1673	0.1414853	0.209189762	0.073780838
1674	0.1415988	0.209315867	0.073881733
1675	0.1416518	0.209412697	0.073890903
1676	0.1417291	0.209528901	0.073929299
1677	0.1418726	0.209704982	0.074040218
1678	0.1420075	0.2098702	0.0741448
1679	0.142121	0.210008237	0.074233763
1680	0.1422434	0.210162206	0.074324594
1681	0.1423827	0.210344273	0.074421127
1682	0.1425115	0.210518769	0.074504231
1683	0.1426246	0.210684556	0.074564644
1684	0.1427416	0.210848578	0.074634622
1685	0.1428648	0.211005018	0.074724582
1686	0.14298	0.211158904	0.074801096
1687	0.143085	0.211319928	0.074850072
1688	0.1432128	0.211510876	0.074914724
1689	0.14337	0.211729606	0.075010394
1690	0.1435075	0.21189942	0.07511558
1691	0.1436162	0.21201672	0.07521568
1692	0.1437196	0.212168971	0.075270229
1693	0.1438293	0.2123569	0.0753017
1694	0.1439489	0.212517059	0.075380741
1695	0.1440596	0.212641296	0.075477904
1696	0.1441368	0.212767821	0.075505779
1697	0.1442045	0.212909174	0.075499826
1698	0.1443232	0.213069165	0.075577235
1699	0.1444713	0.213241591	0.075701009
1700	0.1445763	0.213384476	0.075768124
1701	0.1446568	0.213512883	0.075800717
1702	0.1447885	0.213690521	0.075886479
1703	0.1449486	0.213889518	0.076007682
1704	0.1450238	0.213978776	0.076068824
1705	0.1450637	0.214027333	0.076100067
1706	0.1451791	0.214172045	0.076186155
1707	0.1453172	0.214341881	0.076292519
1708	0.1453727	0.214442772	0.076302628
1709	0.1454158	0.214542579	0.076289021
1710	0.1455373	0.214683253	0.076391347
1711	0.1456621	0.214817365	0.076506835
1712	0.1457381	0.214905989	0.076570211
1713	0.1458206	0.215002237	0.076638963
1714	0.145899	0.215102608	0.076695392
1715	0.1459736	0.215199635	0.076747565
1716	0.1460587	0.215306658	0.076810742
1717	0.1461424	0.215416861	0.076867939
1718	0.1462399	0.215578764	0.076901036
1719	0.1463348	0.215730575	0.076939025
1720	0.1464063	0.215761026	0.077051574
1721	0.146487	0.215811062	0.077162938
1722	0.1465927	0.215996475	0.077188925
1723	0.1466915	0.216165275	0.077217725
1724	0.1467835	0.216283182	0.077283818
1725	0.1468904	0.216425729	0.077355071
1726	0.1470307	0.216608647	0.077452753
1727	0.1471591	0.216770799	0.077547401
1728	0.1472516	0.21689504	0.07760816
1729	0.147324	0.217001186	0.077646814
1730	0.1473625	0.217079816	0.077645184
1731	0.1474619	0.217226865	0.077696935
1732	0.147678	0.217493546	0.077862454
1733	0.1478344	0.21768268	0.07798612
1734	0.1478673	0.217711382	0.078023218
1735	0.147916	0.217747932	0.078084068
1736	0.1479969	0.217815833	0.078177967
1737	0.1480647	0.217900913	0.078228487
1738	0.148118	0.218002792	0.078233208
1739	0.1481743	0.218068802	0.078279798
1740	0.1482315	0.21809689	0.07836611
1741	0.1482617	0.218133379	0.078390021
1742	0.1482767	0.218179516	0.078373884
1743	0.1483891	0.218301659	0.078476541
1744	0.1485503	0.218470434	0.078630166
1745	0.1485903	0.218492531	0.078688069
1746	0.1485951	0.218468498	0.078721702
1747	0.148657	0.218544386	0.078769614
1748	0.1487165	0.218623324	0.078809676
1749	0.1488041	0.218702767	0.078905433
1750	0.1489113	0.218792902	0.079029698
1751	0.1490628	0.218969928	0.079155672
1752	0.1492274	0.219178401	0.079276399
1753	0.149364	0.219350453	0.079377547
1754	0.1494762	0.219495164	0.079457236
1755	0.1494871	0.219547292	0.079426908
1756	0.1495089	0.219612923	0.079404877
1757	0.1496198	0.219685847	0.079553753
1758	0.1497347	0.219750447	0.079718953
1759	0.1498588	0.219902299	0.079815301
1760	0.1499781	0.220044624	0.079911576
1761	0.1500236	0.220060719	0.079986481
1762	0.1500656	0.220090628	0.080040572
1763	0.150083	0.220152716	0.080013284
1764	0.1501219	0.220227559	0.080016241
1765	0.1502309	0.220325326	0.080136474
1766	0.1503404	0.220425836	0.080254964
1767	0.1504463	0.220527827	0.080364773
1768	0.1505304	0.220607377	0.080453423
1769	0.1505877	0.220683727	0.080491673
1770	0.1506607	0.220805699	0.080515701
1771	0.150754	0.220976396	0.080531604
1772	0.1508701	0.221132825	0.080607375
1773	0.1509937	0.22126018	0.08072722
1774	0.1510973	0.2213838	0.0808108
1775	0.1511887	0.22149907	0.08087833
1776	0.1512539	0.221534879	0.080972921
1777	0.1512944	0.221507385	0.081081415
1778	0.1514113	0.221611451	0.081211149
1779	0.1515987	0.221829644	0.081367756
1780	0.1517432	0.22200541	0.08148099
1781	0.1518429	0.222134723	0.081551077
1782	0.1518003	0.22209231	0.08150829
1783	0.1517349	0.221996655	0.081473145
1784	0.1518524	0.222102597	0.081602203
1785	0.1519958	0.222254904	0.081736696
1786	0.1520312	0.22229771	0.08176469
1787	0.1520654	0.222350867	0.081779933
1788	0.152138	0.222343394	0.081932606
1789	0.1522096	0.222307787	0.082111413
1790	0.1522603	0.222304961	0.082215639
1791	0.1523276	0.222343503	0.082311697
1792	0.1522835	0.22223257	0.08233443
1793	0.1522387	0.222104069	0.082373331
1794	0.1523049	0.222135392	0.082474408
1795	0.1523801	0.222171164	0.082589036
1796	0.1524974	0.222260198	0.082734602
1797	0.1525941	0.2223248	0.0828634
1798	0.1525883	0.22224139	0.08293521
1799	0.1525564	0.222145168	0.082967632
1800	0.1525233	0.222107805	0.082938795
1801	0.1519025	0.229113728	0.074691272
1802	0.1522475	0.229563428	0.074931572
1803	0.1519495	0.229058525	0.074840475
1804	0.1521526	0.229250986	0.075054214
1805	0.152549	0.230125391	0.074972609
1806	0.1523197	0.230586279	0.074053121
1807	0.1523179	0.231741707	0.072894093
1808	0.1535574	0.234636057	0.072478743
1809	0.1544365	0.236489047	0.072383953
1810	0.1544712	0.237606766	0.071335634
1811	0.1541207	0.237586046	0.070655354
1812	0.1532532	0.235617695	0.070888705
1813	0.1527856	0.234394875	0.071176325
1814	0.1537997	0.236081452	0.071517948
1815	0.1553965	0.238625067	0.072167933
1816	0.1551729	0.240535149	0.069810651
1817	0.1522154	0.237810586	0.066620214
1818	0.1526736	0.237398915	0.067948285
1819	0.1562748	0.240470763	0.072078837
1820	0.1547936	0.23682858	0.07275862
1821	0.1492035	0.228835627	0.069571373
1822	0.1464097	0.225239656	0.067579744
1823	0.1505072	0.231203089	0.069811311
1824	0.1568874	0.241780095	0.071994705
1825	0.1599199	0.247589013	0.072250787
1826	0.160417	0.247812962	0.073021038
1827	0.1631825	0.249497995	0.076867005
1828	0.1662513	0.254164768	0.078337832
1829	0.1671289	0.258331317	0.075926483
1830	0.1630503	0.253783708	0.072316892
1831	0.1544708	0.243321665	0.065619935
1832	0.1454654	0.242046006	0.048884794
1833	0.1364454	0.24560338	0.02728742
1834	0.1155932	0.217042105	0.014144295
1835	0.1081768	0.217949953	-0.001596353
1836	0.1091425	0.211352733	0.006932267
1837	0.0969717	0.175964165	0.017979235
1838	0.0920857	0.157362236	0.026809164
1839	0.102915	0.179911988	0.025918012
1840	0.117263	0.212844997	0.021681003
1841	0.1141698	0.212558187	0.015781413
1842	0.1101543	0.214522766	0.005785834
1843	0.1218995	0.23727342	0.00652558
1844	0.122493	0.233566063	0.011419937
1845	0.107281	0.203394187	0.011167813
1846	0.1029919	0.200451301	0.005532499
1847	0.1142995	0.222164452	0.006434548
1848	0.1255064	0.250540811	0.000471989
1849	0.1178607	0.237316409	-0.001595009
1850	0.102366	0.20091747	0.00381453
1851	0.0979315	0.186312916	0.009550084
1852	0.1058838	0.195974258	0.015793342
1853	0.1097542	0.195146825	0.024361575
1854	0.1147304	0.19995529	0.02950551
1855	0.1135376	0.200009314	0.027065886
1856	0.1145289	0.206988137	0.022069663
1857	0.1230157	0.230701071	0.015330329
1858	0.125671	0.240445668	0.010896332
1859	0.1100853	0.216515533	0.003655067
1860	0.1050773	0.210504881	-0.000350281
1861	0.1140441	0.225988191	0.002100009
1862	0.1132017	0.222303298	0.004100102
1863	0.1046941	0.201413907	0.007974293
1864	0.0988195	0.188138331	0.009500669
1865	0.1028725	0.198398388	0.007346612
1866	0.1114604	0.220355617	0.002565183
1867	0.1098789	0.218129583	0.001628217
1868	0.0941948	0.190175842	-0.001786242
1869	0.0760238	0.165796964	-0.013749364
1870	0.0665101	0.148086516	-0.015066316
1871	0.0660781	0.144456896	-0.012300696
1872	0.0921297	0.194811944	-0.010552544
1873	0.1142024	0.232847727	-0.004442927
1874	0.1244899	0.236604795	0.012375005
1875	0.1340977	0.241952747	0.026242653
1876	0.1501937	0.256882352	0.043505048
1877	0.160843	0.267705299	0.053980701
1878	0.158695	0.262860027	0.054529973
1879	0.1573393	0.25950205	0.05517655
1880	0.1524515	0.252975705	0.051927295
1881	0.1475407	0.245116676	0.049964724
1882	0.1462322	0.241823973	0.050640427
1883	0.1440901	0.234693351	0.053486849
1884	0.1414782	0.227930629	0.055025771
1885	0.1425937	0.228813519	0.056373881
1886	0.1458572	0.233698049	0.058016351
1887	0.1467611	0.236460525	0.057061675
1888	0.146374	0.238693739	0.054054261
1889	0.146601	0.241738033	0.051463967
1890	0.1476099	0.24139468	0.05382512
1891	0.1493773	0.241457576	0.057297024
1892	0.1465598	0.23983709	0.05328251
1893	0.142865	0.237866685	0.047863315
1894	0.1405084	0.235179803	0.045836997
1895	0.1391824	0.23383905	0.04452575
1896	0.136783	0.232623184	0.040942816
1897	0.1324197	0.225879849	0.038959551
1898	0.130439	0.220186019	0.040691981
1899	0.1329156	0.227506871	0.038324329
1900	0.1332678	0.232157706	0.034377894
1901	0.1234621	0.212183081	0.034741119
1902	0.1153222	0.197245443	0.033398957
1903	0.1223417	0.209975043	0.034708357
1904	0.1328615	0.229753766	0.035969234
1905	0.1269422	0.223552648	0.030331752
1906	0.1187815	0.213144154	0.024418846
1907	0.1200452	0.212720949	0.027369451
1908	0.1233765	0.214716243	0.032036757
1909	0.1272543	0.21384938	0.04065922
1910	0.1341192	0.216846968	0.051391432
1911	0.1377389	0.218928753	0.056549047
1912	0.1340773	0.213406446	0.054748154
1913	0.1314694	0.209935259	0.053003541
1914	0.134145	0.212121623	0.056168377
1915	0.1361847	0.21368432	0.05868508
1916	0.1425868	0.220735058	0.064438542
1917	0.1507464	0.230889292	0.070603508
1918	0.1553144	0.237505323	0.073123477
1919	0.1555187	0.239372881	0.071664519
1920	0.1554077	0.240287181	0.070528219
1921	0.1567444	0.240878471	0.072610329
1922	0.1580487	0.241661339	0.074436061
1923	0.1586099	0.241981132	0.075238668
1924	0.1589386	0.242299639	0.075577561
1925	0.1575531	0.24036367	0.07474253
1926	0.155847	0.238019976	0.073674024
1927	0.1557915	0.237937539	0.073645461
1928	0.157041	0.239424192	0.074657808
1929	0.1585503	0.241294316	0.075806284
1930	0.1607101	0.244508555	0.076911645
1931	0.1624857	0.247349187	0.077622213
1932	0.1620921	0.247528654	0.076655546
1933	0.1617355	0.247754833	0.075716167
1934	0.1611252	0.24661835	0.07563205
1935	0.1606086	0.245489681	0.075727519
1936	0.1608125	0.24448758	0.07713742
1937	0.1612749	0.243700735	0.078849065
1938	0.161829	0.244255287	0.079402713
1939	0.1622913	0.245746601	0.078835999
1940	0.1629049	0.247117143	0.078692657
1941	0.1637695	0.248263752	0.079275248
1942	0.1643929	0.249108841	0.079676959
1943	0.1638576	0.24874656	0.07896864
1944	0.1633726	0.248435801	0.078309399
1945	0.1633918	0.248811934	0.077971666
1946	0.163446	0.249198162	0.077693838
1947	0.1635408	0.249319529	0.077762071
1948	0.16367	0.249309672	0.078030328
1949	0.1635857	0.24891771	0.07825369
1950	0.1632008	0.247968553	0.078433047
1951	0.1628734	0.247200252	0.078546548
1952	0.1627692	0.247028909	0.078509491
1953	0.1626675	0.246888375	0.078446625
1954	0.1633812	0.247564113	0.079198287
1955	0.164095	0.248252035	0.079937965
1956	0.1648697	0.249146314	0.080593086
1957	0.1656254	0.250074129	0.081176671
1958	0.166202	0.250810943	0.081593057
1959	0.1666288	0.251388796	0.081868804
1960	0.1668256	0.251585535	0.082065665
1961	0.166657	0.251162324	0.082151676
1962	0.166453	0.250765214	0.082140786
1963	0.1659728	0.250327351	0.081618249
1964	0.1655436	0.249939814	0.081147386
1965	0.1661078	0.250760223	0.081455377
1966	0.1666752	0.251578767	0.081771633
1967	0.1670203	0.251765902	0.082274698
1968	0.1672939	0.251762555	0.082825245
1969	0.1675656	0.252137127	0.082994073
1970	0.1678436	0.252822174	0.082865026
1971	0.1682908	0.253625237	0.082956363
1972	0.1690808	0.254683983	0.083477617
1973	0.1697471	0.255550795	0.083943405
1974	0.1697932	0.255360569	0.084225831
1975	0.1698366	0.255182867	0.084490333
1976	0.1699459	0.255217543	0.084674257
1977	0.1700589	0.255264485	0.084853315
1978	0.1700961	0.255345209	0.084846991
1979	0.170094	0.255421257	0.084766743
1980	0.17038	0.255716502	0.085043498
1981	0.170887	0.256202729	0.085571271
1982	0.1712321	0.256617051	0.085847149
1983	0.1713671	0.257030387	0.085703813
1984	0.1715003	0.257400493	0.085600107
1985	0.1716924	0.257458451	0.085926349
1986	0.1718831	0.257516709	0.086249491
1987	0.1719976	0.257527371	0.086467829
1988	0.1720883	0.257538132	0.086638468
1989	0.1721857	0.257687966	0.086683434
1990	0.172259	0.257854306	0.086663694
1991	0.1723528	0.258041265	0.086664335
1992	0.1724924	0.258246398	0.086738402
1993	0.1725883	0.25845686	0.08671974
1994	0.1725259	0.258609377	0.086442423
1995	0.172388	0.258632821	0.086143179
1996	0.1719707	0.258105471	0.085835929
1997	0.1715066	0.257523061	0.085490139
1998	0.1711917	0.256979162	0.085404238
1999	0.1708464	0.25634504	0.08534776
2000	0.1715825	0.257485874	0.085679126
2001	0.1728323	0.259415979	0.086248621
2002	0.1732684	0.260177085	0.086359715
2003	0.1730618	0.260187102	0.085936498
2004	0.1727468	0.259905169	0.085588431
2005	0.1721347	0.25894445	0.08532495
2006	0.1718272	0.258543595	0.085110805
2007	0.1725455	0.25963412	0.08545688
2008	0.1731534	0.260611167	0.085695633
2009	0.172657	0.260040334	0.085273666
2010	0.1721228	0.259397871	0.084847729
2011	0.1722694	0.259178513	0.085360287
2012	0.1725888	0.25917806	0.08599954
2013	0.1729181	0.259581683	0.086254517
2014	0.1732801	0.260366875	0.086193325
2015	0.1736038	0.261266303	0.085941297
2016	0.1739494	0.262126716	0.085772084
2017	0.174332	0.262666925	0.085997075
2018	0.1741843	0.261944284	0.086424316
2019	0.1740324	0.261319066	0.086745734
2020	0.1744248	0.261691388	0.087158212
2021	0.1748296	0.26211316	0.08754604
2022	0.175021	0.262230575	0.087811425
2023	0.1751244	0.262174566	0.088074234
2024	0.1753207	0.262282318	0.088359082
2025	0.1755144	0.262462864	0.088565936
2026	0.1756699	0.262693905	0.088645895
2027	0.1758322	0.263059302	0.088605098
2028	0.1759038	0.263256308	0.088551292
2029	0.1759728	0.263446768	0.088498832
2030	0.1760505	0.263632683	0.088468317
2031	0.1761725	0.263654589	0.088690411
2032	0.1762895	0.263681255	0.088897745
2033	0.1763822	0.26387738	0.08888702
2034	0.1764689	0.264102918	0.088834882
2035	0.1764347	0.264121406	0.088747994
2036	0.176365	0.263993509	0.088736491
2037	0.1763091	0.263843739	0.088774461
2038	0.1762504	0.263688155	0.088812645
2039	0.1763147	0.263702409	0.088926991
2040	0.176428	0.263991997	0.088864003
2041	0.1765202	0.264247106	0.088793294
2042	0.1765028	0.264159337	0.088846263
2043	0.176374	0.26394663	0.08880137
2044	0.1763259	0.263846969	0.088804831
2045	0.1763203	0.263816341	0.088824259
2046	0.176402	0.264002024	0.088801976
2047	0.1764969	0.264204601	0.088789199
2048	0.1766824	0.264401747	0.088963053
2049	0.1767515	0.264435093	0.089067907
2050	0.1768742	0.264541017	0.089207383
2051	0.1769756	0.264701334	0.089249866
2052	0.1770749	0.264877942	0.089271858
2053	0.177334	0.265158915	0.089509085
2054	0.1775807	0.265417132	0.089744268
2055	0.1776853	0.265680376	0.089690224
2056	0.1777818	0.26593797	0.08962563
2057	0.1774976	0.26560688	0.08938832
2058	0.1771871	0.265216191	0.089158009
2059	0.1775255	0.265585171	0.089465829
2060	0.1780654	0.26621473	0.08991607
2061	0.1780483	0.266086778	0.090009822
2062	0.1779414	0.265749594	0.090133206
2063	0.178005	0.265845585	0.090164415
2064	0.1780413	0.266084889	0.089997711
2065	0.17809	0.266215876	0.089964124
2066	0.1782576	0.266388838	0.090126362
2067	0.1783807	0.266453948	0.090307452
2068	0.1783135	0.266383438	0.090243562
2069	0.1782157	0.266335745	0.090095655
2070	0.1778936	0.265929408	0.089857792
2071	0.1775775	0.265485785	0.089669215
2072	0.1776786	0.265475309	0.089881891
2073	0.177907	0.265613336	0.090200664
2074	0.178222	0.266014124	0.090429876
2075	0.1785025	0.266458925	0.090546075
2076	0.1786587	0.26675366	0.09056374
2077	0.1786597	0.266838	0.0904814
2078	0.1784806	0.266582871	0.090378329
2079	0.1782689	0.266193507	0.090344293
2080	0.1782958	0.266189491	0.090402109
2081	0.1785024	0.266496165	0.090508635
2082	0.1787382	0.266782849	0.090693551
2083	0.1792611	0.267261764	0.091260436
2084	0.1797143	0.267650627	0.091777973
2085	0.1795529	0.267375318	0.091730482
2086	0.1793146	0.267052608	0.091576592
2087	0.1794018	0.267300298	0.091503302
2088	0.1795031	0.267526826	0.091479374
2089	0.1795992	0.267628939	0.091569461
2090	0.1798069	0.26789791	0.09171589
2091	0.1799797	0.26807616	0.09188324
2092	0.1802117	0.268419114	0.092004286
2093	0.180454	0.268809834	0.092098166
2094	0.1804101	0.268649801	0.092170399
2095	0.1803461	0.268478701	0.092213499
2096	0.1803606	0.268500022	0.092221178
2097	0.1803749	0.268525961	0.092223839
2098	0.1802606	0.268456802	0.092064398
2099	0.1801048	0.268375359	0.091834241
2100	0.1799628	0.268339113	0.091586487
2101	0.179864	0.268315536	0.091412464
2102	0.1800019	0.268477493	0.091526307
2103	0.1802838	0.26878871	0.09177889
2104	0.1806473	0.269109737	0.092184863
2105	0.1809824	0.269469157	0.092495643
2106	0.1812228	0.269751628	0.092693972
2107	0.1812805	0.269831122	0.092729878
2108	0.1812952	0.269917628	0.092672772
2109	0.1814175	0.270173635	0.092661365
2110	0.1815617	0.270432347	0.092691053
2111	0.1816411	0.270513062	0.092769138
2112	0.1816926	0.27055557	0.09282963
2113	0.1817119	0.270604207	0.092819593
2114	0.1817556	0.270697018	0.092814182
2115	0.1819965	0.270978526	0.093014474
2116	0.1822446	0.271218176	0.093271024
2117	0.1824684	0.271541756	0.093395044
2118	0.1827054	0.271913966	0.093496834
2119	0.1829185	0.27223064	0.09360636
2120	0.1832676	0.272876957	0.093658243
2121	0.1834884	0.273338443	0.093638357
2122	0.1833967	0.273080385	0.093713015
2123	0.183423	0.272945696	0.093900304
2124	0.1837574	0.27340868	0.09410612
2125	0.1840103	0.273766158	0.094254442
2126	0.1839065	0.273650231	0.094162769
2127	0.1837235	0.273442221	0.094004779
2128	0.1835697	0.273208066	0.093931334
2129	0.1835288	0.273095131	0.093962469
2130	0.1839236	0.273645963	0.094201237
2131	0.1843441	0.274213105	0.094475095
2132	0.1845723	0.274314442	0.094830158
2133	0.1845902	0.274243796	0.094936604
2134	0.1845637	0.27416069	0.09496671
2135	0.1848348	0.274351067	0.095318533
2136	0.1849802	0.274525403	0.095434997
2137	0.1847789	0.27436492	0.09519288
2138	0.1846467	0.274184478	0.095108922
2139	0.184762	0.274335517	0.095188483
2140	0.1848661	0.27446314	0.09526906
2141	0.1847033	0.274208301	0.095198299
2142	0.1844304	0.273835424	0.095025376
2143	0.1842255	0.273535849	0.094915151
2144	0.1842125	0.273447209	0.094977791
2145	0.1847453	0.274019604	0.095470996
2146	0.1852923	0.274600063	0.095984537
2147	0.1853373	0.274605585	0.096069015
2148	0.1852634	0.274546402	0.095980398
2149	0.1852795	0.274729421	0.095829579
2150	0.1853644	0.275048757	0.095680043
2151	0.1855137	0.275408245	0.095619155
2152	0.1858662	0.275895322	0.095837078
2153	0.1861541	0.276188174	0.096120026
2154	0.1860277	0.276071163	0.095984237
2155	0.1857884	0.275843608	0.095733192
2156	0.1854265	0.275383548	0.095469452
2157	0.1851009	0.274929982	0.095271818
2158	0.184858	0.274552575	0.095163425
2159	0.1846408	0.274233815	0.095047785
2160	0.1845282	0.274057597	0.094998803
2161	0.1844471	0.27390139	0.09499281
2162	0.1845724	0.273983957	0.095160843
2163	0.1848218	0.274163364	0.095480236
2164	0.1850399	0.274211762	0.095868038
2165	0.1851303	0.274123666	0.096136934
2166	0.1851208	0.274034929	0.096206671
2167	0.1850462	0.273989043	0.096103357
2168	0.1850635	0.274042917	0.096084083
2169	0.1852306	0.274303024	0.096158176
2170	0.1853773	0.274579022	0.096175578
2171	0.1853688	0.274563171	0.096174429
2172	0.1852921	0.274499542	0.096084658
2173	0.1853731	0.274622414	0.096123786
2174	0.1855115	0.274720216	0.096302784
2175	0.1856668	0.274671796	0.096661804
2176	0.1858264	0.274632733	0.097020067
2177	0.1859099	0.274624012	0.097195788
2178	0.1859146	0.274581901	0.097247299
2179	0.1859323	0.274654026	0.097210574
2180	0.1860458	0.274905439	0.097186161
2181	0.1862841	0.275429725	0.097138475
2182	0.1864817	0.275818541	0.097144859
2183	0.1864552	0.275816759	0.097093641
2184	0.1864166	0.275788275	0.097044925
2185	0.1863666	0.275745856	0.096987344
2186	0.1861399	0.275400174	0.096879626
2187	0.1860323	0.275248604	0.096815996
2188	0.1861858	0.275541773	0.096829827
2189	0.1863989	0.275849894	0.096947906
2190	0.1863824	0.275672904	0.097091896
2191	0.1863114	0.275431019	0.097191781
2192	0.1862608	0.275288002	0.097233598
2193	0.1861806	0.275121778	0.097239422
2194	0.1860305	0.275018038	0.097042962
2195	0.1858491	0.274934262	0.096763938
2196	0.1855128	0.274622023	0.096403577
2197	0.1852423	0.274413241	0.096071359
2198	0.1853916	0.27473553	0.09604767
2199	0.1855897	0.274984632	0.096194768
2200	0.185801	0.275094207	0.096507793
2201	0.1860455	0.27523637	0.09685463
2202	0.1859836	0.27513753	0.09682967
2203	0.1856339	0.274757629	0.096510171
2204	0.1855621	0.274603341	0.096520859
2205	0.1858395	0.274777111	0.096901889
2206	0.1860985	0.274992793	0.097204207
2207	0.1863572	0.275240808	0.097473592
2208	0.1865912	0.275443467	0.097738933
2209	0.1867962	0.275711989	0.097880411
2210	0.1870401	0.276046648	0.098033552
2211	0.1873026	0.276241002	0.098364198
2212	0.1875124	0.276333095	0.098691705
2213	0.1875757	0.276359075	0.098792325
2214	0.187607	0.276371426	0.098842574
2215	0.1876763	0.276322391	0.099030209
2216	0.1878118	0.276351643	0.099271957
2217	0.187655	0.276159789	0.099150211
2218	0.1872294	0.275669493	0.098789307
2219	0.1871593	0.275631511	0.098687089
2220	0.1873804	0.276024345	0.098736455
2221	0.187554	0.276398603	0.098709397
2222	0.1878524	0.276878659	0.098826141
2223	0.1880835	0.277248699	0.098918301
2224	0.1880542	0.277278143	0.098830257
2225	0.1881361	0.277381291	0.098890909
2226	0.1882501	0.277377126	0.099123074
2227	0.1882901	0.277230166	0.099350034
2228	0.1882688	0.277009056	0.099528544
2229	0.1882894	0.276958307	0.099620493
2230	0.1884248	0.277145219	0.099704381
2231	0.1885643	0.277311703	0.099816897
2232	0.1886618	0.277526093	0.099797507
2233	0.1887644	0.277767114	0.099761686
2234	0.1889519	0.277897008	0.100006792
2235	0.1891439	0.277968853	0.100318947
2236	0.1891504	0.277913822	0.100386978
2237	0.18909	0.277844297	0.100335703
2238	0.1887615	0.277438075	0.100084925
2239	0.1883576	0.276913519	0.099801681
2240	0.1880918	0.27662179	0.09956181
2241	0.1878668	0.276301108	0.099432492
2242	0.1877968	0.276112556	0.099481044
2243	0.1877865	0.276048765	0.099524235
2244	0.1876409	0.275770361	0.099511439
2245	0.1874487	0.275455045	0.099442355
2246	0.187372	0.275314341	0.099429659
2247	0.1876622	0.275658012	0.099666388
2248	0.1878157	0.275789851	0.099841549
2249	0.1877212	0.27559217	0.09985023
2250	0.1877221	0.275599836	0.099844364
2251	0.1879006	0.275979474	0.099821726
2252	0.1880814	0.276429451	0.099733349
2253	0.1880558	0.276608955	0.099502645
2254	0.1879297	0.276579165	0.099280235
2255	0.1876436	0.276327969	0.098959231
2256	0.1873733	0.276111979	0.098634621
2257	0.1874663	0.276049927	0.098882673
2258	0.1876708	0.276086953	0.099254647
2259	0.1877952	0.276000209	0.099590191
2260	0.1878558	0.275763297	0.099948303
2261	0.1880719	0.276089953	0.100053847
2262	0.1883824	0.276688826	0.100075974
2263	0.1883582	0.276671606	0.100044794
2264	0.1882906	0.276520691	0.100060509
2265	0.188267	0.276452257	0.100081743
2266	0.188256	0.276374253	0.100137747
2267	0.1885274	0.276654197	0.100400603
2268	0.1889267	0.277130316	0.100723084
2269	0.1892069	0.277577765	0.100836035
2270	0.1892187	0.277765472	0.100671928
2271	0.1891508	0.27775098	0.10055062
2272	0.1889065	0.277261557	0.100551443
2273	0.1886926	0.276756282	0.100628918
2274	0.1887902	0.276803405	0.100776995
2275	0.188989	0.277072101	0.100905899
2276	0.1893068	0.277519775	0.101093825
2277	0.1896567	0.278041494	0.101271906
2278	0.1900202	0.278743371	0.101297029
2279	0.1903143	0.279309433	0.101319167
2280	0.1903947	0.279267184	0.101522216
2281	0.1904558	0.27912736	0.10178424
2282	0.1905255	0.278869286	0.102181714
2283	0.1906553	0.278737711	0.102572889
2284	0.1906223	0.278710271	0.102534329
2285	0.1906165	0.278798931	0.102434069
2286	0.1906292	0.278952896	0.102305504
2287	0.1903679	0.278705695	0.102030105
2288	0.1902067	0.278502075	0.101911325
2289	0.1905422	0.278810771	0.102273629
2290	0.1907683	0.278980665	0.102555935
2291	0.1907049	0.278872279	0.102537521
2292	0.190862	0.279198193	0.102525807
2293	0.1910441	0.279739209	0.102348991
2294	0.1912292	0.280027307	0.102431093
2295	0.191246	0.279827684	0.102664316
2296	0.191312	0.279963774	0.102660226
2297	0.1918457	0.280882669	0.102808731
2298	0.1923126	0.281603711	0.103021489
2299	0.1924639	0.28176183	0.10316597
2300	0.1925473	0.281727314	0.103367286
2301	0.1924797	0.281291727	0.103667673
2302	0.1924776	0.280984339	0.103970861
2303	0.1926307	0.281170527	0.104090873
2304	0.1927088	0.281347534	0.104070066
2305	0.1927399	0.281467201	0.104012599
2306	0.1928334	0.28164369	0.10402311
2307	0.1926351	0.281457568	0.103812632
2308	0.1923465	0.281095079	0.103597921
2309	0.1923649	0.281150745	0.103579055
2310	0.192421	0.281273759	0.103568241
2311	0.1922475	0.281090256	0.103404744
2312	0.1921113	0.28107427	0.10314833
2313	0.1921491	0.280930531	0.103367669
2314	0.1923946	0.280959807	0.103829393
2315	0.192794	0.281343363	0.104244637
2316	0.1929358	0.281372695	0.104498905
2317	0.1929022	0.281335009	0.104469391
2318	0.1928348	0.281364213	0.104305387
2319	0.1928635	0.281513286	0.104213714
2320	0.1933371	0.282116527	0.104557673
2321	0.1939128	0.282723123	0.105102477
2322	0.194164	0.282918969	0.105409031
2323	0.1942581	0.283050662	0.105465538
2324	0.1940749	0.282828827	0.105320973
2325	0.1937171	0.282295823	0.105138377
2326	0.1935218	0.282022819	0.105020781
2327	0.1936117	0.282184919	0.105038481
2328	0.1938886	0.282867882	0.104909318
2329	0.1940795	0.283504453	0.104654547
2330	0.1942564	0.283938844	0.104573956
2331	0.1945511	0.284429512	0.104672688
2332	0.1954114	0.285613701	0.105209099
2333	0.1963188	0.28688207	0.10575553
2334	0.1967252	0.28748108	0.10596932
2335	0.1970003	0.28787883	0.10612177
2336	0.1969122	0.287476151	0.106348249
2337	0.1967642	0.286910952	0.106617448
2338	0.1971439	0.287248524	0.107039276
2339	0.1975914	0.287700162	0.107482638
2340	0.1978024	0.288361666	0.107243134
2341	0.1978708	0.289075138	0.106666462
2342	0.1976732	0.288715914	0.106630486
2343	0.1976257	0.288279095	0.106972305
2344	0.1974928	0.287940494	0.107045106
2345	0.1973232	0.287644261	0.107002139
2346	0.1972824	0.287412872	0.107151928
2347	0.1970481	0.287153955	0.106942245
2348	0.1970571	0.287226179	0.106888021
2349	0.1973371	0.287278373	0.107395827
2350	0.1973824	0.28718323	0.10758157
2351	0.1973072	0.287227195	0.107387205
2352	0.1973527	0.287440895	0.107264505
2353	0.197718	0.287908267	0.107527733
2354	0.198203	0.288434254	0.107971746
2355	0.1984623	0.288483535	0.108441065
2356	0.1984651	0.288188005	0.108742195
2357	0.1985226	0.288518599	0.108526601
2358	0.1986586	0.288926267	0.108390933
2359	0.198662	0.288771791	0.108552209
2360	0.1988253	0.288854662	0.108795938
2361	0.1987206	0.28873628	0.10870492
2362	0.198605	0.288738442	0.108471558
2363	0.198766	0.289426407	0.108105593
2364	0.1988016	0.289907634	0.107695566
2365	0.1988211	0.289751582	0.107890618
2366	0.1988184	0.28946665	0.10817015
2367	0.1985086	0.288929534	0.108087666
2368	0.1983724	0.288634175	0.108110625
2369	0.1988934	0.289571272	0.108215528
2370	0.1993509	0.290622481	0.108079319
2371	0.1993947	0.29049212	0.10829728
2372	0.1994456	0.290106828	0.108784372
2373	0.1995295	0.290043017	0.109015983
2374	0.1994053	0.289792155	0.109018445
2375	0.199637	0.29007149	0.10920251
2376	0.2004151	0.291175691	0.109654509
2377	0.2009314	0.291510789	0.110352011
2378	0.2013265	0.291554347	0.111098653
2379	0.2015377	0.291780257	0.111295143
2380	0.2012887	0.291327964	0.111249436
2381	0.201566	0.291857089	0.111274911
2382	0.2018593	0.292797455	0.110921145
2383	0.2016394	0.292722375	0.110556425
2384	0.2019374	0.29302081	0.11085399
2385	0.2024074	0.293655016	0.111159784
2386	0.202468	0.293930444	0.111005556
2387	0.2020369	0.293600965	0.110472835
2388	0.2014617	0.293279606	0.109643794
2389	0.201684	0.293740469	0.109627531
2390	0.2024148	0.294556471	0.110273129
2391	0.2026216	0.294787615	0.110455585
2392	0.2021722	0.294218028	0.110126372
2393	0.2018447	0.294125902	0.109563498
2394	0.2025653	0.295419918	0.109710682
2395	0.2032848	0.296340156	0.110229444
2396	0.2036028	0.296360077	0.110845523
2397	0.2038793	0.296592927	0.111165673
2398	0.2034302	0.296414426	0.110445974
2399	0.2032274	0.296492912	0.109961888
2400	0.2039163	0.297358955	0.110473645
2401	0.2044307	0.29770351	0.11115789
2402	0.2044933	0.297547337	0.111439263
2403	0.2045019	0.297472831	0.111530969
2404	0.2042463	0.296548712	0.111943888
2405	0.2042526	0.295954025	0.112551175
2406	0.2048376	0.296620074	0.113055126
2407	0.2050539	0.296965904	0.113141896
2408	0.203729	0.295484265	0.111973735
2409	0.202408	0.294029929	0.110786071
2410	0.2022789	0.294261	0.1102968
2411	0.2022276	0.29465908	0.10979612
2412	0.2021201	0.295484005	0.108756195
2413	0.2021289	0.296593216	0.107664584
2414	0.2018661	0.296112948	0.107619252
2415	0.2015358	0.295014907	0.108056693
2416	0.2013274	0.293481672	0.109173128
2417	0.2009888	0.291959301	0.110018299
2418	0.200577	0.291739115	0.109414885
2419	0.2003889	0.292055185	0.108722615
2420	0.2018843	0.294460309	0.109308291
2421	0.2033976	0.296771142	0.110024058
2422	0.2031798	0.295947714	0.110411886
2423	0.2028093	0.294935761	0.110682839
2424	0.2028367	0.295063966	0.110609434
2425	0.2032892	0.295812593	0.110765807
2426	0.2039336	0.296928259	0.110938941
2427	0.2040048	0.297175953	0.110833647
2428	0.203228	0.29595243	0.11050357
2429	0.2023898	0.294642951	0.110136649
2430	0.2014531	0.293157309	0.109748891
2431	0.2008686	0.292084823	0.109652377
2432	0.2005089	0.291818638	0.109199162
2433	0.2001502	0.291492669	0.108807731
2434	0.2009701	0.292209333	0.109730867
2435	0.2017743	0.293421455	0.110127145
2436	0.2023892	0.294492321	0.110286079
2437	0.2022978	0.294106439	0.110489161
2438	0.2015971	0.292581065	0.110613135
2439	0.2018207	0.292420556	0.111220844
2440	0.2013881	0.292320536	0.110455664
2441	0.2009005	0.293193114	0.108607886
2442	0.2008828	0.294737111	0.107028489
2443	0.2007235	0.295566615	0.105880385
2444	0.2015454	0.296451722	0.106639078
2445	0.2020605	0.296217064	0.107903936
2446	0.2006402	0.29417316	0.10710724
2447	0.1977773	0.289981774	0.105572826
2448	0.1965181	0.287916289	0.105119911
2449	0.1984018	0.290780522	0.106023078
2450	0.1999054	0.293317724	0.106493076
2451	0.2007256	0.294854585	0.106596615
2452	0.2010449	0.296373181	0.105716619
2453	0.2001797	0.296358905	0.104000495
2454	0.1997735	0.295454653	0.104092347
2455	0.1993166	0.292892237	0.105740963
2456	0.198893	0.290325006	0.107460994
2457	0.1995161	0.289847357	0.109184843
2458	0.2004741	0.290649118	0.110299082
2459	0.2025331	0.294430207	0.110635993
2460	0.2039426	0.297738978	0.110146222
2461	0.2032589	0.296886055	0.109631745
2462	0.2036942	0.296805131	0.110583269
2463	0.2054309	0.298192327	0.112669473
2464	0.2058634	0.298336901	0.113389899
2465	0.2043223	0.29806702	0.11057758
2466	0.2023322	0.297514682	0.107149718
2467	0.2011341	0.295920862	0.106347338
2468	0.2013671	0.296164013	0.106570187
2469	0.1995573	0.296044286	0.103070314
2470	0.1976799	0.294787525	0.100572275
2471	0.1994967	0.294544052	0.104449348
2472	0.2006781	0.294307245	0.107048955
2473	0.2022901	0.29702611	0.10755409
2474	0.2048458	0.301144638	0.108546962
2475	0.204758	0.302049186	0.107466814
2476	0.2032836	0.301352319	0.105214881
2477	0.2024589	0.301691964	0.103225836
2478	0.2022272	0.303102621	0.101351779
2479	0.2009576	0.301974363	0.099940837
2480	0.199498	0.300081921	0.098914079
2481	0.1981578	0.295796586	0.100519014
2482	0.1962951	0.290567544	0.102022656
2483	0.1954479	0.289799127	0.101096673
2484	0.1940813	0.288984682	0.099177918
2485	0.1915013	0.28481507	0.09818753
2486	0.1904467	0.281922525	0.098970875
2487	0.1906316	0.282497993	0.098765207
2488	0.191619	0.285722466	0.097515534
2489	0.1962948	0.293816847	0.098772753
2490	0.1980098	0.298764132	0.097255468
2491	0.1929141	0.288766157	0.097062043
2492	0.1892826	0.277472109	0.101093091
2493	0.1892429	0.273858954	0.104626846
2494	0.1900997	0.276139594	0.104059806
2495	0.1880163	0.276201587	0.099831013
2496	0.1840133	0.274378737	0.093647863
2497	0.1845158	0.280897611	0.088133989
2498	0.1860418	0.287242935	0.084840665
2499	0.186227	0.2843341	0.0881199
2500	0.1876244	0.283961597	0.091287203
