Wavelength	mean	Std+	Std-
350	0.091511	0.125007573	0.058014427
351	0.092013	0.125883714	0.058142286
352	0.091864833	0.125891127	0.057838539
353	0.092497167	0.12694006	0.058054273
354	0.0929495	0.127776314	0.058122686
355	0.093154833	0.128311167	0.0579985
356	0.093249167	0.128683715	0.057814618
357	0.093888	0.129622617	0.058153383
358	0.094648333	0.130712528	0.058584139
359	0.094684333	0.13114878	0.058219887
360	0.0952025	0.132021775	0.058383225
361	0.095686333	0.132843227	0.05852944
362	0.095833667	0.133326317	0.058341017
363	0.096092	0.133983282	0.058200718
364	0.096501667	0.134761929	0.058241405
365	0.097048333	0.135632949	0.058463718
366	0.0973845	0.136232864	0.058536136
367	0.0974435	0.136637299	0.058249701
368	0.097523	0.137120433	0.057925567
369	0.098466833	0.138493909	0.058439758
370	0.098782667	0.139147422	0.058417911
371	0.099021333	0.139776615	0.058266052
372	0.0995405	0.140862712	0.058218288
373	0.100290167	0.142065613	0.058514721
374	0.101080333	0.143381256	0.058779411
375	0.101875833	0.144802697	0.05894897
376	0.102246333	0.145576542	0.058916125
377	0.102880833	0.146717952	0.059043715
378	0.103628	0.148045115	0.059210885
379	0.103952167	0.148923879	0.058980455
380	0.104668333	0.150209097	0.05912757
381	0.105344667	0.151458144	0.059231189
382	0.10559	0.152270345	0.058909655
383	0.106534167	0.153916648	0.059151685
384	0.107383833	0.155442853	0.059324813
385	0.107991167	0.156672852	0.059309481
386	0.108839333	0.158313382	0.059365285
387	0.109883167	0.160136188	0.059630145
388	0.110929833	0.161909214	0.059950452
389	0.1112315	0.16273173	0.05973127
390	0.112203167	0.164237821	0.060168512
391	0.113166833	0.165766239	0.060567427
392	0.1135015	0.166744418	0.060258582
393	0.1140935	0.167996288	0.060190712
394	0.114793167	0.169384515	0.060201818
395	0.11555	0.170842149	0.060257851
396	0.116036333	0.172024231	0.060048436
397	0.1168045	0.173445788	0.060163212
398	0.117670167	0.174920913	0.06041942
399	0.118079833	0.175892868	0.060266798
400	0.118566167	0.176864812	0.060267521
401	0.119079333	0.177833446	0.060325221
402	0.1196315	0.178879155	0.060383845
403	0.120041167	0.179747047	0.060335287
404	0.120455333	0.180602991	0.060307675
405	0.120922833	0.181511706	0.06033396
406	0.121340333	0.182443964	0.060236703
407	0.121860667	0.183460988	0.060260345
408	0.122446333	0.18453096	0.060361707
409	0.122906	0.185508873	0.060303127
410	0.123343	0.186441471	0.060244529
411	0.123779333	0.187357618	0.060201049
412	0.1242575	0.188316258	0.060198742
413	0.1246945	0.18924286	0.06014614
414	0.125114667	0.190126411	0.060102923
415	0.1255315	0.190971858	0.060091142
416	0.126008667	0.191915198	0.060102135
417	0.126405	0.192778289	0.060031711
418	0.126746833	0.193583087	0.059910579
419	0.127277833	0.194554499	0.060001168
420	0.127725833	0.195460606	0.059991061
421	0.1281485	0.196347428	0.059949572
422	0.128626	0.19728535	0.05996665
423	0.129184333	0.198301008	0.060067659
424	0.129655667	0.199216315	0.060095018
425	0.129953667	0.199941902	0.059965431
426	0.130394833	0.200828796	0.059960871
427	0.130860833	0.201744764	0.059976902
428	0.131342	0.202682638	0.060001362
429	0.1318125	0.203650164	0.059974836
430	0.132336333	0.204663145	0.060009522
431	0.132875	0.20568144	0.06006856
432	0.133374667	0.206657099	0.060092234
433	0.1338945	0.207682877	0.060106123
434	0.134385833	0.208660962	0.060110705
435	0.1348245	0.20954514	0.06010386
436	0.135222	0.210363872	0.060080128
437	0.1356375	0.211210541	0.060064459
438	0.136077167	0.212094581	0.060059753
439	0.1365165	0.21295869	0.06007431
440	0.1369385	0.213796722	0.060080278
441	0.1373415	0.214605706	0.060077294
442	0.137716	0.215372341	0.060059659
443	0.138135333	0.216177928	0.060092738
444	0.138530167	0.216970163	0.06009017
445	0.13885	0.217715236	0.059984764
446	0.139260833	0.218544747	0.05997692
447	0.139718	0.219425955	0.060010045
448	0.140215333	0.220356686	0.06007398
449	0.140663167	0.221237267	0.060089066
450	0.141066833	0.222082598	0.060051068
451	0.141447333	0.222911423	0.059983244
452	0.141845333	0.223755861	0.059934806
453	0.142252667	0.224592844	0.059912489
454	0.142651167	0.225417045	0.059885288
455	0.143023333	0.22622067	0.059825997
456	0.143490667	0.227093495	0.059887839
457	0.143885667	0.227877117	0.059894216
458	0.144173167	0.228533625	0.059812708
459	0.144505833	0.229235358	0.059776309
460	0.1448275	0.22989433	0.05976067
461	0.145136	0.2305228	0.0597492
462	0.145409	0.231133937	0.059684063
463	0.145654333	0.231699609	0.059609058
464	0.145901833	0.232255335	0.059548331
465	0.146175667	0.232821834	0.059529499
466	0.146453167	0.233387375	0.059518958
467	0.146738333	0.233951731	0.059524936
468	0.147031167	0.234512289	0.059550044
469	0.147214	0.234998469	0.059429531
470	0.147484167	0.235547386	0.059420948
471	0.147801333	0.236129385	0.059473281
472	0.148014333	0.236640155	0.059388511
473	0.148242	0.237139236	0.059344764
474	0.148487167	0.237652956	0.059321377
475	0.1487615	0.238216071	0.059306929
476	0.148990667	0.238724719	0.059256615
477	0.149239833	0.239252046	0.059227621
478	0.149527833	0.239819305	0.059236362
479	0.149817167	0.240404001	0.059230332
480	0.150076667	0.240947447	0.059205886
481	0.150314	0.241463247	0.059164753
482	0.1505615	0.24202602	0.05909698
483	0.1508765	0.242616742	0.059136258
484	0.151207833	0.243219764	0.059195903
485	0.151489167	0.243807295	0.059171038
486	0.151765	0.244383142	0.059146858
487	0.152082667	0.24500214	0.059163193
488	0.152463167	0.245686586	0.059239747
489	0.1527645	0.246289298	0.059239702
490	0.153066333	0.246916277	0.05921639
491	0.153366167	0.247554738	0.059177595
492	0.153661167	0.248170761	0.059151572
493	0.154009	0.248832314	0.059185686
494	0.15437	0.249511224	0.059228776
495	0.154694167	0.250178633	0.059209701
496	0.1550725	0.250896256	0.059248744
497	0.155429667	0.251581393	0.05927794
498	0.155735667	0.252201004	0.059270329
499	0.156093167	0.252901512	0.059284822
500	0.156460667	0.253597727	0.059323606
501	0.156830333	0.254282805	0.059377861
502	0.157163	0.254949294	0.059376706
503	0.157557167	0.25568111	0.059433223
504	0.157974833	0.256434655	0.059515011
505	0.158374333	0.257162831	0.059585835
506	0.1586625	0.257772467	0.059552533
507	0.1589535	0.258386347	0.059520653
508	0.159300333	0.259063543	0.059537124
509	0.159650167	0.259731896	0.059568438
510	0.159989833	0.260399255	0.059580412
511	0.160321833	0.261069249	0.059574418
512	0.1606765	0.261753211	0.059599789
513	0.1610285	0.262409118	0.059647882
514	0.1613845	0.263064085	0.059704915
515	0.161753833	0.263760285	0.059747382
516	0.162114833	0.2644428	0.059786867
517	0.162470333	0.265118656	0.059822011
518	0.1628155	0.265782467	0.059848533
519	0.163196667	0.266498762	0.059894571
520	0.163574167	0.267206713	0.05994162
521	0.163940333	0.267894883	0.059985784
522	0.164301667	0.268589094	0.060014239
523	0.164640667	0.269261332	0.060020002
524	0.164982	0.269937853	0.060026147
525	0.165380167	0.270671858	0.060088475
526	0.1657435	0.271383559	0.060103441
527	0.166111667	0.272100319	0.060123014
528	0.1665155	0.272850301	0.060180699
529	0.1669455	0.273616315	0.060274685
530	0.167338833	0.27435993	0.060317737
531	0.167689667	0.275078561	0.060300772
532	0.16813	0.275879951	0.060380049
533	0.168569167	0.27667534	0.060462993
534	0.169010167	0.277473677	0.060546657
535	0.1694585	0.278289286	0.060627714
536	0.169884	0.279078439	0.060689561
537	0.170308	0.279869103	0.060746897
538	0.170748333	0.280686937	0.06080973
539	0.1712185	0.281538722	0.060898278
540	0.171717333	0.282421892	0.061012774
541	0.172241333	0.283331435	0.061151232
542	0.172694667	0.284193127	0.061196206
543	0.173189667	0.285092243	0.061287091
544	0.173714333	0.286020383	0.061408284
545	0.174254	0.286988696	0.061519304
546	0.174824333	0.287979414	0.061669253
547	0.175405833	0.288982635	0.061829032
548	0.1759895	0.290001467	0.061977533
549	0.176612833	0.29108024	0.062145426
550	0.1772425	0.292176337	0.062308663
551	0.177871	0.293281448	0.062460552
552	0.178541333	0.294424942	0.062657724
553	0.179243833	0.295610683	0.062876984
554	0.179977667	0.296835133	0.0631202
555	0.1807455	0.298091282	0.063399718
556	0.181511667	0.299363597	0.063659736
557	0.1822875	0.300663887	0.063911113
558	0.1830835	0.302009219	0.064157781
559	0.1839265	0.303387052	0.064465948
560	0.1848015	0.304803893	0.064799107
561	0.185706	0.306260783	0.065151217
562	0.186637	0.307728623	0.065545377
563	0.1875515	0.309197192	0.065905808
564	0.188464667	0.310678965	0.066250368
565	0.189447333	0.312214231	0.066680435
566	0.190422667	0.313743093	0.067102241
567	0.1913995	0.315275302	0.067523698
568	0.192379667	0.316810289	0.067949045
569	0.193405333	0.318365746	0.068444921
570	0.1944335	0.319925371	0.068941629
571	0.195447	0.321478682	0.069415318
572	0.196465333	0.323016671	0.069913995
573	0.197470167	0.324535127	0.070405206
574	0.198464	0.326038126	0.070889874
575	0.199453667	0.327526743	0.071380591
576	0.200472667	0.329031725	0.071913609
577	0.201507833	0.33054106	0.072474606
578	0.202533167	0.332017554	0.07304878
579	0.203510667	0.333457079	0.073564255
580	0.20447	0.334866583	0.074073417
581	0.2054155	0.336236857	0.074594143
582	0.206298833	0.337550936	0.075046731
583	0.207176333	0.338834399	0.075518267
584	0.208052667	0.340092275	0.076013059
585	0.208887833	0.34128699	0.076488677
586	0.209688	0.342446462	0.076929538
587	0.210476833	0.343589166	0.0773645
588	0.211265167	0.344698264	0.077832069
589	0.212003833	0.345715695	0.078291972
590	0.212734667	0.346726345	0.078742988
591	0.2134625	0.34775239	0.07917261
592	0.214135333	0.348714762	0.079555904
593	0.214778667	0.349640414	0.079916919
594	0.215401333	0.35054035	0.080262316
595	0.21603	0.351426163	0.080633837
596	0.2166215	0.352275546	0.080967454
597	0.217182333	0.353089723	0.081274943
598	0.2177035	0.353842526	0.081564474
599	0.218281	0.354630948	0.081931052
600	0.218830333	0.355391173	0.082269494
601	0.219285167	0.356064705	0.082505628
602	0.219818833	0.356763298	0.082874368
603	0.220299667	0.357415181	0.083184153
604	0.220711667	0.358010899	0.083412434
605	0.221075333	0.358549952	0.083600714
606	0.221463	0.359097202	0.083828798
607	0.221859667	0.35964455	0.084074783
608	0.222211	0.360142137	0.084279863
609	0.222515833	0.360579365	0.084452302
610	0.222813	0.361013988	0.084612012
611	0.223125	0.361482952	0.084767048
612	0.223421167	0.36189594	0.084946394
613	0.223714833	0.362317807	0.08511186
614	0.224006	0.362758331	0.085253669
615	0.2242675	0.363172814	0.085362186
616	0.2245055	0.363550522	0.085460478
617	0.224733833	0.363910755	0.085556912
618	0.224997833	0.364313682	0.085681985
619	0.225234667	0.364675195	0.085794138
620	0.225465833	0.365040139	0.085891527
621	0.225705	0.365445711	0.085964289
622	0.225916667	0.36582426	0.086009073
623	0.2261335	0.366190281	0.086076719
624	0.226360667	0.366542623	0.086178711
625	0.226573833	0.366899013	0.086248653
626	0.226800667	0.367274929	0.086326404
627	0.227032	0.367660048	0.086403952
628	0.227239833	0.368034412	0.086445254
629	0.227474667	0.368432319	0.086517015
630	0.227698333	0.368806351	0.086590315
631	0.2278715	0.369102839	0.086640161
632	0.2279955	0.369346884	0.086644116
633	0.22815	0.369630568	0.086669432
634	0.2283535	0.369975852	0.086731148
635	0.228546333	0.370314811	0.086777856
636	0.228732833	0.370647953	0.086817714
637	0.228922	0.370984936	0.086859064
638	0.229153167	0.371365526	0.086940807
639	0.2293605	0.371725623	0.086995377
640	0.229562833	0.372074327	0.08705134
641	0.2297765	0.372412869	0.087140131
642	0.2300245	0.372780159	0.087268841
643	0.230241667	0.373122427	0.087360906
644	0.230409333	0.37342605	0.087392617
645	0.230633833	0.373753211	0.087514456
646	0.230857	0.374060052	0.087653948
647	0.231079667	0.374352568	0.087806766
648	0.231314	0.374665037	0.087962963
649	0.231563667	0.37499417	0.088133164
650	0.231822333	0.375334482	0.088310185
651	0.2320915	0.375691858	0.088491142
652	0.232350333	0.37605941	0.088641257
653	0.232595333	0.376418947	0.088771719
654	0.232826167	0.376768468	0.088883866
655	0.233074833	0.377079039	0.089070628
656	0.233361833	0.377424596	0.089299071
657	0.233664167	0.377793144	0.089535189
658	0.233913667	0.378200367	0.089626967
659	0.234148667	0.378577425	0.089719908
660	0.234389167	0.378947173	0.089831161
661	0.234672	0.379338314	0.090005686
662	0.234919667	0.379709929	0.090129404
663	0.235169667	0.380085183	0.09025415
664	0.235437	0.380472104	0.090401896
665	0.235690167	0.380834229	0.090546104
666	0.23594	0.381194071	0.090685929
667	0.236190167	0.381557054	0.090823279
668	0.2364615	0.381943504	0.090979496
669	0.236700833	0.38228883	0.091112836
670	0.236943	0.382629596	0.091256404
671	0.237255333	0.383030774	0.091479893
672	0.237555667	0.383424594	0.09168674
673	0.237823833	0.383794122	0.091853545
674	0.238038167	0.384122381	0.091953953
675	0.238308333	0.384482115	0.092134551
676	0.238583	0.384833263	0.092332737
677	0.2388545	0.385171272	0.092537728
678	0.239096833	0.385509178	0.092684488
679	0.2393775	0.385872589	0.092882411
680	0.239680167	0.386249654	0.093110679
681	0.239983833	0.386626722	0.093340944
682	0.2402225	0.386953159	0.093491841
683	0.2404685	0.387284088	0.093652912
684	0.240774167	0.387662216	0.093886117
685	0.241023667	0.38802402	0.094023313
686	0.241306	0.388356691	0.094255309
687	0.241628167	0.388648391	0.094607942
688	0.241967	0.389037692	0.094896308
689	0.242308667	0.389447051	0.095170282
690	0.2426485	0.389859403	0.095437597
691	0.243001667	0.390268831	0.095734502
692	0.243348667	0.390684178	0.096013156
693	0.243713333	0.391117423	0.096309244
694	0.244115667	0.391581298	0.096650036
695	0.244544167	0.392072454	0.09701588
696	0.244938667	0.392541851	0.097335482
697	0.245298667	0.392990415	0.097606919
698	0.2456975	0.393439488	0.097955512
699	0.246116667	0.39388538	0.098347954
700	0.246539333	0.394326354	0.098752312
701	0.246910667	0.39475849	0.099062843
702	0.247374833	0.395252789	0.099496877
703	0.247830833	0.395739931	0.099921736
704	0.248200833	0.396171448	0.100230219
705	0.248622667	0.396632567	0.100612767
706	0.249068	0.39711303	0.10102297
707	0.2495335	0.39761198	0.10145502
708	0.249995167	0.398124533	0.1018658
709	0.250448	0.398627503	0.102268497
710	0.250895333	0.399118066	0.102672601
711	0.2513485	0.399578408	0.103118592
712	0.251794667	0.400041865	0.103547469
713	0.2522195	0.400490618	0.103948382
714	0.252598667	0.400900933	0.1042964
715	0.252938	0.401239763	0.104636237
716	0.253292833	0.401583713	0.105001953
717	0.2536755	0.401948059	0.105402941
718	0.254166667	0.402408542	0.105924791
719	0.254679667	0.402905827	0.106453506
720	0.255163167	0.403399546	0.106926788
721	0.255596667	0.403928774	0.107264559
722	0.256000167	0.404378037	0.107622297
723	0.256422333	0.404810693	0.108033974
724	0.2568745	0.405227318	0.108521682
725	0.257296167	0.40566146	0.108930873
726	0.257710167	0.406089753	0.109330581
727	0.258127167	0.406510213	0.10974412
728	0.258532833	0.406934924	0.110130743
729	0.258967667	0.407392501	0.110542832
730	0.2594185	0.40786692	0.11097008
731	0.259855333	0.408307052	0.111403614
732	0.260245833	0.408725689	0.111765978
733	0.260623	0.409143226	0.112102774
734	0.2610355	0.409603269	0.112467731
735	0.261426333	0.409996486	0.112856181
736	0.261797167	0.410371669	0.113222664
737	0.262143333	0.410739404	0.113547263
738	0.262509667	0.411154327	0.113865006
739	0.2628525	0.411544763	0.114160237
740	0.263169833	0.411903038	0.114436629
741	0.263462	0.412188944	0.114735056
742	0.263764	0.412499911	0.115028089
743	0.264051667	0.412808243	0.11529509
744	0.264278	0.413069169	0.115486831
745	0.2645355	0.413367063	0.115703937
746	0.264811167	0.413678059	0.115944274
747	0.2651065	0.413996246	0.116216754
748	0.265324	0.41424727	0.11640073
749	0.265578167	0.41455344	0.116602893
750	0.26587	0.414912217	0.116827783
751	0.266141667	0.415237767	0.117045567
752	0.266378833	0.415526732	0.117230934
753	0.266585667	0.415787983	0.11738335
754	0.266752833	0.41602402	0.117481647
755	0.2669635	0.416281683	0.117645317
756	0.267157167	0.416535853	0.11777848
757	0.267306333	0.416792518	0.117820148
758	0.267237	0.416916594	0.117557406
759	0.2672345	0.417023526	0.117445474
760	0.2674265	0.41705271	0.11780029
761	0.267414	0.417011746	0.117816254
762	0.267598833	0.41721561	0.117982057
763	0.267876833	0.417527116	0.118226551
764	0.268136167	0.417795694	0.118476639
765	0.268414167	0.418142554	0.11868578
766	0.268682	0.418509345	0.118854655
767	0.268962667	0.418927715	0.118997619
768	0.269204833	0.419245539	0.119164127
769	0.269388833	0.419507062	0.119270605
770	0.269517167	0.419723041	0.119311292
771	0.2696795	0.419970021	0.119388979
772	0.269862833	0.420239205	0.119486461
773	0.270043833	0.420511375	0.119576292
774	0.270147833	0.420720348	0.119575319
775	0.270298167	0.420940018	0.119656316
776	0.2704515	0.421165236	0.119737764
777	0.270578167	0.421396031	0.119760302
778	0.270700167	0.421618189	0.119782144
779	0.270841333	0.421850177	0.11983249
780	0.271004833	0.422094698	0.119914969
781	0.271106167	0.422314074	0.119898259
782	0.271223667	0.422532322	0.119915011
783	0.271350167	0.422745375	0.119954958
784	0.271459167	0.422933436	0.119984898
785	0.271528333	0.423111492	0.119945174
786	0.271597333	0.423294609	0.119900058
787	0.271699667	0.423496422	0.119902911
788	0.27185	0.423719408	0.119980592
789	0.271955333	0.423891586	0.120019081
790	0.2719915	0.423992051	0.119990949
791	0.272173167	0.424314137	0.120032197
792	0.272321833	0.424583924	0.120059742
793	0.2724435	0.424812409	0.120074591
794	0.272557667	0.425044127	0.120071206
795	0.272627	0.42521419	0.12003981
796	0.272697	0.425398847	0.119995153
797	0.272815333	0.42568434	0.119946327
798	0.2729695	0.425924691	0.120014309
799	0.273104667	0.426148938	0.120060395
800	0.273201833	0.426357667	0.120046
801	0.273318833	0.426621891	0.120015775
802	0.273429167	0.426854832	0.120003501
803	0.273530833	0.427062705	0.119998961
804	0.273606667	0.427272241	0.119941092
805	0.2737525	0.427537196	0.119967804
806	0.273900333	0.427802191	0.119998476
807	0.273965833	0.427998342	0.119933324
808	0.274029333	0.428185981	0.119872686
809	0.274085167	0.428357669	0.119812665
810	0.27413	0.428507054	0.119752946
811	0.274214333	0.428680336	0.11974833
812	0.274277333	0.428830972	0.119723694
813	0.274324333	0.428963899	0.119684767
814	0.274409167	0.429111408	0.119706925
815	0.274463833	0.429267801	0.119659866
816	0.274523667	0.42944772	0.119599613
817	0.274649167	0.429686358	0.119611976
818	0.274747833	0.42990236	0.119593306
819	0.274857333	0.430112032	0.119602634
820	0.274997	0.430327694	0.119666306
821	0.274915	0.430308457	0.119521543
822	0.274913	0.430386508	0.119439492
823	0.2750125	0.430574038	0.119450962
824	0.275215	0.430872447	0.119557553
825	0.275244833	0.430996461	0.119493206
826	0.275221	0.431058686	0.119383314
827	0.275302	0.431181031	0.119422969
828	0.275328833	0.431276885	0.119380781
829	0.275358667	0.431387998	0.119329336
830	0.275420167	0.431541394	0.119298939
831	0.2755	0.431671682	0.119328318
832	0.275585	0.431829734	0.119340266
833	0.275675	0.432016115	0.119333885
834	0.275808167	0.432224943	0.11939139
835	0.275929167	0.432412295	0.119446039
836	0.2760355	0.432581176	0.119489824
837	0.276110667	0.432725511	0.119495822
838	0.276128833	0.43281892	0.119438747
839	0.276152833	0.432897238	0.119408429
840	0.2762175	0.432976202	0.119458798
841	0.276269833	0.433106029	0.119433638
842	0.276321167	0.433217626	0.119424707
843	0.276372333	0.433304434	0.119440233
844	0.276421667	0.433378068	0.119465266
845	0.276465667	0.433469837	0.119461496
846	0.276519333	0.43357202	0.119466646
847	0.276632333	0.433676467	0.119588199
848	0.276622333	0.433740113	0.119504554
849	0.276615833	0.433801084	0.119430583
850	0.276701333	0.433881236	0.11952143
851	0.2767315	0.433927044	0.119535956
852	0.276768167	0.434007537	0.119528797
853	0.276824833	0.434138497	0.119511169
854	0.276947167	0.434296249	0.119598084
855	0.276979333	0.43431818	0.119640486
856	0.276969667	0.434284071	0.119655263
857	0.277035833	0.434389506	0.11968216
858	0.277099833	0.434509267	0.1196904
859	0.277140833	0.434606892	0.119674774
860	0.277128667	0.434639789	0.119617545
861	0.2773205	0.434772283	0.119868717
862	0.277430833	0.434880147	0.11998152
863	0.277406833	0.434942353	0.119871313
864	0.277499333	0.435102923	0.119895744
865	0.277597	0.435283498	0.119910502
866	0.277692667	0.435464598	0.119920736
867	0.2777515	0.435556922	0.119946078
868	0.277832833	0.435607201	0.120058466
869	0.277918833	0.435658781	0.120178885
870	0.277999	0.435754392	0.120243608
871	0.2780155	0.435828498	0.120202502
872	0.278069167	0.435930023	0.12020831
873	0.2781885	0.436073936	0.120303064
874	0.278272167	0.436160313	0.12038402
875	0.278350333	0.436250026	0.120450641
876	0.278420167	0.436334144	0.12050619
877	0.278465	0.436372067	0.120557933
878	0.278512333	0.436438326	0.12058634
879	0.278583667	0.436529813	0.120637521
880	0.2787135	0.436654906	0.120772094
881	0.2787025	0.436645178	0.120759822
882	0.278702	0.436651805	0.120752195
883	0.278754333	0.436718787	0.120789879
884	0.278869167	0.436826286	0.120912048
885	0.278912	0.436861647	0.120962353
886	0.278913333	0.436858468	0.120968199
887	0.279068333	0.437028778	0.121107889
888	0.279176667	0.437179618	0.121173715
889	0.2792565	0.43731754	0.12119546
890	0.2793145	0.437441706	0.121187294
891	0.279424	0.43748393	0.12136407
892	0.279528833	0.437543069	0.121514598
893	0.279608833	0.437656354	0.121561313
894	0.279611	0.437603691	0.121618309
895	0.2796085	0.43762606	0.12159094
896	0.279611333	0.437726962	0.121495705
897	0.279695833	0.437798171	0.121593495
898	0.279939667	0.438052021	0.121827312
899	0.280184	0.438327219	0.122040781
900	0.2801355	0.438333664	0.121937336
901	0.280259333	0.43850134	0.122017327
902	0.280361833	0.438633683	0.122089984
903	0.280369167	0.438652311	0.122086022
904	0.280542167	0.438789528	0.122294805
905	0.280729333	0.438972845	0.122485822
906	0.280922833	0.439190672	0.122654995
907	0.281054	0.439290374	0.122817626
908	0.281149833	0.43947475	0.122824917
909	0.281230667	0.439673318	0.122788016
910	0.281329167	0.439731479	0.122926854
911	0.281432833	0.439834069	0.123031597
912	0.281559167	0.439992643	0.12312569
913	0.281725	0.440230857	0.123219143
914	0.2818615	0.440397369	0.123325631
915	0.2819785	0.44056725	0.12338975
916	0.282091667	0.440754065	0.123429268
917	0.282403	0.441072764	0.123733236
918	0.282669167	0.441358908	0.123979425
919	0.282854167	0.44156645	0.124141883
920	0.282834	0.441549236	0.124118764
921	0.283020667	0.441725151	0.124316182
922	0.283283	0.442009682	0.124556318
923	0.2835745	0.442399225	0.124749775
924	0.283642	0.442628924	0.124655076
925	0.283756667	0.442763322	0.124750012
926	0.283946333	0.442807025	0.125085642
927	0.2839765	0.442874578	0.125078422
928	0.284151167	0.44302808	0.125274254
929	0.284390333	0.443226818	0.125553848
930	0.284391	0.443310075	0.125471925
931	0.284549	0.443611807	0.125486193
932	0.284775333	0.444016885	0.125533782
933	0.284984333	0.444403281	0.125565386
934	0.285134333	0.444757513	0.125511154
935	0.285326167	0.445150971	0.125501362
936	0.285568167	0.445550491	0.125585842
937	0.285938	0.445722897	0.126153103
938	0.285854	0.445620222	0.126087778
939	0.285576167	0.44541927	0.125733064
940	0.285668167	0.445522906	0.125813427
941	0.2857385	0.44550545	0.12597155
942	0.285845333	0.44551312	0.126177546
943	0.286054	0.445668836	0.126439164
944	0.286507333	0.446143	0.126871667
945	0.2867895	0.44643173	0.12714727
946	0.286798	0.446417281	0.127178719
947	0.287055167	0.446899654	0.127210679
948	0.287431333	0.44728935	0.127573317
949	0.287730167	0.447501357	0.127958976
950	0.2871155	0.447112419	0.127118581
951	0.287202167	0.447028021	0.127376312
952	0.287517333	0.447124637	0.12791003
953	0.287729333	0.44737823	0.128080437
954	0.2879225	0.447560973	0.128284027
955	0.288087833	0.447768684	0.128406983
956	0.288222	0.448026501	0.128417499
957	0.287870333	0.447703199	0.128037468
958	0.287877333	0.447684514	0.128070152
959	0.288119833	0.447853858	0.128385808
960	0.288166667	0.44778028	0.128553054
961	0.2880015	0.447631804	0.128371196
962	0.287981333	0.447612228	0.128350439
963	0.288576167	0.448013811	0.129138522
964	0.288980167	0.448306564	0.129653769
965	0.2891545	0.448468782	0.129840218
966	0.2890655	0.448480733	0.129650267
967	0.289260333	0.448661884	0.129858783
968	0.289431333	0.44883296	0.130029707
969	0.289579333	0.449007479	0.130151188
970	0.2897205	0.449275896	0.130165104
971	0.290313	0.449826335	0.130799665
972	0.290859	0.450304925	0.131413075
973	0.2906635	0.4501921	0.1311349
974	0.290784833	0.450599741	0.130969926
975	0.290923667	0.450939845	0.130907488
976	0.290976667	0.450980827	0.130972506
977	0.291489167	0.451555484	0.131422849
978	0.291803667	0.45201062	0.131596713
979	0.291963833	0.452342447	0.13158522
980	0.292551833	0.452770481	0.132333185
981	0.2927675	0.453062668	0.132472332
982	0.292824667	0.453309182	0.132340151
983	0.2929655	0.453623132	0.132307868
984	0.293406	0.454008915	0.132803085
985	0.293659	0.454241544	0.133076456
986	0.293486667	0.454192866	0.132780468
987	0.293700667	0.454470391	0.132930943
988	0.294079667	0.454798031	0.133361302
989	0.294534	0.455122442	0.133945558
990	0.294230667	0.455047396	0.133413937
991	0.294608833	0.455412999	0.133804667
992	0.295226333	0.455994238	0.134458429
993	0.2953315	0.456461818	0.134201182
994	0.2954405	0.45657248	0.13430852
995	0.295440667	0.456537188	0.134344145
996	0.295236667	0.456411802	0.134061531
997	0.295133833	0.456378485	0.133889182
998	0.295110333	0.456325018	0.133895649
999	0.295166333	0.45626207	0.134070596
1000	0.295281333	0.456501092	0.134061575
1001	0.295064167	0.453543742	0.136584592
1002	0.2951805	0.453643919	0.136717081
1003	0.295486167	0.45398286	0.136989473
1004	0.295604167	0.454156883	0.13705145
1005	0.295637833	0.454203419	0.137072247
1006	0.295809167	0.454391768	0.137226565
1007	0.295953	0.454609711	0.137296289
1008	0.296043667	0.454822499	0.137264834
1009	0.296212167	0.455085034	0.137339299
1010	0.2964435	0.455369449	0.137517551
1011	0.296661167	0.455639822	0.137682511
1012	0.296840333	0.455830551	0.137850115
1013	0.296867	0.455741182	0.137992818
1014	0.296716	0.455491962	0.137940038
1015	0.2965915	0.455479394	0.137703606
1016	0.296703167	0.455828243	0.13757809
1017	0.296955667	0.456103725	0.137807609
1018	0.297041	0.456116642	0.137965358
1019	0.297013	0.456098296	0.137927704
1020	0.297119833	0.456232573	0.138007094
1021	0.297273	0.456470569	0.138075431
1022	0.297324	0.456597803	0.138050197
1023	0.2973485	0.456597256	0.138099744
1024	0.29741	0.456604599	0.138215401
1025	0.297495833	0.456688157	0.138303509
1026	0.297626	0.456840382	0.138411618
1027	0.2978025	0.457039913	0.138565087
1028	0.297912333	0.457152572	0.138672094
1029	0.297899333	0.457109419	0.138689247
1030	0.297855667	0.457085959	0.138625374
1031	0.2978145	0.457043005	0.138585995
1032	0.297905333	0.457183132	0.138627535
1033	0.298095167	0.457556361	0.138633973
1034	0.298077833	0.457558308	0.138597358
1035	0.297923833	0.457288601	0.138559066
1036	0.297970333	0.457317887	0.138622779
1037	0.298167167	0.457573072	0.138761261
1038	0.298277333	0.457711247	0.138843419
1039	0.298316167	0.457786094	0.138846239
1040	0.298372833	0.457978555	0.138767111
1041	0.29842	0.45816274	0.13867726
1042	0.298456667	0.458175801	0.138737533
1043	0.298544667	0.458174679	0.138914655
1044	0.298673833	0.458337595	0.139010072
1045	0.298830167	0.458574985	0.139085348
1046	0.298902333	0.458641088	0.139163578
1047	0.298768	0.458457636	0.139078364
1048	0.298627	0.458258077	0.138995923
1049	0.298674167	0.458329119	0.139019214
1050	0.298722667	0.458454702	0.138990631
1051	0.2987855	0.458550032	0.139020968
1052	0.2988285	0.458557975	0.139099025
1053	0.298813167	0.458499333	0.139127
1054	0.298825833	0.458526029	0.139125638
1055	0.298893167	0.458652834	0.139133499
1056	0.298943333	0.458719182	0.139167485
1057	0.299025	0.458724359	0.139325641
1058	0.299171	0.458794568	0.139547432
1059	0.299262333	0.458857682	0.139666985
1060	0.2992425	0.458825676	0.139659324
1061	0.299245167	0.458880797	0.139609536
1062	0.299278667	0.458956256	0.139601077
1063	0.299262333	0.458906235	0.139618432
1064	0.299284	0.458901903	0.139666097
1065	0.299279167	0.458937709	0.139620624
1066	0.299231167	0.458957741	0.139504592
1067	0.299223833	0.45898133	0.139466337
1068	0.299255	0.459037948	0.139472052
1069	0.299294333	0.459115597	0.13947307
1070	0.2993935	0.459256647	0.139530353
1071	0.299506	0.459407061	0.139604939
1072	0.2995965	0.459545972	0.139647028
1073	0.299680167	0.459686449	0.139673884
1074	0.299688167	0.459717149	0.139659184
1075	0.299617833	0.459607155	0.139628512
1076	0.299599	0.459579862	0.139618138
1077	0.299707833	0.459785103	0.139630563
1078	0.299844	0.460014661	0.139673339
1079	0.299857333	0.460084429	0.139630238
1080	0.299840167	0.460176454	0.139503879
1081	0.2999245	0.46028441	0.13956459
1082	0.299997667	0.460302948	0.139692386
1083	0.299935167	0.460197729	0.139672604
1084	0.299874	0.460074192	0.139673808
1085	0.299957333	0.460159718	0.139754949
1086	0.300062833	0.460326654	0.139799013
1087	0.3001145	0.46052043	0.13970857
1088	0.3001525	0.460670128	0.139634872
1089	0.300205	0.460686588	0.139723412
1090	0.300242833	0.460656116	0.13982955
1091	0.300306	0.460726494	0.139885506
1092	0.300408167	0.460885932	0.139930401
1093	0.300435667	0.460968169	0.139903165
1094	0.300392667	0.4609611	0.139824233
1095	0.300463167	0.461075039	0.139851294
1096	0.300621333	0.461268285	0.139974382
1097	0.300664667	0.461354667	0.139974667
1098	0.30058	0.461387765	0.139772235
1099	0.300534667	0.461455176	0.139614157
1100	0.300622	0.461588168	0.139655832
1101	0.300722333	0.461734762	0.139709905
1102	0.300787833	0.461876621	0.139699046
1103	0.300827667	0.461995457	0.139659876
1104	0.3007345	0.461913409	0.139555591
1105	0.300630667	0.461802462	0.139458871
1106	0.300697	0.461811554	0.139582446
1107	0.300803	0.461845035	0.139760965
1108	0.300917333	0.461976236	0.139858431
1109	0.3010395	0.462155742	0.139923258
1110	0.301001	0.462085334	0.139916666
1111	0.300882333	0.461915708	0.139848958
1112	0.300826	0.461910973	0.139741027
1113	0.3007295	0.461882698	0.139576302
1114	0.300601333	0.461788259	0.139414408
1115	0.300634333	0.461992941	0.139275726
1116	0.300623833	0.462135902	0.139111765
1117	0.300273	0.461468493	0.139077507
1118	0.299869	0.460699758	0.139038242
1119	0.299485333	0.460305362	0.138665304
1120	0.299085	0.459949801	0.138220199
1121	0.299048333	0.46019726	0.137899407
1122	0.2990425	0.460495258	0.137589742
1123	0.299099667	0.460535961	0.137663372
1124	0.299204167	0.460505366	0.137902967
1125	0.2991345	0.460203311	0.138065689
1126	0.298936667	0.459860339	0.138012994
1127	0.298842667	0.460024645	0.137660688
1128	0.298813167	0.460422908	0.137203425
1129	0.298950667	0.460789187	0.137112146
1130	0.299343667	0.461214906	0.137472427
1131	0.299670333	0.461638213	0.137702453
1132	0.299798	0.461991612	0.137604388
1133	0.299836667	0.462216552	0.137456781
1134	0.299790167	0.462320939	0.137259395
1135	0.299803333	0.462476687	0.13712998
1136	0.299931	0.462631361	0.137230639
1137	0.300041167	0.462766272	0.137316061
1138	0.300085333	0.462733398	0.137437269
1139	0.300129	0.462694507	0.137563493
1140	0.300322833	0.463003191	0.137642476
1141	0.300531833	0.463359214	0.137704452
1142	0.3004225	0.463310111	0.137534889
1143	0.300207667	0.46313101	0.137284323
1144	0.3000315	0.46301662	0.13704638
1145	0.299876667	0.462928781	0.136824552
1146	0.299823667	0.462940494	0.13670684
1147	0.299878	0.463093012	0.136662988
1148	0.299905667	0.46322721	0.136584123
1149	0.299937167	0.463322479	0.136551855
1150	0.299957667	0.463414534	0.1365008
1151	0.299927333	0.463532298	0.136322368
1152	0.299935167	0.463674442	0.136195891
1153	0.300068	0.463892509	0.136243491
1154	0.300194333	0.464108305	0.136280362
1155	0.300357333	0.464460329	0.136254338
1156	0.300503333	0.464775735	0.136230932
1157	0.300628	0.465015822	0.136240178
1158	0.300736	0.465223952	0.136248048
1159	0.300858333	0.465384601	0.136332065
1160	0.300987333	0.465547907	0.13642676
1161	0.301065167	0.46574826	0.136382073
1162	0.301113833	0.465939827	0.13628784
1163	0.301241833	0.46623956	0.136244107
1164	0.301413167	0.466596036	0.136230297
1165	0.301534833	0.466790698	0.136278968
1166	0.301606833	0.466833305	0.136380362
1167	0.301664667	0.466907445	0.136421888
1168	0.301710333	0.467037591	0.136383076
1169	0.301759667	0.467163699	0.136355634
1170	0.301815667	0.467282648	0.136348685
1171	0.301880833	0.467414925	0.136346741
1172	0.301999167	0.467634375	0.136363958
1173	0.30211	0.467847466	0.136372534
1174	0.3021115	0.467989544	0.136233456
1175	0.302112667	0.468130411	0.136094922
1176	0.302212333	0.468320062	0.136104605
1177	0.3023175	0.468511874	0.136123126
1178	0.302388667	0.468682563	0.136094771
1179	0.3024535	0.468848671	0.136058329
1180	0.302526	0.469068739	0.135983261
1181	0.302600833	0.469307793	0.135893874
1182	0.3026065	0.469409928	0.135803072
1183	0.302568833	0.469429956	0.13570771
1184	0.302586167	0.469552296	0.135620038
1185	0.302659167	0.469771895	0.135546438
1186	0.3027625	0.470000527	0.135524473
1187	0.302907833	0.470243968	0.135571698
1188	0.303025833	0.470491231	0.135560436
1189	0.303078	0.470740199	0.135415801
1190	0.303158333	0.471000823	0.135315843
1191	0.3033645	0.471325353	0.135403647
1192	0.3035505	0.471626656	0.135474344
1193	0.303577667	0.471730857	0.135424477
1194	0.303605333	0.471834539	0.135376128
1195	0.303690667	0.471977962	0.135403371
1196	0.303777167	0.472125443	0.135428891
1197	0.303908333	0.472386864	0.135429803
1198	0.304044667	0.472662471	0.135426863
1199	0.304104667	0.472864877	0.135344457
1200	0.304143667	0.473048719	0.135238615
1201	0.304246667	0.473279247	0.135214086
1202	0.304378333	0.473522842	0.135233824
1203	0.304467333	0.473696942	0.135237725
1204	0.304520167	0.473815995	0.135224339
1205	0.304618	0.474021461	0.135214539
1206	0.304766333	0.474325959	0.135206707
1207	0.304892667	0.474567542	0.135217791
1208	0.304995333	0.474726527	0.13526414
1209	0.3051135	0.47492849	0.13529851
1210	0.305265667	0.475217282	0.135314051
1211	0.305401833	0.475480697	0.13532297
1212	0.305474167	0.475666531	0.135281803
1213	0.305551	0.475850382	0.135251618
1214	0.305682333	0.476009136	0.13535553
1215	0.305811833	0.4761637	0.135459966
1216	0.305898333	0.476268878	0.135527789
1217	0.305984	0.476377979	0.135590021
1218	0.3061395	0.476673781	0.135605219
1219	0.306303167	0.476989179	0.135617154
1220	0.306378333	0.47717067	0.135585996
1221	0.306427	0.477307186	0.135546814
1222	0.306543333	0.477518479	0.135568188
1223	0.306686167	0.47776431	0.135608023
1224	0.306822333	0.477974172	0.135670495
1225	0.306959	0.478156025	0.135761975
1226	0.307073833	0.478333371	0.135814296
1227	0.307156	0.478507709	0.135804291
1228	0.307260833	0.47870079	0.135820877
1229	0.307403333	0.478911977	0.135894689
1230	0.307545167	0.479116654	0.13597368
1231	0.307695667	0.479311176	0.136080157
1232	0.307830667	0.479493735	0.136167598
1233	0.307896	0.479651665	0.136140335
1234	0.307959833	0.479807385	0.136112281
1235	0.308098833	0.480018747	0.13617892
1236	0.308246167	0.480237171	0.136255162
1237	0.308355667	0.480413567	0.136297767
1238	0.3084475	0.480571301	0.136323699
1239	0.308481167	0.48064306	0.136319273
1240	0.308515833	0.480715488	0.136316178
1241	0.308617333	0.480920609	0.136314058
1242	0.308744833	0.481167289	0.136322377
1243	0.308820667	0.481407104	0.13623423
1244	0.308875167	0.481644081	0.136106253
1245	0.308958833	0.481809323	0.136108343
1246	0.309054	0.481915784	0.136192216
1247	0.309170333	0.482056307	0.13628436
1248	0.309307167	0.482237314	0.13637702
1249	0.309420333	0.482413386	0.136427281
1250	0.309492167	0.482571232	0.136413101
1251	0.309563167	0.482730279	0.136396054
1252	0.309656833	0.482906208	0.136407459
1253	0.309745167	0.483069648	0.136420686
1254	0.309772833	0.483162269	0.136383398
1255	0.3098055	0.48325907	0.13635193
1256	0.309868	0.483408731	0.136327269
1257	0.309932833	0.483564836	0.136300831
1258	0.310016167	0.483649459	0.136382875
1259	0.310097667	0.48372046	0.136474874
1260	0.310096	0.483827998	0.136364002
1261	0.310089	0.483959868	0.136218132
1262	0.310213333	0.484226388	0.136200279
1263	0.3103615	0.484505312	0.136217688
1264	0.310431833	0.484684292	0.136179375
1265	0.310459	0.484825393	0.136092607
1266	0.310543667	0.485026686	0.136060647
1267	0.310677667	0.48528441	0.136070923
1268	0.310809	0.485570881	0.136047119
1269	0.310950167	0.485875801	0.136024532
1270	0.311074167	0.486123977	0.136024356
1271	0.311140667	0.486286175	0.135995158
1272	0.311225667	0.486458977	0.135992356
1273	0.311357833	0.486661281	0.136054386
1274	0.311477833	0.486866912	0.136088755
1275	0.311590333	0.487099747	0.136080919
1276	0.311709	0.487333974	0.136084026
1277	0.311816	0.487512205	0.136119795
1278	0.311902	0.4876631	0.1361409
1279	0.311988667	0.487837869	0.136139464
1280	0.3120775	0.488008698	0.136146302
1281	0.3120785	0.488057119	0.136099881
1282	0.3120695	0.488097557	0.136041443
1283	0.312104333	0.488195895	0.136012772
1284	0.312151	0.488303217	0.135998783
1285	0.312252333	0.488453993	0.136050673
1286	0.312363167	0.488617491	0.136108843
1287	0.312365333	0.4886437	0.136086967
1288	0.3123375	0.48864548	0.13602952
1289	0.3123315	0.488666649	0.135996351
1290	0.312336833	0.488663255	0.136010412
1291	0.312278	0.488595245	0.135960755
1292	0.312173	0.488508313	0.135837687
1293	0.312133667	0.488502065	0.135765268
1294	0.312175333	0.488571985	0.135778682
1295	0.312155667	0.488537396	0.135773937
1296	0.312056833	0.488392304	0.135721363
1297	0.312014333	0.48833425	0.135694417
1298	0.312015833	0.488354154	0.135677512
1299	0.311982	0.488340518	0.135623482
1300	0.311916833	0.488295335	0.135538331
1301	0.3118765	0.488299863	0.135453137
1302	0.311878333	0.488401066	0.135355601
1303	0.311884167	0.488484701	0.135283632
1304	0.3119685	0.488649113	0.135287887
1305	0.3120345	0.488806874	0.135262126
1306	0.312000833	0.488824596	0.135177071
1307	0.311978	0.488853667	0.135102333
1308	0.312072333	0.489051938	0.135092729
1309	0.312175833	0.489267763	0.135083904
1310	0.312173667	0.489378659	0.134968675
1311	0.3121465	0.489473295	0.134819705
1312	0.312121	0.489500478	0.134741522
1313	0.312085667	0.489485073	0.13468626
1314	0.3120135	0.489446224	0.134580776
1315	0.311948167	0.489442125	0.134454209
1316	0.311957167	0.489538541	0.134375792
1317	0.3119835	0.489664446	0.134302554
1318	0.3120145	0.489815973	0.134213027
1319	0.312066333	0.490006749	0.134125917
1320	0.312099167	0.490130822	0.134067511
1321	0.3121105	0.490173006	0.134047994
1322	0.3120765	0.490191548	0.133961452
1323	0.3120275	0.490283157	0.133771843
1324	0.312040833	0.490469757	0.13361191
1325	0.312066	0.490664213	0.133467787
1326	0.312018167	0.490748783	0.13328755
1327	0.311917833	0.490649716	0.133185951
1328	0.311846333	0.490543186	0.13314948
1329	0.311812333	0.490438422	0.133186245
1330	0.311773167	0.490363252	0.133183082
1331	0.311690333	0.490328578	0.133052089
1332	0.311616667	0.490320149	0.132913185
1333	0.311512667	0.490404542	0.132620791
1334	0.3113935	0.490474335	0.132312665
1335	0.3114125	0.490613388	0.132211612
1336	0.311461	0.4907765	0.1321455
1337	0.311487833	0.490989752	0.131985915
1338	0.311507667	0.491220852	0.131794482
1339	0.311483	0.491247989	0.131718011
1340	0.3114425	0.491220808	0.131664192
1341	0.311419667	0.491173228	0.131666105
1342	0.311402333	0.4910893	0.131715367
1343	0.311284	0.490967454	0.131600546
1344	0.3110865	0.490802657	0.131370343
1345	0.3109185	0.490449485	0.131387515
1346	0.310801167	0.489998118	0.131604215
1347	0.3107225	0.489767704	0.131677296
1348	0.310552	0.489599619	0.131504381
1349	0.3101275	0.489110438	0.131144562
1350	0.309393333	0.488260688	0.130525979
1351	0.3088465	0.487636866	0.130056134
1352	0.308667167	0.487046126	0.130288208
1353	0.308165333	0.485934874	0.130395792
1354	0.307113167	0.484579933	0.1296464
1355	0.306437	0.483256486	0.129617514
1356	0.307942	0.48367931	0.13220469
1357	0.3088605	0.48365028	0.13407072
1358	0.3034365	0.478406322	0.128466678
1359	0.2950145	0.471341438	0.118687562
1360	0.292443167	0.469249016	0.115637317
1361	0.282237667	0.456734792	0.107740541
1362	0.271676333	0.433161095	0.110191571
1363	0.262486833	0.404804955	0.120168711
1364	0.273004	0.413344375	0.132663625
1365	0.287900167	0.439154128	0.136646205
1366	0.292574	0.467728309	0.117419691
1367	0.296218333	0.494856891	0.097579776
1368	0.295325167	0.483940145	0.106710188
1369	0.2939385	0.485781478	0.102095522
1370	0.322716667	0.515901166	0.129532167
1371	0.350568	0.558833162	0.142302838
1372	0.309789667	0.479670842	0.139908491
1373	0.267732667	0.414936876	0.120528458
1374	0.2788975	0.44244593	0.11534907
1375	0.297046833	0.483511879	0.110581788
1376	0.274441167	0.434421146	0.114461188
1377	0.240785167	0.373981981	0.107588352
1378	0.2450595	0.37275497	0.11736403
1379	0.267094167	0.399492011	0.134696323
1380	0.278089333	0.421207796	0.13497087
1381	0.277278167	0.421881625	0.132674709
1382	0.273272667	0.414585169	0.131960165
1383	0.279178833	0.425890789	0.132466878
1384	0.280686333	0.435821805	0.125550862
1385	0.272826667	0.434139754	0.111513579
1386	0.283769167	0.450757474	0.116780859
1387	0.316273667	0.505296693	0.127250641
1388	0.325037667	0.520795148	0.129280185
1389	0.298721167	0.463693532	0.133748801
1390	0.281158	0.432386499	0.129929501
1391	0.275912167	0.440714142	0.111110192
1392	0.276104	0.447137739	0.105070261
1393	0.282065167	0.432263892	0.131866441
1394	0.2823835	0.420508156	0.144258844
1395	0.276732	0.426948489	0.126515511
1396	0.275758	0.435899519	0.115616481
1397	0.271115333	0.429396686	0.112833981
1398	0.2648105	0.423953193	0.105667807
1399	0.257727333	0.418277572	0.097177095
1400	0.252436333	0.410522978	0.094349688
1401	0.255949833	0.405866822	0.106032845
1402	0.260032167	0.40485181	0.115212524
1403	0.259422167	0.399830316	0.119014017
1404	0.257289	0.394037291	0.120540709
1405	0.2522555	0.38829347	0.11621753
1406	0.2487295	0.384034188	0.113424812
1407	0.2463925	0.382671963	0.110113037
1408	0.244163333	0.382187815	0.106138851
1409	0.244019333	0.379201257	0.108837409
1410	0.244598333	0.377089392	0.112107274
1411	0.244357167	0.377145762	0.111568571
1412	0.243654333	0.377202564	0.110106103
1413	0.243736167	0.377752472	0.109719861
1414	0.244272	0.378482025	0.110061975
1415	0.244920667	0.380243376	0.109597958
1416	0.245452	0.382243653	0.108660347
1417	0.246099	0.383903546	0.108294454
1418	0.2467125	0.385065723	0.108359277
1419	0.248094167	0.38781075	0.108377583
1420	0.249928667	0.391499502	0.108357831
1421	0.252256333	0.395474687	0.109037979
1422	0.254645	0.399467276	0.109822724
1423	0.256569833	0.402652416	0.110487251
1424	0.258257	0.405022837	0.111491163
1425	0.2596855	0.40759714	0.11177386
1426	0.260988	0.410781101	0.111194899
1427	0.2626945	0.414315974	0.111073026
1428	0.264774333	0.417734499	0.111814167
1429	0.266723167	0.420774884	0.11267145
1430	0.268680333	0.42407227	0.113288396
1431	0.2703565	0.426948917	0.113764083
1432	0.271563	0.429260317	0.113865683
1433	0.272998	0.431985868	0.114010132
1434	0.274914333	0.434866492	0.114962175
1435	0.2766265	0.437492871	0.115760129
1436	0.277759667	0.440046739	0.115472595
1437	0.278870333	0.442600914	0.115139753
1438	0.280113	0.445279662	0.114946338
1439	0.281281833	0.447600937	0.11496273
1440	0.282465	0.449098808	0.115831192
1441	0.283602167	0.450674456	0.116529877
1442	0.2846345	0.452704526	0.116564474
1443	0.285553333	0.454487734	0.116618933
1444	0.286442	0.455915434	0.116968566
1445	0.287285167	0.457259029	0.117311304
1446	0.288007333	0.458535284	0.117479383
1447	0.28862	0.459635542	0.117604458
1448	0.289075	0.460277283	0.117872717
1449	0.2894575	0.460809602	0.118105398
1450	0.289711167	0.461441449	0.117980885
1451	0.289948833	0.462029345	0.117868321
1452	0.290356167	0.462694778	0.118017555
1453	0.29074	0.463322878	0.118157122
1454	0.291083167	0.464100749	0.118065584
1455	0.291392	0.464802082	0.117981918
1456	0.291517167	0.465007849	0.118026484
1457	0.291592167	0.465113695	0.118070639
1458	0.291805167	0.465382514	0.11822782
1459	0.292050333	0.465717931	0.118382736
1460	0.292265667	0.466051753	0.11847958
1461	0.292461333	0.466358394	0.118564272
1462	0.292574667	0.46665987	0.118489464
1463	0.292643	0.466907501	0.118378499
1464	0.2926115	0.466969891	0.118253109
1465	0.2925775	0.467044236	0.118110764
1466	0.292665167	0.467218883	0.11811145
1467	0.292831667	0.467461707	0.118201626
1468	0.292875333	0.467552128	0.118198539
1469	0.292872	0.467617245	0.118126755
1470	0.293174167	0.468100548	0.118247786
1471	0.293596167	0.468735129	0.118457204
1472	0.293924167	0.469408197	0.118440136
1473	0.294177	0.470100195	0.118253805
1474	0.294284	0.470500966	0.118067034
1475	0.294367333	0.470814842	0.117919825
1476	0.2945975	0.471379971	0.117815029
1477	0.294903667	0.472074579	0.117732755
1478	0.295055333	0.472497968	0.117612699
1479	0.295021833	0.472605274	0.117438392
1480	0.295140333	0.472861016	0.11741965
1481	0.295490833	0.473321897	0.11765977
1482	0.295818167	0.473824249	0.117812084
1483	0.296093667	0.474340046	0.117847288
1484	0.296348833	0.474784816	0.117912851
1485	0.2965855	0.475223616	0.117947384
1486	0.2968955	0.47579218	0.11799882
1487	0.297388833	0.476641664	0.118136003
1488	0.297803167	0.477345611	0.118260722
1489	0.298048833	0.477795099	0.118302567
1490	0.298308167	0.478280493	0.11833584
1491	0.2987465	0.479021143	0.118471857
1492	0.299126167	0.479666579	0.118585754
1493	0.299314833	0.480033658	0.118596009
1494	0.299505167	0.480403334	0.118607
1495	0.299770167	0.48089592	0.118644413
1496	0.299996	0.48132233	0.11866967
1497	0.3001925	0.481718071	0.118666929
1498	0.300398167	0.482120603	0.11867573
1499	0.300589833	0.482455679	0.118723987
1500	0.300762833	0.482769218	0.118756449
1501	0.3009155	0.48314672	0.11868428
1502	0.301074667	0.483520339	0.118628994
1503	0.301315	0.483869435	0.118760565
1504	0.301561333	0.484231244	0.118891423
1505	0.301764333	0.484645652	0.118883014
1506	0.301956667	0.485048117	0.118865217
1507	0.3021705	0.485445795	0.118895205
1508	0.302382167	0.485836529	0.118927804
1509	0.3026105	0.486286118	0.118934882
1510	0.302837667	0.486723282	0.118952052
1511	0.303063333	0.487112074	0.119014592
1512	0.3032795	0.487499535	0.119059465
1513	0.303488333	0.487867922	0.119108745
1514	0.303697167	0.488216561	0.119177772
1515	0.303823167	0.488458008	0.119188325
1516	0.303928	0.488679927	0.119176073
1517	0.304053	0.488954129	0.119151871
1518	0.304193	0.489246211	0.119139789
1519	0.304347	0.489527438	0.119166562
1520	0.304495667	0.489797608	0.119193725
1521	0.304676667	0.490122229	0.119231104
1522	0.304858167	0.490458119	0.119258214
1523	0.304978	0.490700311	0.119255689
1524	0.305086167	0.490917573	0.11925476
1525	0.305232	0.491223334	0.119240666
1526	0.305394833	0.491560264	0.119229403
1527	0.305617667	0.491921346	0.119313987
1528	0.305836	0.492257815	0.119414185
1529	0.305960833	0.492569286	0.11935238
1530	0.306065	0.492874141	0.119255859
1531	0.306203167	0.493129612	0.119276721
1532	0.306351167	0.493379788	0.119322546
1533	0.306531833	0.493693943	0.119369724
1534	0.306737667	0.49404745	0.119427884
1535	0.306878667	0.494327533	0.1194298
1536	0.306987833	0.494564637	0.11941103
1537	0.3070845	0.49472629	0.11944271
1538	0.307182167	0.494883663	0.11948067
1539	0.307316333	0.495127698	0.119504969
1540	0.307459	0.495379489	0.119538511
1541	0.307593667	0.495605776	0.119581557
1542	0.307725833	0.495840061	0.119611605
1543	0.307851	0.496104639	0.119597361
1544	0.307969333	0.496356779	0.119581888
1545	0.308118167	0.496574683	0.11966165
1546	0.308290167	0.49680138	0.119778953
1547	0.3084625	0.497054834	0.119870166
1548	0.308619667	0.497302645	0.119936688
1549	0.308734667	0.497482608	0.119986725
1550	0.308841333	0.497647226	0.12003544
1551	0.309001667	0.497885481	0.120117853
1552	0.309191167	0.498162187	0.120220146
1553	0.309348333	0.498399453	0.120297214
1554	0.309485167	0.498610309	0.120360025
1555	0.3095575	0.498775259	0.120339741
1556	0.309588333	0.498907861	0.120268806
1557	0.309651	0.499012505	0.120289495
1558	0.309740167	0.499123463	0.12035687
1559	0.309816833	0.499276637	0.120357029
1560	0.309879833	0.499426068	0.120333599
1561	0.3100135	0.499699362	0.120327638
1562	0.310203833	0.500067611	0.120340056
1563	0.3103375	0.500305871	0.120369129
1564	0.310431	0.500474603	0.120387397
1565	0.310520667	0.500671672	0.120369661
1566	0.3105925	0.500856074	0.120328926
1567	0.310736167	0.501106957	0.120365377
1568	0.310941667	0.501418797	0.120464536
1569	0.3110655	0.501649149	0.120481851
1570	0.311132833	0.501829489	0.120436178
1571	0.311241167	0.502059543	0.120422791
1572	0.3113775	0.502326386	0.120428614
1573	0.311519667	0.502559323	0.12048001
1574	0.311669333	0.502767833	0.120570834
1575	0.311784833	0.502953968	0.120615699
1576	0.3118775	0.50312634	0.12062866
1577	0.311981167	0.503329996	0.120632337
1578	0.3120985	0.503565661	0.120631339
1579	0.312217	0.503841325	0.120592675
1580	0.312321167	0.504122715	0.120519619
1581	0.312467333	0.504346491	0.120588176
1582	0.3126465	0.504535211	0.120757789
1583	0.312791667	0.504719284	0.12086405
1584	0.3129115	0.50489716	0.12092584
1585	0.312983667	0.505023158	0.120944176
1586	0.313026833	0.505121831	0.120931836
1587	0.313112667	0.505281288	0.120944045
1588	0.313226	0.50547704	0.12097496
1589	0.313326	0.505603267	0.121048733
1590	0.313423167	0.505691403	0.121154931
1591	0.3135045	0.505837391	0.121171609
1592	0.313568167	0.506011199	0.121125134
1593	0.3136775	0.506218064	0.121136936
1594	0.31382	0.50645562	0.12118438
1595	0.313976333	0.50671971	0.121232957
1596	0.314137333	0.506990706	0.121283961
1597	0.3142395	0.507221272	0.121257728
1598	0.314311667	0.507442278	0.121181055
1599	0.314407333	0.507614922	0.121199745
1600	0.314515333	0.50774869	0.121281977
1601	0.314599	0.507896337	0.121301663
1602	0.314665	0.50805505	0.12127495
1603	0.314671	0.508137537	0.121204463
1604	0.314645667	0.508180158	0.121111175
1605	0.314759833	0.508398419	0.121121248
1606	0.314956333	0.508716983	0.121195684
1607	0.31505	0.508944625	0.121155375
1608	0.315082	0.50912179	0.12104221
1609	0.315224	0.509334992	0.121113008
1610	0.315424	0.509557131	0.121290869
1611	0.315542333	0.509735868	0.121348799
1612	0.315620333	0.509898416	0.121342251
1613	0.315751333	0.510184735	0.121317931
1614	0.315908833	0.510533581	0.121284086
1615	0.316026167	0.510736772	0.121315561
1616	0.316121833	0.510865569	0.121378098
1617	0.316164167	0.510953746	0.121374587
1618	0.316181333	0.511021429	0.121341238
1619	0.316204333	0.511110438	0.121298229
1620	0.316229833	0.51121001	0.121249657
1621	0.316335167	0.511430382	0.121239952
1622	0.316474	0.511700956	0.121247044
1623	0.316578333	0.511904026	0.121252641
1624	0.316668333	0.512079276	0.121257391
1625	0.316801333	0.512283086	0.121319581
1626	0.316950333	0.512496939	0.121403728
1627	0.317016167	0.512680519	0.121351814
1628	0.3170515	0.512853147	0.121249853
1629	0.317103833	0.512995089	0.121212578
1630	0.317163	0.513127761	0.121198239
1631	0.317249	0.513291151	0.121206849
1632	0.317344667	0.51346608	0.121223253
1633	0.3173715	0.513643082	0.121099918
1634	0.317376833	0.513820457	0.12093321
1635	0.317457333	0.513959082	0.120955585
1636	0.317560833	0.514090711	0.121030956
1637	0.317654333	0.514294609	0.121014058
1638	0.317745833	0.514519662	0.120972004
1639	0.317749833	0.51456232	0.120937347
1640	0.317734167	0.514562278	0.120906055
1641	0.317676	0.514572951	0.120779049
1642	0.317608333	0.514586194	0.120630472
1643	0.317685	0.514793864	0.120576136
1644	0.317788333	0.515038174	0.120538493
1645	0.317850333	0.51518019	0.120520476
1646	0.3179055	0.515305557	0.120505443
1647	0.317968	0.515483926	0.120452074
1648	0.318032833	0.515667859	0.120397807
1649	0.317935667	0.515687608	0.120183726
1650	0.3178205	0.515694597	0.119946403
1651	0.317859833	0.515726615	0.119993052
1652	0.317911	0.515755113	0.120066887
1653	0.317955	0.516006511	0.119903489
1654	0.3179985	0.516268922	0.119728078
1655	0.318069167	0.516350227	0.119788107
1656	0.318143833	0.516433642	0.119854025
1657	0.318235667	0.51671095	0.119760383
1658	0.318323667	0.516984211	0.119663122
1659	0.3183015	0.517055932	0.119547068
1660	0.318283167	0.51713074	0.119435593
1661	0.318349167	0.517266648	0.119431686
1662	0.318412	0.517399715	0.119424285
1663	0.318414667	0.517428645	0.119400688
1664	0.318431167	0.517482307	0.119380026
1665	0.318638	0.51787098	0.11940502
1666	0.318841833	0.518245712	0.119437954
1667	0.318949667	0.518396818	0.119502515
1668	0.319053667	0.518550429	0.119556904
1669	0.319139833	0.518727285	0.119552382
1670	0.319219833	0.518882023	0.119557644
1671	0.319276	0.518919572	0.119632428
1672	0.3193275	0.518978597	0.119676403
1673	0.319392	0.519166995	0.119617005
1674	0.319478	0.519369727	0.119586273
1675	0.319597333	0.519578565	0.119616102
1676	0.3197095	0.519774066	0.119644934
1677	0.319797333	0.519931299	0.119663367
1678	0.319892667	0.520085274	0.11970006
1679	0.320038333	0.520253636	0.119823031
1680	0.320151667	0.520387547	0.119915787
1681	0.320164667	0.520403213	0.119926121
1682	0.3201545	0.520378058	0.119930942
1683	0.320112167	0.520317978	0.119906355
1684	0.320144667	0.520391635	0.119897698
1685	0.320279	0.520630378	0.119927622
1686	0.320350333	0.520750211	0.119950456
1687	0.3203655	0.520739104	0.119991896
1688	0.320382833	0.520774269	0.119991398
1689	0.3203855	0.520863977	0.119907023
1690	0.320374167	0.520932125	0.119816209
1691	0.320356667	0.52096323	0.119750103
1692	0.320377833	0.520927378	0.119828289
1693	0.320447667	0.520877906	0.120017428
1694	0.320492833	0.520889714	0.120095953
1695	0.320493167	0.520913641	0.120072692
1696	0.320483	0.520964136	0.120001864
1697	0.320470667	0.521010938	0.119930395
1698	0.320531833	0.521187167	0.1198765
1699	0.320641333	0.521468724	0.119813942
1700	0.320617	0.521467447	0.119766553
1701	0.320527	0.521323651	0.119730349
1702	0.320543833	0.521423247	0.119664419
1703	0.320607833	0.521614459	0.119601207
1704	0.3205195	0.521457563	0.119581437
1705	0.3203715	0.5211935	0.1195495
1706	0.320421833	0.521274073	0.119569594
1707	0.320510667	0.521418436	0.119602897
1708	0.320363167	0.52124632	0.119480013
1709	0.320182	0.521031269	0.119332731
1710	0.320137667	0.521040725	0.119234609
1711	0.320106833	0.521079633	0.119134034
1712	0.3201385	0.521145437	0.119131563
1713	0.3201775	0.521209817	0.119145183
1714	0.320124667	0.521157821	0.119091512
1715	0.320076833	0.521105804	0.119047862
1716	0.320032167	0.521067544	0.118996789
1717	0.319993833	0.521033728	0.118953939
1718	0.320110667	0.521160399	0.119060935
1719	0.320211	0.521278381	0.119143619
1720	0.320066	0.521053479	0.119078521
1721	0.319925833	0.52082935	0.119022316
1722	0.319890167	0.520846476	0.118933857
1723	0.319869167	0.520892193	0.11884614
1724	0.319844167	0.520972375	0.118715958
1725	0.319791167	0.520993953	0.11858838
1726	0.319707333	0.520785515	0.118629151
1727	0.319640667	0.520604631	0.118676703
1728	0.3196245	0.520541125	0.118707875
1729	0.3196535	0.520511711	0.118795289
1730	0.3197415	0.520520723	0.118962277
1731	0.319684	0.520356481	0.119011519
1732	0.31939	0.519958211	0.118821789
1733	0.3192385	0.519755568	0.118721432
1734	0.319279667	0.519790535	0.118768799
1735	0.319310667	0.519778077	0.118843256
1736	0.319342	0.519726259	0.118957741
1737	0.319335833	0.519742974	0.118928693
1738	0.3192775	0.519793806	0.118761194
1739	0.31914	0.519666052	0.118613948
1740	0.3189545	0.51941844	0.11849056
1741	0.318967833	0.519344724	0.118590943
1742	0.3191435	0.519450033	0.118836967
1743	0.319176	0.519444706	0.118907294
1744	0.319082167	0.519292539	0.118871794
1745	0.318923	0.519125507	0.118720493
1746	0.318742	0.518970279	0.118513721
1747	0.3187015	0.51883284	0.11857016
1748	0.318722833	0.518729139	0.118716527
1749	0.3186825	0.518743946	0.118621054
1750	0.318606	0.518719276	0.118492724
1751	0.318633167	0.518711633	0.118554701
1752	0.318706667	0.518791528	0.118621805
1753	0.318648167	0.518750696	0.118545637
1754	0.318559333	0.518638367	0.1184803
1755	0.318464167	0.518459526	0.118468807
1756	0.318347333	0.518282011	0.118412656
1757	0.318211833	0.518060873	0.118362794
1758	0.318113167	0.517874323	0.11835201
1759	0.318275833	0.518179012	0.118372655
1760	0.3184	0.518437969	0.118362031
1761	0.318000333	0.517901445	0.118099221
1762	0.317636833	0.517393333	0.117880334
1763	0.317574	0.517297441	0.117850559
1764	0.317566333	0.517247366	0.117885301
1765	0.317703333	0.517155941	0.118250725
1766	0.317738333	0.516953837	0.11852283
1767	0.3175705	0.516617456	0.118523544
1768	0.3175235	0.516494266	0.118552734
1769	0.317650667	0.51674586	0.118555473
1770	0.3176635	0.516800963	0.118526037
1771	0.317519667	0.516590414	0.118448919
1772	0.317452167	0.516467252	0.118437081
1773	0.317507167	0.516383528	0.118630805
1774	0.317528833	0.51634744	0.118710227
1775	0.317483667	0.516409167	0.118558166
1776	0.317388167	0.516371148	0.118405186
1777	0.317311833	0.516282428	0.118341239
1778	0.317105	0.515890759	0.118319241
1779	0.316759167	0.515294602	0.118223731
1780	0.316563	0.514970133	0.118155867
1781	0.316428833	0.51468461	0.118173057
1782	0.3161445	0.514216241	0.118072759
1783	0.315830667	0.51373763	0.117923703
1784	0.315926167	0.513809794	0.11804254
1785	0.316139833	0.51405596	0.118223707
1786	0.316158333	0.514087825	0.118228841
1787	0.316124167	0.514065089	0.118183244
1788	0.316392833	0.514398402	0.118387265
1789	0.3165985	0.514643302	0.118553698
1790	0.3165845	0.514655761	0.118513239
1791	0.316705	0.514883354	0.118526646
1792	0.316819	0.515121764	0.118516236
1793	0.316675833	0.514961988	0.118389678
1794	0.315829167	0.513912994	0.117745339
1795	0.3152505	0.513096553	0.117404447
1796	0.3156125	0.513116309	0.118108691
1797	0.3158835	0.513287343	0.118479657
1798	0.3158455	0.513485096	0.118205904
1799	0.315779333	0.513552967	0.1180057
1800	0.315507333	0.513286012	0.117728655
1801	0.303535	0.477325614	0.129744386
1802	0.305954667	0.476142441	0.135766893
1803	0.313732	0.485578111	0.141885889
1804	0.321788667	0.495701667	0.147875667
1805	0.323599333	0.499113508	0.148085159
1806	0.322088667	0.500220364	0.143956969
1807	0.32045	0.503560689	0.137339311
1808	0.316088833	0.499045978	0.133131689
1809	0.3125645	0.485382158	0.139746842
1810	0.315480667	0.480350419	0.150610914
1811	0.316576833	0.4786231	0.154530567
1812	0.313567167	0.47354844	0.153585893
1813	0.307830333	0.464816191	0.150844476
1814	0.303873167	0.458477711	0.149268623
1815	0.306663333	0.459577496	0.153749171
1816	0.314414	0.467455176	0.161372824
1817	0.316749667	0.482083087	0.151416246
1818	0.325610333	0.49201794	0.159202727
1819	0.356787	0.537021551	0.176552449
1820	0.394664333	0.617877647	0.171451019
1821	0.404999167	0.660216424	0.14978191
1822	0.410253	0.664950386	0.155555614
1823	0.446116	0.675457749	0.216774251
1824	0.4571745	0.662304742	0.252044258
1825	0.3917815	0.592486576	0.191076424
1826	0.364812833	0.638502905	0.091122761
1827	0.329212833	0.606497175	0.051928491
1828	0.300087	0.558871254	0.041302746
1829	0.271992	0.476317015	0.067666985
1830	0.259848	0.407179616	0.112516384
1831	0.259461167	0.43515756	0.083764773
1832	0.234438333	0.457364577	0.01151209
1833	0.238612667	0.50863635	-0.031411016
1834	0.422414333	0.841317844	0.003510823
1835	0.605791833	1.329236141	-0.117652474
1836	0.528544	0.945569544	0.111518456
1837	0.522338667	1.062748554	-0.018071221
1838	0.793208333	1.581149505	0.005267161
1839	1.397448833	2.715370423	0.079527243
1840	1.831803667	3.426711134	0.236896199
1841	1.894691333	3.485065936	0.30431673
1842	1.007279667	1.930084892	0.084474441
1843	0.419906333	0.755627385	0.084185282
1844	0.312743833	0.58196415	0.043523517
1845	0.399131333	0.732125169	0.066137498
1846	0.629692333	1.098548187	0.160836479
1847	0.930561667	1.416924401	0.444198932
1848	1.04405	1.603389402	0.484710598
1849	0.965103167	1.596739492	0.333466841
1850	0.663308667	1.180011721	0.146605612
1851	0.581577	1.087908252	0.075245748
1852	1.0107875	1.788911246	0.232663754
1853	1.335742667	2.508827148	0.162658185
1854	0.923452167	1.793837724	0.053066609
1855	0.60979	1.136979175	0.082600825
1856	0.717695333	0.9930667	0.442323967
1857	1.117669	1.702288263	0.533049737
1858	1.3368415	2.190796451	0.482886549
1859	1.044945833	1.723925847	0.365965819
1860	1.836458167	3.020992538	0.651923795
1861	6.715287	10.29980571	3.130768295
1862	2.186044167	3.432069871	0.940018463
1863	1.003401167	1.630090233	0.376712101
1864	0.7677925	1.317322719	0.218262281
1865	0.6844395	1.217126202	0.151752798
1866	0.594281833	1.086148352	0.102415315
1867	0.584535667	1.074762383	0.094308951
1868	0.6133995	1.162020193	0.064778807
1869	0.541284333	1.054599769	0.027968898
1870	0.530039667	1.09512426	-0.035044926
1871	0.820385667	1.755491245	-0.114719912
1872	1.500815833	3.101798979	-0.100167312
1873	1.6880185	3.599560996	-0.223523996
1874	1.49873	3.032369272	-0.034909272
1875	1.37749	2.617309435	0.137670565
1876	0.742074833	1.264030244	0.220119422
1877	0.416710667	0.636751455	0.196669878
1878	0.344923667	0.538017979	0.151829354
1879	0.357338333	0.568587744	0.146088923
1880	0.395478667	0.589949122	0.201008211
1881	0.442161833	0.650603366	0.233720301
1882	0.455245167	0.74771801	0.162772323
1883	0.469096	0.815190231	0.123001769
1884	0.493007167	0.897670871	0.088343462
1885	0.541319333	0.972043059	0.110595608
1886	0.6011775	1.086260917	0.116094083
1887	0.717546833	1.229023603	0.206070063
1888	0.7015415	1.065963535	0.337119465
1889	0.541484333	0.78111502	0.301853647
1890	0.426851667	0.637297199	0.216406134
1891	0.292317333	0.523584648	0.061050019
1892	0.281761333	0.50434492	0.059177747
1893	0.307125667	0.551653151	0.062598182
1894	0.397962167	0.666528243	0.12939609
1895	0.485499	0.932527826	0.038470174
1896	0.544092	1.129928131	-0.041744131
1897	1.006637167	2.179731587	-0.166457253
1898	2.396375333	4.828149148	-0.035398481
1899	1.888983833	3.362046401	0.415921266
1900	1.343290167	2.400075385	0.286504948
1901	0.883514667	1.575462471	0.191566863
1902	0.707054	1.289626785	0.124481215
1903	0.654373167	1.046385816	0.262360517
1904	0.5705045	1.078797294	0.062211706
1905	0.476710667	0.892805785	0.060615549
1906	0.476555167	0.925416623	0.027693711
1907	0.582584167	1.123912898	0.041255435
1908	0.677515333	1.242953489	0.112077178
1909	0.669970333	1.193225704	0.146714963
1910	0.488459333	0.864856924	0.112061742
1911	0.357250333	0.653910183	0.060590484
1912	0.388545333	0.715641889	0.061448778
1913	0.446704167	0.902881593	-0.00947326
1914	0.306841333	0.588339337	0.02534333
1915	0.211449833	0.406583416	0.016316251
1916	0.201300833	0.348229384	0.054372283
1917	0.206801333	0.348179774	0.065422893
1918	0.208869167	0.345017568	0.072720766
1919	0.220801167	0.358320135	0.083282198
1920	0.221801667	0.367163515	0.076439819
1921	0.2187675	0.365350213	0.072184787
1922	0.219018667	0.376772837	0.061264497
1923	0.227849167	0.399891126	0.055807208
1924	0.234412333	0.42515807	0.043666597
1925	0.244421333	0.414420028	0.074422639
1926	0.248997833	0.391531392	0.106464275
1927	0.247703333	0.378239049	0.117167618
1928	0.247596333	0.380657026	0.114535641
1929	0.241827333	0.378941559	0.104713107
1930	0.225429167	0.360855345	0.090002988
1931	0.2148015	0.352937023	0.076665977
1932	0.228575667	0.369088887	0.088062447
1933	0.2395895	0.384337924	0.094841076
1934	0.233675833	0.371370657	0.09598101
1935	0.227342333	0.360857155	0.093827512
1936	0.229965667	0.363732465	0.096198868
1937	0.235362	0.372518444	0.098205556
1938	0.237648167	0.373438792	0.101857541
1939	0.236877333	0.367989544	0.105765123
1940	0.236740333	0.36496298	0.108517687
1941	0.239660667	0.36537431	0.113947023
1942	0.242432	0.366647556	0.118216444
1943	0.244897	0.371223299	0.118570701
1944	0.247021667	0.375275024	0.118768309
1945	0.2496495	0.380472643	0.118826357
1946	0.252439167	0.386459121	0.118419212
1947	0.252296333	0.388476763	0.116115904
1948	0.250217333	0.3879007	0.112533967
1949	0.246376167	0.385763996	0.106988337
1950	0.240084833	0.38095788	0.099211787
1951	0.235334667	0.377004528	0.093664805
1952	0.236244667	0.375950159	0.096539174
1953	0.237100333	0.375093807	0.099106859
1954	0.239709833	0.380836689	0.098582978
1955	0.242223167	0.386484144	0.09796219
1956	0.241862333	0.388219469	0.095505198
1957	0.240724833	0.388752457	0.092697209
1958	0.241788667	0.38962601	0.093951324
1959	0.244179167	0.390664153	0.09769418
1960	0.2478995	0.394645355	0.101153645
1961	0.253824333	0.403107297	0.104541369
1962	0.2580005	0.408961722	0.107039278
1963	0.257042833	0.406881627	0.10720404
1964	0.256243833	0.405193434	0.107294233
1965	0.2550945	0.403593434	0.106595566
1966	0.254141167	0.402303083	0.105979251
1967	0.254705333	0.403485043	0.105925624
1968	0.255633333	0.405321194	0.105945473
1969	0.256876333	0.407448965	0.106303702
1970	0.258429167	0.40986442	0.106993914
1971	0.259396667	0.411546112	0.107247221
1972	0.2594695	0.412028775	0.106910225
1973	0.2595755	0.412499319	0.106651681
1974	0.259673667	0.412324682	0.107022651
1975	0.2597635	0.412169094	0.107357906
1976	0.259635667	0.412432124	0.106839209
1977	0.2595265	0.412813753	0.106239247
1978	0.260175167	0.413921804	0.106428529
1979	0.260954667	0.415205952	0.106703381
1980	0.261967	0.416827643	0.107106357
1981	0.263294	0.418843053	0.107744947
1982	0.264468	0.420459667	0.108476333
1983	0.265442667	0.4212762	0.109609133
1984	0.266312333	0.422050327	0.110574339
1985	0.266583	0.422766172	0.110399828
1986	0.2668495	0.423477157	0.110221843
1987	0.2669725	0.42398728	0.10995772
1988	0.267054833	0.424427804	0.109681862
1989	0.267273167	0.424981902	0.109564431
1990	0.267590167	0.425613397	0.109566936
1991	0.268016333	0.42641775	0.109614916
1992	0.268553833	0.427481109	0.109626558
1993	0.269142167	0.428608796	0.109675537
1994	0.269487333	0.429488699	0.109485968
1995	0.269737167	0.430099608	0.109374725
1996	0.270369167	0.430045458	0.110692876
1997	0.2710985	0.429995736	0.112201264
1998	0.271151667	0.429637606	0.112665727
1999	0.271099667	0.429125318	0.113074015
2000	0.270819	0.429603938	0.112034062
2001	0.270426667	0.430453859	0.110399474
2002	0.271167167	0.431493014	0.110841319
2003	0.272501167	0.43236344	0.112638893
2004	0.273830833	0.43406473	0.113596937
2005	0.275657167	0.437055329	0.114259004
2006	0.277227	0.439406198	0.115047802
2007	0.277118667	0.440480465	0.113756868
2008	0.276883167	0.441438592	0.112327741
2009	0.274909167	0.439216102	0.110602232
2010	0.272906833	0.436807301	0.109006366
2011	0.272786167	0.435120367	0.110451966
2012	0.2731235	0.433684832	0.112562168
2013	0.273871	0.435181644	0.112560356
2014	0.275139167	0.438593608	0.111684725
2015	0.276086	0.441449209	0.110722791
2016	0.275858	0.442609431	0.109106569
2017	0.276033333	0.443899857	0.10816681
2018	0.277280333	0.446060199	0.108500468
2019	0.278246833	0.447716588	0.108777078
2020	0.279237833	0.449478939	0.108996727
2021	0.280142833	0.451119626	0.10916604
2022	0.280881833	0.452731893	0.109031773
2023	0.281410833	0.454009337	0.108812329
2024	0.281463167	0.45388858	0.109037754
2025	0.281452833	0.45351173	0.109393937
2026	0.2817355	0.454184497	0.109286503
2027	0.282235167	0.455304368	0.109165965
2028	0.283106333	0.456693549	0.109519118
2029	0.28438	0.458506178	0.110253822
2030	0.2852345	0.459767302	0.110701698
2031	0.285123333	0.459864447	0.11038222
2032	0.2850895	0.46000558	0.11017342
2033	0.285189167	0.459844387	0.110533946
2034	0.285231667	0.459565548	0.110897785
2035	0.285604833	0.459889465	0.111320202
2036	0.286167167	0.460464988	0.111869345
2037	0.286491	0.461151661	0.111830339
2038	0.286738	0.462151893	0.111324107
2039	0.286923167	0.463031371	0.110814963
2040	0.287047833	0.46336759	0.110728077
2041	0.2872985	0.463632744	0.110964256
2042	0.2873645	0.463605896	0.111123104
2043	0.2874725	0.463747431	0.111197569
2044	0.287836333	0.464438655	0.111234012
2045	0.288137667	0.46508202	0.111193313
2046	0.287896167	0.465349116	0.110443217
2047	0.287663333	0.465710973	0.109615693
2048	0.288041833	0.466244301	0.109839365
2049	0.2884045	0.466606399	0.110202601
2050	0.288855833	0.466960538	0.110751128
2051	0.289780167	0.467907183	0.11165315
2052	0.290449	0.468646298	0.112251702
2053	0.2903525	0.468425553	0.112279447
2054	0.290274	0.46832717	0.11222083
2055	0.2901115	0.468322411	0.111900589
2056	0.289966333	0.468377282	0.111555385
2057	0.290123167	0.468963398	0.111282935
2058	0.290296333	0.469561855	0.111030812
2059	0.290761167	0.470113778	0.111408556
2060	0.291416833	0.470804388	0.112029279
2061	0.291955667	0.471335497	0.112575837
2062	0.292158667	0.471463785	0.112853548
2063	0.292112	0.471685579	0.112538421
2064	0.291895333	0.472199549	0.111591118
2065	0.2918805	0.472423427	0.111337573
2066	0.292098833	0.47226393	0.111933737
2067	0.292458333	0.472417081	0.112499586
2068	0.293274333	0.473130135	0.113418532
2069	0.293933833	0.473710966	0.114156701
2070	0.293849333	0.473830335	0.113868332
2071	0.293649	0.473857975	0.113440025
2072	0.293241167	0.473613625	0.112868708
2073	0.2928525	0.473390774	0.112314226
2074	0.292152667	0.472268829	0.112036504
2075	0.291617333	0.471144084	0.112090583
2076	0.292099	0.471636635	0.112561365
2077	0.293156667	0.473157464	0.113155869
2078	0.293761167	0.474276796	0.113245538
2079	0.293724333	0.474184216	0.113264451
2080	0.293692333	0.473981177	0.11340349
2081	0.293367667	0.473887834	0.1128475
2082	0.2929285	0.47368403	0.11217297
2083	0.292088667	0.472814474	0.111362859
2084	0.291375333	0.472029089	0.110721578
2085	0.291559167	0.472066917	0.111051416
2086	0.291885167	0.472241796	0.111528537
2087	0.291937167	0.472397195	0.111477138
2088	0.291856	0.472368208	0.111343792
2089	0.291710167	0.471711228	0.111709106
2090	0.291414833	0.470919721	0.111909946
2091	0.291119167	0.470050118	0.112188215
2092	0.2912035	0.469874009	0.112532991
2093	0.291349333	0.470161008	0.112537658
2094	0.291685	0.470729438	0.112640562
2095	0.292016	0.470952919	0.113079081
2096	0.2916795	0.46999059	0.11336841
2097	0.291249667	0.469097848	0.113401485
2098	0.2911725	0.469013574	0.113331426
2099	0.291186333	0.469127917	0.113244749
2100	0.290757667	0.469146894	0.112368439
2101	0.2902155	0.468937316	0.111493684
2102	0.290494	0.469288375	0.111699625
2103	0.290929333	0.469975504	0.111883163
2104	0.290562	0.469507623	0.111616377
2105	0.289969333	0.468851308	0.111087358
2106	0.289591667	0.468400965	0.110782368
2107	0.288972833	0.467435373	0.110510294
2108	0.288360167	0.46671371	0.110006624
2109	0.287673667	0.465789779	0.109557554
2110	0.287052	0.464790272	0.109313728
2111	0.2868725	0.464426998	0.109318002
2112	0.286740667	0.464158455	0.109322879
2113	0.2867	0.463830891	0.109569109
2114	0.286709	0.463544837	0.109873163
2115	0.286622167	0.46352519	0.109719144
2116	0.286484	0.463605639	0.109362361
2117	0.286152833	0.463436191	0.108869475
2118	0.2857645	0.463028299	0.108500701
2119	0.286040833	0.463331237	0.10875043
2120	0.2867335	0.464037213	0.109429787
2121	0.287195667	0.464325076	0.110066257
2122	0.287719833	0.464834931	0.110604736
2123	0.2882035	0.465474213	0.110932787
2124	0.288012667	0.465553968	0.110471365
2125	0.287733833	0.465547547	0.109920119
2126	0.287572667	0.465809175	0.109336158
2127	0.287541333	0.466235056	0.108847611
2128	0.287735167	0.466709437	0.108760896
2129	0.287945833	0.467124652	0.108767015
2130	0.28828	0.467545599	0.109014401
2131	0.288580667	0.467779462	0.109381871
2132	0.288767833	0.467939835	0.109595832
2133	0.288934833	0.46821336	0.109656307
2134	0.2890265	0.468436492	0.109616508
2135	0.289223833	0.468968769	0.109478898
2136	0.289245167	0.469238225	0.109252108
2137	0.289057833	0.469124175	0.108991491
2138	0.289094833	0.469190339	0.108999327
2139	0.289361667	0.469318937	0.109404397
2140	0.289549667	0.469391332	0.109708001
2141	0.289393167	0.468999606	0.109786727
2142	0.289081	0.468445324	0.109716676
2143	0.2886965	0.467896425	0.109496575
2144	0.288384333	0.467511691	0.109256975
2145	0.288065333	0.467831172	0.108299494
2146	0.28776	0.468383428	0.107136572
2147	0.287752	0.468575644	0.106928356
2148	0.287690833	0.468533497	0.10684817
2149	0.287611333	0.468119119	0.107103548
2150	0.287170333	0.467045644	0.107295022
2151	0.2868025	0.466074497	0.107530503
2152	0.287050167	0.465965568	0.108134765
2153	0.28698	0.465547538	0.108412462
2154	0.2866275	0.464493606	0.108761394
2155	0.2861955	0.463564216	0.108826784
2156	0.284893167	0.462325105	0.107461228
2157	0.283677333	0.460961431	0.106393236
2158	0.283060333	0.459561355	0.106559312
2159	0.2825695	0.458193368	0.106945632
2160	0.282721833	0.457483371	0.107960296
2161	0.283110167	0.457182029	0.109038305
2162	0.28254	0.456634042	0.108445958
2163	0.281429	0.45539709	0.10746091
2164	0.280520833	0.454127303	0.106914364
2165	0.279830667	0.453397761	0.106263572
2166	0.279054	0.452187095	0.105920905
2167	0.278299833	0.450613057	0.105986609
2168	0.277420167	0.448942875	0.105897458
2169	0.2761755	0.446878928	0.105472072
2170	0.275147333	0.445151542	0.105143125
2171	0.273742333	0.442604112	0.104880555
2172	0.272102333	0.439665691	0.104538975
2173	0.271093167	0.437545951	0.104640383
2174	0.270141167	0.435542326	0.104740008
2175	0.268659333	0.433200053	0.104118614
2176	0.267052833	0.430749071	0.103356596
2177	0.2653835	0.428109554	0.102657446
2178	0.263652833	0.425402378	0.101903289
2179	0.261975667	0.42289298	0.101058353
2180	0.260336167	0.420496516	0.100175818
2181	0.258804667	0.417492553	0.100116781
2182	0.257213333	0.414105989	0.100320677
2183	0.2552105	0.410282713	0.100138287
2184	0.253228333	0.406356329	0.100100337
2185	0.251062833	0.402414748	0.099710919
2186	0.248338667	0.397870028	0.098807305
2187	0.245946667	0.393781007	0.098112326
2188	0.244372833	0.390798125	0.097947542
2189	0.2426615	0.387542165	0.097780835
2190	0.240671833	0.383804608	0.097539059
2191	0.238579833	0.380083017	0.09707665
2192	0.236146333	0.376341768	0.095950899
2193	0.2336325	0.372434472	0.094830528
2194	0.231456833	0.36832308	0.094590587
2195	0.229435167	0.364225276	0.094645058
2196	0.227187667	0.359999192	0.094376141
2197	0.224690167	0.355574362	0.093805971
2198	0.222098167	0.35121066	0.092985674
2199	0.219529	0.34727181	0.09178619
2200	0.217757667	0.344718156	0.090797178
2201	0.216428167	0.342227488	0.090628845
2202	0.2147415	0.339120191	0.090362809
2203	0.212854167	0.335858366	0.089849967
2204	0.211392667	0.333167233	0.089618101
2205	0.210445833	0.331361889	0.089529778
2206	0.209279833	0.329070335	0.089489332
2207	0.2074915	0.325826435	0.089156565
2208	0.2058715	0.32291753	0.08882547
2209	0.204519	0.320052126	0.088985874
2210	0.203420167	0.317483658	0.089356675
2211	0.203425167	0.316670481	0.090179852
2212	0.2035785	0.316232491	0.090924509
2213	0.203346167	0.315671514	0.091020819
2214	0.203028167	0.315132491	0.090923843
2215	0.2027445	0.315170884	0.090318116
2216	0.202338333	0.315200291	0.089476376
2217	0.201674167	0.314776876	0.088571458
2218	0.201145333	0.314569092	0.087721575
2219	0.201379333	0.315138704	0.087619962
2220	0.201884833	0.315885047	0.08788462
2221	0.202457	0.316630932	0.088283068
2222	0.203203667	0.317891258	0.088516075
2223	0.204088667	0.319294406	0.088882927
2224	0.205393833	0.320700903	0.090086764
2225	0.206853833	0.322773573	0.090934094
2226	0.208196833	0.325275546	0.091118121
2227	0.209257333	0.32734892	0.091165747
2228	0.209857667	0.329215242	0.090500092
2229	0.210926167	0.331556925	0.090295408
2230	0.212661167	0.334052975	0.091269359
2231	0.214328833	0.336493304	0.092164362
2232	0.215725167	0.338630043	0.09282029
2233	0.216977167	0.340404649	0.093549684
2234	0.217925167	0.341970746	0.093879587
2235	0.2189445	0.343999753	0.093889247
2236	0.220058333	0.346515288	0.093601379
2237	0.221072667	0.34890235	0.093242984
2238	0.222012	0.350964971	0.093059029
2239	0.223055667	0.352855422	0.093255911
2240	0.223921333	0.354254646	0.093588021
2241	0.2248055	0.355766989	0.093844011
2242	0.225752333	0.35694017	0.094564497
2243	0.226669667	0.35773611	0.095603224
2244	0.227596333	0.359149825	0.096042841
2245	0.2287155	0.361310429	0.096120571
2246	0.2298885	0.363426647	0.096350353
2247	0.230931	0.364903843	0.096958157
2248	0.231905333	0.366176425	0.097634242
2249	0.232502167	0.367235187	0.097769146
2250	0.233058167	0.368614334	0.097501999
2251	0.233401167	0.370143228	0.096659105
2252	0.233666833	0.371270935	0.096062732
2253	0.234366667	0.372886127	0.095847207
2254	0.235458833	0.37525792	0.095659746
2255	0.2376465	0.378775149	0.096517851
2256	0.240045833	0.382325634	0.097766032
2257	0.2417345	0.38495774	0.09851126
2258	0.242965833	0.386925619	0.099006047
2259	0.2437795	0.388273726	0.099285274
2260	0.244616833	0.38986813	0.099365537
2261	0.2453795	0.391319095	0.099439905
2262	0.246131	0.392860781	0.099401219
2263	0.247037833	0.395001285	0.099074382
2264	0.247969667	0.397013261	0.098926072
2265	0.249194167	0.39941464	0.098973694
2266	0.250709333	0.402332832	0.099085835
2267	0.251748667	0.404598901	0.098898432
2268	0.252479	0.406575081	0.098382919
2269	0.253830833	0.409135189	0.098526477
2270	0.255129167	0.411019228	0.099239105
2271	0.256179667	0.412865825	0.099493509
2272	0.257443667	0.415105943	0.09978139
2273	0.258466833	0.416889443	0.100044224
2274	0.258895667	0.418087396	0.099703937
2275	0.259287333	0.419109961	0.099464706
2276	0.2593835	0.418878467	0.099888533
2277	0.2594275	0.41853097	0.10032403
2278	0.2593915	0.418634027	0.100148973
2279	0.259252	0.418686643	0.099817357
2280	0.2592935	0.41895585	0.09963115
2281	0.259499667	0.419537506	0.099461827
2282	0.259298333	0.41917996	0.099416707
2283	0.259023167	0.418512373	0.09953396
2284	0.258709333	0.417882068	0.099536599
2285	0.258319	0.417114098	0.099523902
2286	0.258625833	0.417348592	0.099903075
2287	0.2593155	0.418066016	0.100564984
2288	0.259758833	0.418190057	0.10132761
2289	0.259889833	0.418089109	0.101690558
2290	0.259788	0.418127612	0.101448388
2291	0.259516	0.417840613	0.101191387
2292	0.259044	0.417370039	0.100717961
2293	0.258269333	0.416734362	0.099804305
2294	0.257650667	0.415942701	0.099358632
2295	0.256840333	0.414739764	0.098940903
2296	0.256203167	0.413639181	0.098767152
2297	0.256774167	0.413395254	0.100153079
2298	0.256923667	0.412749399	0.101097934
2299	0.256092167	0.411038046	0.101146287
2300	0.255092167	0.409422174	0.10076216
2301	0.253467333	0.408250759	0.098683907
2302	0.251910667	0.407178367	0.096642967
2303	0.250719167	0.405616406	0.095821928
2304	0.249716667	0.404073995	0.095359339
2305	0.249517167	0.403195484	0.095838849
2306	0.249297167	0.402044336	0.096549998
2307	0.2486715	0.400114808	0.097228192
2308	0.248005333	0.39846648	0.097544187
2309	0.247543833	0.39796683	0.097120836
2310	0.247494	0.398236228	0.096751772
2311	0.246595667	0.397315061	0.095876272
2312	0.245234833	0.395621904	0.094847763
2313	0.2441055	0.393671166	0.094539834
2314	0.242705	0.390910496	0.094499504
2315	0.241210333	0.387878106	0.094542561
2316	0.240229	0.385469122	0.094988878
2317	0.238972333	0.38270428	0.095240387
2318	0.236951833	0.379423348	0.094480318
2319	0.235284667	0.376905356	0.093663977
2320	0.234219667	0.37524119	0.093198143
2321	0.2330865	0.373270532	0.092902468
2322	0.231836	0.370917931	0.092754069
2323	0.2305995	0.368609908	0.092589092
2324	0.2296545	0.366171993	0.093137007
2325	0.228549333	0.363793216	0.09330545
2326	0.227200333	0.361612519	0.092788148
2327	0.225851167	0.359477577	0.092224756
2328	0.2244345	0.357719454	0.091149546
2329	0.223081833	0.355862522	0.090301144
2330	0.2218055	0.353398132	0.090212868
2331	0.220588833	0.351293104	0.089884563
2332	0.219389333	0.349905683	0.088872984
2333	0.218011833	0.34803014	0.087993527
2334	0.216372333	0.345316766	0.087427901
2335	0.214788	0.342775411	0.086800589
2336	0.213956833	0.341274638	0.086639029
2337	0.213342167	0.340218896	0.086465437
2338	0.2123935	0.338612023	0.086174977
2339	0.211458	0.336731256	0.086184744
2340	0.211338833	0.33617438	0.086503287
2341	0.211114167	0.335346981	0.086881352
2342	0.210307833	0.333883358	0.086732309
2343	0.209244667	0.332305367	0.086183967
2344	0.208168333	0.330514064	0.085822603
2345	0.207480333	0.328987908	0.085972758
2346	0.206824667	0.327293819	0.086355514
2347	0.206362167	0.326073076	0.086651258
2348	0.205808	0.325476325	0.086139675
2349	0.204514333	0.324609061	0.084419606
2350	0.204349667	0.325045055	0.083654279
2351	0.2051555	0.326932225	0.083378775
2352	0.205259333	0.327666179	0.082852488
2353	0.205254167	0.326717217	0.083791116
2354	0.205152833	0.325743833	0.084561834
2355	0.204462333	0.324788217	0.08413645
2356	0.2040535	0.323863744	0.084243256
2357	0.203949333	0.323138462	0.084760205
2358	0.203882333	0.322354047	0.085410619
2359	0.204881333	0.322713877	0.08704879
2360	0.205973	0.323591073	0.088354927
2361	0.206520333	0.324451851	0.088588815
2362	0.207111	0.3256273	0.0885947
2363	0.207938833	0.328191945	0.087685722
2364	0.2083175	0.330270255	0.086364745
2365	0.207455167	0.329981946	0.084928387
2366	0.2067745	0.329557522	0.083991478
2367	0.206725333	0.328715984	0.084734683
2368	0.206679167	0.327720598	0.085637735
2369	0.207242667	0.328404228	0.086081105
2370	0.208013833	0.329752639	0.086275027
2371	0.2084725	0.33079561	0.08614939
2372	0.208864167	0.331697461	0.086030872
2373	0.209208333	0.3319256	0.086491067
2374	0.209350167	0.331474881	0.087225452
2375	0.2096005	0.330779226	0.088421774
2376	0.210195833	0.330427143	0.089964523
2377	0.210687	0.330668599	0.090705401
2378	0.2107385	0.331022674	0.090454326
2379	0.2102905	0.330395048	0.090185952
2380	0.210058667	0.329804094	0.09031324
2381	0.2090005	0.329278684	0.088722316
2382	0.207531167	0.328726658	0.086335675
2383	0.207797333	0.329190142	0.086404525
2384	0.209251	0.3308697	0.0876323
2385	0.210949833	0.333921209	0.087978458
2386	0.212592667	0.337364074	0.087821259
2387	0.212747333	0.338062823	0.087431844
2388	0.210925667	0.335548472	0.086302862
2389	0.209396	0.333332618	0.085459382
2390	0.208051167	0.330325159	0.085777175
2391	0.207487667	0.32803576	0.086939573
2392	0.208663333	0.328374279	0.088952387
2393	0.209129167	0.328273687	0.089984647
2394	0.208086333	0.32689041	0.089282256
2395	0.2075265	0.326602653	0.088450347
2396	0.208131667	0.327950217	0.088313116
2397	0.207959	0.327356811	0.088561189
2398	0.207866667	0.327065746	0.088667587
2399	0.208261333	0.32821356	0.088309107
2400	0.209501	0.330561906	0.088440094
2401	0.210197667	0.331934668	0.088460666
2402	0.209615	0.330946162	0.088283838
2403	0.209608	0.331297399	0.087918601
2404	0.208864	0.332428677	0.085299323
2405	0.2083665	0.333397582	0.083335418
2406	0.208668667	0.333734641	0.083602692
2407	0.207971667	0.333094732	0.082848601
2408	0.205965	0.330807032	0.081122968
2409	0.204409667	0.329102087	0.079717246
2410	0.20384	0.328998992	0.078681008
2411	0.203328833	0.328381495	0.078276171
2412	0.202642333	0.326384825	0.078899842
2413	0.202024667	0.324948258	0.079101075
2414	0.204137167	0.324856149	0.083418184
2415	0.207025667	0.325299326	0.088752007
2416	0.206561167	0.326658342	0.086463992
2417	0.204433833	0.326423791	0.082443875
2418	0.202712	0.322185561	0.083238439
2419	0.202072333	0.319267763	0.084876904
2420	0.201781333	0.319201769	0.084360897
2421	0.200957333	0.318726308	0.083188359
2422	0.2007115	0.32101026	0.08041274
2423	0.201301833	0.324263627	0.07834004
2424	0.202546833	0.326051769	0.079041898
2425	0.203655167	0.327813876	0.079496458
2426	0.204039833	0.326326779	0.081752888
2427	0.203694167	0.323014541	0.084373792
2428	0.2021825	0.319374495	0.084990505
2429	0.2009585	0.316831666	0.085085334
2430	0.198352333	0.315314221	0.081390446
2431	0.1959845	0.314760307	0.077208693
2432	0.194536833	0.313417686	0.075655981
2433	0.191950833	0.310537675	0.073363992
2434	0.190628167	0.309793668	0.071462665
2435	0.190783833	0.308959082	0.072608584
2436	0.191822667	0.308246981	0.075398352
2437	0.192754667	0.308523201	0.076986132
2438	0.191811333	0.305465826	0.07815684
2439	0.189947667	0.301701027	0.078194307
2440	0.190367833	0.301993658	0.078742009
2441	0.191357167	0.302849607	0.079864727
2442	0.190739	0.302271225	0.079206775
2443	0.189157	0.300501697	0.077812303
2444	0.188438167	0.298903107	0.077973227
2445	0.188907167	0.299778173	0.07803616
2446	0.189199333	0.301454007	0.076944659
2447	0.190237333	0.305154653	0.075320013
2448	0.1876175	0.30481209	0.07042291
2449	0.178741167	0.298496168	0.058986165
2450	0.172672833	0.296010427	0.04933524
2451	0.173262	0.296389182	0.050134818
2452	0.176435833	0.298569006	0.05430266
2453	0.179934333	0.304069436	0.055799231
2454	0.181923167	0.307533749	0.056312584
2455	0.184453833	0.307487555	0.061420112
2456	0.184668667	0.306170049	0.063167284
2457	0.185311	0.305336526	0.065285474
2458	0.187187333	0.303464021	0.070910646
2459	0.185711167	0.297236702	0.074185631
2460	0.185413	0.29614737	0.07467863
2461	0.183127	0.296684326	0.069569674
2462	0.181556667	0.296244936	0.066868398
2463	0.185366333	0.297262935	0.073469732
2464	0.1886395	0.297764298	0.079514702
2465	0.190218167	0.302811486	0.077624847
2466	0.190888	0.307548021	0.074227979
2467	0.189528833	0.304748611	0.074309056
2468	0.187669167	0.301105234	0.074233099
2469	0.190804833	0.304039902	0.077569765
2470	0.1946175	0.307216825	0.082018175
2471	0.1907725	0.295055412	0.086489588
2472	0.187441	0.285491961	0.089390039
2473	0.190587	0.290599938	0.090574062
2474	0.1930045	0.297852794	0.088156206
2475	0.189329	0.299089038	0.079568962
2476	0.1864035	0.302312247	0.070494753
2477	0.190093	0.309901217	0.070284783
2478	0.1935215	0.314920585	0.072122415
2479	0.193536667	0.308305245	0.078768088
2480	0.195108667	0.301348962	0.088868371
2481	0.2148945	0.309581635	0.120207365
2482	0.238809167	0.323221634	0.1543967
2483	0.220823167	0.307604255	0.134042079
2484	0.192847333	0.279593206	0.106101461
2485	0.185747	0.256265791	0.115228209
2486	0.1794835	0.250513018	0.108453982
2487	0.172493167	0.24748735	0.097498983
2488	0.172387833	0.261053118	0.083722549
2489	0.184750833	0.266332451	0.103169216
2490	0.202285167	0.303143562	0.101426772
2491	0.223422167	0.368827363	0.078016971
2492	0.230069833	0.40287997	0.057259696
2493	0.212554167	0.346501477	0.078606857
2494	0.191359167	0.291455358	0.091262976
2495	0.160914667	0.250014921	0.071814413
2496	0.1424095	0.237705743	0.047113257
2497	0.136347333	0.235099787	0.037594879
2498	0.136668167	0.231944317	0.041392016
2499	0.161726833	0.250038466	0.0734152
2500	0.181899833	0.295658989	0.068140678
